0 322 0 128 232 17 22 1
0 322 1 128 232 17 22 1
0 322 2 128 232 17 22 1
0 322 3 128 232 17 22 1
0 322 4 128 232 17 22 1
0 322 5 128 232 17 22 1
0 322 6 128 232 17 22 1
0 322 7 128 232 17 22 1
0 322 8 128 232 17 22 1
0 322 9 128 232 17 22 1
0 322 10 128 232 17 22 1
0 322 11 128 232 17 22 1
0 322 12 128 232 17 22 1
0 322 13 128 232 17 22 1
0 322 14 128 232 17 22 1
0 322 15 128 232 17 22 1
0 322 16 128 232 17 22 1
0 322 17 128 232 17 22 1
0 322 18 128 232 17 22 1
0 322 19 128 232 17 22 1
0 322 20 128 232 17 22 1
0 322 21 128 232 17 22 1
0 322 22 128 232 17 22 1
0 322 23 128 232 17 22 1
0 322 24 128 232 17 22 1
0 322 25 128 232 17 22 1
0 322 26 128 232 17 22 1
0 322 27 128 232 17 22 1
0 322 28 128 232 17 22 1
0 322 29 128 232 17 22 1
0 322 30 128 232 17 22 1
0 322 31 128 232 17 22 1
0 322 32 128 232 17 22 1
0 322 33 128 232 17 22 1
0 322 34 128 232 17 22 1
0 322 35 128 232 17 22 1
0 322 36 128 232 17 22 1
0 322 37 128 232 17 22 1
0 322 38 128 232 17 22 1
0 322 39 128 232 17 22 1
0 322 40 128 232 17 22 1
0 322 41 128 232 17 22 1
0 322 42 128 232 17 22 1
0 322 43 128 232 17 22 1
0 322 44 128 232 17 22 1
0 322 45 128 232 17 22 1
0 322 46 128 232 17 22 1
0 322 47 128 232 17 22 1
0 322 48 128 232 17 22 1
0 322 49 128 232 17 22 1
0 322 50 128 232 17 22 1
0 322 51 128 232 17 22 1
0 322 52 128 232 17 22 1
0 322 53 128 232 17 22 1
0 322 54 128 232 17 22 1
0 322 55 128 232 17 22 1
0 322 56 128 232 17 22 1
0 322 57 128 232 17 22 1
0 322 58 128 232 17 22 1
0 322 59 128 232 17 22 1
0 322 60 128 232 17 22 1
0 322 61 128 232 17 22 1
0 322 62 128 232 17 22 1
0 322 63 128 232 17 22 1
0 322 64 128 232 17 22 1
0 322 65 128 232 17 22 1
0 322 66 128 232 17 22 1
0 322 67 128 232 17 22 1
0 322 68 128 232 17 22 1
0 322 69 128 232 17 22 1
0 322 70 128 232 17 22 1
0 322 71 128 232 17 22 1
0 322 72 128 232 17 22 1
0 322 73 128 232 17 22 1
0 322 74 128 232 17 22 1
0 322 75 128 232 17 22 1
0 322 76 128 232 17 22 1
0 322 77 128 232 17 22 1
0 322 78 128 232 17 22 1
0 322 79 128 232 17 22 1
0 322 80 128 232 17 22 1
0 322 81 128 232 17 22 1
0 322 82 128 232 17 22 1
0 322 83 128 232 17 22 1
0 322 84 128 232 17 22 1
0 322 85 128 232 17 22 1
0 322 86 128 232 17 22 1
0 322 87 128 232 17 22 1
0 322 88 128 232 17 22 1
0 322 89 128 232 17 22 1
0 322 90 128 232 17 22 1
0 322 91 128 232 17 22 1
0 322 92 128 232 17 22 1
0 322 93 128 232 17 22 1
0 322 94 128 232 17 22 1
0 322 95 128 232 17 22 1
0 322 96 128 232 17 22 1
0 322 97 128 232 17 22 1
0 322 98 128 232 17 22 1
0 322 99 128 232 17 22 1
0 322 100 128 232 17 22 1
0 322 101 128 232 17 22 1
0 322 102 128 232 17 22 1
0 322 103 128 232 17 22 1
0 322 104 128 232 17 22 1
0 322 105 128 232 17 22 1
0 322 106 128 232 17 22 1
0 322 107 128 232 17 22 1
0 322 108 128 232 17 22 1
0 322 109 128 232 17 22 1
0 322 110 128 232 17 22 1
0 322 111 128 232 17 22 1
0 322 112 128 232 17 22 1
0 322 113 128 232 17 22 1
0 322 114 128 232 17 22 1
0 322 115 128 232 17 22 1
0 322 116 128 232 17 22 1
0 322 117 128 232 17 22 1
0 322 118 128 232 17 22 1
0 322 119 128 232 17 22 1
0 322 120 128 232 17 22 1
0 322 121 128 232 17 22 1
0 322 122 128 232 17 22 1
0 322 123 128 232 17 22 1
0 322 124 128 232 17 22 1
0 322 125 128 232 17 22 1
0 322 126 128 232 17 22 1
0 322 127 128 232 17 22 1
0 322 128 128 232 17 22 1
0 322 129 128 232 17 22 1
0 322 130 128 232 17 22 1
0 322 131 128 232 17 22 1
0 322 132 128 232 17 22 1
0 322 133 128 232 17 22 1
0 322 134 128 232 17 22 1
0 322 135 128 232 17 22 1
0 322 136 128 232 17 22 1
0 322 137 128 232 17 22 1
0 322 138 128 232 17 22 1
0 322 139 128 232 17 22 1
0 322 140 128 232 17 22 1
0 322 141 128 232 17 22 1
0 322 142 128 232 17 22 1
0 322 143 128 232 17 22 1
0 322 144 128 232 17 22 1
0 322 145 128 232 17 22 1
0 322 146 128 232 17 22 1
0 322 147 128 232 17 22 1
0 322 148 128 232 17 22 1
0 322 149 128 232 17 22 1
0 322 150 128 232 17 22 1
0 322 151 128 232 17 22 1
0 322 152 128 232 17 22 1
0 322 153 128 232 17 22 1
0 322 154 128 232 17 22 1
0 322 155 128 232 17 22 1
0 322 156 128 232 17 22 1
0 322 157 128 232 17 22 1
0 322 158 128 232 17 22 1
0 322 159 128 232 17 22 1
0 322 160 128 232 17 22 1
0 322 161 128 232 17 22 1
0 322 162 128 232 17 22 1
0 322 163 128 232 17 22 1
0 322 164 128 232 17 22 1
0 322 165 128 232 17 22 1
0 322 166 128 232 17 22 1
0 322 167 128 232 17 22 1
0 322 168 128 232 17 22 1
0 322 169 128 232 17 22 1
0 322 170 128 232 17 22 1
0 322 171 128 232 17 22 1
0 322 172 128 232 17 22 1
0 322 173 128 232 17 22 1
0 322 174 128 232 17 22 1
0 322 175 128 232 17 22 1
0 322 176 128 232 17 22 1
0 322 177 128 232 17 22 1
0 322 178 128 232 17 22 1
0 322 179 128 232 17 22 1
0 322 180 128 232 17 22 1
0 322 181 128 232 17 22 1
0 322 182 128 232 17 22 1
0 322 183 128 232 17 22 1
0 322 184 128 232 17 22 1
0 322 185 128 232 17 22 1
0 322 186 128 232 17 22 1
0 322 187 128 232 17 22 1
0 322 188 128 232 17 22 1
0 322 189 128 232 17 22 1
0 322 190 128 232 17 22 1
0 322 191 128 232 17 22 1
0 322 192 128 232 17 22 1
0 322 193 128 232 17 22 1
0 322 194 128 232 17 22 1
0 322 195 128 232 17 22 1
0 322 196 128 232 17 22 1
0 322 197 128 232 17 22 1
0 322 198 128 232 17 22 1
0 322 199 128 232 17 22 1
0 322 200 128 232 17 22 1
0 322 201 128 232 17 22 1
0 322 202 128 232 17 22 1
0 322 203 128 232 17 22 1
0 322 204 128 232 17 22 1
0 322 205 128 232 17 22 1
0 322 206 128 232 17 22 1
0 322 207 128 232 17 22 1
0 322 208 128 232 17 22 1
0 322 209 128 232 17 22 1
0 322 210 128 232 17 22 1
0 322 211 128 232 17 22 1
0 322 212 128 232 17 22 1
0 322 213 128 232 17 22 1
0 322 214 128 232 17 22 1
0 322 215 128 232 17 22 1
0 322 216 128 232 17 22 1
0 322 217 128 232 17 22 1
0 322 218 128 232 17 22 1
0 322 219 128 232 17 22 1
0 322 220 128 232 17 22 1
0 322 221 128 232 17 22 1
0 322 222 128 232 17 22 1
0 322 223 128 232 17 22 1
0 322 224 128 232 17 22 1
0 322 225 128 232 17 22 1
0 322 226 128 232 17 22 1
0 322 227 128 232 17 22 1
0 322 228 128 232 17 22 1
0 322 229 128 232 17 22 1
0 322 230 128 232 17 22 1
0 322 231 128 232 17 22 1
0 322 232 128 232 17 22 1
0 322 233 128 232 17 22 1
0 322 234 128 232 17 22 1
0 322 235 128 232 17 22 1
0 322 236 128 232 17 22 1
0 322 237 128 232 17 22 1
0 322 238 128 232 17 22 1
0 322 239 128 232 17 22 1
0 322 240 128 232 17 22 1
0 322 241 128 232 17 22 1
0 322 242 128 232 17 22 1
0 322 243 128 232 17 22 1
0 322 244 128 232 17 22 1
0 322 245 128 232 17 22 1
0 322 246 128 232 17 22 1
0 322 247 128 232 17 22 1
0 322 248 128 232 17 22 1
0 322 249 128 232 17 22 1
0 322 250 128 232 17 22 1
0 322 251 128 232 17 22 1
0 322 252 128 232 17 22 1
0 322 253 128 232 17 22 1
0 322 254 128 232 17 22 1
0 322 255 128 232 17 22 1
0 322 256 128 232 17 22 1
0 322 257 128 232 17 22 1
0 322 258 128 232 17 22 1
0 322 259 128 232 17 22 1
0 322 260 128 232 17 22 1
0 322 261 128 232 17 22 1
0 322 262 128 232 17 22 1
0 322 263 128 232 17 22 1
0 322 264 128 232 17 22 1
0 322 265 128 232 17 22 1
0 322 266 128 232 17 22 1
0 322 267 128 232 17 22 1
0 322 268 128 232 17 22 1
0 322 269 128 232 17 22 1
0 322 270 128 232 17 22 1
0 322 271 128 232 17 22 1
0 322 272 128 232 17 22 1
0 322 273 128 232 17 22 1
0 322 274 128 232 17 22 1
0 322 275 128 232 17 22 1
0 322 276 128 232 17 22 1
0 322 277 128 232 17 22 1
0 322 278 128 232 17 22 1
0 322 279 128 232 17 22 1
0 322 280 128 232 17 22 1
0 322 281 128 232 17 22 1
0 322 282 128 232 17 22 1
0 322 283 128 232 17 22 1
0 322 284 128 232 17 22 1
0 322 285 128 232 17 22 1
0 322 286 128 232 17 22 1
0 322 287 128 232 17 22 1
0 322 288 128 232 17 22 1
0 322 289 128 232 17 22 1
0 322 290 128 232 17 22 1
0 322 291 128 232 17 22 1
0 322 292 128 232 17 22 1
0 322 293 128 232 17 22 1
0 322 294 128 232 17 22 1
0 322 295 128 232 17 22 1
0 322 296 128 232 17 22 1
0 322 297 128 232 17 22 1
0 322 298 128 232 17 22 1
0 322 299 128 232 17 22 1
0 322 300 128 232 17 22 1
0 322 301 128 232 17 22 1
0 322 302 128 232 17 22 1
0 322 303 128 232 17 22 1
0 322 304 128 232 17 22 1
0 322 305 128 232 17 22 1
0 322 306 128 232 17 22 1
0 322 307 128 232 17 22 1
0 322 308 128 232 17 22 1
0 322 309 128 232 17 22 1
0 322 310 128 232 17 22 1
0 322 311 128 232 17 22 1
0 322 312 128 232 17 22 1
0 322 313 128 232 17 22 1
0 322 314 128 232 17 22 1
0 322 315 128 232 17 22 1
0 322 316 128 232 17 22 1
0 322 317 128 232 17 22 1
0 322 318 128 232 17 22 1
0 322 319 128 232 17 22 1
0 322 320 128 232 17 22 1
0 322 321 128 232 17 22 1
1 322 0 344 256 16 39 1
1 322 1 343 254 16 39 1
1 322 2 343 254 16 39 1
1 322 3 343 254 16 39 1
1 322 4 343 254 16 39 1
1 322 5 343 254 16 39 1
1 322 6 343 254 16 39 1
1 322 7 343 254 16 39 1
1 322 8 343 254 16 39 1
1 322 9 343 254 16 39 1
1 322 10 343 254 16 39 1
1 322 11 343 254 16 39 1
1 322 12 341 254 16 39 1
1 322 13 341 254 16 39 1
1 322 14 341 254 16 39 1
1 322 15 341 254 16 39 1
1 322 16 341 254 16 39 1
1 322 17 341 254 16 39 1
1 322 18 341 254 16 39 1
1 322 19 341 254 16 39 1
1 322 20 341 254 16 39 1
1 322 21 341 254 16 39 1
1 322 22 341 254 16 39 1
1 322 23 341 254 16 39 1
1 322 24 339 254 16 39 1
1 322 25 339 254 16 39 1
1 322 26 339 254 16 39 1
1 322 27 339 254 16 39 1
1 322 28 339 254 16 39 1
1 322 29 339 254 16 39 1
1 322 30 339 252 16 39 1
1 322 31 339 252 16 39 1
1 322 32 339 252 16 39 1
1 322 33 339 252 16 39 1
1 322 34 339 252 16 39 1
1 322 35 339 252 16 39 1
1 322 36 337 252 16 39 1
1 322 37 337 252 16 39 1
1 322 38 337 252 16 39 1
1 322 39 337 252 16 39 1
1 322 40 337 252 16 39 1
1 322 41 337 252 16 39 1
1 322 42 337 252 16 39 1
1 322 43 337 252 16 39 1
1 322 44 337 252 16 39 1
1 322 45 337 252 16 39 1
1 322 46 337 252 16 39 1
1 322 47 337 252 16 39 1
1 322 48 336 252 16 39 1
1 322 49 336 252 16 39 1
1 322 50 336 252 16 39 1
1 322 51 336 252 16 39 1
1 322 52 336 252 16 39 1
1 322 53 336 252 16 39 1
1 322 54 336 252 16 39 1
1 322 55 336 252 16 39 1
1 322 56 336 252 16 39 1
1 322 57 336 252 16 39 1
1 322 58 336 252 16 39 1
1 322 59 336 250 16 39 1
1 322 60 334 250 16 39 1
1 322 61 334 250 16 39 1
1 322 62 334 250 16 39 1
1 322 63 334 250 16 39 1
1 322 64 334 250 16 39 1
1 322 65 334 250 16 39 1
1 322 66 334 250 16 39 1
1 322 67 334 250 16 39 1
1 322 68 334 250 16 39 1
1 322 69 334 250 16 39 1
1 322 70 334 250 16 39 1
1 322 71 334 250 16 39 1
1 322 72 332 250 16 39 1
1 322 73 332 250 16 39 1
1 322 74 332 250 16 39 1
1 322 75 332 250 16 39 1
1 322 76 332 250 16 39 1
1 322 77 332 250 16 39 1
1 322 78 332 250 16 39 1
1 322 79 332 250 16 39 1
1 322 80 332 250 16 39 1
1 322 81 332 250 16 39 1
1 322 82 332 250 16 39 1
1 322 83 332 250 16 39 1
1 322 84 330 250 16 39 1
1 322 85 330 250 16 39 1
1 322 86 330 250 16 39 1
1 322 87 330 250 16 39 1
1 322 88 330 248 16 40 1
1 322 89 330 248 16 40 1
1 322 90 330 248 16 40 1
1 322 91 330 248 16 40 1
1 322 92 330 248 16 40 1
1 322 93 330 248 16 40 1
1 322 94 330 248 16 40 1
1 322 95 330 248 16 40 1
1 322 96 328 248 16 40 1
1 322 97 328 248 16 40 1
1 322 98 328 248 16 40 1
1 322 99 328 248 16 40 1
1 322 100 328 248 16 40 1
1 322 101 328 248 16 40 1
1 322 102 328 248 16 40 1
1 322 103 328 248 16 40 1
1 322 104 328 248 16 40 1
1 322 105 328 248 16 40 1
1 322 106 328 248 16 40 1
1 322 107 328 248 16 40 1
1 322 108 327 248 16 40 1
1 322 109 327 248 16 40 1
1 322 110 327 248 16 40 1
1 322 111 327 248 16 40 1
1 322 112 327 248 16 40 1
1 322 113 327 248 16 40 1
1 322 114 327 248 16 40 1
1 322 115 327 248 16 40 1
1 322 116 327 248 16 40 1
1 322 117 327 247 16 39 1
1 322 118 327 247 16 39 1
1 322 119 325 247 16 39 1
1 322 120 325 247 16 39 1
1 322 121 325 247 16 39 1
1 322 122 325 247 16 39 1
1 322 123 325 247 16 39 1
1 322 124 325 247 16 39 1
1 322 125 325 247 16 39 1
1 322 126 325 247 16 39 1
1 322 127 325 247 16 39 1
1 322 128 325 247 16 39 1
1 322 129 325 247 16 39 1
1 322 130 325 247 16 39 1
1 322 131 323 247 16 39 1
1 322 132 323 247 16 39 1
1 322 133 323 247 16 39 1
1 322 134 323 247 16 39 1
1 322 135 323 247 16 39 1
1 322 136 323 247 16 39 1
1 322 137 323 247 16 39 1
1 322 138 323 247 16 39 1
1 322 139 323 247 16 39 1
1 322 140 323 247 16 39 1
1 322 141 323 247 16 39 1
1 322 142 323 247 16 39 1
1 322 143 321 247 16 39 1
1 322 144 321 247 16 39 1
1 322 145 321 247 16 39 1
1 322 146 321 245 16 39 1
1 322 147 321 245 16 39 1
1 322 148 321 245 16 39 1
1 322 149 321 245 16 39 1
1 322 150 321 245 16 39 1
1 322 151 321 245 16 39 1
1 322 152 321 245 16 39 1
1 322 153 321 245 16 39 1
1 322 154 321 245 16 39 1
1 322 155 320 245 16 39 1
1 322 156 320 245 16 39 1
1 322 157 320 245 16 39 1
1 322 158 320 245 16 39 1
1 322 159 320 245 16 39 1
1 322 160 320 245 16 39 1
1 322 161 320 245 16 39 1
1 322 162 320 245 16 39 1
1 322 163 320 245 16 39 1
1 322 164 320 245 16 39 1
1 322 165 320 245 16 39 1
1 322 166 320 245 16 39 1
1 322 167 318 245 16 39 1
1 322 168 318 245 16 39 1
1 322 169 318 245 16 39 1
1 322 170 318 245 16 39 1
1 322 171 318 245 16 39 1
1 322 172 318 245 16 39 1
1 322 173 318 245 16 39 1
1 322 174 318 245 16 39 1
1 322 175 318 245 16 39 1
1 322 176 318 243 16 39 1
1 322 177 318 243 16 39 1
1 322 178 318 243 16 39 1
1 322 179 316 243 16 39 1
1 322 180 316 243 16 39 1
1 322 181 316 243 16 39 1
1 322 182 316 243 16 39 1
1 322 183 316 243 16 39 1
1 322 184 316 243 16 39 1
1 322 185 316 243 16 39 1
1 322 186 316 243 16 39 1
1 322 187 316 243 16 39 1
1 322 188 316 243 16 39 1
1 322 189 316 243 16 39 1
1 322 190 316 243 16 39 1
1 322 191 314 243 16 39 1
1 322 192 314 243 16 39 1
1 322 193 314 243 16 39 1
1 322 194 314 243 16 39 1
1 322 195 314 243 16 39 1
1 322 196 314 243 16 39 1
1 322 197 314 243 16 39 1
1 322 198 314 243 16 39 1
1 322 199 314 243 16 39 1
1 322 200 314 243 16 39 1
1 322 201 314 243 16 39 1
1 322 202 314 243 16 39 1
1 322 203 312 243 16 39 1
1 322 204 312 243 16 39 1
1 322 205 312 241 16 39 1
1 322 206 312 241 16 39 1
1 322 207 312 241 16 39 1
1 322 208 312 241 16 39 1
1 322 209 312 241 16 39 1
1 322 210 312 241 16 39 1
1 322 211 312 241 16 39 1
1 322 212 312 241 16 39 1
1 322 213 312 241 16 39 1
1 322 214 312 241 16 39 1
1 322 215 311 241 16 39 1
1 322 216 311 241 16 39 1
1 322 217 311 241 16 39 1
1 322 218 311 241 16 39 1
1 322 219 311 241 16 39 1
1 322 220 311 241 16 39 1
1 322 221 311 241 16 39 1
1 322 222 311 241 16 39 1
1 322 223 311 241 16 39 1
1 322 224 311 241 16 39 1
1 322 225 311 241 16 39 1
1 322 226 309 241 16 39 1
1 322 227 309 241 16 39 1
1 322 228 309 241 16 39 1
1 322 229 309 241 16 39 1
1 322 230 309 241 16 39 1
1 322 231 309 241 16 39 1
1 322 232 309 241 16 39 1
1 322 233 309 241 16 39 1
1 322 234 309 240 16 39 1
1 322 235 309 240 16 39 1
1 322 236 309 240 16 39 1
1 322 237 309 240 16 39 1
1 322 238 307 240 16 39 1
1 322 239 307 240 16 39 1
1 322 240 307 240 16 39 1
1 322 241 307 240 16 39 1
1 322 242 307 240 16 39 1
1 322 243 307 240 16 39 1
1 322 244 307 240 16 39 1
1 322 245 307 240 16 39 1
1 322 246 307 240 16 39 1
1 322 247 307 240 16 39 1
1 322 248 307 240 16 39 1
1 322 249 307 240 16 39 1
1 322 250 305 240 16 39 1
1 322 251 305 240 16 39 1
1 322 252 305 240 16 39 1
1 322 253 305 240 16 39 1
1 322 254 305 240 16 39 1
1 322 255 305 240 16 39 1
1 322 256 305 240 16 39 1
1 322 257 305 240 16 39 1
1 322 258 305 240 16 39 1
1 322 259 305 240 16 39 1
1 322 260 305 240 16 39 1
1 322 261 305 240 16 39 1
1 322 262 304 240 16 39 1
1 322 263 304 238 16 39 1
1 322 264 304 238 16 39 1
1 322 265 304 238 16 39 1
1 322 266 304 238 16 39 1
1 322 267 304 238 16 39 1
1 322 268 304 238 16 39 1
1 322 269 304 238 16 39 1
1 322 270 304 238 16 39 1
1 322 271 304 238 16 39 1
1 322 272 304 238 16 39 1
1 322 273 304 238 16 39 1
1 322 274 302 238 16 39 1
1 322 275 302 238 16 39 1
1 322 276 302 238 16 39 1
1 322 277 302 238 16 39 1
1 322 278 302 238 16 39 1
1 322 279 302 238 16 39 1
1 322 280 302 238 16 39 1
1 322 281 302 238 16 39 1
1 322 282 302 238 16 39 1
1 322 283 302 238 16 39 1
1 322 284 302 238 16 39 1
1 322 285 302 238 16 39 1
1 322 286 300 238 16 39 1
1 322 287 300 238 16 39 1
1 322 288 300 238 16 39 1
1 322 289 300 238 16 39 1
1 322 290 300 238 16 39 1
1 322 291 300 238 16 39 1
1 322 292 300 236 16 39 1
1 322 293 300 236 16 39 1
1 322 294 300 236 16 39 1
1 322 295 300 236 16 39 1
1 322 296 300 236 16 39 1
1 322 297 300 236 16 39 1
1 322 298 298 236 16 39 1
1 322 299 298 236 16 39 1
1 322 300 298 236 16 39 1
1 322 301 298 236 16 39 1
1 322 302 298 236 16 39 1
1 322 303 298 236 16 39 1
1 322 304 298 236 16 39 1
1 322 305 298 236 16 39 1
1 322 306 298 236 16 39 1
1 322 307 298 236 16 39 1
1 322 308 298 236 16 39 1
1 322 309 298 236 16 39 1
1 322 310 296 236 16 39 1
1 322 311 296 236 16 39 1
1 322 312 296 236 16 39 1
1 322 313 296 236 16 39 1
1 322 314 296 236 16 39 1
1 322 315 296 236 16 39 1
1 322 316 296 236 16 39 1
1 322 317 296 236 16 39 1
1 322 318 296 236 16 39 1
1 322 319 296 236 16 39 1
1 322 320 296 236 16 39 1
1 322 321 296 236 16 39 1
2 150 0 291 238 23 39 1
2 150 1 289 236 23 39 1
2 150 2 289 236 23 39 1
2 150 3 289 236 23 39 1
2 150 4 289 236 23 39 1
2 150 5 289 236 23 39 1
2 150 6 289 236 23 39 1
2 150 7 289 236 23 39 1
2 150 8 289 236 23 39 1
2 150 9 289 236 23 39 1
2 150 10 289 236 23 39 1
2 150 11 289 236 23 39 1
2 150 12 289 236 23 39 1
2 150 13 289 236 23 39 1
2 150 14 289 236 23 39 1
2 150 15 289 236 23 39 1
2 150 16 289 236 23 39 1
2 150 17 289 236 23 39 1
2 150 18 289 236 23 39 1
2 150 19 289 236 23 39 1
2 150 20 289 236 23 39 1
2 150 21 289 236 23 39 1
2 150 22 289 236 23 39 1
2 150 23 289 236 23 39 1
2 150 24 289 236 23 39 1
2 150 25 289 236 23 39 1
2 150 26 289 236 23 39 1
2 150 27 289 236 23 39 1
2 150 28 289 236 23 39 1
2 150 29 289 236 23 39 1
2 150 30 289 236 23 39 1
2 150 31 289 236 23 39 1
2 150 32 289 236 23 39 1
2 150 33 289 236 23 39 1
2 150 34 289 236 23 39 1
2 150 35 289 236 23 39 1
2 150 36 289 236 23 39 1
2 150 37 289 236 23 39 1
2 150 38 289 236 23 39 1
2 150 39 289 236 23 39 1
2 150 40 289 236 23 39 1
2 150 41 289 236 23 39 1
2 150 42 289 236 23 39 1
2 150 43 289 236 23 39 1
2 150 44 289 236 23 39 1
2 150 45 289 236 23 39 1
2 150 46 289 236 23 39 1
2 150 47 289 236 23 39 1
2 150 48 289 236 23 39 1
2 150 49 289 236 23 39 1
2 150 50 289 236 23 39 1
2 150 51 289 236 23 39 1
2 150 52 289 236 23 39 1
2 150 53 289 236 23 39 1
2 150 54 289 236 23 39 1
2 150 55 289 236 23 39 1
2 150 56 289 236 23 39 1
2 150 57 289 236 23 39 1
2 150 58 289 236 23 39 1
2 150 59 289 236 23 39 1
2 150 60 289 236 23 39 1
2 150 61 289 236 23 39 1
2 150 62 289 236 23 39 1
2 150 63 289 236 23 39 1
2 150 64 289 236 23 39 1
2 150 65 289 236 23 39 1
2 150 66 288 234 23 39 1
2 150 67 288 234 23 39 1
2 150 68 288 234 23 39 1
2 150 69 288 234 23 39 1
2 150 70 288 234 23 39 1
2 150 71 288 234 23 39 1
2 150 72 288 234 23 39 1
2 150 73 288 234 23 39 1
2 150 74 288 234 23 39 1
2 150 75 288 234 23 39 1
2 150 76 288 234 23 39 1
2 150 77 288 234 23 39 1
2 150 78 288 234 23 39 1
2 150 79 288 234 23 39 1
2 150 80 288 234 23 39 1
2 150 81 288 234 23 39 1
2 150 82 288 234 23 39 1
2 150 83 288 234 23 39 1
2 150 84 288 234 23 39 1
2 150 85 288 234 23 39 1
2 150 86 288 234 23 39 1
2 150 87 288 234 23 39 1
2 150 88 288 234 23 39 1
2 150 89 288 234 23 39 1
2 150 90 288 234 23 39 1
2 150 91 288 234 23 39 1
2 150 92 288 234 23 39 1
2 150 93 288 234 23 39 1
2 150 94 288 234 23 39 1
2 150 95 288 234 23 39 1
2 150 96 288 234 23 39 1
2 150 97 288 234 23 39 1
2 150 98 288 234 23 39 1
2 150 99 288 234 23 39 1
2 150 100 288 234 23 39 1
2 150 101 288 234 23 39 1
2 150 102 288 234 23 39 1
2 150 103 288 234 23 39 1
2 150 104 288 234 23 39 1
2 150 105 288 234 23 39 1
2 150 106 288 234 23 39 1
2 150 107 288 234 23 39 1
2 150 108 288 234 23 39 1
2 150 109 288 234 23 39 1
2 150 110 288 234 23 39 1
2 150 111 288 234 23 39 1
2 150 112 288 234 23 39 1
2 150 113 288 234 23 39 1
2 150 114 288 234 23 39 1
2 150 115 288 234 23 39 1
2 150 116 288 234 23 39 1
2 150 117 288 234 23 39 1
2 150 118 288 234 23 39 1
2 150 119 288 234 23 39 1
2 150 120 288 234 23 39 1
2 150 121 288 234 23 39 1
2 150 122 288 234 23 39 1
2 150 123 288 234 23 39 1
2 150 124 288 234 23 39 1
2 150 125 288 234 23 39 1
2 150 126 288 234 23 39 1
2 150 127 288 234 23 39 1
2 150 128 288 234 23 39 1
2 150 129 288 234 23 39 1
2 150 130 288 234 23 39 1
2 150 131 288 234 23 39 1
2 150 132 288 234 23 39 1
2 150 133 288 234 23 39 1
2 150 134 288 234 23 39 1
2 150 135 288 234 23 39 1
2 150 136 288 234 23 39 1
2 150 137 288 234 23 39 1
2 150 138 288 234 23 39 1
2 150 139 288 234 23 39 1
2 150 140 288 234 23 39 1
2 150 141 288 234 23 39 1
2 150 142 288 234 23 39 1
2 150 143 288 234 23 39 1
2 150 144 288 234 23 39 1
2 150 145 288 234 23 39 1
2 150 146 288 234 23 39 1
2 150 147 288 234 23 39 1
2 150 148 288 234 23 39 1
2 150 149 288 234 23 39 1
3 463 190 291 236 21 30 1
3 463 191 289 236 22 30 1
3 463 192 289 236 22 30 1
3 463 193 289 236 22 30 1
3 463 194 288 236 21 30 1
3 463 195 288 236 21 30 1
3 463 196 288 236 21 30 1
3 463 197 286 236 21 30 1
3 463 198 286 236 21 30 1
3 463 199 286 236 21 30 1
3 463 200 286 236 21 30 1
3 463 201 284 236 21 30 1
3 463 202 284 236 21 32 1
3 463 203 284 236 21 32 1
3 463 204 282 236 22 32 1
3 463 205 282 236 22 32 1
3 463 206 282 236 22 32 1
3 463 207 282 236 22 32 1
3 463 208 280 236 22 32 1
3 463 209 280 236 22 32 1
3 463 210 280 236 22 32 1
3 463 211 279 236 21 32 1
3 463 212 279 236 21 32 1
3 463 213 279 236 21 34 1
3 463 214 279 236 21 34 1
3 463 215 277 236 21 34 1
3 463 216 277 236 21 34 1
3 463 217 277 238 21 32 1
3 463 218 275 238 21 32 1
3 463 219 275 238 21 32 1
3 463 220 275 238 21 32 1
3 463 221 275 238 21 32 1
3 463 222 273 238 22 32 1
3 463 223 273 238 22 32 1
3 463 224 273 238 22 32 1
3 463 225 272 238 21 34 1
3 463 226 272 238 21 34 1
3 463 227 272 238 21 34 1
3 463 228 272 238 21 34 1
3 463 229 270 238 21 34 1
3 463 230 270 238 21 34 1
3 463 231 270 238 21 34 1
3 463 232 268 238 21 34 1
3 463 233 268 238 21 34 1
3 463 234 268 238 21 34 1
3 463 235 268 238 21 34 1
3 463 236 266 238 22 35 1
3 463 237 266 238 22 35 1
3 463 238 266 238 22 35 1
3 463 239 264 238 22 35 1
3 463 240 264 238 22 35 1
3 463 241 264 238 22 35 1
3 463 242 264 238 22 35 1
3 463 243 263 238 21 35 1
3 463 244 263 240 21 33 1
3 463 245 263 240 21 33 1
3 463 246 261 240 21 33 1
3 463 247 261 240 21 33 1
3 463 248 261 240 21 35 1
3 463 249 261 240 21 35 1
3 463 250 259 240 21 35 1
3 463 251 259 240 21 35 1
3 463 252 259 240 21 35 1
3 463 253 257 240 22 35 1
3 463 254 257 240 22 35 1
3 463 255 257 240 22 35 1
3 463 256 257 240 22 35 1
3 463 257 256 240 21 35 1
3 463 258 256 240 21 35 1
3 463 259 256 240 21 37 1
3 463 260 254 240 21 37 1
3 463 261 254 240 21 37 1
3 463 262 254 240 21 37 1
3 463 263 254 240 21 37 1
3 463 264 252 240 21 37 1
3 463 265 252 240 21 37 1
3 463 266 252 240 21 37 1
3 463 267 250 240 22 37 1
3 463 268 250 240 22 37 1
3 463 269 250 240 22 37 1
3 463 270 250 241 22 38 1
3 463 271 250 241 22 38 1
3 463 272 250 241 22 38 1
3 463 273 250 241 22 38 1
3 463 274 250 241 22 38 1
3 463 275 250 241 22 38 1
3 463 276 250 241 22 38 1
3 463 277 250 241 22 38 1
3 463 278 250 241 22 38 1
3 463 279 250 241 22 38 1
3 463 280 250 241 22 38 1
3 463 281 250 241 22 38 1
3 463 282 250 241 22 38 1
3 463 283 250 241 22 38 1
3 463 284 250 241 22 38 1
3 463 285 250 241 22 39 1
3 463 286 250 241 22 39 1
3 463 287 250 241 22 39 1
3 463 288 250 241 22 39 1
3 463 289 250 241 22 39 1
3 463 290 250 241 22 39 1
3 463 291 250 241 22 39 1
3 463 292 250 241 22 39 1
3 463 293 250 241 22 39 1
3 463 294 250 241 22 39 1
3 463 295 250 241 22 39 1
3 463 296 250 241 22 39 1
3 463 297 250 241 22 39 1
3 463 298 250 241 22 39 1
3 463 299 250 241 22 39 1
3 463 300 250 241 22 41 1
3 463 301 248 241 22 41 1
3 463 302 248 241 22 41 1
3 463 303 248 241 22 41 1
3 463 304 248 241 22 41 1
3 463 305 248 241 22 41 1
3 463 306 248 241 22 41 1
3 463 307 248 241 22 41 1
3 463 308 248 241 22 41 1
3 463 309 248 241 22 41 1
3 463 310 248 241 22 41 1
3 463 311 248 241 22 41 1
3 463 312 248 241 22 41 1
3 463 313 248 241 22 41 1
3 463 314 247 241 23 41 1
3 463 315 247 241 23 41 1
3 463 316 247 241 21 41 1
3 463 317 247 241 21 41 1
3 463 318 247 241 21 41 1
3 463 319 247 241 21 41 1
3 463 320 247 241 21 41 1
3 463 321 247 241 21 41 1
3 463 322 247 241 21 41 1
3 463 323 247 241 21 41 1
3 463 324 247 241 21 41 1
3 463 325 247 241 21 41 1
3 463 326 247 241 21 41 1
3 463 327 245 241 23 41 1
3 463 328 245 241 23 41 1
3 463 329 245 241 23 41 1
3 463 330 245 241 23 41 1
3 463 331 245 243 21 41 1
3 463 332 245 243 21 41 1
3 463 333 245 243 21 41 1
3 463 334 245 243 21 41 1
3 463 335 245 243 21 41 1
3 463 336 245 243 21 41 1
3 463 337 245 243 21 41 1
3 463 338 245 243 21 41 1
3 463 339 245 243 21 41 1
3 463 340 243 243 23 41 1
3 463 341 243 243 23 41 1
3 463 342 243 243 23 41 1
3 463 343 243 243 23 41 1
3 463 344 243 243 23 41 1
3 463 345 243 243 23 41 1
3 463 346 243 243 23 41 1
3 463 347 243 243 21 41 1
3 463 348 243 243 21 41 1
3 463 349 243 243 21 41 1
3 463 350 243 243 21 41 1
3 463 351 243 243 21 41 1
3 463 352 243 243 21 41 1
3 463 353 241 243 23 41 1
3 463 354 241 243 23 41 1
3 463 355 241 243 23 41 1
3 463 356 241 243 23 41 1
3 463 357 241 243 23 41 1
3 463 358 241 243 23 41 1
3 463 359 241 243 23 41 1
3 463 360 241 243 23 41 1
3 463 361 241 243 23 41 1
3 463 362 241 245 22 41 1
3 463 363 241 245 22 41 1
3 463 364 241 245 22 41 1
3 463 365 241 245 22 41 1
3 463 366 240 245 23 41 1
3 463 367 240 245 23 41 1
3 463 368 240 245 23 41 1
3 463 369 240 245 23 41 1
3 463 370 240 245 23 41 1
3 463 371 240 245 23 41 1
3 463 372 240 245 23 41 1
3 463 373 240 245 23 41 1
3 463 374 240 245 23 41 1
3 463 375 240 245 23 41 1
3 463 376 240 245 23 41 1
3 463 377 240 245 21 41 1
3 463 378 240 245 21 41 1
3 463 379 238 245 23 41 1
3 463 380 238 245 23 41 1
3 463 381 238 245 23 41 1
3 463 382 238 245 23 41 1
3 463 383 238 245 23 41 1
3 463 384 238 245 23 41 1
3 463 385 238 245 23 41 1
3 463 386 238 245 23 41 1
3 463 387 238 245 23 41 1
3 463 388 238 245 23 41 1
3 463 389 238 245 23 41 1
3 463 390 238 245 23 41 1
3 463 391 238 245 23 41 1
3 463 392 238 247 23 41 1
3 463 393 238 247 23 41 1
3 463 394 238 247 23 41 1
3 463 395 238 247 23 41 1
3 463 396 238 247 23 41 1
3 463 397 238 247 23 41 1
3 463 398 238 247 23 41 1
3 463 399 238 247 23 41 1
3 463 400 238 247 23 41 1
3 463 401 238 247 23 41 1
3 463 402 238 247 23 41 1
3 463 403 238 247 23 41 1
3 463 404 238 247 23 41 1
3 463 405 238 247 23 41 1
3 463 406 238 247 23 41 1
3 463 407 238 247 23 41 1
3 463 408 238 247 23 41 1
3 463 409 238 247 23 41 1
3 463 410 238 247 23 41 1
3 463 411 238 247 23 41 1
3 463 412 238 247 23 41 1
3 463 413 238 247 23 41 1
3 463 414 238 247 23 41 1
3 463 415 238 247 23 41 1
3 463 416 238 248 23 41 1
3 463 417 238 248 23 41 1
3 463 418 238 248 23 41 1
3 463 419 238 248 23 41 1
3 463 420 238 248 23 41 1
3 463 421 238 248 23 41 1
3 463 422 238 248 23 41 1
3 463 423 238 248 23 41 1
3 463 424 238 248 23 41 1
3 463 425 238 248 23 41 1
3 463 426 238 248 23 41 1
3 463 427 238 248 23 41 1
3 463 428 240 248 23 41 1
3 463 429 240 248 23 41 1
3 463 430 240 248 23 41 1
3 463 431 240 248 23 41 1
3 463 432 240 248 23 41 1
3 463 433 240 248 23 41 1
3 463 434 240 248 23 41 1
3 463 435 240 248 23 41 1
3 463 436 240 248 23 41 1
3 463 437 240 248 23 41 1
3 463 438 240 248 23 41 1
3 463 439 240 248 23 41 1
3 463 440 240 250 23 41 1
3 463 441 240 250 23 41 1
3 463 442 240 250 23 41 1
3 463 443 240 250 23 41 1
3 463 444 240 250 23 41 1
3 463 445 240 250 23 41 1
3 463 446 240 250 23 41 1
3 463 447 240 250 23 41 1
3 463 448 240 250 23 41 1
3 463 449 240 250 23 41 1
3 463 450 240 250 23 41 1
3 463 451 240 250 23 41 1
3 463 452 240 250 23 41 1
3 463 453 240 250 23 41 1
3 463 454 240 250 23 41 1
3 463 455 240 250 23 41 1
3 463 456 240 250 23 41 1
3 463 457 240 250 23 41 1
3 463 458 240 250 23 41 1
3 463 459 240 250 23 41 1
3 463 460 240 250 23 41 1
3 463 461 240 250 23 41 1
3 463 462 240 250 23 41 1
3 463 463 240 250 23 41 1
3 463 464 241 252 23 41 1
3 463 465 241 252 23 41 1
3 463 466 241 252 23 41 1
3 463 467 241 252 23 41 1
3 463 468 241 252 23 41 1
3 463 469 241 252 23 41 1
3 463 470 241 252 23 41 1
3 463 471 241 252 23 41 1
3 463 472 243 252 23 41 1
3 463 473 243 252 23 41 1
3 463 474 243 252 23 41 1
3 463 475 243 252 23 41 1
3 463 476 243 252 23 41 1
3 463 477 243 252 23 43 1
3 463 478 243 252 23 43 1
3 463 479 243 252 23 43 1
3 463 480 245 252 23 43 1
3 463 481 245 252 23 43 1
3 463 482 245 252 23 43 1
3 463 483 245 252 23 43 1
3 463 484 245 252 23 43 1
3 463 485 245 252 23 43 1
3 463 486 245 252 23 43 1
3 463 487 245 254 23 41 1
3 463 488 247 254 23 41 1
3 463 489 247 254 23 42 1
3 463 490 247 254 23 42 1
3 463 491 247 254 23 42 1
3 463 492 247 254 23 42 1
3 463 493 247 254 23 42 1
3 463 494 247 254 23 42 1
3 463 495 247 254 23 42 1
3 463 496 248 254 24 42 1
3 463 497 248 254 24 42 1
3 463 498 248 254 24 42 1
3 463 499 248 254 24 42 1
3 463 500 248 254 24 42 1
3 463 501 248 254 24 42 1
3 463 502 248 254 24 44 1
3 463 503 248 254 24 44 1
3 463 504 250 254 23 44 1
3 463 505 250 254 23 44 1
3 463 506 250 254 23 44 1
3 463 507 250 254 23 44 1
3 463 508 250 254 23 44 1
3 463 509 250 254 23 44 1
3 463 510 250 256 23 42 1
3 463 511 250 256 23 42 1
3 463 512 252 256 23 42 1
3 463 513 252 256 23 42 1
3 463 514 252 256 23 44 1
3 463 515 252 256 23 44 1
3 463 516 252 256 23 44 1
3 463 517 252 256 23 44 1
3 463 518 252 256 23 44 1
3 463 519 252 256 23 44 1
3 463 520 254 256 23 44 1
3 463 521 254 256 23 44 1
3 463 522 254 256 23 44 1
3 463 523 254 256 23 44 1
3 463 524 254 256 23 44 1
3 463 525 254 256 23 44 1
3 463 526 254 256 23 46 1
3 463 527 254 256 23 46 1
3 463 528 256 256 23 46 1
3 463 529 256 256 23 46 1
3 463 530 256 256 23 46 1
3 463 531 256 256 23 46 1
3 463 532 256 257 23 45 1
3 463 533 256 257 23 45 1
3 463 534 256 257 23 45 1
3 463 535 256 257 23 45 1
3 463 536 257 257 23 45 1
3 463 537 257 257 23 45 1
3 463 538 257 257 23 45 1
3 463 539 257 257 23 47 1
3 463 540 257 257 23 47 1
3 463 541 257 257 23 47 1
3 463 542 257 257 23 47 1
3 463 543 257 257 23 47 1
3 463 544 259 257 23 47 1
3 463 545 259 257 23 47 1
3 463 546 259 257 23 47 1
3 463 547 259 257 23 47 1
3 463 548 259 257 23 47 1
3 463 549 259 257 23 47 1
3 463 550 259 257 23 47 1
3 463 551 259 257 23 48 1
3 463 552 261 257 23 48 1
3 463 553 261 257 23 48 1
3 463 554 261 257 23 48 1
3 463 555 261 259 23 46 1
3 463 556 261 259 23 46 1
3 463 557 261 259 23 46 1
3 463 558 261 259 23 46 1
3 463 559 261 259 23 46 1
3 463 560 263 259 23 46 1
3 463 561 263 259 23 46 1
3 463 562 263 259 23 46 1
3 463 563 263 259 23 48 1
3 463 564 263 259 23 48 1
3 463 565 263 259 23 48 1
3 463 566 263 259 23 48 1
3 463 567 263 259 23 48 1
3 463 568 264 259 24 48 1
3 463 569 264 259 24 48 1
3 463 570 264 259 24 48 1
3 463 571 264 259 24 48 1
3 463 572 264 259 24 48 1
3 463 573 264 259 24 48 1
3 463 574 264 259 24 48 1
3 463 575 264 259 24 48 1
3 463 576 266 259 23 50 1
3 463 577 266 259 23 50 1
3 463 578 266 261 23 48 1
3 463 579 266 261 23 48 1
3 463 580 266 261 23 48 1
3 463 581 266 261 23 48 1
3 463 582 266 261 23 48 1
3 463 583 266 261 23 48 1
3 463 584 268 261 23 48 1
3 463 585 268 261 23 48 1
3 463 586 268 261 23 48 1
3 463 587 268 261 23 48 1
3 463 588 268 261 23 50 1
3 463 589 268 261 23 50 1
3 463 590 268 261 23 50 1
3 463 591 268 261 23 50 1
3 463 592 270 261 23 50 1
3 463 593 270 261 23 50 1
3 463 594 270 261 23 50 1
3 463 595 270 261 23 50 1
3 463 596 270 261 23 50 1
3 463 597 270 261 23 50 1
3 463 598 270 261 23 50 1
3 463 599 270 261 23 50 1
3 463 600 272 263 23 49 1
3 463 601 272 261 23 51 1
3 463 602 272 261 23 51 1
3 463 603 272 261 23 51 1
3 463 604 272 261 23 51 1
3 463 605 272 261 23 51 1
3 463 606 272 261 24 51 1
3 463 607 272 261 24 51 1
3 463 608 272 261 24 53 1
3 463 609 272 261 24 53 1
3 463 610 272 261 24 53 1
3 463 611 272 259 24 55 1
3 463 612 272 259 26 55 1
3 463 613 272 259 26 55 1
3 463 614 272 259 26 55 1
3 463 615 272 259 26 57 1
3 463 616 272 259 26 57 1
3 463 617 272 259 26 57 1
3 463 618 272 259 28 57 1
3 463 619 272 259 28 57 1
3 463 620 272 259 28 57 1
3 463 621 272 257 28 59 1
3 463 622 272 257 28 59 1
3 463 623 272 257 28 61 1
3 463 624 272 257 30 61 1
3 463 625 272 257 30 61 1
3 463 626 272 257 30 61 1
3 463 627 272 257 30 61 1
3 463 628 272 257 30 61 1
3 463 629 272 257 30 61 1
3 463 630 273 257 31 63 1
3 463 631 273 257 31 63 1
3 463 632 273 257 31 63 1
3 463 633 273 257 31 63 1
3 463 634 275 257 30 63 1
3 463 635 275 257 30 63 1
3 463 636 275 257 30 63 1
3 463 637 275 257 30 63 1
3 463 638 277 257 30 63 1
3 463 639 277 257 30 63 1
3 463 640 277 257 30 63 1
3 463 641 277 257 30 63 1
3 463 642 279 257 30 63 1
3 463 643 279 257 30 63 1
3 463 644 279 257 30 63 1
3 463 645 279 257 30 63 1
3 463 646 280 257 31 63 1
3 463 647 280 257 31 63 1
3 463 648 280 257 31 63 1
3 463 649 280 257 31 63 1
3 463 650 282 259 30 62 1
3 463 651 282 259 30 62 1
3 463 652 284 259 30 62 1
4 353 300 133 224 23 32 1
4 353 301 133 224 23 32 1
4 353 302 133 224 23 32 1
4 353 303 133 224 23 32 1
4 353 304 133 224 23 32 1
4 353 305 133 224 23 32 1
4 353 306 133 224 23 32 1
4 353 307 133 224 23 32 1
4 353 308 133 224 23 32 1
4 353 309 133 224 23 32 1
4 353 310 133 224 23 32 1
4 353 311 133 224 23 32 1
4 353 312 133 224 23 32 1
4 353 313 133 224 23 32 1
4 353 314 133 224 23 32 1
4 353 315 133 224 23 32 1
4 353 316 133 224 23 32 1
4 353 317 133 224 23 32 1
4 353 318 133 224 23 32 1
4 353 319 133 224 23 32 1
4 353 320 133 224 23 32 1
4 353 321 133 224 23 32 1
4 353 322 133 224 23 32 1
4 353 323 133 224 23 32 1
4 353 324 133 224 23 32 1
4 353 325 133 224 23 32 1
4 353 326 133 224 23 32 1
4 353 327 133 224 23 32 1
4 353 328 133 224 23 32 1
4 353 329 133 224 23 32 1
4 353 330 133 224 23 32 1
4 353 331 133 224 23 32 1
4 353 332 133 224 23 32 1
4 353 333 133 224 23 32 1
4 353 334 133 224 23 32 1
4 353 335 133 224 23 32 1
4 353 336 133 224 23 32 1
4 353 337 133 224 23 32 1
4 353 338 133 224 23 32 1
4 353 339 133 224 23 32 1
4 353 340 133 224 23 32 1
4 353 341 133 224 23 32 1
4 353 342 133 224 23 32 1
4 353 343 133 224 23 32 1
4 353 344 133 224 23 32 1
4 353 345 133 224 23 32 1
4 353 346 133 224 23 32 1
4 353 347 133 224 23 32 1
4 353 348 133 224 23 32 1
4 353 349 133 224 23 32 1
4 353 350 133 224 23 32 1
4 353 351 133 224 23 32 1
4 353 352 133 224 23 32 1
4 353 353 133 224 23 32 1
4 353 354 133 224 23 32 1
4 353 355 133 224 23 32 1
4 353 356 133 224 23 32 1
4 353 357 133 224 23 32 1
4 353 358 133 224 23 32 1
4 353 359 133 224 23 32 1
4 353 360 133 224 23 32 1
4 353 361 133 224 23 32 1
4 353 362 133 224 23 32 1
4 353 363 133 224 23 32 1
4 353 364 133 224 23 32 1
4 353 365 133 224 23 32 1
4 353 366 133 224 23 32 1
4 353 367 133 224 23 32 1
4 353 368 133 224 23 32 1
4 353 369 133 224 23 32 1
4 353 370 133 224 23 32 1
4 353 371 133 224 23 32 1
4 353 372 133 224 23 32 1
4 353 373 133 224 23 32 1
4 353 374 133 224 23 32 1
4 353 375 133 224 23 32 1
4 353 376 133 224 23 32 1
4 353 377 133 224 23 32 1
4 353 378 133 224 23 32 1
4 353 379 133 224 23 32 1
4 353 380 133 224 23 32 1
4 353 381 135 224 23 32 1
4 353 382 135 224 23 32 1
4 353 383 135 224 23 32 1
4 353 384 135 224 23 32 1
4 353 385 135 224 23 32 1
4 353 386 135 224 23 32 1
4 353 387 135 224 23 32 1
4 353 388 135 224 23 32 1
4 353 389 135 224 23 32 1
4 353 390 135 224 23 32 1
4 353 391 135 224 23 32 1
4 353 392 135 224 23 32 1
4 353 393 135 224 23 32 1
4 353 394 135 224 23 32 1
4 353 395 135 224 23 32 1
4 353 396 135 224 23 32 1
4 353 397 135 224 23 32 1
4 353 398 135 224 23 32 1
4 353 399 135 224 23 32 1
4 353 400 135 224 23 32 1
4 353 401 135 224 23 32 1
4 353 402 135 224 23 32 1
4 353 403 135 224 23 32 1
4 353 404 135 224 23 32 1
4 353 405 135 224 23 32 1
4 353 406 135 224 23 32 1
4 353 407 135 224 23 32 1
4 353 408 135 224 23 32 1
4 353 409 135 224 23 32 1
4 353 410 135 224 23 32 1
4 353 411 135 224 23 32 1
4 353 412 135 224 23 32 1
4 353 413 135 224 23 32 1
4 353 414 135 224 23 32 1
4 353 415 135 224 23 32 1
4 353 416 135 224 23 32 1
4 353 417 135 224 23 32 1
4 353 418 135 224 23 32 1
4 353 419 135 224 23 32 1
4 353 420 135 224 23 32 1
4 353 421 135 224 23 32 1
4 353 422 135 224 23 32 1
4 353 423 135 224 23 32 1
4 353 424 135 224 23 32 1
4 353 425 135 224 23 32 1
4 353 426 135 224 23 32 1
4 353 427 135 224 23 32 1
4 353 428 135 224 23 32 1
4 353 429 135 224 23 32 1
4 353 430 135 224 23 32 1
4 353 431 135 224 23 32 1
4 353 432 135 224 23 32 1
4 353 433 135 224 23 32 1
4 353 434 135 224 23 32 1
4 353 435 135 224 23 32 1
4 353 436 135 224 23 32 1
4 353 437 135 224 23 32 1
4 353 438 135 224 23 32 1
4 353 439 135 224 23 32 1
4 353 440 135 224 23 32 1
4 353 441 135 224 23 32 1
4 353 442 135 224 23 32 1
4 353 443 135 224 23 32 1
4 353 444 135 224 23 32 1
4 353 445 135 224 23 32 1
4 353 446 135 224 23 32 1
4 353 447 135 224 23 32 1
4 353 448 135 224 23 32 1
4 353 449 135 224 23 32 1
4 353 450 135 224 23 32 1
4 353 451 135 224 23 32 1
4 353 452 135 224 23 32 1
4 353 453 135 224 23 32 1
4 353 454 135 224 23 32 1
4 353 455 135 224 23 32 1
4 353 456 135 224 23 32 1
4 353 457 135 224 23 32 1
4 353 458 135 224 23 32 1
4 353 459 135 224 23 32 1
4 353 460 135 224 23 32 1
4 353 461 135 224 23 32 1
4 353 462 136 225 24 32 1
4 353 463 136 225 24 32 1
4 353 464 136 225 24 32 1
4 353 465 136 225 24 32 1
4 353 466 136 225 24 32 1
4 353 467 136 225 24 32 1
4 353 468 136 225 24 32 1
4 353 469 136 225 24 32 1
4 353 470 136 225 24 32 1
4 353 471 136 225 24 32 1
4 353 472 136 225 24 32 1
4 353 473 136 225 24 32 1
4 353 474 136 225 24 32 1
4 353 475 136 225 24 32 1
4 353 476 136 225 24 32 1
4 353 477 138 225 23 32 1
4 353 478 138 225 23 32 1
4 353 479 138 225 23 32 1
4 353 480 138 225 23 32 1
4 353 481 138 225 23 32 1
4 353 482 138 225 23 32 1
4 353 483 138 225 23 32 1
4 353 484 138 225 23 32 1
4 353 485 138 225 23 32 1
4 353 486 138 225 23 32 1
4 353 487 138 225 23 32 1
4 353 488 138 225 23 32 1
4 353 489 138 225 23 32 1
4 353 490 138 225 23 32 1
4 353 491 138 225 23 32 1
4 353 492 140 225 23 32 1
4 353 493 140 225 23 32 1
4 353 494 140 225 23 32 1
4 353 495 140 225 23 32 1
4 353 496 140 225 23 32 1
4 353 497 140 225 23 32 1
4 353 498 140 225 23 32 1
4 353 499 140 225 23 32 1
4 353 500 140 225 23 32 1
4 353 501 140 225 23 32 1
4 353 502 140 225 23 32 1
4 353 503 140 225 23 32 1
4 353 504 140 225 23 32 1
4 353 505 140 225 23 32 1
4 353 506 142 227 23 32 1
4 353 507 142 227 23 32 1
4 353 508 142 227 23 32 1
4 353 509 142 227 23 32 1
4 353 510 142 227 23 32 1
4 353 511 142 227 23 32 1
4 353 512 142 227 23 32 1
4 353 513 142 227 23 32 1
4 353 514 142 227 23 32 1
4 353 515 142 227 23 32 1
4 353 516 142 227 23 32 1
4 353 517 142 227 23 32 1
4 353 518 142 227 23 32 1
4 353 519 142 227 23 32 1
4 353 520 142 227 23 32 1
4 353 521 144 227 23 32 1
4 353 522 144 227 23 32 1
4 353 523 144 227 23 32 1
4 353 524 144 227 23 32 1
4 353 525 144 227 23 32 1
4 353 526 144 227 23 32 1
4 353 527 144 227 23 32 1
4 353 528 144 227 23 32 1
4 353 529 144 227 23 32 1
4 353 530 144 227 23 32 1
4 353 531 144 227 23 32 1
4 353 532 144 227 23 32 1
4 353 533 144 227 23 32 1
4 353 534 144 227 23 32 1
4 353 535 144 227 23 32 1
4 353 536 145 227 23 32 1
4 353 537 145 227 23 32 1
4 353 538 145 227 23 32 1
4 353 539 145 227 23 32 1
4 353 540 145 227 23 32 1
4 353 541 145 227 23 32 1
4 353 542 145 227 23 32 1
4 353 543 145 227 23 32 1
4 353 544 145 227 23 32 1
4 353 545 145 227 23 32 1
4 353 546 145 227 23 32 1
4 353 547 145 227 23 32 1
4 353 548 145 227 23 32 1
4 353 549 145 227 23 32 1
4 353 550 147 229 23 32 1
4 353 551 147 229 23 32 1
4 353 552 147 229 23 32 1
4 353 553 147 229 23 32 1
4 353 554 147 229 23 32 1
4 353 555 147 229 23 32 1
4 353 556 147 229 23 32 1
4 353 557 147 229 23 32 1
4 353 558 147 229 23 32 1
4 353 559 147 229 23 32 1
4 353 560 147 229 23 32 1
4 353 561 147 229 23 32 1
4 353 562 147 229 23 32 1
4 353 563 147 229 23 32 1
4 353 564 147 229 23 32 1
4 353 565 147 229 23 32 1
4 353 566 147 229 23 32 1
4 353 567 147 229 23 32 1
4 353 568 147 229 23 32 1
4 353 569 147 229 23 32 1
4 353 570 147 229 23 32 1
4 353 571 147 229 23 32 1
4 353 572 147 229 23 32 1
4 353 573 147 229 23 32 1
4 353 574 147 229 23 32 1
4 353 575 147 229 23 32 1
4 353 576 147 229 23 32 1
4 353 577 147 229 23 32 1
4 353 578 147 229 23 32 1
4 353 579 147 229 23 32 1
4 353 580 147 229 23 32 1
4 353 581 147 229 23 32 1
4 353 582 147 229 23 32 1
4 353 583 147 229 23 32 1
4 353 584 147 229 23 32 1
4 353 585 147 229 23 32 1
4 353 586 147 229 23 32 1
4 353 587 147 229 23 32 1
4 353 588 147 229 23 32 1
4 353 589 147 229 23 32 1
4 353 590 147 229 23 32 1
4 353 591 147 229 23 32 1
4 353 592 147 229 23 32 1
4 353 593 147 229 23 32 1
4 353 594 147 229 23 32 1
4 353 595 147 229 23 32 1
4 353 596 147 229 23 32 1
4 353 597 147 229 23 32 1
4 353 598 147 229 23 32 1
4 353 599 147 229 23 32 1
4 353 600 149 229 23 32 1
4 353 601 149 227 23 34 1
4 353 602 149 227 23 34 1
4 353 603 149 227 23 34 1
4 353 604 149 227 23 34 1
4 353 605 149 227 23 34 1
4 353 606 149 227 23 34 1
4 353 607 149 227 23 34 1
4 353 608 149 227 23 34 1
4 353 609 149 227 23 34 1
4 353 610 149 227 23 34 1
4 353 611 149 227 23 34 1
4 353 612 149 227 23 34 1
4 353 613 149 227 23 34 1
4 353 614 149 225 23 36 1
4 353 615 149 225 23 36 1
4 353 616 149 225 23 36 1
4 353 617 149 225 23 36 1
4 353 618 149 225 23 38 1
4 353 619 149 225 23 38 1
4 353 620 149 225 23 38 1
4 353 621 149 225 23 38 1
4 353 622 149 225 23 38 1
4 353 623 149 225 23 38 1
4 353 624 149 225 23 38 1
4 353 625 149 225 23 38 1
4 353 626 149 225 23 38 1
4 353 627 149 224 23 39 1
4 353 628 149 224 23 39 1
4 353 629 149 224 23 39 1
4 353 630 149 224 23 39 1
4 353 631 149 224 23 39 1
4 353 632 149 224 23 39 1
4 353 633 149 224 23 39 1
4 353 634 149 224 23 39 1
4 353 635 149 224 23 40 1
4 353 636 149 224 23 40 1
4 353 637 149 224 23 40 1
4 353 638 149 224 23 40 1
4 353 639 149 224 23 40 1
4 353 640 149 222 23 42 1
4 353 641 149 222 23 42 1
4 353 642 149 222 23 42 1
4 353 643 149 222 23 42 1
4 353 644 149 222 23 42 1
4 353 645 149 222 23 42 1
4 353 646 149 222 23 42 1
4 353 647 149 222 23 42 1
4 353 648 149 222 23 42 1
4 353 649 149 222 23 42 1
4 353 650 149 222 23 42 1
4 353 651 149 222 23 42 1
4 353 652 149 222 23 44 1
