0 322 0 252 234 16 36 1
0 322 1 252 234 16 36 1
0 322 2 252 234 16 36 1
0 322 3 252 234 16 36 1
0 322 4 252 234 16 36 1
0 322 5 254 234 16 36 1
0 322 6 254 234 16 36 1
0 322 7 254 234 16 36 1
0 322 8 254 234 16 36 1
0 322 9 254 234 16 36 1
0 322 10 256 234 16 36 1
0 322 11 256 234 16 36 1
0 322 12 256 234 16 36 1
0 322 13 256 234 16 36 1
0 322 14 256 234 16 36 1
0 322 15 257 234 16 36 1
0 322 16 257 234 16 36 1
0 322 17 257 234 16 36 1
0 322 18 257 234 16 36 1
0 322 19 257 234 16 36 1
0 322 20 259 234 16 36 1
0 322 21 259 234 16 36 1
0 322 22 259 234 16 36 1
0 322 23 259 234 16 36 1
0 322 24 259 234 16 36 1
0 322 25 261 234 16 36 1
0 322 26 261 234 16 36 1
0 322 27 261 234 16 36 1
0 322 28 261 234 16 36 1
0 322 29 261 234 16 36 1
0 322 30 263 234 16 36 1
0 322 31 263 234 16 36 1
0 322 32 263 234 16 36 1
0 322 33 263 234 16 36 1
0 322 34 263 234 16 36 1
0 322 35 264 234 16 36 1
0 322 36 264 234 16 36 1
0 322 37 264 234 16 36 1
0 322 38 264 234 16 36 1
0 322 39 264 234 16 36 1
0 322 40 266 234 16 36 1
0 322 41 266 234 16 36 1
0 322 42 266 234 16 36 1
0 322 43 266 234 16 36 1
0 322 44 266 234 16 36 1
0 322 45 268 234 16 36 1
0 322 46 268 234 16 36 1
0 322 47 268 234 16 36 1
0 322 48 268 234 16 36 1
0 322 49 268 234 16 36 1
0 322 50 270 234 16 36 1
0 322 51 270 234 16 36 1
0 322 52 270 234 16 36 1
0 322 53 270 234 16 36 1
0 322 54 270 234 16 36 1
0 322 55 272 234 16 36 1
0 322 56 272 234 16 36 1
0 322 57 272 234 16 36 1
0 322 58 272 234 16 36 1
0 322 59 272 234 16 36 1
0 322 60 273 234 16 36 1
0 322 61 273 234 16 36 1
0 322 62 273 234 16 36 1
0 322 63 273 234 16 36 1
0 322 64 273 234 16 36 1
0 322 65 275 234 16 36 1
0 322 66 275 234 16 36 1
0 322 67 275 234 16 36 1
0 322 68 275 234 16 36 1
0 322 69 275 234 16 36 1
0 322 70 277 236 16 36 1
0 322 71 277 236 16 36 1
0 322 72 277 236 16 36 1
0 322 73 277 236 16 36 1
0 322 74 277 236 16 36 1
0 322 75 277 236 16 36 1
0 322 76 277 236 16 36 1
0 322 77 277 236 16 36 1
0 322 78 277 236 16 36 1
0 322 79 277 236 16 36 1
0 322 80 277 236 16 36 1
0 322 81 277 236 16 36 1
0 322 82 277 236 16 36 1
0 322 83 279 236 16 36 1
0 322 84 279 236 16 36 1
0 322 85 279 236 16 36 1
0 322 86 279 236 16 36 1
0 322 87 279 236 16 36 1
0 322 88 279 236 16 36 1
0 322 89 279 236 16 36 1
0 322 90 279 236 16 36 1
0 322 91 279 236 16 36 1
0 322 92 279 236 16 36 1
0 322 93 279 236 16 36 1
0 322 94 279 236 16 36 1
0 322 95 280 236 16 36 1
0 322 96 280 236 16 36 1
0 322 97 280 236 16 36 1
0 322 98 280 236 16 36 1
0 322 99 280 236 16 36 1
0 322 100 280 236 16 36 1
0 322 101 280 236 16 36 1
0 322 102 280 236 16 36 1
0 322 103 280 236 16 36 1
0 322 104 280 236 16 36 1
0 322 105 280 236 16 36 1
0 322 106 280 236 16 36 1
0 322 107 282 236 16 36 1
0 322 108 282 236 16 36 1
0 322 109 282 236 16 36 1
0 322 110 282 236 16 36 1
0 322 111 282 236 16 36 1
0 322 112 282 236 16 36 1
0 322 113 282 236 16 36 1
0 322 114 282 236 16 36 1
0 322 115 282 236 16 36 1
0 322 116 282 236 16 36 1
0 322 117 282 236 16 36 1
0 322 118 282 236 16 36 1
0 322 119 284 236 16 36 1
0 322 120 284 236 16 36 1
0 322 121 284 236 16 36 1
0 322 122 284 236 16 36 1
0 322 123 284 236 16 36 1
0 322 124 284 236 16 36 1
0 322 125 284 236 16 36 1
0 322 126 284 236 16 36 1
0 322 127 284 236 16 36 1
0 322 128 284 236 16 36 1
0 322 129 284 236 16 36 1
0 322 130 284 236 16 36 1
0 322 131 286 236 16 36 1
0 322 132 286 234 16 36 1
0 322 133 286 234 16 36 1
0 322 134 286 234 16 36 1
0 322 135 286 234 16 36 1
0 322 136 286 234 16 36 1
0 322 137 286 234 16 36 1
0 322 138 286 234 16 36 1
0 322 139 286 234 16 36 1
0 322 140 286 234 16 36 1
0 322 141 286 234 16 36 1
0 322 142 288 234 16 36 1
0 322 143 288 234 16 36 1
0 322 144 288 234 16 36 1
0 322 145 288 234 16 36 1
0 322 146 288 234 16 36 1
0 322 147 288 234 16 36 1
0 322 148 288 234 16 36 1
0 322 149 288 234 16 36 1
0 322 150 288 234 16 36 1
0 322 151 288 234 16 36 1
0 322 152 288 234 16 36 1
0 322 153 289 234 16 36 1
0 322 154 289 232 16 36 1
0 322 155 289 232 16 36 1
0 322 156 289 232 16 36 1
0 322 157 291 232 16 36 1
0 322 158 291 232 16 36 1
0 322 159 291 232 16 36 1
0 322 160 291 232 16 36 1
0 322 161 293 232 16 36 1
0 322 162 293 232 16 36 1
0 322 163 293 232 16 34 1
0 322 164 293 232 16 34 1
0 322 165 295 232 16 34 1
0 322 166 295 232 16 34 1
0 322 167 295 232 16 34 1
0 322 168 295 232 16 34 1
0 322 169 296 232 16 34 1
0 322 170 296 232 16 34 1
0 322 171 296 232 16 34 1
0 322 172 298 232 16 34 1
0 322 173 296 232 16 34 1
0 322 174 296 232 16 34 1
0 322 175 296 232 16 34 1
0 322 176 296 232 16 34 1
0 322 177 295 232 16 34 1
0 322 178 295 232 16 34 1
0 322 179 295 232 16 34 1
0 322 321 277 236 16 36 1
1 322 0 149 229 16 28 1
1 322 1 147 227 16 29 1
1 322 2 147 227 16 29 1
1 322 3 147 227 16 29 1
1 322 4 147 227 16 29 1
1 322 5 147 227 16 29 1
1 322 6 147 227 16 29 1
1 322 7 147 227 16 29 1
1 322 8 147 227 16 29 1
1 322 9 147 227 16 29 1
1 322 10 147 227 16 29 1
1 322 11 147 227 16 29 1
1 322 12 147 227 16 29 1
1 322 13 147 227 16 29 1
1 322 14 147 227 16 29 1
1 322 15 147 227 16 29 1
1 322 16 147 227 16 29 1
1 322 17 147 227 16 29 1
1 322 18 147 227 16 29 1
1 322 19 147 227 16 29 1
1 322 20 145 227 16 29 1
1 322 21 145 227 16 29 1
1 322 22 145 227 16 29 1
1 322 23 145 227 16 29 1
1 322 24 145 227 16 29 1
1 322 25 145 227 16 29 1
1 322 26 145 227 16 29 1
1 322 27 145 227 16 29 1
1 322 28 145 227 16 29 1
1 322 29 145 227 16 29 1
1 322 30 145 227 16 29 1
1 322 31 145 227 16 29 1
1 322 32 145 227 16 29 1
1 322 33 145 227 16 27 1
1 322 34 145 227 16 27 1
1 322 35 145 227 16 27 1
1 322 36 145 227 16 27 1
1 322 37 145 227 16 27 1
1 322 38 145 227 16 27 1
1 322 39 144 227 16 27 1
1 322 40 144 227 16 27 1
1 322 41 144 227 16 27 1
1 322 42 144 227 16 27 1
1 322 43 144 227 16 27 1
1 322 44 144 227 16 27 1
1 322 45 144 227 16 27 1
1 322 46 144 227 16 27 1
1 322 47 144 227 16 27 1
1 322 48 144 227 16 27 1
1 322 49 144 227 16 27 1
1 322 50 144 227 16 27 1
1 322 51 144 227 16 27 1
1 322 52 144 227 16 27 1
1 322 53 144 227 16 27 1
1 322 54 144 227 16 27 1
1 322 55 144 227 16 27 1
1 322 56 144 227 16 27 1
1 322 57 144 227 16 27 1
1 322 58 142 227 16 27 1
1 322 59 142 227 16 27 1
1 322 60 142 227 16 27 1
1 322 61 142 227 16 27 1
1 322 62 142 227 16 27 1
1 322 63 142 227 16 27 1
1 322 64 142 227 16 27 1
1 322 65 142 227 16 25 1
1 322 66 142 227 16 25 1
1 322 67 142 227 16 25 1
1 322 68 142 227 16 25 1
1 322 69 142 227 16 25 1
1 322 70 142 227 16 25 1
1 322 71 142 227 16 25 1
1 322 72 142 227 16 25 1
1 322 73 142 227 16 25 1
1 322 74 142 227 16 25 1
1 322 75 142 227 16 25 1
1 322 76 142 227 16 25 1
1 322 77 140 227 16 25 1
1 322 78 140 227 16 25 1
1 322 79 140 227 16 25 1
1 322 80 140 227 16 25 1
1 322 81 140 227 16 25 1
1 322 82 140 227 16 25 1
1 322 83 140 227 16 25 1
1 322 84 140 227 16 25 1
1 322 85 140 227 16 25 1
1 322 86 140 227 16 25 1
1 322 87 140 227 16 25 1
1 322 88 140 227 16 25 1
1 322 89 140 227 16 25 1
1 322 90 140 227 16 25 1
1 322 91 140 227 16 25 1
1 322 92 140 227 16 25 1
1 322 93 140 227 16 25 1
1 322 94 140 227 16 25 1
1 322 95 140 227 16 25 1
1 322 96 140 227 16 25 1
1 322 97 140 227 16 25 1
1 322 98 140 227 16 25 1
1 322 99 140 227 16 25 1
1 322 100 140 227 16 25 1
1 322 101 140 227 16 25 1
1 322 102 140 227 16 25 1
1 322 103 140 227 16 25 1
1 322 104 140 227 16 25 1
1 322 105 140 227 16 25 1
1 322 106 140 227 16 25 1
1 322 107 140 227 16 25 1
1 322 108 140 227 16 25 1
1 322 109 140 227 16 25 1
1 322 110 140 227 16 25 1
1 322 111 140 227 16 25 1
1 322 112 140 227 16 25 1
1 322 113 140 227 16 25 1
1 322 114 140 227 16 25 1
1 322 115 140 227 16 25 1
1 322 116 140 227 16 25 1
1 322 117 140 227 16 25 1
1 322 118 140 227 16 25 1
1 322 119 140 227 16 25 1
1 322 120 140 227 16 25 1
1 322 121 140 227 16 25 1
1 322 122 140 227 16 25 1
1 322 123 140 227 16 25 1
1 322 124 140 227 16 25 1
1 322 125 140 227 16 25 1
1 322 126 140 227 16 25 1
1 322 127 140 227 16 25 1
1 322 128 140 227 16 25 1
1 322 129 140 227 16 25 1
1 322 130 140 227 16 25 1
1 322 131 140 227 16 25 1
1 322 132 140 227 16 25 1
1 322 133 140 227 16 25 1
1 322 134 140 227 16 25 1
1 322 135 140 227 16 25 1
1 322 136 140 227 16 25 1
1 322 137 140 227 16 25 1
1 322 138 140 227 16 25 1
1 322 139 140 227 16 25 1
1 322 140 140 227 16 25 1
1 322 141 140 227 16 25 1
1 322 142 140 227 16 25 1
1 322 143 140 227 16 25 1
1 322 144 140 227 16 25 1
1 322 145 140 227 16 25 1
1 322 146 142 227 16 25 1
1 322 147 142 227 16 25 1
1 322 148 142 227 16 25 1
1 322 149 142 227 16 25 1
1 322 150 142 227 16 25 1
1 322 151 142 227 16 25 1
1 322 152 142 227 16 25 1
1 322 153 142 227 16 25 1
1 322 154 142 227 16 25 1
1 322 155 142 227 16 25 1
1 322 156 142 227 16 25 1
1 322 157 142 227 16 25 1
1 322 158 142 227 16 25 1
1 322 159 142 227 16 25 1
1 322 160 142 227 16 25 1
1 322 161 142 227 16 25 1
1 322 162 142 227 16 25 1
1 322 163 142 227 16 25 1
1 322 164 142 227 16 25 1
1 322 165 142 227 16 25 1
1 322 166 142 227 16 25 1
1 322 167 142 227 16 25 1
1 322 168 142 227 16 25 1
1 322 169 142 227 16 25 1
1 322 170 142 227 16 25 1
1 322 171 142 227 16 25 1
1 322 172 142 227 16 25 1
1 322 173 142 227 16 25 1
1 322 174 142 227 16 25 1
1 322 175 142 227 16 25 1
1 322 176 142 227 16 25 1
1 322 177 142 227 16 25 1
1 322 178 142 227 16 25 1
1 322 179 142 227 16 25 1
1 322 180 142 227 16 25 1
1 322 181 142 227 16 25 1
1 322 182 142 227 16 25 1
1 322 183 142 227 16 25 1
1 322 184 142 227 16 25 1
1 322 185 142 227 16 25 1
1 322 186 142 227 16 25 1
1 322 187 142 227 16 25 1
1 322 188 142 227 16 25 1
1 322 189 142 227 16 25 1
1 322 190 142 227 16 25 1
1 322 191 142 227 16 25 1
1 322 192 142 227 16 25 1
1 322 193 142 227 16 25 1
1 322 194 142 227 16 25 1
1 322 195 142 227 16 25 1
1 322 196 144 227 16 25 1
1 322 197 142 227 16 25 1
1 322 198 142 227 16 25 1
1 322 199 142 227 16 25 1
1 322 200 142 227 16 25 1
1 322 201 142 227 16 25 1
1 322 202 142 227 16 25 1
1 322 203 142 227 16 25 1
1 322 204 142 227 16 25 1
1 322 205 142 227 16 25 1
1 322 206 142 227 16 25 1
1 322 207 142 227 16 25 1
1 322 208 142 227 16 25 1
1 322 209 142 227 16 25 1
1 322 210 142 227 16 25 1
1 322 211 142 227 16 25 1
1 322 212 142 227 16 25 1
1 322 213 142 227 16 25 1
1 322 214 142 227 16 25 1
1 322 215 142 227 16 25 1
1 322 216 142 227 16 25 1
1 322 217 142 227 16 25 1
1 322 218 142 227 16 25 1
1 322 219 142 227 16 25 1
1 322 220 142 227 16 25 1
1 322 221 142 227 16 25 1
1 322 222 142 227 16 25 1
1 322 223 142 227 16 25 1
1 322 224 142 227 16 25 1
1 322 225 142 227 16 25 1
1 322 226 142 227 16 25 1
1 322 227 142 227 16 25 1
1 322 228 142 227 16 25 1
1 322 229 142 227 16 25 1
1 322 230 142 227 16 25 1
1 322 231 142 227 16 25 1
1 322 232 142 227 16 25 1
1 322 233 142 227 16 25 1
1 322 234 142 227 16 25 1
1 322 235 142 227 16 25 1
1 322 236 142 227 16 25 1
1 322 237 142 227 16 25 1
1 322 238 142 227 16 25 1
1 322 239 142 227 16 25 1
1 322 240 142 227 16 25 1
1 322 241 142 227 16 25 1
1 322 242 142 227 16 25 1
1 322 243 142 227 16 25 1
1 322 244 142 227 16 25 1
1 322 245 142 227 16 25 1
1 322 246 142 227 16 25 1
1 322 247 142 227 16 25 1
1 322 248 142 227 16 25 1
1 322 249 142 227 16 25 1
1 322 250 142 227 16 25 1
1 322 251 142 227 16 25 1
1 322 252 142 227 16 25 1
1 322 253 142 227 16 25 1
1 322 254 142 227 16 25 1
1 322 255 142 227 16 25 1
1 322 256 142 227 16 25 1
1 322 257 142 227 16 25 1
1 322 258 142 227 16 25 1
1 322 259 140 227 16 25 1
1 322 260 140 227 16 25 1
1 322 261 140 227 16 25 1
1 322 262 140 227 16 25 1
1 322 263 140 227 16 25 1
1 322 264 140 227 16 25 1
1 322 265 140 227 16 25 1
1 322 266 140 227 16 25 1
1 322 267 140 227 16 25 1
1 322 268 140 227 16 25 1
1 322 269 140 227 16 25 1
1 322 270 140 227 16 25 1
1 322 271 140 227 16 25 1
1 322 272 140 227 16 25 1
1 322 273 140 227 16 25 1
1 322 274 140 227 16 25 1
1 322 275 140 227 16 25 1
1 322 276 140 227 16 25 1
1 322 277 140 227 16 25 1
1 322 278 140 227 16 25 1
1 322 279 140 227 16 25 1
1 322 280 140 227 16 25 1
1 322 281 140 227 16 25 1
1 322 282 140 227 16 25 1
1 322 283 140 227 16 25 1
1 322 284 140 227 16 25 1
1 322 285 140 227 16 25 1
1 322 286 140 227 16 25 1
1 322 287 140 227 16 25 1
1 322 288 140 227 16 25 1
1 322 289 140 227 16 25 1
1 322 290 140 227 16 25 1
1 322 291 140 227 16 25 1
1 322 292 140 227 16 25 1
1 322 293 140 227 16 25 1
1 322 294 140 227 16 25 1
1 322 295 140 227 16 25 1
1 322 296 140 227 16 25 1
1 322 297 140 227 16 25 1
1 322 298 140 227 16 25 1
1 322 299 140 227 16 25 1
1 322 300 140 227 16 25 1
1 322 301 140 227 16 25 1
1 322 302 140 227 16 25 1
1 322 303 140 227 16 25 1
1 322 304 140 227 16 25 1
1 322 305 140 227 16 25 1
1 322 306 140 227 16 25 1
1 322 307 140 227 16 25 1
1 322 308 140 227 16 25 1
1 322 309 140 227 16 25 1
1 322 310 140 227 16 25 1
1 322 311 140 227 16 25 1
1 322 312 140 227 16 25 1
1 322 313 140 227 16 25 1
1 322 314 140 227 16 25 1
1 322 315 140 227 16 25 1
1 322 316 140 227 16 25 1
1 322 317 140 227 16 25 1
1 322 318 140 227 16 25 1
1 322 319 140 227 16 25 1
1 322 320 140 227 16 25 1
1 322 321 140 227 16 25 1
2 478 0 350 252 19 52 1
2 478 1 350 252 19 52 1
2 478 2 350 252 19 52 1
2 478 3 350 252 19 52 1
2 478 4 350 252 19 52 1
2 478 5 350 252 19 52 1
2 478 6 350 252 19 52 1
2 478 7 350 252 19 52 1
2 478 8 352 252 17 52 1
2 478 9 352 252 17 52 1
2 478 10 352 252 19 52 1
2 478 11 352 252 19 52 1
2 478 12 352 252 19 52 1
2 478 13 352 252 19 52 1
2 478 14 352 252 19 52 1
2 478 15 352 252 19 52 1
2 478 16 353 252 18 52 1
2 478 17 353 252 18 52 1
2 478 18 353 252 18 52 1
2 478 19 353 252 20 52 1
2 478 20 353 252 20 52 1
2 478 21 353 252 20 52 1
2 478 22 353 252 20 52 1
2 478 23 355 254 18 51 1
2 478 24 355 254 18 51 1
2 478 25 355 254 18 51 1
2 478 26 355 254 18 51 1
2 478 27 355 254 18 51 1
2 478 28 355 254 20 51 1
2 478 29 355 254 20 51 1
2 478 30 355 254 20 51 1
2 478 31 357 254 18 51 1
2 478 32 357 254 18 51 1
2 478 33 357 254 18 51 1
2 478 34 357 254 18 51 1
2 478 35 357 254 18 51 1
2 478 36 357 254 18 51 1
2 478 37 357 254 19 51 1
2 478 38 359 254 17 51 1
2 478 39 359 254 17 51 1
2 478 40 359 254 17 51 1
2 478 41 359 254 17 51 1
2 478 42 359 254 17 51 1
2 478 43 359 254 17 51 1
2 478 44 359 254 17 51 1
2 478 45 359 254 17 51 1
2 478 46 360 256 18 51 1
2 478 47 360 256 18 51 1
2 478 48 360 256 18 51 1
2 478 49 360 256 18 51 1
2 478 50 360 256 18 51 1
2 478 51 360 256 18 51 1
2 478 52 360 256 18 51 1
2 478 53 360 256 18 51 1
2 478 54 362 256 16 51 1
2 478 55 362 256 18 51 1
2 478 56 362 256 18 51 1
2 478 57 362 256 18 51 1
2 478 58 362 256 18 51 1
2 478 59 362 256 18 51 1
2 478 60 362 256 18 51 1
2 478 61 364 256 16 51 1
2 478 62 364 256 16 51 1
2 478 63 364 256 16 51 1
2 478 64 364 256 18 51 1
2 478 65 364 256 18 51 1
2 478 66 364 256 18 51 1
2 478 67 364 256 18 51 1
2 478 68 364 256 18 51 1
2 478 69 366 257 16 52 1
2 478 70 366 257 16 52 1
2 478 71 366 257 16 52 1
2 478 72 366 257 16 52 1
2 478 73 366 257 18 52 1
2 478 74 366 257 18 52 1
2 478 75 366 257 18 52 1
2 478 76 368 257 16 52 1
2 478 77 368 257 16 52 1
2 478 78 368 257 16 52 1
2 478 79 368 257 16 52 1
2 478 80 368 257 16 52 1
2 478 81 368 257 16 52 1
2 478 82 368 257 17 52 1
2 478 83 368 257 17 52 1
2 478 84 369 257 16 52 1
2 478 85 369 257 16 52 1
2 478 86 369 257 16 52 1
2 478 87 369 257 16 52 1
2 478 88 369 257 16 52 1
2 478 89 369 257 16 52 1
2 478 90 369 257 16 52 1
2 478 91 371 259 16 52 1
2 478 92 371 259 16 52 1
2 478 93 371 259 16 52 1
2 478 94 371 259 16 52 1
2 478 95 373 259 16 52 1
2 478 96 373 259 16 52 1
2 478 97 373 259 16 52 1
2 478 98 373 259 16 52 1
2 478 99 375 259 16 52 1
2 478 100 375 259 16 52 1
2 478 101 375 261 16 51 1
2 478 102 375 261 16 51 1
2 478 103 376 261 16 51 1
2 478 104 376 261 16 51 1
2 478 105 376 261 16 51 1
2 478 106 376 261 16 51 1
2 478 107 378 261 16 51 1
2 478 108 378 261 16 51 1
2 478 109 378 261 16 51 1
2 478 110 378 261 16 51 1
2 478 111 380 263 16 51 1
2 478 112 380 263 16 51 1
2 478 113 380 263 16 51 1
2 478 114 380 263 16 51 1
2 478 115 382 263 16 51 1
2 478 116 382 263 16 51 1
2 478 117 382 263 16 51 1
2 478 118 384 263 16 51 1
2 478 119 384 263 16 51 1
2 478 120 384 263 16 51 1
2 478 121 384 264 16 52 1
2 478 122 385 264 16 52 1
2 478 123 385 264 16 52 1
2 478 124 385 264 16 52 1
2 478 125 385 264 16 52 1
2 478 126 387 264 16 52 1
2 478 127 387 264 16 52 1
2 478 128 387 264 16 52 1
2 478 129 387 264 16 52 1
2 478 130 389 264 16 52 1
2 478 131 389 266 16 52 1
2 478 132 389 266 16 52 1
2 478 133 389 266 16 52 1
2 478 134 391 266 16 52 1
2 478 135 391 266 16 52 1
2 478 136 391 266 16 52 1
2 478 137 391 266 16 52 1
2 478 138 392 266 16 52 1
2 478 139 392 266 16 52 1
2 478 140 392 266 16 52 1
2 478 141 394 268 16 52 1
2 478 142 394 268 16 52 1
2 478 143 394 268 16 52 1
2 478 144 394 268 16 52 1
2 478 145 396 268 16 52 1
2 478 146 396 268 16 52 1
2 478 147 396 268 16 52 1
2 478 148 396 268 16 52 1
2 478 149 398 268 16 52 1
2 478 150 398 268 16 52 1
2 478 151 398 270 16 51 1
2 478 152 398 270 16 51 1
2 478 153 400 270 16 51 1
2 478 154 400 270 16 51 1
2 478 155 400 270 16 51 1
2 478 156 400 270 16 51 1
2 478 157 401 270 16 51 1
2 478 158 401 270 16 51 1
2 478 159 401 270 16 51 1
2 478 160 401 270 16 51 1
2 478 161 403 272 16 51 1
2 478 162 403 272 16 51 1
2 478 163 403 272 16 51 1
2 478 164 403 272 16 51 1
2 478 165 405 272 16 51 1
2 478 166 405 272 16 51 1
2 478 167 405 272 16 51 1
2 478 168 407 272 16 51 1
2 478 169 407 272 16 51 1
2 478 170 407 272 16 51 1
2 478 171 407 273 16 52 1
2 478 172 408 273 16 52 1
2 478 173 408 273 16 52 1
2 478 174 408 273 16 52 1
2 478 175 408 273 16 52 1
2 478 176 410 273 16 52 1
2 478 177 410 273 16 52 1
2 478 178 410 273 16 52 1
2 478 179 410 273 16 52 1
2 478 180 412 273 16 52 1
2 478 181 412 275 16 52 1
2 478 182 412 275 16 52 1
2 478 183 412 275 16 52 1
2 478 184 414 275 16 52 1
2 478 185 414 275 16 52 1
2 478 186 414 275 16 52 1
2 478 187 414 275 16 52 1
2 478 188 416 275 16 52 1
2 478 189 416 275 16 52 1
2 478 190 416 275 16 52 1
2 478 191 417 277 16 51 1
2 478 192 417 277 16 51 1
2 478 193 417 277 16 51 1
2 478 194 417 277 16 51 1
2 478 195 417 277 16 51 1
2 478 196 417 277 16 51 1
2 478 197 417 277 16 51 1
2 478 198 417 277 16 51 1
2 478 199 417 277 18 51 1
2 478 200 417 277 18 51 1
2 478 201 417 277 18 53 1
2 478 202 419 277 16 53 1
2 478 203 419 277 16 53 1
2 478 204 419 277 16 53 1
2 478 205 419 277 16 53 1
2 478 206 419 277 16 53 1
2 478 207 419 277 18 53 1
2 478 208 419 277 18 53 1
2 478 209 419 277 18 53 1
2 478 210 419 277 18 55 1
2 478 211 419 277 18 55 1
2 478 212 419 277 18 55 1
2 478 213 421 279 16 53 1
2 478 214 421 279 16 53 1
2 478 215 421 279 18 53 1
2 478 216 421 279 18 53 1
2 478 217 421 279 18 53 1
2 478 218 421 279 18 53 1
2 478 219 421 279 18 55 1
2 478 220 421 279 18 55 1
2 478 221 421 279 18 55 1
2 478 222 421 279 18 55 1
2 478 223 421 279 19 55 1
2 478 224 423 279 17 55 1
2 478 225 423 279 17 55 1
2 478 226 423 279 17 55 1
2 478 227 423 279 17 55 1
2 478 228 423 279 17 57 1
2 478 229 423 279 17 57 1
2 478 230 423 279 19 57 1
2 478 231 423 279 19 57 1
2 478 232 423 279 19 57 1
2 478 233 423 279 19 57 1
2 478 234 423 279 19 57 1
2 478 235 424 280 18 56 1
2 478 236 424 280 18 56 1
2 478 237 424 280 18 57 1
2 478 238 424 280 20 57 1
2 478 239 424 280 20 57 1
2 478 240 424 280 20 57 1
2 478 241 424 280 20 57 1
2 478 242 424 280 20 57 1
2 478 243 424 280 20 57 1
2 478 244 424 280 20 57 1
2 478 245 424 280 20 57 1
2 478 246 426 280 20 59 1
2 478 247 426 280 20 59 1
2 478 248 426 280 20 59 1
2 478 249 426 280 20 59 1
2 478 250 426 280 20 59 1
2 478 251 426 280 20 59 1
2 478 252 426 280 20 59 1
2 478 253 426 280 20 59 1
2 478 254 426 280 22 59 1
2 478 255 426 280 22 61 1
2 478 256 426 280 22 61 1
2 478 257 428 282 20 59 1
2 478 258 428 282 20 59 1
2 478 259 428 282 20 59 1
2 478 260 428 282 20 59 1
2 478 261 428 282 20 59 1
2 478 262 428 282 21 59 1
2 478 263 428 282 21 59 1
2 478 264 428 282 21 61 1
2 478 265 428 282 21 61 1
2 478 266 428 282 21 61 1
2 478 267 428 282 21 61 1
2 478 268 430 282 19 61 1
2 478 269 430 282 21 61 1
2 478 270 430 282 21 61 1
2 478 271 430 282 21 61 1
2 478 272 430 282 21 61 1
2 478 273 430 282 21 62 1
2 478 274 430 282 21 62 1
2 478 275 430 282 21 62 1
2 478 276 430 282 21 62 1
2 478 277 430 282 23 62 1
2 478 278 430 282 23 62 1
2 478 279 432 284 21 60 1
2 478 280 432 284 21 60 1
2 478 281 432 284 21 60 1
2 478 282 432 284 21 62 1
2 478 283 432 284 21 62 1
2 478 284 432 284 21 62 1
2 478 285 432 284 23 62 1
2 478 286 432 284 23 62 1
2 478 287 432 284 23 62 1
2 478 288 432 284 23 62 1
2 478 289 432 284 23 62 1
2 478 290 433 284 22 62 1
2 478 291 433 284 22 64 1
2 478 292 433 284 22 64 1
2 478 293 433 284 23 64 1
2 478 294 433 284 23 64 1
2 478 295 433 284 23 64 1
2 478 296 433 284 23 64 1
2 478 297 433 284 23 64 1
2 478 298 433 284 23 64 1
2 478 299 433 284 23 64 1
2 478 300 435 286 23 64 1
2 478 301 435 286 23 64 1
2 478 302 435 286 23 64 1
2 478 303 435 286 23 64 1
2 478 304 435 286 25 64 1
2 478 305 437 286 23 64 1
2 478 306 437 286 23 64 1
2 478 307 437 286 25 64 1
2 478 308 437 286 25 64 1
2 478 309 439 286 23 66 1
2 478 310 439 286 25 66 1
2 478 311 439 286 25 66 1
2 478 312 439 286 25 66 1
2 478 313 439 286 25 66 1
2 478 314 440 286 25 66 1
2 478 315 440 286 25 66 1
2 478 316 440 286 25 66 1
2 478 317 440 286 27 67 1
2 478 318 442 286 25 67 1
2 478 319 442 286 25 67 1
2 478 320 442 286 27 67 1
2 478 321 442 286 27 67 1
2 478 322 444 286 25 67 1
2 478 323 444 288 25 65 1
2 478 324 444 288 27 65 1
2 478 325 444 288 27 67 1
2 478 326 444 288 27 67 1
2 478 327 446 288 26 67 1
2 478 328 446 288 26 67 1
2 478 329 446 288 26 67 1
2 478 330 446 288 28 67 1
2 478 331 448 288 26 67 1
2 478 332 448 288 26 67 1
2 478 333 448 288 26 69 1
2 478 334 448 288 28 69 1
2 478 335 449 288 27 69 1
2 478 336 449 288 27 69 1
2 478 337 449 288 29 69 1
2 478 338 449 288 29 69 1
2 478 339 449 288 29 69 1
2 478 340 451 288 29 69 1
2 478 341 451 288 29 71 1
2 478 342 451 288 29 71 1
2 478 343 451 288 29 71 1
2 478 344 453 288 28 71 1
2 478 345 453 288 28 71 1
2 478 346 453 289 28 70 1
2 478 347 453 289 30 70 1
2 478 348 455 289 28 70 1
2 478 349 455 289 28 71 1
2 478 350 455 289 30 71 1
2 478 351 455 289 30 71 1
2 478 352 455 289 30 71 1
2 478 353 456 289 29 71 1
2 478 354 456 289 31 71 1
2 478 355 456 289 31 71 1
2 478 356 456 289 31 71 1
2 478 357 458 289 30 73 1
2 478 358 458 289 30 73 1
2 478 359 458 289 30 73 1
2 478 360 458 289 32 73 1
2 478 361 460 289 30 73 1
2 478 362 460 289 30 73 1
2 478 363 460 289 30 73 1
2 478 364 460 289 32 73 1
2 478 365 460 289 32 75 1
2 478 366 462 289 30 75 1
2 478 367 462 289 32 75 1
2 478 368 462 291 32 73 1
2 478 369 462 291 32 73 1
2 478 370 464 291 32 73 1
2 478 371 464 291 32 73 1
2 478 372 464 291 32 73 1
2 478 373 464 291 32 75 1
2 478 374 465 291 32 75 1
2 478 375 465 291 32 75 1
2 478 376 465 291 32 75 1
2 478 377 465 291 34 75 1
2 478 378 465 291 34 75 1
2 478 379 467 291 32 75 1
2 478 380 467 291 34 75 1
2 478 381 467 291 34 77 1
2 478 382 467 291 34 77 1
2 478 383 469 291 32 77 1
2 478 384 469 291 34 77 1
2 478 385 469 291 34 77 1
2 478 386 469 291 34 77 1
2 478 387 471 291 33 77 1
2 478 388 471 291 33 77 1
2 478 389 471 291 33 78 1
2 478 390 471 291 35 78 1
2 478 391 471 293 35 76 1
2 478 392 472 293 34 76 1
2 478 393 472 293 34 76 1
2 478 394 472 293 36 76 1
2 478 395 472 293 36 76 1
2 478 396 474 293 34 76 1
2 478 397 474 293 36 78 1
2 478 398 474 293 36 78 1
2 478 399 474 293 36 78 1
2 478 400 476 293 36 78 1
2 478 401 476 293 36 78 1
2 478 402 476 293 36 78 1
2 478 403 476 293 36 78 1
2 478 404 476 293 37 78 1
2 478 405 478 293 35 80 1
2 478 406 478 293 35 80 1
2 478 407 478 293 37 80 1
2 478 408 478 293 37 80 1
2 478 409 480 293 35 80 1
2 478 410 480 293 37 80 1
2 478 411 480 293 37 80 1
2 478 412 480 293 37 80 1
2 478 413 481 295 38 80 1
2 478 414 481 295 38 80 1
2 478 415 483 295 37 80 1
2 478 416 485 295 37 80 1
2 478 417 485 295 37 80 1
2 478 418 487 296 37 80 1
2 478 419 488 296 38 80 1
2 478 420 490 296 36 80 1
2 478 421 490 296 38 80 1
2 478 422 492 298 37 80 1
2 478 423 494 298 35 80 1
2 478 424 494 298 37 80 1
2 478 425 496 298 37 80 1
2 478 426 497 298 36 80 1
2 478 427 499 300 36 80 1
2 478 428 499 300 37 80 1
2 478 429 501 300 35 80 1
2 478 430 503 300 35 80 1
2 478 431 504 302 36 80 1
2 478 432 504 302 36 80 1
2 478 433 506 302 36 80 1
2 478 434 506 302 36 80 1
2 478 435 508 302 36 80 1
2 478 436 510 302 35 80 1
2 478 437 510 302 35 80 1
2 478 438 512 302 35 80 1
2 478 439 513 302 36 80 1
2 478 440 513 302 36 80 1
2 478 441 515 302 36 80 1
2 478 442 517 302 35 80 1
2 478 443 517 302 35 80 1
2 478 444 519 302 35 80 1
2 478 445 520 302 36 80 1
2 478 446 520 302 36 80 1
2 478 447 522 302 36 82 1
2 478 448 522 302 36 82 1
2 478 449 524 302 36 82 1
2 478 450 526 302 35 82 1
2 478 451 526 302 35 82 1
2 478 452 528 302 35 82 1
2 478 453 529 302 36 82 1
2 478 454 529 302 36 82 1
2 478 455 531 302 36 82 1
2 478 456 533 302 35 82 1
2 478 457 533 302 35 82 1
2 478 458 535 302 35 82 1
2 478 459 536 302 36 82 1
2 478 460 536 302 36 82 1
2 478 461 538 302 36 82 1
2 478 462 540 304 36 81 1
2 478 463 540 304 36 81 1
2 478 464 542 304 35 81 1
2 478 465 544 304 35 83 1
2 478 466 544 304 35 83 1
2 478 467 545 304 36 85 1
2 478 468 547 304 36 85 1
2 478 469 547 304 36 85 1
2 478 470 549 305 35 86 1
2 478 471 551 305 35 86 1
2 478 472 551 305 35 87 1
2 478 473 552 305 36 87 1
2 478 474 554 305 36 87 1
2 478 475 554 305 36 89 1
2 478 476 556 305 36 89 1
2 478 477 558 307 35 89 1
