0 313 130 1258 200 18 50 1
0 313 131 1256 200 18 50 1
0 313 132 1256 200 18 50 1
0 313 133 1255 200 17 50 1
0 313 134 1255 200 17 50 1
0 313 135 1255 200 17 50 1
0 313 136 1253 200 18 50 1
0 313 137 1253 200 18 50 1
0 313 138 1253 200 18 50 1
0 313 139 1251 200 18 50 1
0 313 140 1249 200 18 50 1
0 313 141 1249 200 18 50 1
0 313 142 1248 200 17 50 1
0 313 143 1246 200 18 50 1
0 313 144 1246 200 18 50 1
0 313 145 1244 200 18 50 1
0 313 146 1242 200 18 50 1
0 313 147 1242 200 18 50 1
0 313 148 1240 200 18 50 1
0 313 149 1239 200 17 50 1
0 313 150 1239 200 17 50 1
0 313 151 1237 200 18 50 1
0 313 152 1235 200 18 50 1
0 313 153 1235 200 18 50 1
0 313 154 1233 200 18 50 1
0 313 155 1232 200 17 50 1
0 313 156 1232 200 17 50 1
0 313 157 1230 200 18 50 1
0 313 158 1228 200 18 50 1
0 313 159 1228 200 18 50 1
0 313 160 1226 200 18 50 1
0 313 161 1224 200 18 50 1
0 313 162 1224 202 18 50 1
0 313 163 1223 202 17 50 1
0 313 164 1221 202 18 50 1
0 313 165 1221 202 18 50 1
0 313 166 1219 202 18 50 1
0 313 167 1217 202 18 50 1
0 313 168 1217 202 18 50 1
0 313 169 1216 202 17 50 1
0 313 170 1214 202 18 50 1
0 313 171 1214 202 18 50 1
0 313 172 1212 202 18 50 1
0 313 173 1210 202 18 50 1
0 313 174 1210 202 18 50 1
0 313 175 1208 202 18 50 1
0 313 176 1207 202 17 50 1
0 313 177 1207 202 17 50 1
0 313 178 1205 202 18 50 1
0 313 179 1203 202 18 50 1
0 313 180 1203 202 18 50 1
0 313 181 1201 202 18 50 1
0 313 182 1200 202 17 50 1
0 313 183 1200 202 17 50 1
0 313 184 1198 202 18 50 1
0 313 185 1196 202 18 50 1
0 313 186 1196 204 18 50 1
0 313 187 1194 204 18 50 1
0 313 188 1192 204 18 50 1
0 313 189 1191 204 17 50 1
0 313 190 1191 204 17 50 1
0 313 191 1189 204 18 50 1
0 313 192 1187 204 18 50 1
0 313 193 1187 204 18 50 1
0 313 194 1185 204 18 50 1
0 313 195 1184 204 17 50 1
0 313 196 1182 204 19 50 1
0 313 197 1182 204 18 50 1
0 313 198 1180 204 18 50 1
0 313 199 1178 204 18 50 1
0 313 200 1178 204 18 50 1
0 313 201 1176 204 18 50 1
0 313 202 1175 204 17 50 1
0 313 203 1173 204 19 50 1
0 313 204 1173 204 18 50 1
0 313 205 1171 204 18 50 1
0 313 206 1169 204 20 50 1
0 313 207 1169 204 18 50 1
0 313 208 1168 204 17 50 1
0 313 209 1166 204 19 50 1
0 313 210 1166 204 18 50 1
0 313 211 1164 204 18 50 1
0 313 212 1162 204 18 50 1
0 313 213 1160 204 20 50 1
0 313 214 1160 204 18 50 1
0 313 215 1159 204 17 50 1
0 313 216 1157 204 19 50 1
0 313 217 1157 204 18 50 1
0 313 218 1155 204 18 50 1
0 313 219 1153 204 20 50 1
0 313 220 1152 204 19 50 1
0 313 221 1152 204 17 50 1
0 313 222 1150 204 19 50 1
0 313 223 1148 204 20 50 1
0 313 224 1148 204 18 50 1
0 313 225 1146 204 18 50 1
0 313 226 1144 204 20 50 1
0 313 227 1144 204 18 50 1
0 313 228 1143 204 17 50 1
0 313 229 1141 204 19 50 1
0 313 230 1139 204 20 50 1
0 313 231 1139 204 18 50 1
0 313 232 1137 204 20 50 1
0 313 233 1136 204 19 50 1
0 313 234 1136 204 17 50 1
0 313 235 1134 204 19 50 1
0 313 236 1132 204 20 50 1
0 313 237 1130 204 20 50 1
0 313 238 1130 204 18 50 1
0 313 239 1128 204 20 50 1
0 313 240 1127 204 19 50 1
0 313 241 1127 204 17 50 1
0 313 242 1125 204 19 50 1
0 313 243 1123 204 20 50 1
0 313 244 1123 204 18 50 1
0 313 245 1121 204 20 50 1
0 313 246 1120 204 19 50 1
0 313 247 1118 204 19 50 1
0 313 248 1118 204 19 50 1
0 313 249 1116 204 20 50 1
0 313 250 1114 204 20 50 1
0 313 251 1114 204 18 50 1
0 313 252 1112 204 20 50 1
0 313 253 1111 204 19 50 1
0 313 254 1109 204 19 50 1
0 313 255 1109 204 19 50 1
0 313 256 1107 204 20 50 1
0 313 257 1105 204 20 50 1
0 313 258 1105 204 20 50 1
0 313 259 1104 204 19 50 1
0 313 260 1102 204 19 50 1
0 313 261 1102 204 19 50 1
0 313 262 1100 202 20 50 1
0 313 263 1098 202 20 50 1
0 313 264 1098 202 20 50 1
0 313 265 1096 202 20 50 1
0 313 266 1096 202 20 50 1
0 313 267 1095 202 19 50 1
0 313 268 1095 202 19 50 1
0 313 269 1093 202 19 50 1
0 313 270 1093 202 18 50 1
0 313 271 1091 202 20 50 1
0 313 272 1091 202 18 50 1
0 313 273 1089 202 20 50 1
0 313 274 1089 202 18 50 1
0 313 275 1088 202 19 50 1
0 313 276 1086 202 19 50 1
0 313 277 1086 202 18 50 1
0 313 278 1084 202 20 50 1
0 313 279 1084 202 18 50 1
0 313 280 1082 202 20 50 1
0 313 281 1082 200 18 50 1
0 313 282 1080 200 20 50 1
0 313 283 1080 200 18 50 1
0 313 284 1079 200 19 50 1
0 313 285 1079 200 17 50 1
0 313 286 1077 200 18 50 1
0 313 287 1077 200 18 50 1
0 313 288 1075 200 18 50 1
0 313 289 1073 200 20 50 1
0 313 290 1073 200 18 50 1
0 313 291 1072 200 19 50 1
0 313 292 1072 200 17 50 1
0 313 293 1070 200 18 50 1
0 313 294 1070 200 18 50 1
0 313 295 1068 200 18 50 1
0 313 296 1068 200 18 50 1
0 313 297 1066 200 18 50 1
0 313 298 1066 200 18 50 1
0 313 299 1064 200 18 50 1
0 313 300 1064 200 18 50 1
0 313 301 1063 200 17 50 1
0 313 302 1061 200 18 50 1
0 313 303 1061 200 18 50 1
0 313 304 1059 200 18 50 1
0 313 305 1057 200 20 52 1
0 313 306 1057 200 18 52 1
0 313 307 1056 200 19 52 1
0 313 308 1054 200 19 52 1
0 313 309 1054 200 19 54 1
0 313 310 1052 200 20 54 1
0 313 311 1052 200 20 54 1
0 313 312 1050 200 20 54 1
0 313 313 1048 200 22 54 1
0 313 314 1048 200 20 56 1
0 313 315 1047 200 21 56 1
0 313 316 1045 200 21 56 1
0 313 317 1045 200 21 56 1
0 313 318 1043 200 21 57 1
0 313 319 1043 200 21 57 1
0 313 320 1041 200 22 57 1
0 313 321 1040 200 23 57 1
0 313 322 1040 200 21 57 1
0 313 323 1038 200 23 59 1
0 313 324 1036 200 23 59 1
0 313 325 1036 200 23 59 1
0 313 326 1034 200 23 59 1
0 313 327 1034 202 23 59 1
0 313 328 1032 200 24 59 1
0 313 329 1032 200 24 59 1
0 313 330 1032 200 24 59 1
0 313 331 1031 200 23 59 1
0 313 332 1031 200 23 59 1
0 313 333 1031 200 23 59 1
0 313 334 1029 200 23 59 1
0 313 335 1029 200 23 59 1
0 313 336 1029 200 23 59 1
0 313 337 1029 200 23 59 1
0 313 338 1027 200 23 59 1
0 313 339 1027 200 23 59 1
0 313 340 1027 200 23 59 1
0 313 341 1025 200 23 59 1
0 313 342 1025 200 23 59 1
0 313 343 1025 200 23 59 1
0 313 344 1024 200 23 59 1
0 313 345 1024 200 23 59 1
0 313 346 1024 200 23 59 1
0 313 347 1024 200 23 59 1
0 313 348 1022 200 23 59 1
0 313 349 1022 200 23 59 1
0 313 350 1022 200 23 59 1
0 313 351 1020 200 23 59 1
0 313 352 1020 200 23 59 1
0 313 353 1020 200 23 59 1
0 313 354 1018 200 23 59 1
0 313 355 1018 200 23 59 1
0 313 356 1018 200 23 59 1
0 313 357 1018 200 23 59 1
0 313 358 1016 200 24 59 1
0 313 359 1016 200 24 59 1
0 313 360 1016 200 24 59 1
0 313 361 1015 200 23 59 1
0 313 362 1015 200 23 59 1
0 313 363 1015 200 23 59 1
0 313 364 1015 200 23 59 1
0 313 365 1013 199 23 58 1
0 313 366 1013 199 23 58 1
0 313 367 1013 199 23 58 1
0 313 368 1013 199 23 58 1
0 313 369 1013 199 23 58 1
0 313 370 1013 199 23 58 1
0 313 371 1013 199 23 58 1
0 313 372 1013 199 23 58 1
0 313 373 1011 199 23 58 1
0 313 374 1011 199 23 58 1
0 313 375 1011 199 23 58 1
0 313 376 1011 199 23 58 1
0 313 377 1011 199 23 58 1
0 313 378 1011 199 23 58 1
0 313 379 1011 199 23 58 1
0 313 380 1011 199 23 58 1
0 313 381 1011 199 23 58 1
0 313 382 1009 199 23 58 1
0 313 383 1009 199 23 58 1
0 313 384 1009 199 23 58 1
0 313 385 1009 199 23 58 1
0 313 386 1009 199 23 58 1
0 313 387 1009 199 23 58 1
0 313 388 1009 199 23 58 1
0 313 389 1009 199 23 58 1
0 313 390 1008 199 23 58 1
0 313 391 1008 199 23 58 1
0 313 392 1008 199 23 58 1
0 313 393 1008 199 23 58 1
0 313 394 1008 199 23 58 1
0 313 395 1008 199 23 58 1
0 313 396 1008 199 23 58 1
0 313 397 1008 199 23 58 1
0 313 398 1008 199 23 58 1
0 313 399 1008 199 23 58 1
0 313 400 1008 199 23 58 1
0 313 401 1008 199 23 58 1
0 313 402 1009 199 23 58 1
0 313 403 1009 199 23 58 1
0 313 404 1009 199 23 58 1
0 313 405 1011 199 23 58 1
0 313 406 1011 199 23 58 1
0 313 407 1011 199 23 58 1
0 313 408 1013 199 23 58 1
0 313 409 1013 199 23 58 1
0 313 410 1013 199 23 58 1
0 313 411 1015 199 23 58 1
0 313 412 1015 199 23 58 1
0 313 413 1015 199 23 58 1
0 313 414 1015 199 23 58 1
0 313 415 1016 199 24 58 1
0 313 416 1016 199 24 58 1
0 313 417 1016 199 24 58 1
0 313 418 1018 199 23 58 1
0 313 419 1018 199 23 58 1
0 313 420 1018 199 23 58 1
0 313 421 1020 199 23 58 1
0 313 422 1020 199 23 58 1
0 313 423 1020 199 23 58 1
0 313 424 1022 199 23 58 1
0 313 425 1022 199 23 58 1
0 313 426 1022 199 23 58 1
0 313 427 1024 199 23 58 1
0 313 428 1024 199 23 58 1
0 313 429 1024 199 23 58 1
0 313 430 1025 199 23 58 1
0 313 431 1025 199 23 58 1
0 313 432 1025 199 23 58 1
0 313 433 1027 199 23 58 1
0 313 434 1027 199 23 58 1
0 313 435 1027 199 23 58 1
0 313 436 1027 199 23 58 1
0 313 437 1027 199 23 58 1
0 313 438 1027 199 23 58 1
0 313 439 1027 199 23 58 1
0 313 440 1027 199 23 58 1
0 313 441 1027 199 23 58 1
0 313 442 1027 199 23 58 1
1 322 0 209 325 29 71 1
1 322 1 208 325 28 71 1
1 322 2 206 325 28 71 1
1 322 3 206 325 28 71 1
1 322 4 204 325 28 71 1
1 322 5 202 325 29 71 1
1 322 6 202 325 29 71 1
1 322 7 200 325 29 71 1
1 322 8 199 327 28 71 1
1 322 9 199 327 28 71 1
1 322 10 197 327 28 71 1
1 322 11 195 327 29 71 1
1 322 12 195 327 29 71 1
1 322 13 193 327 29 71 1
1 322 14 193 327 27 71 1
1 322 15 192 328 28 72 1
1 322 16 190 328 28 72 1
1 322 17 190 328 26 72 1
1 322 18 188 328 28 72 1
1 322 19 186 328 29 72 1
1 322 20 186 328 27 72 1
1 322 21 184 328 29 72 1
1 322 22 183 330 28 71 1
1 322 23 183 330 26 71 1
1 322 24 181 330 28 71 1
1 322 25 179 330 29 71 1
1 322 26 179 330 27 71 1
1 322 27 177 330 29 71 1
1 322 28 177 330 27 71 1
1 322 29 176 332 26 71 1
1 322 30 174 332 28 71 1
1 322 31 174 332 26 71 1
1 322 32 172 332 28 71 1
1 322 33 170 332 29 71 1
1 322 34 170 332 27 71 1
1 322 35 168 332 29 71 1
1 322 36 167 334 28 71 1
1 322 37 167 334 26 71 1
1 322 38 165 334 28 71 1
1 322 39 165 334 27 71 1
1 322 40 163 334 27 71 1
1 322 41 161 334 29 71 1
1 322 42 161 334 27 71 1
1 322 43 160 336 26 71 1
1 322 44 158 336 28 71 1
1 322 45 158 336 26 71 1
1 322 46 156 336 27 71 1
1 322 47 154 336 29 71 1
1 322 48 154 336 27 71 1
1 322 49 152 336 27 71 1
1 322 50 151 337 28 71 1
1 322 51 151 337 26 71 1
1 322 52 149 337 27 71 1
1 322 53 149 337 27 71 1
1 322 54 147 337 27 71 1
1 322 55 145 337 27 71 1
1 322 56 145 337 27 71 1
1 322 57 144 339 26 71 1
1 322 58 142 339 26 71 1
1 322 59 142 339 26 71 1
1 322 60 140 339 27 71 1
1 322 61 138 339 27 71 1
1 322 62 138 339 27 71 1
1 322 63 136 339 27 71 1
1 322 64 136 341 27 71 1
1 322 65 135 341 26 71 1
1 322 66 135 341 26 71 1
1 322 67 133 343 27 71 1
1 322 68 133 343 27 71 1
1 322 69 133 343 27 71 1
1 322 70 131 344 27 72 1
1 322 71 131 344 27 72 1
1 322 72 129 344 27 72 1
1 322 73 129 346 27 71 1
1 322 74 129 346 27 71 1
1 322 75 128 346 26 71 1
1 322 76 128 348 26 71 1
1 322 77 128 348 26 71 1
1 322 78 126 348 26 71 1
1 322 79 126 350 26 71 1
1 322 80 124 350 27 71 1
1 322 81 124 350 27 71 1
1 322 82 124 352 27 71 1
1 322 83 122 352 27 71 1
1 322 84 122 352 27 71 1
1 322 85 120 353 27 71 1
1 322 86 120 353 27 71 1
1 322 87 120 353 27 71 1
1 322 88 119 355 26 71 1
1 322 89 119 355 26 71 1
1 322 90 119 355 26 71 1
1 322 91 117 357 27 71 1
1 322 92 117 357 27 71 1
1 322 93 115 357 27 71 1
1 322 94 115 359 27 71 1
1 322 95 115 359 27 71 1
1 322 96 113 359 27 71 1
1 322 97 113 360 27 72 1
1 322 98 112 360 26 72 1
1 322 99 112 360 26 72 1
1 322 100 112 362 26 71 1
1 322 101 110 362 26 71 1
1 322 102 110 362 26 71 1
1 322 103 110 364 26 71 1
1 322 104 108 364 27 71 1
1 322 105 108 364 27 71 1
1 322 106 106 366 27 71 1
1 322 107 106 366 27 71 1
1 322 108 106 366 27 71 1
1 322 109 104 368 27 71 1
1 322 110 104 368 27 71 1
1 322 111 103 369 26 71 1
1 322 112 103 369 26 71 1
1 322 113 103 369 26 71 1
1 322 114 101 371 27 71 1
1 322 115 101 371 27 71 1
1 322 116 101 371 27 71 1
1 322 117 99 373 27 71 1
1 322 118 99 373 27 71 1
1 322 119 97 373 27 71 1
1 322 120 97 375 27 71 1
1 322 121 97 375 27 71 1
1 322 122 96 375 26 71 1
1 322 123 96 376 26 72 1
1 322 124 94 376 26 72 1
1 322 125 94 376 26 72 1
1 322 126 94 378 26 71 1
1 322 127 92 378 27 71 1
1 322 128 92 378 27 71 1
1 322 129 92 380 27 71 1
1 322 130 90 380 27 71 1
1 322 131 90 380 27 71 1
1 322 132 88 382 27 71 1
1 322 133 88 382 27 71 1
1 322 134 88 382 27 71 1
1 322 135 87 384 26 71 1
1 322 136 87 384 26 71 1
1 322 137 85 384 27 71 1
1 322 138 85 385 27 71 1
1 322 139 85 385 27 71 1
1 322 140 83 385 27 71 1
1 322 141 83 387 27 71 1
1 322 142 83 387 27 71 1
1 322 143 81 387 27 71 1
1 322 144 81 389 27 71 1
1 322 145 80 389 26 71 1
1 322 146 80 389 26 71 1
1 322 147 80 391 26 71 1
1 322 148 78 391 26 71 1
1 322 149 78 391 26 71 1
1 322 150 76 392 27 72 1
1 322 151 76 392 27 72 1
1 322 152 76 392 27 72 1
1 322 153 74 394 27 71 1
1 322 154 74 394 27 71 1
1 322 155 74 396 27 71 1
1 322 156 72 396 27 71 1
1 322 157 71 396 26 71 1
1 322 158 69 396 27 71 1
1 322 159 67 396 27 71 1
1 322 160 65 396 27 71 1
1 322 161 64 396 26 71 1
1 322 162 62 396 26 71 1
1 322 163 60 396 27 71 1
1 322 164 58 396 27 71 1
1 322 165 56 396 27 71 1
1 322 166 55 396 26 71 1
1 322 167 55 398 25 71 1
1 322 168 53 398 25 71 1
1 322 169 51 398 25 71 1
1 322 170 49 398 25 71 1
1 322 171 48 398 24 71 1
1 322 172 46 398 25 71 1
1 322 173 44 398 25 71 1
1 322 174 42 398 25 71 1
1 322 175 40 398 25 71 1
1 322 176 39 398 25 71 1
1 322 177 37 398 25 71 1
1 322 178 35 398 25 71 1
1 322 179 35 400 23 71 1
1 322 180 33 400 23 71 1
1 322 181 32 400 23 71 1
1 322 182 30 400 23 71 1
1 322 183 28 400 23 71 1
1 322 184 26 400 23 71 1
1 322 185 24 400 24 71 1
1 322 186 23 400 23 71 1
1 322 187 21 400 23 71 1
1 322 188 19 400 23 71 1
1 322 189 17 400 23 71 1
1 322 190 17 401 23 71 1
1 322 191 16 401 23 71 1
1 322 192 14 401 23 71 1
1 322 193 12 401 23 71 1
1 322 194 12 401 21 71 1
1 322 195 10 401 22 71 1
1 322 196 8 401 22 71 1
1 322 197 8 401 22 71 1
1 322 198 7 401 21 71 1
1 322 199 5 401 21 71 1
1 322 200 3 401 21 71 1
1 322 201 3 401 20 71 1
1 322 202 1 401 20 71 1
1 322 203 0 401 19 71 1
1 322 204 0 401 19 71 1
1 322 205 0 401 19 71 1
1 322 206 0 401 19 71 1
1 322 207 0 401 19 71 1
1 322 208 0 401 19 71 1
1 322 209 0 401 19 71 1
1 322 210 0 401 19 71 1
1 322 321 136 341 27 71 1
2 322 0 183 321 26 77 1
2 322 1 181 321 27 77 1
2 322 2 179 321 27 77 1
2 322 3 179 321 27 77 1
2 322 4 177 321 27 77 1
2 322 5 176 323 26 77 1
2 322 6 176 323 26 77 1
2 322 7 174 323 26 77 1
2 322 8 174 323 26 77 1
2 322 9 172 323 27 77 1
2 322 10 170 325 27 76 1
2 322 11 170 325 27 76 1
2 322 12 168 325 27 76 1
2 322 13 168 325 25 76 1
2 322 14 167 327 26 76 1
2 322 15 165 327 27 76 1
2 322 16 165 327 27 76 1
2 322 17 163 327 27 76 1
2 322 18 163 327 25 76 1
2 322 19 161 328 27 77 1
2 322 20 160 328 26 77 1
2 322 21 160 328 24 77 1
2 322 22 158 328 26 77 1
2 322 23 156 330 27 77 1
2 322 24 156 330 27 77 1
2 322 25 154 330 27 77 1
2 322 26 154 330 25 77 1
2 322 27 152 330 27 77 1
2 322 28 151 332 26 76 1
2 322 29 151 332 25 76 1
2 322 30 149 332 27 76 1
2 322 31 149 332 25 76 1
2 322 32 147 334 27 76 1
2 322 33 145 334 27 76 1
2 322 34 145 334 25 76 1
2 322 35 144 334 26 76 1
2 322 36 144 334 24 76 1
2 322 37 142 336 25 76 1
2 322 38 140 336 27 76 1
2 322 39 140 336 25 76 1
2 322 40 138 336 27 76 1
2 322 41 138 336 25 76 1
2 322 42 136 337 25 77 1
2 322 43 135 337 26 77 1
2 322 44 135 337 25 77 1
2 322 45 133 337 25 77 1
2 322 46 131 339 27 77 1
2 322 47 131 339 25 77 1
2 322 48 129 339 27 77 1
2 322 49 129 339 25 77 1
2 322 50 128 339 24 77 1
2 322 51 126 341 26 76 1
2 322 52 126 341 25 76 1
2 322 53 124 341 25 76 1
2 322 54 124 341 25 76 1
2 322 55 122 343 25 76 1
2 322 56 120 343 27 76 1
2 322 57 120 343 25 76 1
2 322 58 119 343 25 76 1
2 322 59 119 343 25 76 1
2 322 60 117 344 25 77 1
2 322 61 115 344 25 77 1
2 322 62 115 344 25 77 1
2 322 63 113 344 25 77 1
2 322 64 113 346 25 77 1
2 322 65 112 346 24 77 1
2 322 66 112 346 24 77 1
2 322 67 110 346 25 77 1
2 322 68 110 348 25 75 1
2 322 69 108 348 25 76 1
2 322 70 108 348 25 76 1
2 322 71 108 350 25 74 1
2 322 72 106 350 25 74 1
2 322 73 106 350 25 76 1
2 322 74 104 352 25 74 1
2 322 75 104 352 25 74 1
2 322 76 104 352 25 74 1
2 322 77 103 353 25 75 1
2 322 78 103 353 25 75 1
2 322 79 101 353 25 75 1
2 322 80 101 355 25 73 1
2 322 81 101 355 25 75 1
2 322 82 99 355 25 75 1
2 322 83 99 357 25 73 1
2 322 84 97 357 25 73 1
2 322 85 97 357 25 75 1
2 322 86 97 359 25 73 1
2 322 87 96 359 24 73 1
2 322 88 96 359 24 73 1
2 322 89 94 359 25 74 1
2 322 90 94 360 25 73 1
2 322 91 94 360 25 73 1
2 322 92 92 360 25 73 1
2 322 93 92 362 25 73 1
2 322 94 90 362 25 73 1
2 322 95 90 362 25 73 1
2 322 96 88 364 25 71 1
2 322 97 88 364 25 71 1
2 322 98 88 364 25 73 1
2 322 99 87 366 25 71 1
2 322 100 87 366 25 71 1
2 322 101 85 366 25 71 1
2 322 102 85 368 25 71 1
2 322 103 85 368 25 71 1
2 322 104 83 368 25 71 1
2 322 105 83 369 25 70 1
2 322 106 81 369 25 71 1
2 322 107 81 369 25 71 1
2 322 108 81 371 25 69 1
2 322 109 80 371 24 69 1
2 322 110 80 371 24 71 1
2 322 111 78 371 25 71 1
2 322 112 78 373 25 69 1
2 322 113 78 373 25 69 1
2 322 114 76 373 25 71 1
2 322 115 76 375 25 69 1
2 322 116 74 375 25 69 1
2 322 117 74 375 25 69 1
2 322 118 74 376 25 70 1
2 322 119 72 376 25 70 1
2 322 120 72 376 25 70 1
2 322 121 71 378 25 68 1
2 322 122 71 378 25 70 1
2 322 123 71 378 25 70 1
2 322 124 69 380 25 68 1
2 322 125 69 380 25 68 1
2 322 126 67 380 25 68 1
2 322 127 67 382 25 67 1
2 322 128 65 382 25 67 1
2 322 129 65 382 25 67 1
2 322 130 65 384 25 65 1
2 322 131 64 384 24 67 1
2 322 132 64 384 24 67 1
2 322 133 62 384 25 67 1
2 322 134 62 385 25 66 1
2 322 135 62 385 25 68 1
2 322 136 60 385 25 68 1
2 322 137 60 387 25 66 1
2 322 138 58 387 25 66 1
2 322 139 58 387 25 68 1
2 322 140 58 389 25 66 1
2 322 141 56 389 25 66 1
2 322 142 56 389 25 66 1
2 322 143 55 391 25 65 1
2 322 144 55 391 25 65 1
2 322 145 55 391 25 65 1
2 322 146 53 392 25 64 1
2 322 147 53 392 25 66 1
2 322 148 51 392 25 66 1
2 322 149 51 394 25 64 1
2 322 150 51 394 25 64 1
2 322 151 49 394 25 66 1
2 322 152 49 396 25 64 1
2 322 153 48 396 24 64 1
2 322 154 48 396 24 64 1
2 322 155 48 398 24 64 1
2 322 156 46 398 25 64 1
2 322 157 44 398 25 64 1
2 322 158 42 398 25 64 1
2 322 159 40 398 25 64 1
2 322 160 40 398 24 64 1
2 322 161 39 398 23 64 1
2 322 162 37 400 23 64 1
2 322 163 35 400 23 64 1
2 322 164 35 400 21 64 1
2 322 165 33 400 22 64 1
2 322 166 32 400 21 64 1
2 322 167 30 400 23 64 1
2 322 168 28 400 23 64 1
2 322 169 28 401 21 64 1
2 322 170 26 401 22 64 1
2 322 171 24 401 22 64 1
2 322 172 23 401 21 64 1
2 322 173 23 401 19 64 1
2 322 174 21 401 19 64 1
2 322 175 19 401 20 64 1
2 322 176 17 403 20 64 1
2 322 177 17 403 18 64 1
2 322 178 16 403 17 64 1
2 322 179 14 403 19 64 1
2 322 180 12 403 20 64 1
2 322 181 10 403 20 64 1
2 322 182 10 403 18 64 1
2 322 183 8 405 18 64 1
2 322 184 7 405 17 64 1
2 322 185 5 405 18 64 1
2 322 186 5 405 16 64 1
2 322 187 3 405 16 64 1
2 322 188 1 405 16 64 1
2 322 189 0 405 16 64 1
2 322 190 0 407 16 64 1
2 322 191 0 407 14 64 1
2 322 192 0 407 14 64 1
2 322 193 0 407 14 64 1
2 322 194 0 407 12 64 1
2 322 195 0 407 12 64 1
2 322 196 0 407 12 64 1
2 322 197 0 407 10 64 1
2 322 198 0 407 10 64 1
2 322 199 0 407 10 64 1
2 322 200 0 407 8 64 1
2 322 201 0 407 8 64 1
2 322 321 113 346 25 77 1
3 220 0 805 209 18 38 1
3 220 1 805 208 18 37 1
3 220 2 805 208 18 37 1
3 220 3 805 208 18 37 1
3 220 4 807 208 17 37 1
3 220 5 807 208 17 37 1
3 220 6 807 208 17 37 1
3 220 7 808 208 18 37 1
3 220 8 808 208 18 37 1
3 220 9 808 208 18 37 1
3 220 10 810 208 16 37 1
3 220 11 810 208 18 37 1
3 220 12 810 208 18 37 1
3 220 13 812 208 16 37 1
3 220 14 812 208 18 37 1
3 220 15 812 208 18 37 1
3 220 16 814 208 16 37 1
3 220 17 814 208 18 37 1
3 220 18 814 208 18 37 1
3 220 19 816 206 16 37 1
3 220 20 816 206 16 37 1
3 220 21 816 206 17 37 1
3 220 22 817 206 16 37 1
3 220 23 817 206 16 37 1
3 220 24 817 206 18 37 1
3 220 25 819 206 16 37 1
3 220 26 819 206 16 37 1
3 220 27 819 206 18 37 1
3 220 28 821 206 16 37 1
3 220 29 821 206 16 37 1
3 220 30 821 206 16 37 1
3 220 31 823 206 16 37 1
3 220 32 823 206 16 37 1
3 220 33 823 206 16 37 1
3 220 34 824 206 16 37 1
3 220 35 824 206 16 37 1
3 220 36 824 206 16 37 1
3 220 37 826 206 16 37 1
3 220 38 826 204 16 37 1
3 220 39 826 204 16 37 1
3 220 40 828 204 16 37 1
3 220 41 828 204 16 37 1
3 220 42 830 204 16 37 1
3 220 43 830 204 16 37 1
3 220 44 832 204 16 37 1
3 220 45 832 204 16 37 1
3 220 46 833 204 16 37 1
3 220 47 833 204 16 37 1
3 220 48 835 204 16 37 1
3 220 49 835 204 16 37 1
3 220 50 837 204 16 37 1
3 220 51 837 204 16 37 1
3 220 52 839 204 16 37 1
3 220 53 839 204 16 37 1
3 220 54 840 204 16 37 1
3 220 55 840 204 16 37 1
3 220 56 842 204 16 37 1
3 220 57 842 204 16 37 1
3 220 58 844 204 16 37 1
3 220 59 844 204 16 37 1
3 220 60 846 204 16 37 1
3 220 61 846 204 16 37 1
3 220 62 848 204 16 37 1
3 220 63 848 204 16 37 1
3 220 64 849 204 16 37 1
3 220 65 849 204 16 37 1
3 220 66 851 204 16 37 1
3 220 67 851 204 16 37 1
3 220 68 853 204 16 37 1
3 220 69 853 204 16 37 1
3 220 70 855 204 16 37 1
3 220 71 855 204 16 37 1
3 220 72 856 204 16 37 1
3 220 73 856 204 16 37 1
3 220 74 858 204 16 37 1
3 220 75 856 204 16 37 1
3 220 76 856 204 16 37 1
3 220 77 856 204 16 37 1
3 220 78 856 204 16 37 1
3 220 79 856 204 16 37 1
3 220 80 856 204 16 37 1
3 220 81 856 204 16 37 1
3 220 82 856 204 16 37 1
3 220 83 856 204 16 37 1
3 220 84 856 204 16 37 1
3 220 85 856 204 16 37 1
3 220 86 856 204 16 37 1
3 220 87 856 204 16 37 1
3 220 88 856 204 16 37 1
3 220 89 856 204 16 37 1
3 220 90 856 204 16 37 1
3 220 91 855 204 16 37 1
3 220 92 855 204 16 37 1
3 220 93 855 204 16 37 1
3 220 94 855 204 16 37 1
3 220 95 855 204 16 37 1
3 220 96 855 204 16 37 1
3 220 97 855 204 16 37 1
3 220 98 855 204 16 37 1
3 220 99 855 204 16 37 1
3 220 100 855 204 16 37 1
3 220 101 855 204 16 37 1
3 220 102 855 204 16 37 1
3 220 103 855 204 16 37 1
3 220 104 855 204 16 37 1
3 220 105 855 204 16 37 1
3 220 106 855 204 16 37 1
3 220 107 855 204 16 37 1
3 220 108 853 204 16 37 1
3 220 109 853 204 16 37 1
3 220 110 853 204 16 37 1
3 220 111 853 204 16 37 1
3 220 112 853 204 16 37 1
3 220 113 853 204 16 37 1
3 220 114 853 204 16 37 1
3 220 115 853 204 16 37 1
3 220 116 853 204 16 37 1
3 220 117 853 204 16 37 1
3 220 118 853 204 16 37 1
3 220 119 853 204 16 37 1
3 220 120 853 204 16 37 1
3 220 121 853 204 16 37 1
3 220 122 853 204 16 37 1
3 220 123 853 204 16 37 1
3 220 124 851 204 16 37 1
3 220 125 851 204 16 37 1
3 220 126 851 204 16 37 1
3 220 127 851 204 16 37 1
3 220 128 851 204 16 37 1
3 220 129 851 204 16 37 1
3 220 130 851 204 16 37 1
3 220 131 851 204 16 37 1
3 220 132 851 204 16 37 1
3 220 133 851 204 16 37 1
3 220 134 851 204 16 37 1
3 220 135 851 204 16 37 1
3 220 136 851 204 16 37 1
3 220 137 851 204 16 37 1
3 220 138 851 204 16 37 1
3 220 139 851 204 16 37 1
3 220 140 851 204 16 37 1
3 220 141 851 204 16 37 1
3 220 142 851 204 16 37 1
3 220 143 851 204 16 37 1
3 220 144 851 204 16 37 1
3 220 145 851 204 16 37 1
3 220 146 851 204 16 37 1
3 220 147 851 204 16 37 1
3 220 148 851 204 16 37 1
3 220 149 851 204 16 37 1
3 220 150 851 204 16 37 1
3 220 151 851 204 16 37 1
3 220 152 851 204 16 37 1
3 220 153 853 204 16 37 1
3 220 154 853 204 16 37 1
3 220 155 853 204 16 37 1
3 220 156 853 204 16 37 1
3 220 157 853 204 16 37 1
3 220 158 853 204 16 37 1
3 220 159 853 204 16 37 1
3 220 160 853 204 16 37 1
3 220 161 853 204 16 37 1
3 220 162 853 204 16 37 1
3 220 163 853 204 16 37 1
3 220 164 855 204 16 37 1
3 220 165 855 204 16 37 1
3 220 166 855 204 16 37 1
3 220 167 855 204 16 37 1
3 220 168 855 204 16 37 1
3 220 169 855 204 16 37 1
3 220 170 855 204 16 37 1
3 220 171 855 204 16 37 1
3 220 172 855 204 16 37 1
3 220 173 855 204 16 37 1
3 220 174 855 204 16 37 1
3 220 175 856 204 16 37 1
3 220 176 856 204 16 37 1
3 220 177 856 204 16 37 1
3 220 178 856 204 16 37 1
3 220 179 856 204 16 37 1
3 220 180 856 204 16 37 1
3 220 181 856 204 16 37 1
3 220 182 856 204 16 37 1
3 220 183 856 204 16 37 1
3 220 184 856 204 16 37 1
3 220 185 858 204 16 37 1
3 220 186 858 204 16 37 1
3 220 187 858 204 16 37 1
3 220 188 858 204 16 37 1
3 220 189 858 204 16 37 1
3 220 190 858 204 16 37 1
3 220 191 858 204 16 37 1
3 220 192 858 204 16 37 1
3 220 193 858 204 16 37 1
3 220 194 858 204 16 37 1
3 220 195 858 204 16 37 1
3 220 196 858 204 16 37 1
3 220 197 858 204 16 37 1
3 220 198 858 204 16 37 1
3 220 199 858 204 16 37 1
3 220 200 858 204 16 37 1
3 220 201 858 204 16 37 1
3 220 202 858 204 16 37 1
3 220 203 858 204 16 37 1
3 220 204 858 204 16 37 1
3 220 205 858 204 16 37 1
3 220 206 858 204 16 37 1
3 220 207 858 204 16 37 1
3 220 208 858 204 16 37 1
3 220 209 858 204 16 37 1
3 220 210 858 204 16 37 1
3 220 211 858 204 16 37 1
3 220 212 858 204 16 37 1
3 220 213 858 204 16 37 1
3 220 214 858 204 16 37 1
3 220 215 858 204 16 37 1
3 220 216 858 204 16 37 1
3 220 217 858 204 16 37 1
3 220 218 858 204 16 37 1
3 220 219 858 204 16 37 1
4 161 0 787 204 20 41 1
4 161 1 787 204 20 41 1
4 161 2 787 204 20 41 1
4 161 3 787 204 20 41 1
4 161 4 787 204 20 41 1
4 161 5 787 204 20 41 1
4 161 6 787 204 20 41 1
4 161 7 787 204 20 41 1
4 161 8 787 204 20 41 1
4 161 9 787 204 20 41 1
4 161 10 789 204 18 41 1
4 161 11 789 204 18 41 1
4 161 12 789 204 18 41 1
4 161 13 789 204 19 41 1
4 161 14 789 204 19 41 1
4 161 15 789 204 19 41 1
4 161 16 789 204 19 41 1
4 161 17 789 204 19 41 1
4 161 18 789 204 19 41 1
4 161 19 791 204 17 41 1
4 161 20 791 204 17 41 1
4 161 21 791 204 17 41 1
4 161 22 791 204 17 41 1
4 161 23 791 204 17 41 1
4 161 24 791 204 17 41 1
4 161 25 791 204 19 41 1
4 161 26 791 204 19 41 1
4 161 27 791 204 19 41 1
4 161 28 792 204 18 41 1
4 161 29 792 204 18 41 1
4 161 30 792 204 18 41 1
4 161 31 792 204 18 41 1
4 161 32 792 204 18 41 1
4 161 33 792 204 18 41 1
4 161 34 792 204 18 41 1
4 161 35 792 204 18 41 1
4 161 36 792 204 18 41 1
4 161 37 794 206 18 41 1
4 161 38 794 206 18 41 1
4 161 39 794 206 18 41 1
4 161 40 794 206 18 41 1
4 161 41 796 206 18 41 1
4 161 42 796 206 18 41 1
4 161 43 796 206 18 41 1
4 161 44 798 206 18 41 1
4 161 45 798 206 18 41 1
4 161 46 798 206 18 41 1
4 161 47 800 206 17 41 1
4 161 48 800 206 17 41 1
4 161 49 800 206 17 41 1
4 161 50 801 206 18 41 1
4 161 51 801 206 18 41 1
4 161 52 801 206 18 41 1
4 161 53 803 206 18 41 1
4 161 54 803 206 18 41 1
4 161 55 803 206 18 41 1
4 161 56 805 206 18 41 1
4 161 57 805 206 18 41 1
4 161 58 805 206 18 41 1
4 161 59 807 206 17 41 1
4 161 60 807 206 17 41 1
4 161 61 807 206 17 41 1
4 161 62 808 206 18 41 1
4 161 63 808 206 18 41 1
4 161 64 808 206 18 41 1
4 161 65 810 206 18 41 1
4 161 66 810 206 18 41 1
4 161 67 810 206 18 41 1
4 161 68 812 206 18 41 1
4 161 69 812 206 18 41 1
4 161 70 812 206 18 41 1
4 161 71 814 206 18 41 1
4 161 72 814 206 18 41 1
4 161 73 814 206 18 41 1
4 161 74 816 206 17 41 1
4 161 75 816 206 17 41 1
4 161 76 816 206 17 41 1
4 161 77 817 206 18 41 1
4 161 78 817 206 18 41 1
4 161 79 817 206 18 41 1
4 161 80 819 206 18 41 1
4 161 81 819 206 18 41 1
4 161 82 819 206 18 41 1
4 161 83 821 206 18 41 1
4 161 84 821 206 18 41 1
4 161 85 821 206 18 41 1
4 161 86 823 206 17 41 1
4 161 87 823 206 17 41 1
4 161 88 823 206 17 41 1
4 161 89 824 206 18 41 1
4 161 90 824 206 18 41 1
4 161 91 824 206 18 41 1
4 161 92 826 206 18 41 1
4 161 93 826 206 18 41 1
4 161 94 826 206 18 41 1
4 161 95 828 206 18 41 1
4 161 96 828 206 18 41 1
4 161 97 828 206 18 41 1
4 161 98 830 206 18 41 1
4 161 99 830 204 18 41 1
4 161 100 830 204 18 41 1
4 161 101 832 204 17 41 1
4 161 102 832 204 17 41 1
4 161 103 832 204 17 41 1
4 161 104 833 204 18 41 1
4 161 105 833 204 18 41 1
4 161 106 835 204 18 41 1
4 161 107 835 204 18 41 1
4 161 108 835 204 18 41 1
4 161 109 837 204 18 41 1
4 161 110 837 204 18 41 1
4 161 111 837 204 18 41 1
4 161 112 839 204 17 41 1
4 161 113 839 202 17 41 1
4 161 114 840 202 18 41 1
4 161 115 840 202 18 41 1
4 161 116 840 202 18 41 1
4 161 117 842 202 18 41 1
4 161 118 842 202 18 41 1
4 161 119 842 202 18 41 1
4 161 120 844 202 18 41 1
4 161 121 844 202 18 41 1
4 161 122 846 202 18 41 1
4 161 123 846 202 18 41 1
4 161 124 846 202 18 41 1
4 161 125 848 202 17 41 1
4 161 126 848 202 17 41 1
4 161 127 848 200 17 41 1
4 161 128 849 200 18 41 1
4 161 129 849 200 18 41 1
4 161 130 851 200 18 41 1
4 161 131 851 200 18 41 1
4 161 132 851 200 18 41 1
4 161 133 853 200 18 41 1
4 161 134 853 200 18 41 1
4 161 135 853 200 18 41 1
4 161 136 855 200 17 41 1
4 161 137 855 200 17 41 1
4 161 138 856 200 18 41 1
4 161 139 856 200 18 41 1
4 161 140 856 200 18 41 1
4 161 141 858 199 18 41 1
4 161 142 858 199 18 41 1
4 161 143 858 199 18 41 1
4 161 144 860 199 18 41 1
4 161 145 860 199 18 41 1
4 161 146 862 199 18 41 1
4 161 147 862 199 18 41 1
4 161 148 862 199 18 41 1
4 161 149 864 199 17 41 1
4 161 150 864 199 17 41 1
4 161 151 864 199 17 41 1
4 161 152 865 199 18 41 1
4 161 153 865 199 18 41 1
4 161 154 867 199 18 41 1
4 161 155 867 199 18 41 1
4 161 156 867 199 18 41 1
4 161 157 867 199 18 41 1
4 161 158 867 199 18 41 1
4 161 159 867 199 18 41 1
4 161 160 867 199 18 41 1
5 160 0 782 224 30 24 5
5 160 1 782 222 30 25 5
5 160 2 782 222 30 25 5
5 160 3 782 222 30 25 5
5 160 4 782 222 30 25 5
5 160 5 782 222 30 25 5
5 160 6 782 222 30 25 5
5 160 7 782 222 30 25 5
5 160 8 782 222 30 25 5
5 160 9 782 222 30 25 5
5 160 10 784 222 28 25 5
5 160 11 784 222 28 25 5
5 160 12 784 222 30 25 5
5 160 13 784 222 30 25 5
5 160 14 784 222 30 25 5
5 160 15 784 222 30 25 5
5 160 16 784 222 30 25 5
5 160 17 784 222 30 25 5
5 160 18 784 222 30 25 5
5 160 19 785 222 29 25 5
5 160 20 785 222 29 25 5
5 160 21 785 222 29 25 5
5 160 22 785 222 29 25 5
5 160 23 785 222 31 25 5
5 160 24 785 222 31 25 5
5 160 25 785 222 31 25 5
5 160 26 785 222 31 25 5
5 160 27 785 222 31 25 5
5 160 28 787 222 29 25 5
5 160 29 787 220 29 25 5
5 160 30 787 220 29 25 5
5 160 31 787 220 29 25 5
5 160 32 787 220 29 25 5
5 160 33 787 220 29 25 5
5 160 34 787 220 30 25 5
5 160 35 787 220 30 25 5
5 160 36 787 220 30 25 5
5 160 37 787 220 30 25 5
5 160 38 789 220 28 25 5
5 160 39 789 220 28 25 5
5 160 40 789 220 28 25 5
5 160 41 789 220 28 25 5
5 160 42 789 220 28 25 5
5 160 43 789 220 28 25 5
5 160 44 789 220 28 25 5
5 160 45 789 220 30 25 5
5 160 46 789 220 30 25 5
5 160 47 791 220 28 25 5
5 160 48 791 220 28 25 5
5 160 49 791 220 28 25 5
5 160 50 791 220 28 25 5
5 160 51 791 220 28 25 5
5 160 52 791 220 28 25 5
5 160 53 791 220 28 25 5
5 160 54 791 220 28 25 5
5 160 55 791 220 28 25 5
5 160 56 792 220 29 25 5
5 160 57 792 220 29 25 5
5 160 58 792 220 29 25 5
5 160 59 794 220 29 25 5
5 160 60 794 220 29 25 5
5 160 61 794 220 29 25 5
5 160 62 796 220 28 25 5
5 160 63 796 220 28 25 5
5 160 64 798 220 28 25 5
5 160 65 798 220 28 25 5
5 160 66 798 220 28 25 5
5 160 67 800 220 28 25 5
5 160 68 800 220 28 25 5
5 160 69 801 220 29 25 5
5 160 70 801 220 29 25 5
5 160 71 801 220 29 25 5
5 160 72 803 220 29 25 5
5 160 73 803 220 29 25 5
5 160 74 805 220 28 25 5
5 160 75 805 220 28 25 5
5 160 76 805 220 28 25 5
5 160 77 807 220 28 25 5
5 160 78 807 220 28 25 5
5 160 79 808 220 29 25 5
5 160 80 808 220 29 25 5
5 160 81 808 220 29 25 5
5 160 82 810 220 29 25 5
5 160 83 810 220 29 25 5
5 160 84 810 220 29 25 5
5 160 85 812 220 28 25 5
5 160 86 812 220 28 25 5
5 160 87 814 220 28 25 5
5 160 88 814 220 28 25 5
5 160 89 814 220 28 25 5
5 160 90 816 220 28 25 5
5 160 91 816 220 28 25 5
5 160 92 817 220 29 25 5
5 160 93 817 220 29 25 5
5 160 94 817 220 29 25 5
5 160 95 819 220 29 25 5
5 160 96 819 220 29 25 5
5 160 97 821 220 28 25 5
5 160 98 821 220 28 25 5
5 160 99 821 220 28 25 5
5 160 100 823 220 28 25 5
5 160 101 823 220 28 25 5
5 160 102 824 220 29 25 5
5 160 103 824 220 29 25 5
5 160 104 824 220 29 25 5
5 160 105 826 220 29 25 5
5 160 106 826 220 29 25 5
5 160 107 828 220 28 25 5
5 160 108 828 218 28 25 5
5 160 109 828 218 28 25 5
5 160 110 830 218 28 25 5
5 160 111 830 218 28 25 5
5 160 112 830 218 28 25 5
5 160 113 832 218 28 25 5
5 160 114 832 218 28 25 5
5 160 115 832 218 28 25 5
5 160 116 833 218 29 25 5
5 160 117 833 218 29 25 5
5 160 118 835 218 29 25 5
5 160 119 835 218 29 25 5
5 160 120 835 218 29 25 5
5 160 121 837 218 28 25 5
5 160 122 837 218 28 25 5
5 160 123 837 218 28 25 5
5 160 124 839 218 28 25 5
5 160 125 839 218 28 25 5
5 160 126 839 218 28 25 5
5 160 127 840 218 29 25 5
5 160 128 840 218 29 25 5
5 160 129 842 218 29 25 5
5 160 130 842 218 29 25 5
5 160 131 842 218 29 25 5
5 160 132 844 216 28 25 5
5 160 133 844 216 28 25 5
5 160 134 844 216 28 25 5
5 160 135 846 216 28 25 5
5 160 136 846 216 28 25 5
5 160 137 848 216 28 25 5
5 160 138 848 216 28 25 5
5 160 139 848 216 28 25 5
5 160 140 849 216 29 25 5
5 160 141 849 216 29 25 5
5 160 142 849 216 29 25 5
5 160 143 851 216 29 25 5
5 160 144 851 216 29 25 5
5 160 145 851 216 29 25 5
5 160 146 853 216 28 25 5
5 160 147 853 216 28 25 5
5 160 148 855 216 28 25 5
5 160 149 855 216 28 25 5
5 160 150 855 216 28 25 5
5 160 151 856 216 29 25 5
5 160 152 856 216 29 25 5
5 160 153 856 216 29 25 5
5 160 154 858 216 29 25 5
5 160 155 858 216 29 25 5
5 160 156 860 216 28 25 5
5 160 157 858 216 29 25 5
5 160 158 858 216 29 25 5
5 160 159 858 216 29 25 5
6 322 900 817 208 22 46 1
6 322 901 816 208 21 46 1
6 322 902 816 208 21 46 1
6 322 903 816 208 21 46 1
6 322 904 816 208 21 46 1
6 322 905 814 208 21 46 1
6 322 906 814 208 21 46 1
6 322 907 814 208 21 46 1
6 322 908 814 208 21 46 1
6 322 909 812 208 21 46 1
6 322 910 812 208 21 46 1
6 322 911 812 208 21 46 1
6 322 912 812 208 21 46 1
6 322 913 810 208 22 46 1
6 322 914 810 208 22 46 1
6 322 915 810 208 22 46 1
6 322 916 810 208 22 46 1
6 322 917 808 208 22 46 1
6 322 918 808 208 22 46 1
6 322 919 808 208 22 46 1
6 322 920 808 208 22 46 1
6 322 921 807 208 21 46 1
6 322 922 807 208 21 46 1
6 322 923 807 208 21 46 1
6 322 924 807 208 21 46 1
6 322 925 805 208 21 46 1
6 322 926 805 208 21 46 1
6 322 927 805 208 21 46 1
6 322 928 805 208 21 46 1
6 322 929 803 208 21 46 1
6 322 930 803 208 21 46 1
6 322 931 803 208 21 46 1
6 322 932 803 208 21 46 1
6 322 933 801 208 22 46 1
6 322 934 801 208 22 46 1
6 322 935 801 208 22 46 1
6 322 936 801 208 22 46 1
6 322 937 800 208 21 46 1
6 322 938 800 208 21 46 1
6 322 939 800 208 21 46 1
6 322 940 800 208 21 46 1
6 322 941 798 208 21 46 1
6 322 942 798 208 21 46 1
6 322 943 798 208 21 46 1
6 322 944 798 208 21 46 1
6 322 945 798 208 21 46 1
6 322 946 798 208 21 46 1
6 322 947 798 208 21 46 1
6 322 948 798 208 21 46 1
6 322 949 798 208 21 46 1
6 322 950 798 208 21 46 1
6 322 951 796 208 21 46 1
6 322 952 796 208 21 46 1
6 322 953 796 208 21 46 1
6 322 954 796 208 21 46 1
6 322 955 796 208 21 46 1
6 322 956 796 208 21 46 1
6 322 957 796 208 21 46 1
6 322 958 796 208 21 46 1
6 322 959 796 208 21 46 1
6 322 960 796 208 21 46 1
6 322 961 794 208 22 46 1
6 322 962 794 208 22 46 1
6 322 963 794 208 22 46 1
6 322 964 794 208 22 46 1
6 322 965 794 208 22 46 1
6 322 966 794 208 22 46 1
6 322 967 794 208 22 46 1
6 322 968 794 208 22 46 1
6 322 969 794 208 22 46 1
6 322 970 794 208 22 46 1
6 322 971 792 208 22 46 1
6 322 972 792 208 22 46 1
6 322 973 792 208 22 46 1
6 322 974 792 208 22 46 1
6 322 975 792 208 22 46 1
6 322 976 792 208 22 46 1
6 322 977 791 208 21 46 1
6 322 978 791 208 21 46 1
6 322 979 791 208 21 46 1
6 322 980 791 208 21 46 1
6 322 981 791 208 21 46 1
6 322 982 791 208 21 46 1
6 322 983 791 208 21 46 1
6 322 984 789 208 21 46 1
6 322 985 789 208 21 46 1
6 322 986 789 208 21 46 1
6 322 987 789 208 21 46 1
6 322 988 789 208 21 46 1
6 322 989 789 208 21 46 1
6 322 990 789 208 21 46 1
6 322 991 789 208 21 46 1
6 322 992 789 208 21 46 1
6 322 993 789 208 21 46 1
6 322 994 789 208 21 46 1
6 322 995 789 208 21 46 1
6 322 996 789 208 21 46 1
6 322 997 789 208 21 46 1
6 322 998 789 208 21 46 1
6 322 999 789 208 21 46 1
6 322 1000 791 208 21 46 1
6 322 1001 791 208 21 46 1
6 322 1002 791 208 21 46 1
6 322 1003 791 208 21 46 1
6 322 1004 791 208 21 46 1
6 322 1005 791 208 21 46 1
6 322 1006 791 208 21 46 1
6 322 1007 791 208 21 46 1
6 322 1008 791 208 21 46 1
6 322 1009 791 208 21 46 1
6 322 1010 792 208 22 46 1
6 322 1011 792 208 22 46 1
6 322 1012 792 208 22 46 1
6 322 1013 792 208 22 46 1
6 322 1014 792 208 22 46 1
6 322 1015 794 208 20 46 1
6 322 1016 794 208 20 46 1
6 322 1017 794 208 20 46 1
6 322 1018 794 208 20 46 1
6 322 1019 794 208 20 46 1
6 322 1020 796 208 20 46 1
6 322 1021 796 208 20 46 1
6 322 1022 796 208 20 46 1
6 322 1023 796 208 20 46 1
6 322 1024 796 208 20 46 1
6 322 1025 796 208 21 46 1
6 322 1026 796 208 21 46 1
6 322 1027 796 208 21 46 1
6 322 1028 796 208 21 46 1
6 322 1029 796 208 21 46 1
6 322 1030 798 208 21 46 1
6 322 1031 798 208 21 46 1
6 322 1032 800 208 21 46 1
6 322 1033 800 208 21 46 1
6 322 1034 801 208 22 46 1
6 322 1035 803 208 21 46 1
6 322 1036 803 208 21 46 1
6 322 1037 805 208 21 46 1
6 322 1038 805 208 21 46 1
6 322 1039 807 208 21 46 1
6 322 1040 808 208 22 46 1
6 322 1041 808 208 22 46 1
6 322 1042 808 208 22 46 1
6 322 1043 810 208 20 46 1
6 322 1044 810 208 22 46 1
6 322 1045 812 208 20 46 1
6 322 1046 812 208 20 46 1
6 322 1047 812 208 21 46 1
6 322 1048 814 208 19 46 1
6 322 1049 814 208 19 46 1
6 322 1050 816 208 19 46 1
6 322 1051 816 208 19 46 1
6 322 1052 816 208 19 46 1
6 322 1053 817 208 20 46 1
6 322 1054 817 208 20 46 1
6 322 1055 817 208 22 46 1
6 322 1056 819 208 20 46 1
6 322 1057 819 208 20 46 1
6 322 1058 819 208 21 46 1
6 322 1059 821 208 19 46 1
6 322 1060 821 208 21 46 1
6 322 1061 821 208 21 46 1
6 322 1062 823 208 19 46 1
6 322 1063 823 208 21 46 1
6 322 1064 823 208 21 46 1
6 322 1065 824 208 22 46 1
6 322 1066 824 208 22 46 1
6 322 1067 824 208 22 46 1
6 322 1068 826 208 22 46 1
6 322 1069 826 208 22 46 1
6 322 1070 828 208 21 46 1
6 322 1071 828 206 21 46 1
6 322 1072 828 206 21 46 1
6 322 1073 830 206 21 46 1
6 322 1074 830 206 21 46 1
6 322 1075 832 206 21 46 1
6 322 1076 832 206 21 46 1
6 322 1077 833 204 22 46 1
6 322 1078 833 204 22 46 1
6 322 1079 835 204 21 46 1
6 322 1080 835 204 21 46 1
6 322 1081 835 204 21 46 1
6 322 1082 837 204 21 46 1
6 322 1083 837 204 21 46 1
6 322 1084 839 202 21 46 1
6 322 1085 839 202 21 46 1
6 322 1086 840 202 22 46 1
6 322 1087 840 202 22 46 1
6 322 1088 842 202 22 46 1
6 322 1089 842 202 22 46 1
6 322 1090 844 202 21 46 1
6 322 1091 844 202 21 46 1
6 322 1092 846 202 21 46 1
6 322 1093 848 202 21 46 1
6 322 1094 848 202 21 46 1
6 322 1095 849 202 22 46 1
6 322 1096 851 202 21 46 1
6 322 1097 851 202 21 46 1
6 322 1098 853 202 21 46 1
6 322 1099 855 202 21 46 1
6 322 1100 856 202 22 46 1
6 322 1101 856 200 22 47 1
6 322 1102 856 200 22 47 1
6 322 1103 856 200 22 47 1
6 322 1104 858 200 22 47 1
6 322 1105 858 200 22 47 1
6 322 1106 858 199 22 46 1
6 322 1107 860 199 21 46 1
6 322 1108 860 199 21 46 1
6 322 1109 860 199 21 46 1
6 322 1110 862 199 21 46 1
6 322 1111 860 199 21 46 1
6 322 1112 860 199 21 46 1
6 322 1113 860 199 21 46 1
6 322 1114 860 199 21 46 1
6 322 1115 860 200 21 47 1
6 322 1116 860 200 21 47 1
6 322 1117 860 200 21 47 1
6 322 1118 860 200 21 47 1
6 322 1119 860 200 21 47 1
6 322 1221 789 208 21 46 1
7 159 1247 860 197 14 32 1
7 159 1248 860 197 14 32 1
7 159 1249 860 197 14 32 1
7 159 1250 862 197 14 32 1
7 159 1251 862 197 14 32 1
7 159 1252 864 197 12 32 1
7 159 1253 864 197 14 32 1
7 159 1254 864 197 14 32 1
7 159 1255 865 197 13 32 1
7 159 1256 865 197 15 32 1
7 159 1257 867 197 13 32 1
7 159 1258 867 197 13 32 1
7 159 1259 867 197 14 32 1
7 159 1260 869 197 12 32 1
7 159 1261 869 197 12 32 1
7 159 1262 871 197 12 32 1
7 159 1263 871 197 12 32 1
7 159 1264 871 197 12 32 1
7 159 1265 871 197 12 32 1
7 159 1266 871 197 12 32 1
7 159 1267 871 197 12 32 1
7 159 1268 871 197 12 32 1
7 159 1269 871 197 12 32 1
7 159 1270 871 197 12 32 1
7 159 1271 871 197 12 32 1
7 159 1272 871 197 12 32 1
7 159 1273 871 197 12 32 1
7 159 1274 871 197 12 32 1
7 159 1275 871 197 12 32 1
7 159 1276 871 197 12 32 1
7 159 1277 871 197 12 32 1
7 159 1278 871 197 12 32 1
7 159 1279 871 197 12 32 1
7 159 1280 871 197 12 32 1
7 159 1281 871 197 12 32 1
7 159 1282 871 197 12 32 1
7 159 1283 871 197 12 32 1
7 159 1284 871 197 12 32 1
7 159 1285 871 197 12 32 1
7 159 1286 871 197 12 32 1
7 159 1287 871 197 12 32 1
7 159 1288 871 197 12 32 1
7 159 1289 871 197 12 32 1
7 159 1290 871 197 12 32 1
7 159 1291 871 197 12 32 1
7 159 1292 871 197 12 32 1
7 159 1293 871 197 12 32 1
7 159 1294 871 197 12 32 1
7 159 1295 871 197 12 32 1
7 159 1296 871 197 12 32 1
7 159 1297 871 197 12 32 1
7 159 1298 871 197 12 32 1
7 159 1299 871 197 12 32 1
7 159 1300 871 197 12 32 1
7 159 1301 871 197 12 32 1
7 159 1302 871 197 12 32 1
7 159 1303 871 197 12 32 1
7 159 1304 871 197 12 32 1
7 159 1305 871 197 12 32 1
7 159 1306 871 197 12 32 1
7 159 1307 871 197 12 32 1
7 159 1308 871 197 12 32 1
7 159 1309 871 197 12 32 1
7 159 1310 871 197 12 32 1
7 159 1311 871 197 12 32 1
7 159 1312 871 197 12 32 1
7 159 1313 871 197 12 32 1
7 159 1314 871 197 12 32 1
7 159 1315 871 197 12 32 1
7 159 1316 871 197 12 32 1
7 159 1317 871 197 12 32 1
7 159 1318 871 197 12 32 1
7 159 1319 871 197 12 32 1
7 159 1320 871 197 12 32 1
7 159 1321 871 197 12 32 1
7 159 1322 871 197 12 32 1
7 159 1323 871 197 12 32 1
7 159 1324 871 197 12 32 1
7 159 1325 871 197 12 32 1
7 159 1326 871 197 12 32 1
7 159 1327 871 197 12 32 1
7 159 1328 871 197 12 32 1
7 159 1329 871 197 12 32 1
7 159 1330 871 197 12 32 1
7 159 1331 871 197 12 32 1
7 159 1332 871 197 12 32 1
7 159 1333 871 197 12 32 1
7 159 1334 871 197 12 32 1
7 159 1335 871 197 12 32 1
7 159 1336 871 197 12 32 1
7 159 1337 871 197 12 32 1
7 159 1338 871 197 12 32 1
7 159 1339 871 197 12 32 1
7 159 1340 871 197 12 32 1
7 159 1341 871 197 12 32 1
7 159 1342 871 197 12 32 1
7 159 1343 871 197 12 32 1
7 159 1344 871 197 12 32 1
7 159 1345 871 197 12 32 1
7 159 1346 871 197 12 32 1
7 159 1347 871 197 12 32 1
7 159 1348 871 197 12 32 1
7 159 1349 871 197 12 32 1
7 159 1350 871 197 12 32 1
7 159 1351 871 197 12 32 1
7 159 1352 871 197 12 32 1
7 159 1353 871 197 12 32 1
7 159 1354 871 197 12 32 1
7 159 1355 871 197 12 32 1
7 159 1356 871 197 12 32 1
7 159 1357 871 197 12 32 1
7 159 1358 871 197 12 32 1
7 159 1359 871 197 12 32 1
7 159 1360 871 197 12 32 1
7 159 1361 871 197 12 32 1
7 159 1362 871 197 12 32 1
7 159 1363 871 197 12 32 1
7 159 1364 871 197 12 32 1
7 159 1365 871 197 12 32 1
7 159 1366 871 197 12 32 1
7 159 1367 871 197 12 32 1
7 159 1368 871 197 12 32 1
7 159 1369 871 197 12 32 1
7 159 1370 871 197 12 32 1
7 159 1371 871 197 12 32 1
7 159 1372 871 197 12 32 1
7 159 1373 871 197 12 32 1
7 159 1374 871 197 12 32 1
7 159 1375 871 197 12 32 1
7 159 1376 871 197 12 32 1
7 159 1377 871 197 12 32 1
7 159 1378 871 197 12 32 1
7 159 1379 871 197 12 32 1
7 159 1380 871 197 12 32 1
7 159 1381 871 197 12 32 1
7 159 1382 871 197 12 32 1
7 159 1383 871 197 12 32 1
7 159 1384 871 197 12 32 1
7 159 1385 871 197 12 32 1
7 159 1386 871 197 12 32 1
7 159 1387 871 197 12 32 1
7 159 1388 871 197 12 32 1
7 159 1389 871 197 12 32 1
7 159 1390 871 197 12 32 1
7 159 1391 871 197 12 32 1
7 159 1392 871 197 12 32 1
7 159 1393 871 197 12 32 1
7 159 1394 871 197 12 32 1
7 159 1395 871 197 12 32 1
7 159 1396 871 197 12 32 1
7 159 1397 871 197 12 32 1
7 159 1398 871 197 12 32 1
7 159 1399 871 197 12 32 1
7 159 1400 871 197 12 32 1
7 159 1401 871 197 12 32 1
7 159 1402 871 197 12 32 1
7 159 1403 871 197 12 32 1
7 159 1404 871 197 12 32 1
7 159 1405 871 197 12 32 1
8 466 940 862 197 25 37 1
8 466 941 860 197 25 37 1
8 466 942 860 197 25 37 1
8 466 943 858 197 25 37 1
8 466 944 858 199 25 37 1
8 466 945 856 199 25 37 1
8 466 946 856 199 25 37 1
8 466 947 855 200 25 38 1
8 466 948 855 200 25 38 1
8 466 949 853 200 25 38 1
8 466 950 853 202 25 38 1
8 466 951 851 202 25 38 1
8 466 952 851 202 25 38 1
8 466 953 851 202 25 38 1
8 466 954 851 202 25 38 1
8 466 955 851 202 25 38 1
8 466 956 849 202 25 38 1
8 466 957 849 202 25 38 1
8 466 958 849 202 25 38 1
8 466 959 849 202 25 38 1
8 466 960 849 202 25 38 1
8 466 961 848 202 24 38 1
8 466 962 848 202 24 38 1
8 466 963 848 202 24 38 1
8 466 964 848 202 24 38 1
8 466 965 848 202 24 38 1
8 466 966 848 202 24 38 1
8 466 967 848 202 24 38 1
8 466 968 848 202 24 38 1
8 466 969 848 202 24 38 1
8 466 970 848 202 24 38 1
8 466 971 846 202 25 38 1
8 466 972 846 202 25 38 1
8 466 973 846 202 25 38 1
8 466 974 846 202 25 38 1
8 466 975 846 202 25 38 1
8 466 976 846 202 25 38 1
8 466 977 846 202 25 38 1
8 466 978 846 202 25 38 1
8 466 979 846 202 25 38 1
8 466 980 846 202 25 38 1
8 466 981 846 202 25 38 1
8 466 982 846 202 25 38 1
8 466 983 846 202 25 38 1
8 466 984 846 202 25 38 1
8 466 985 846 202 25 38 1
8 466 986 846 202 25 38 1
8 466 987 846 202 25 38 1
8 466 988 846 202 25 38 1
8 466 989 846 202 25 38 1
8 466 990 846 202 25 38 1
8 466 991 846 202 25 38 1
8 466 992 846 202 25 38 1
8 466 993 846 202 25 38 1
8 466 994 846 202 25 38 1
8 466 995 846 202 25 38 1
8 466 996 846 202 25 38 1
8 466 997 846 202 25 38 1
8 466 998 846 202 25 38 1
8 466 999 846 202 25 38 1
8 466 1000 846 202 25 38 1
8 466 1001 846 202 25 38 1
8 466 1002 846 202 25 38 1
8 466 1003 848 202 24 38 1
8 466 1004 848 202 24 38 1
8 466 1005 849 202 25 38 1
8 466 1006 849 202 25 38 1
8 466 1007 849 202 25 38 1
8 466 1008 851 202 25 38 1
8 466 1009 851 202 25 38 1
8 466 1010 853 202 25 38 1
8 466 1011 853 202 25 38 1
8 466 1012 853 202 25 38 1
8 466 1013 853 202 25 38 1
8 466 1014 853 202 25 38 1
8 466 1015 855 202 25 38 1
8 466 1016 855 202 25 38 1
8 466 1017 855 202 25 38 1
8 466 1018 855 202 25 38 1
8 466 1019 855 202 25 38 1
8 466 1020 856 202 25 38 1
8 466 1021 856 202 25 38 1
8 466 1022 856 202 25 38 1
8 466 1023 856 202 25 38 1
8 466 1024 856 202 25 38 1
8 466 1025 856 202 25 38 1
8 466 1026 856 202 25 38 1
8 466 1027 858 202 25 38 1
8 466 1028 858 202 25 38 1
8 466 1029 858 202 25 38 1
8 466 1030 858 202 25 38 1
8 466 1031 858 202 25 38 1
8 466 1032 858 202 25 38 1
8 466 1033 858 202 25 38 1
8 466 1034 860 202 25 38 1
8 466 1035 860 202 25 38 1
8 466 1036 860 202 25 38 1
8 466 1037 860 202 25 38 1
8 466 1038 860 202 25 38 1
8 466 1039 860 202 25 38 1
8 466 1040 862 202 25 38 1
8 466 1041 862 202 25 38 1
8 466 1042 862 202 25 38 1
8 466 1043 862 202 25 38 1
8 466 1044 862 202 25 38 1
8 466 1045 862 202 25 38 1
8 466 1046 862 202 25 38 1
8 466 1047 862 202 25 38 1
8 466 1048 862 202 25 38 1
8 466 1049 862 202 25 38 1
8 466 1358 853 199 18 39 1
8 466 1359 851 199 18 39 1
8 466 1360 851 199 18 39 1
8 466 1361 851 199 18 39 1
8 466 1362 851 199 18 39 1
8 466 1363 851 199 18 39 1
8 466 1364 851 199 16 39 1
8 466 1365 849 199 18 39 1
8 466 1366 849 199 18 39 1
8 466 1367 849 199 18 39 1
8 466 1368 849 199 18 39 1
8 466 1369 849 199 18 39 1
8 466 1370 849 199 16 39 1
8 466 1371 849 199 16 39 1
8 466 1372 848 199 17 39 1
8 466 1373 848 199 17 39 1
8 466 1374 848 199 17 39 1
8 466 1375 848 199 17 39 1
8 466 1376 848 199 16 39 1
8 466 1377 848 199 16 39 1
8 466 1378 848 199 16 39 1
8 466 1379 846 199 18 39 1
8 466 1380 846 199 18 39 1
8 466 1381 846 199 18 39 1
8 466 1382 846 200 16 40 1
8 466 1383 846 200 16 40 1
8 466 1384 846 200 16 40 1
8 466 1385 844 200 18 40 1
8 466 1386 844 200 18 40 1
8 466 1387 844 200 18 40 1
8 466 1388 844 200 16 40 1
8 466 1389 844 200 16 40 1
8 466 1390 844 200 16 40 1
8 466 1391 844 200 16 40 1
8 466 1392 842 200 18 40 1
8 466 1393 842 200 18 40 1
8 466 1394 842 200 16 40 1
8 466 1395 842 200 16 40 1
8 466 1396 842 200 16 40 1
8 466 1397 842 200 16 40 1
8 466 1398 842 200 16 40 1
8 466 1399 840 200 18 40 1
8 466 1400 840 200 16 40 1
8 466 1401 840 200 16 40 1
8 466 1402 840 200 16 40 1
8 466 1403 840 200 16 40 1
8 466 1404 840 200 16 40 1
8 466 1405 840 202 16 39 1
9 204 1202 80 321 16 34 1
9 204 1203 80 321 16 34 1
9 204 1204 80 321 16 34 1
9 204 1205 80 321 16 34 1
9 204 1206 80 321 16 34 1
9 204 1207 80 321 16 34 1
9 204 1208 80 321 16 34 1
9 204 1209 80 321 16 34 1
9 204 1210 80 321 16 34 1
9 204 1211 80 321 16 34 1
9 204 1212 80 321 16 34 1
9 204 1213 80 321 16 34 1
9 204 1214 80 321 16 34 1
9 204 1215 80 321 16 34 1
9 204 1216 80 321 16 34 1
9 204 1217 80 321 16 34 1
9 204 1218 80 321 16 34 1
9 204 1219 80 321 16 34 1
9 204 1220 80 321 16 34 1
9 204 1221 80 321 16 34 1
9 204 1222 80 321 16 34 1
9 204 1223 80 321 16 34 1
9 204 1224 80 321 16 34 1
9 204 1225 80 321 16 34 1
9 204 1226 80 321 16 34 1
9 204 1227 80 321 16 34 1
9 204 1228 80 321 16 34 1
9 204 1229 80 321 16 34 1
9 204 1230 80 321 16 34 1
9 204 1231 80 321 16 34 1
9 204 1232 80 321 16 34 1
9 204 1233 80 321 16 34 1
9 204 1234 80 321 16 34 1
9 204 1235 80 321 16 34 1
9 204 1236 80 321 16 34 1
9 204 1237 80 321 16 34 1
9 204 1238 80 321 16 34 1
9 204 1239 80 321 16 34 1
9 204 1240 80 321 16 34 1
9 204 1241 80 321 16 34 1
9 204 1242 80 321 16 34 1
9 204 1243 80 321 16 34 1
9 204 1244 80 321 16 34 1
9 204 1245 80 321 16 34 1
9 204 1246 80 321 16 34 1
9 204 1247 80 321 16 34 1
9 204 1248 80 321 16 34 1
9 204 1249 80 321 16 34 1
9 204 1250 80 321 16 34 1
9 204 1251 80 321 16 34 1
9 204 1252 80 321 16 34 1
9 204 1253 80 321 16 34 1
9 204 1254 80 321 16 34 1
9 204 1255 80 321 16 34 1
9 204 1256 80 321 16 34 1
9 204 1257 80 321 16 34 1
9 204 1258 80 321 16 34 1
9 204 1259 80 321 16 34 1
9 204 1260 80 321 16 34 1
9 204 1261 80 321 16 34 1
9 204 1262 80 321 16 34 1
9 204 1263 80 321 16 34 1
9 204 1264 80 321 16 34 1
9 204 1265 80 321 16 34 1
9 204 1266 80 321 16 34 1
9 204 1267 80 321 16 34 1
9 204 1268 80 321 16 34 1
9 204 1269 80 321 16 34 1
9 204 1270 80 321 16 34 1
9 204 1271 80 321 16 34 1
9 204 1272 80 321 16 34 1
9 204 1273 80 321 16 34 1
9 204 1274 80 321 16 34 1
9 204 1275 80 321 16 34 1
9 204 1276 80 321 16 34 1
9 204 1277 80 321 16 34 1
9 204 1278 80 321 16 34 1
9 204 1279 80 321 16 34 1
9 204 1280 80 321 16 34 1
9 204 1281 80 321 16 34 1
9 204 1282 80 321 16 34 1
9 204 1283 80 321 16 34 1
9 204 1284 80 321 16 34 1
9 204 1285 80 321 16 34 1
9 204 1286 80 321 16 34 1
9 204 1287 80 321 16 34 1
9 204 1288 80 321 16 34 1
9 204 1289 80 321 16 34 1
9 204 1290 80 321 16 34 1
9 204 1291 80 321 16 34 1
9 204 1292 80 321 16 34 1
9 204 1293 80 321 16 34 1
9 204 1294 80 321 16 34 1
9 204 1295 80 321 16 34 1
9 204 1296 80 321 16 34 1
9 204 1297 80 321 16 34 1
9 204 1298 80 321 16 34 1
9 204 1299 80 321 16 34 1
9 204 1300 80 321 16 34 1
9 204 1301 80 321 16 34 1
9 204 1302 80 321 16 34 1
9 204 1303 80 321 16 34 1
9 204 1304 80 321 16 34 1
9 204 1305 80 321 16 34 1
9 204 1306 80 321 16 34 1
9 204 1307 80 321 16 34 1
9 204 1308 80 321 16 34 1
9 204 1309 80 321 16 34 1
9 204 1310 80 321 16 34 1
9 204 1311 80 321 16 34 1
9 204 1312 80 321 16 34 1
9 204 1313 80 321 16 34 1
9 204 1314 80 321 16 34 1
9 204 1315 80 321 16 34 1
9 204 1316 80 321 16 34 1
9 204 1317 80 321 16 34 1
9 204 1318 80 321 16 34 1
9 204 1319 80 321 16 34 1
9 204 1320 80 321 16 34 1
9 204 1321 80 321 16 34 1
9 204 1322 80 321 16 34 1
9 204 1323 80 321 16 34 1
9 204 1324 80 321 16 34 1
9 204 1325 80 321 16 34 1
9 204 1326 80 321 16 34 1
9 204 1327 80 321 16 34 1
9 204 1328 80 321 16 34 1
9 204 1329 80 321 16 34 1
9 204 1330 80 321 16 34 1
9 204 1331 80 321 16 34 1
9 204 1332 80 321 16 34 1
9 204 1333 80 321 16 34 1
9 204 1334 80 321 16 34 1
9 204 1335 80 321 16 34 1
9 204 1336 80 321 16 34 1
9 204 1337 80 321 16 34 1
9 204 1338 80 321 16 34 1
9 204 1339 80 321 16 34 1
9 204 1340 80 321 16 34 1
9 204 1341 80 321 16 34 1
9 204 1342 80 321 16 34 1
9 204 1343 80 321 16 34 1
9 204 1344 80 321 16 34 1
9 204 1345 80 321 16 34 1
9 204 1346 80 321 16 34 1
9 204 1347 80 321 16 34 1
9 204 1348 80 321 16 34 1
9 204 1349 80 321 16 34 1
9 204 1350 80 321 16 34 1
9 204 1351 80 321 16 34 1
9 204 1352 80 321 16 34 1
9 204 1353 80 321 16 34 1
9 204 1354 80 321 16 34 1
9 204 1355 80 321 16 34 1
9 204 1356 80 321 16 34 1
9 204 1357 80 321 16 34 1
9 204 1358 80 321 16 34 1
9 204 1359 80 321 16 34 1
9 204 1360 80 321 16 34 1
9 204 1361 80 321 16 34 1
9 204 1362 80 321 16 34 1
9 204 1363 80 321 16 34 1
9 204 1364 80 321 16 34 1
9 204 1365 80 321 16 34 1
9 204 1366 80 321 16 34 1
9 204 1367 80 321 16 34 1
9 204 1368 80 321 16 34 1
9 204 1369 80 321 16 34 1
9 204 1370 80 321 16 34 1
9 204 1371 80 321 16 34 1
9 204 1372 80 321 16 34 1
9 204 1373 80 321 16 34 1
9 204 1374 80 321 16 34 1
9 204 1375 80 321 16 34 1
9 204 1376 80 321 16 34 1
9 204 1377 80 321 16 34 1
9 204 1378 80 321 16 34 1
9 204 1379 80 321 16 34 1
9 204 1380 80 321 16 34 1
9 204 1381 80 321 16 34 1
9 204 1382 80 321 16 34 1
9 204 1383 80 321 16 34 1
9 204 1384 80 321 16 34 1
9 204 1385 80 321 16 34 1
9 204 1386 80 321 16 34 1
9 204 1387 80 321 16 34 1
9 204 1388 80 321 16 34 1
9 204 1389 80 321 16 34 1
9 204 1390 80 321 16 34 1
9 204 1391 80 321 16 34 1
9 204 1392 80 321 16 34 1
9 204 1393 80 321 16 34 1
9 204 1394 80 321 16 34 1
9 204 1395 80 321 16 34 1
9 204 1396 80 321 16 34 1
9 204 1397 80 321 16 34 1
9 204 1398 80 321 16 34 1
9 204 1399 80 321 16 34 1
9 204 1400 80 321 16 34 1
9 204 1401 80 321 16 34 1
9 204 1402 80 321 16 34 1
9 204 1403 80 321 16 34 1
9 204 1404 80 321 16 34 1
9 204 1405 80 321 16 34 1
10 152 1254 19 325 23 25 1
10 152 1255 19 325 23 25 1
10 152 1256 19 325 23 25 1
10 152 1257 19 325 23 25 1
10 152 1258 19 325 23 25 1
10 152 1259 19 325 23 25 1
10 152 1260 19 325 23 25 1
10 152 1261 19 325 23 25 1
10 152 1262 19 325 23 25 1
10 152 1263 19 325 23 25 1
10 152 1264 19 325 23 25 1
10 152 1265 19 325 23 25 1
10 152 1266 19 325 23 25 1
10 152 1267 19 325 23 25 1
10 152 1268 19 325 23 25 1
10 152 1269 19 325 23 25 1
10 152 1270 19 325 23 25 1
10 152 1271 19 325 23 25 1
10 152 1272 19 325 23 25 1
10 152 1273 19 325 23 25 1
10 152 1274 19 325 23 25 1
10 152 1275 19 325 23 25 1
10 152 1276 19 325 23 25 1
10 152 1277 19 325 23 25 1
10 152 1278 19 325 23 25 1
10 152 1279 19 325 23 25 1
10 152 1280 19 325 23 25 1
10 152 1281 19 325 23 25 1
10 152 1282 19 325 23 25 1
10 152 1283 19 325 23 25 1
10 152 1284 19 325 23 25 1
10 152 1285 19 325 23 25 1
10 152 1286 19 325 23 25 1
10 152 1287 19 325 23 25 1
10 152 1288 19 325 23 25 1
10 152 1289 19 325 23 25 1
10 152 1290 19 325 23 25 1
10 152 1291 19 325 23 25 1
10 152 1292 19 325 23 25 1
10 152 1293 19 325 23 25 1
10 152 1294 19 325 23 25 1
10 152 1295 19 325 23 25 1
10 152 1296 19 325 23 25 1
10 152 1297 19 325 23 25 1
10 152 1298 19 325 23 25 1
10 152 1299 19 325 23 25 1
10 152 1300 19 325 23 25 1
10 152 1301 19 325 23 25 1
10 152 1302 19 325 23 25 1
10 152 1303 19 325 23 25 1
10 152 1304 19 325 23 25 1
10 152 1305 19 325 23 25 1
10 152 1306 19 325 23 25 1
10 152 1307 19 325 23 25 1
10 152 1308 19 325 23 25 1
10 152 1309 19 325 23 25 1
10 152 1310 19 325 23 25 1
10 152 1311 19 325 23 25 1
10 152 1312 19 325 23 25 1
10 152 1313 19 325 23 25 1
10 152 1314 19 325 23 25 1
10 152 1315 19 325 23 25 1
10 152 1316 19 325 23 25 1
10 152 1317 19 325 23 25 1
10 152 1318 19 325 23 25 1
10 152 1319 19 325 23 25 1
10 152 1320 19 325 23 25 1
10 152 1321 19 325 23 25 1
10 152 1322 19 325 23 25 1
10 152 1323 19 325 23 25 1
10 152 1324 19 325 23 25 1
10 152 1325 19 325 23 25 1
10 152 1326 19 325 23 25 1
10 152 1327 19 325 23 25 1
10 152 1328 19 325 23 25 1
10 152 1329 19 325 23 25 1
10 152 1330 19 325 23 25 1
10 152 1331 19 325 23 25 1
10 152 1332 19 325 23 25 1
10 152 1333 19 325 23 25 1
10 152 1334 19 325 23 25 1
10 152 1335 19 325 23 25 1
10 152 1336 19 325 23 25 1
10 152 1337 19 325 23 25 1
10 152 1338 19 325 23 25 1
10 152 1339 19 325 23 25 1
10 152 1340 19 325 23 25 1
10 152 1341 19 325 23 25 1
10 152 1342 19 325 23 25 1
10 152 1343 19 325 23 25 1
10 152 1344 19 325 23 25 1
10 152 1345 19 325 23 25 1
10 152 1346 19 325 23 25 1
10 152 1347 19 325 23 25 1
10 152 1348 19 325 23 25 1
10 152 1349 19 325 23 25 1
10 152 1350 19 325 23 25 1
10 152 1351 19 325 23 25 1
10 152 1352 19 325 23 25 1
10 152 1353 19 325 23 25 1
10 152 1354 19 325 23 25 1
10 152 1355 19 325 23 25 1
10 152 1356 19 325 23 25 1
10 152 1357 19 325 23 25 1
10 152 1358 19 325 23 25 1
10 152 1359 19 325 23 25 1
10 152 1360 19 325 23 25 1
10 152 1361 19 325 23 25 1
10 152 1362 19 325 23 25 1
10 152 1363 19 325 23 25 1
10 152 1364 19 325 23 25 1
10 152 1365 19 325 23 25 1
10 152 1366 19 325 23 25 1
10 152 1367 19 325 23 25 1
10 152 1368 19 325 23 25 1
10 152 1369 19 325 23 25 1
10 152 1370 19 325 23 25 1
10 152 1371 19 325 23 25 1
10 152 1372 19 325 23 25 1
10 152 1373 19 325 23 25 1
10 152 1374 19 325 23 25 1
10 152 1375 19 325 23 25 1
10 152 1376 19 325 23 25 1
10 152 1377 19 325 23 25 1
10 152 1378 19 325 23 25 1
10 152 1379 19 325 23 25 1
10 152 1380 19 325 23 25 1
10 152 1381 19 325 23 25 1
10 152 1382 19 325 23 25 1
10 152 1383 19 325 23 25 1
10 152 1384 19 325 23 25 1
10 152 1385 19 325 23 25 1
10 152 1386 19 325 23 25 1
10 152 1387 19 325 23 25 1
10 152 1388 19 325 23 25 1
10 152 1389 19 325 23 25 1
10 152 1390 19 325 23 25 1
10 152 1391 19 325 23 25 1
10 152 1392 19 325 23 25 1
10 152 1393 19 325 23 25 1
10 152 1394 19 325 23 25 1
10 152 1395 19 325 23 25 1
10 152 1396 19 325 23 25 1
10 152 1397 19 325 23 25 1
10 152 1398 19 325 23 25 1
10 152 1399 19 325 23 25 1
10 152 1400 19 325 23 25 1
10 152 1401 19 325 23 25 1
10 152 1402 19 325 23 25 1
10 152 1403 19 325 23 25 1
10 152 1404 19 325 23 25 1
10 152 1405 19 325 23 25 1
11 97 825 862 200 21 38 1
11 97 826 860 200 21 38 1
11 97 827 860 200 21 38 1
11 97 828 858 200 22 38 1
11 97 829 858 200 22 38 1
11 97 830 858 200 22 38 1
11 97 831 856 200 22 38 1
11 97 832 856 200 22 38 1
11 97 833 856 200 22 38 1
11 97 834 855 200 21 38 1
11 97 835 855 200 21 38 1
11 97 836 853 200 21 38 1
11 97 837 853 200 21 38 1
11 97 838 853 200 21 38 1
11 97 839 851 200 21 38 1
11 97 840 851 200 21 38 1
11 97 841 851 200 21 38 1
11 97 842 849 200 22 38 1
11 97 843 849 202 22 38 1
11 97 844 848 202 21 38 1
11 97 845 848 202 21 38 1
11 97 846 848 202 21 38 1
11 97 847 846 202 21 38 1
11 97 848 846 202 21 38 1
11 97 849 846 202 21 38 1
11 97 850 844 202 21 38 1
11 97 851 844 202 21 38 1
11 97 852 842 202 22 38 1
11 97 853 842 202 22 38 1
11 97 854 842 202 22 38 1
11 97 855 840 202 22 38 1
11 97 856 840 202 22 38 1
11 97 857 840 202 22 38 1
11 97 858 839 202 21 38 1
11 97 859 839 202 21 38 1
11 97 860 839 204 21 37 1
11 97 861 837 204 21 37 1
11 97 862 837 204 21 37 1
11 97 863 837 204 21 37 1
11 97 864 837 204 21 37 1
11 97 865 837 204 21 37 1
11 97 866 835 204 21 37 1
11 97 867 835 204 21 37 1
11 97 868 835 204 21 37 1
11 97 869 835 204 21 39 1
11 97 870 835 204 21 39 1
11 97 871 835 204 21 39 1
11 97 872 833 204 22 39 1
11 97 873 833 204 22 39 1
11 97 874 833 204 22 39 1
11 97 875 833 204 22 39 1
11 97 876 833 204 22 39 1
11 97 877 832 204 21 41 1
11 97 878 832 204 21 41 1
11 97 879 832 204 21 41 1
11 97 880 832 204 21 41 1
11 97 881 832 204 21 41 1
11 97 882 832 204 21 41 1
11 97 883 830 204 21 41 1
11 97 884 830 204 21 41 1
11 97 885 830 204 21 43 1
11 97 886 830 204 21 43 1
11 97 887 830 204 21 43 1
11 97 888 828 204 21 43 1
11 97 889 828 204 21 43 1
11 97 890 828 204 21 43 1
11 97 891 828 204 21 43 1
11 97 892 828 204 21 43 1
11 97 893 828 204 21 43 1
11 97 894 826 204 22 44 1
11 97 895 826 204 22 44 1
11 97 896 826 204 22 44 1
11 97 897 826 204 22 44 1
11 97 898 826 204 22 44 1
11 97 899 824 204 22 44 1
11 97 900 824 204 22 44 1
11 97 901 824 204 22 44 1
11 97 902 824 204 22 46 1
11 97 903 824 204 22 46 1
11 97 904 824 204 22 46 1
11 97 905 823 204 21 46 1
11 97 906 823 204 21 46 1
11 97 907 823 204 21 46 1
11 97 908 823 204 21 46 1
11 97 909 823 204 21 46 1
11 97 910 823 206 21 46 1
11 97 911 821 206 21 46 1
11 97 912 819 206 21 46 1
11 97 913 819 206 21 46 1
11 97 914 817 206 22 46 1
11 97 915 817 206 22 46 1
11 97 916 816 206 21 46 1
11 97 917 816 206 21 46 1
11 97 918 814 206 21 46 1
11 97 919 814 206 21 46 1
11 97 920 812 206 21 46 1
11 97 921 812 206 21 46 1
