0 27 295 328 229 18 39 1
0 27 296 327 229 17 39 1
0 27 297 327 229 17 39 1
0 27 298 327 229 17 39 1
0 27 299 327 229 17 39 1
0 27 300 327 229 17 39 1
0 27 301 327 229 17 39 1
0 27 302 325 229 18 39 1
0 27 303 325 229 18 39 1
0 27 304 325 229 18 39 1
0 27 305 325 229 18 39 1
0 27 306 325 229 18 39 1
0 27 307 325 229 18 39 1
0 27 308 325 229 18 39 1
0 27 309 323 229 18 39 1
0 27 310 323 229 18 39 1
0 27 311 323 229 18 39 1
0 27 312 323 229 18 39 1
0 27 313 323 229 18 39 1
0 27 314 323 229 18 39 1
0 27 315 323 231 18 39 1
0 27 316 321 229 18 41 1
0 27 317 321 229 18 41 1
0 27 318 320 229 17 41 1
0 27 319 320 229 17 41 1
0 27 320 318 229 18 41 1
0 27 321 318 229 18 41 1
1 375 308 328 232 16 36 1
1 375 309 327 232 16 36 1
1 375 310 327 232 16 36 1
1 375 311 325 232 16 36 1
1 375 312 325 232 16 36 1
1 375 313 325 232 16 36 1
1 375 314 323 232 16 36 1
1 375 315 323 232 16 36 1
1 375 316 323 232 16 36 1
1 375 317 321 232 16 36 1
1 375 318 321 232 16 36 1
1 375 319 321 232 16 36 1
1 375 320 320 232 16 38 1
1 375 321 320 232 16 38 1
1 375 322 320 232 16 38 1
1 375 323 318 232 16 38 1
1 375 324 318 232 16 38 1
1 375 325 318 232 16 38 1
1 375 326 316 232 16 38 1
1 375 327 316 232 16 38 1
1 375 328 316 232 16 38 1
1 375 329 314 232 16 38 1
1 375 330 314 232 16 38 1
1 375 331 314 232 16 40 1
1 375 332 312 232 16 40 1
1 375 333 312 232 16 40 1
1 375 334 311 232 16 40 1
1 375 335 311 232 16 40 1
1 375 336 311 232 16 40 1
1 375 337 309 232 16 40 1
1 375 338 309 232 16 40 1
1 375 339 309 232 16 40 1
1 375 340 307 232 16 40 1
1 375 341 307 232 16 40 1
1 375 342 307 232 16 40 1
1 375 343 305 232 16 41 1
1 375 344 305 232 16 41 1
1 375 345 305 232 16 41 1
1 375 346 304 232 16 41 1
1 375 347 304 232 16 41 1
1 375 348 304 232 16 41 1
1 375 349 302 232 16 41 1
1 375 350 302 232 16 41 1
1 375 351 302 232 16 41 1
1 375 352 300 232 16 41 1
1 375 353 300 232 16 41 1
1 375 354 300 234 16 41 1
1 375 355 300 234 16 41 1
1 375 356 300 234 16 41 1
1 375 357 300 234 16 41 1
1 375 358 300 234 16 41 1
1 375 359 300 234 16 41 1
1 375 360 300 234 16 41 1
1 375 361 302 234 16 41 1
1 375 362 302 234 16 41 1
1 375 363 302 234 16 41 1
1 375 364 302 234 16 41 1
1 375 365 302 234 16 41 1
1 375 366 302 234 16 41 1
1 375 367 302 234 16 41 1
1 375 368 304 234 16 41 1
1 375 369 304 234 16 41 1
1 375 370 304 234 16 41 1
1 375 371 304 234 16 41 1
1 375 372 304 234 16 41 1
1 375 373 304 234 16 41 1
1 375 374 304 234 16 41 1
1 375 375 305 234 16 41 1
1 375 376 305 234 16 41 1
1 375 377 305 234 16 41 1
1 375 378 305 234 16 41 1
1 375 379 305 234 16 41 1
1 375 380 305 234 16 41 1
1 375 381 305 234 16 41 1
1 375 382 307 234 16 41 1
1 375 383 307 234 16 41 1
1 375 384 307 234 16 41 1
1 375 385 307 236 16 41 1
1 375 386 307 236 16 41 1
1 375 387 307 236 16 41 1
1 375 388 307 236 16 41 1
1 375 389 309 236 16 41 1
1 375 390 309 236 16 41 1
1 375 391 309 236 16 41 1
1 375 392 309 236 16 41 1
1 375 393 309 236 16 41 1
1 375 394 309 236 16 41 1
1 375 395 309 236 16 41 1
1 375 396 311 236 16 41 1
1 375 397 311 236 16 41 1
1 375 398 311 236 16 41 1
1 375 399 311 236 16 41 1
1 375 400 311 236 16 41 1
1 375 401 311 236 16 41 1
1 375 402 311 236 16 41 1
1 375 403 312 236 16 41 1
1 375 404 312 236 16 41 1
1 375 405 312 236 16 41 1
1 375 406 312 236 16 41 1
1 375 407 312 236 16 41 1
1 375 408 312 236 16 41 1
1 375 409 312 238 16 41 1
1 375 410 314 238 16 41 1
1 375 411 314 238 16 41 1
1 375 412 314 238 16 41 1
1 375 413 314 238 16 41 1
1 375 414 314 238 16 41 1
1 375 415 314 238 16 41 1
1 375 416 314 238 16 41 1
1 375 417 316 238 16 41 1
1 375 418 316 238 16 41 1
1 375 419 316 238 16 41 1
1 375 420 316 238 16 41 1
1 375 421 316 238 16 41 1
1 375 422 316 238 16 41 1
1 375 423 316 238 16 41 1
1 375 424 318 238 16 41 1
1 375 425 318 238 16 41 1
1 375 426 318 238 16 41 1
1 375 427 318 238 16 41 1
1 375 428 318 238 16 41 1
1 375 429 318 238 16 41 1
1 375 430 318 238 16 41 1
1 375 431 320 238 16 41 1
1 375 432 320 240 16 40 1
1 375 433 320 240 16 40 1
1 375 434 320 240 16 40 1
1 375 435 320 240 16 40 1
1 375 436 320 240 16 40 1
1 375 437 320 240 16 40 1
1 375 438 321 240 16 40 1
1 375 439 321 240 16 40 1
1 375 440 321 240 16 40 1
1 375 441 321 240 16 40 1
1 375 442 321 240 16 40 1
1 375 443 321 240 16 40 1
1 375 444 321 240 16 40 1
1 375 445 323 240 16 40 1
1 375 446 323 240 16 40 1
1 375 447 323 240 16 40 1
1 375 448 323 240 16 40 1
1 375 449 323 240 16 40 1
1 375 450 323 240 16 40 1
1 375 451 323 240 16 40 1
1 375 452 325 240 16 40 1
1 375 453 325 240 16 40 1
1 375 454 325 240 16 40 1
1 375 455 325 240 16 40 1
1 375 456 325 241 16 41 1
1 375 457 325 241 16 41 1
1 375 458 325 241 16 41 1
1 375 459 327 241 16 41 1
1 375 460 327 241 16 41 1
1 375 461 327 241 16 41 1
1 375 462 327 241 16 41 1
1 375 463 327 241 16 41 1
1 375 464 327 241 16 41 1
1 375 465 327 241 16 41 1
1 375 466 328 241 16 41 1
1 375 467 328 241 16 41 1
1 375 468 328 241 16 41 1
1 375 469 328 241 16 41 1
1 375 470 328 241 16 41 1
1 375 471 328 241 16 41 1
1 375 472 328 241 16 41 1
1 375 473 330 241 16 41 1
1 375 474 330 241 16 41 1
1 375 475 330 241 16 41 1
1 375 476 330 241 16 41 1
1 375 477 330 241 16 41 1
1 375 478 330 241 16 41 1
1 375 479 332 243 16 41 1
1 375 480 332 243 16 41 1
1 375 481 332 243 16 41 1
1 375 482 332 243 16 41 1
1 375 483 332 243 16 41 1
1 375 484 332 243 16 41 1
1 375 485 332 243 16 41 1
1 375 486 332 243 16 41 1
1 375 487 332 243 16 41 1
1 375 488 332 243 16 41 1
1 375 489 332 243 16 41 1
1 375 490 332 243 16 41 1
1 375 491 334 243 16 41 1
1 375 492 334 243 16 41 1
1 375 493 334 243 16 41 1
1 375 494 334 243 16 41 1
1 375 495 334 243 16 41 1
1 375 496 334 243 16 41 1
1 375 497 334 243 16 41 1
1 375 498 334 243 16 41 1
1 375 499 334 243 16 41 1
1 375 500 334 243 16 41 1
1 375 501 334 243 16 41 1
1 375 502 334 243 16 41 1
1 375 503 336 243 16 41 1
1 375 504 336 243 16 41 1
1 375 505 336 243 16 41 1
1 375 506 336 243 16 41 1
1 375 507 336 243 16 41 1
1 375 508 336 243 16 41 1
1 375 509 336 243 16 41 1
1 375 510 336 243 16 41 1
1 375 511 336 243 16 41 1
1 375 512 336 243 16 41 1
1 375 513 336 243 16 41 1
1 375 514 336 243 16 41 1
1 375 515 337 243 16 41 1
1 375 516 337 243 16 41 1
1 375 517 337 243 16 41 1
1 375 518 337 243 16 41 1
1 375 519 337 243 16 41 1
1 375 520 337 243 18 41 1
1 375 521 339 243 16 41 1
1 375 522 339 243 16 41 1
1 375 523 339 243 16 41 1
1 375 524 339 243 18 41 1
1 375 525 339 243 18 41 1
1 375 526 341 243 16 41 1
1 375 527 341 243 16 41 1
1 375 528 341 243 16 41 1
1 375 529 341 243 18 41 1
1 375 530 341 243 18 41 1
1 375 531 343 243 16 41 1
1 375 532 343 243 16 43 1
1 375 533 343 243 17 43 1
1 375 534 343 243 17 43 1
1 375 535 343 243 17 43 1
1 375 536 343 243 17 43 1
1 375 537 344 245 16 41 1
1 375 538 344 245 18 41 1
1 375 539 344 245 18 41 1
1 375 540 344 245 18 41 1
1 375 541 344 245 18 41 1
1 375 542 346 245 18 41 1
1 375 543 346 245 18 41 1
1 375 544 346 245 18 41 1
1 375 545 346 245 18 41 1
1 375 546 346 245 18 41 1
1 375 547 348 245 18 41 1
1 375 548 348 245 18 41 1
1 375 549 348 245 18 43 1
1 375 550 348 245 18 43 1
1 375 551 348 245 20 43 1
1 375 552 348 245 20 43 1
1 375 553 350 245 18 43 1
1 375 554 350 245 18 43 1
1 375 555 350 245 18 43 1
1 375 556 350 245 19 43 1
1 375 557 350 245 19 43 1
1 375 558 352 247 17 41 1
1 375 559 352 247 17 41 1
1 375 560 352 247 19 41 1
1 375 561 352 247 19 41 1
1 375 562 352 247 19 41 1
1 375 563 353 247 18 41 1
1 375 564 353 247 18 41 1
1 375 565 353 247 20 41 1
1 375 566 353 247 20 42 1
1 375 567 353 247 20 42 1
1 375 568 353 247 20 42 1
1 375 569 355 247 20 42 1
1 375 570 355 247 20 42 1
1 375 571 355 247 20 42 1
1 375 572 355 247 20 42 1
1 375 573 355 247 20 42 1
1 375 574 357 247 19 42 1
1 375 575 357 247 19 42 1
1 375 576 357 247 19 42 1
1 375 577 357 247 19 42 1
1 375 578 357 247 21 42 1
1 375 579 359 248 19 41 1
1 375 580 359 248 19 41 1
1 375 581 359 248 19 41 1
1 375 582 359 248 19 41 1
1 375 583 359 248 21 43 1
1 375 584 359 248 21 43 1
1 375 585 360 248 20 43 1
1 375 586 360 248 20 43 1
1 375 587 360 248 22 43 1
1 375 588 360 248 22 43 1
1 375 589 360 248 22 43 1
1 375 590 362 248 20 43 1
1 375 591 362 248 20 43 1
1 375 592 362 248 22 43 1
1 375 593 362 248 22 43 1
1 375 594 362 248 22 43 1
1 375 595 364 248 20 43 1
1 375 596 364 248 21 43 1
1 375 597 364 248 21 43 1
1 375 598 364 248 21 43 1
1 375 599 364 248 21 43 1
1 375 600 366 250 21 43 1
1 375 601 366 248 21 45 1
1 375 602 366 248 21 45 1
1 375 603 366 248 21 45 1
1 375 604 366 248 21 45 1
1 375 605 366 248 23 45 1
1 375 606 368 248 21 45 1
1 375 607 368 248 21 45 1
1 375 608 368 248 21 45 1
1 375 609 368 248 21 47 1
1 375 610 368 248 23 47 1
1 375 611 368 248 23 47 1
1 375 612 369 248 22 47 1
1 375 613 369 248 22 47 1
1 375 614 369 248 23 47 1
1 375 615 369 248 23 47 1
1 375 616 369 248 23 47 1
1 375 617 369 248 23 47 1
1 375 618 371 248 21 48 1
1 375 619 371 248 23 48 1
1 375 620 371 248 23 48 1
1 375 621 371 248 23 48 1
1 375 622 371 248 23 48 1
1 375 623 371 248 23 48 1
1 375 624 373 248 23 48 1
1 375 625 373 248 23 48 1
1 375 626 373 248 23 50 1
1 375 627 373 248 23 50 1
1 375 628 373 248 25 50 1
1 375 629 373 248 25 50 1
1 375 630 375 248 23 50 1
1 375 631 375 248 23 50 1
1 375 632 375 248 23 50 1
1 375 633 375 248 25 50 1
1 375 634 375 248 25 50 1
1 375 635 375 248 25 52 1
1 375 636 376 248 24 52 1
1 375 637 376 248 25 52 1
1 375 638 376 248 25 52 1
1 375 639 376 248 25 52 1
1 375 640 376 248 25 52 1
1 375 641 376 248 25 52 1
1 375 642 378 248 25 52 1
1 375 643 378 248 25 54 1
1 375 644 378 248 25 54 1
1 375 645 378 248 25 54 1
1 375 646 378 248 25 54 1
1 375 647 378 248 27 54 1
1 375 648 380 248 25 54 1
1 375 649 380 248 25 54 1
1 375 650 380 248 25 54 1
1 375 651 380 248 27 54 1
1 375 652 380 248 27 56 1
1 375 653 380 248 27 56 1
1 375 654 382 248 25 56 1
1 375 655 382 248 25 56 1
1 375 656 382 248 26 56 1
1 375 657 382 248 26 56 1
1 375 658 382 248 26 56 1
1 375 659 382 248 26 56 1
1 375 660 384 248 26 57 1
1 375 661 384 248 26 57 1
1 375 662 384 248 26 57 1
1 375 663 384 248 26 57 1
1 375 664 384 248 26 57 1
1 375 665 384 248 26 57 1
1 375 666 384 248 26 57 1
1 375 667 385 248 27 57 1
1 375 668 385 248 27 57 1
1 375 669 385 248 27 57 1
1 375 670 385 248 27 57 1
1 375 671 385 248 27 57 1
1 375 672 385 248 27 57 1
1 375 673 387 248 27 57 1
1 375 674 387 248 27 57 1
1 375 675 387 248 27 57 1
1 375 676 387 248 27 57 1
1 375 677 387 248 27 57 1
1 375 678 387 248 27 57 1
1 375 679 389 248 27 57 1
1 375 680 389 248 27 57 1
1 375 681 389 248 27 57 1
1 375 682 389 248 27 57 1
2 136 547 304 216 16 34 1
2 136 548 302 216 16 34 1
2 136 549 302 216 16 34 1
2 136 550 302 216 16 34 1
2 136 551 302 216 16 34 1
2 136 552 300 216 16 34 1
2 136 553 300 216 16 34 1
2 136 554 300 216 16 34 1
2 136 555 300 216 16 34 1
2 136 556 298 216 16 34 1
2 136 557 298 216 16 34 1
2 136 558 298 216 16 34 1
2 136 559 298 216 16 34 1
2 136 560 296 216 16 34 1
2 136 561 296 216 16 34 1
2 136 562 296 216 16 34 1
2 136 563 296 216 16 34 1
2 136 564 295 216 16 34 1
2 136 565 295 216 16 34 1
2 136 566 295 216 16 34 1
2 136 567 295 216 16 34 1
2 136 568 295 216 16 34 1
2 136 569 293 216 16 34 1
2 136 570 293 216 16 34 1
2 136 571 293 216 16 34 1
2 136 572 293 216 16 34 1
2 136 573 293 216 16 34 1
2 136 574 291 216 16 34 1
2 136 575 291 216 16 34 1
2 136 576 291 216 16 34 1
2 136 577 291 216 16 34 1
2 136 578 291 216 16 34 1
2 136 579 289 216 16 34 1
2 136 580 289 216 16 34 1
2 136 581 289 216 16 34 1
2 136 582 289 216 16 34 1
2 136 583 289 216 16 34 1
2 136 584 289 216 16 34 1
2 136 585 288 216 16 34 1
2 136 586 288 216 16 34 1
2 136 587 288 216 16 34 1
2 136 588 288 216 16 34 1
2 136 589 288 216 16 34 1
2 136 590 286 216 16 34 1
2 136 591 286 216 16 34 1
2 136 592 286 216 16 34 1
2 136 593 286 216 16 34 1
2 136 594 286 216 16 34 1
2 136 595 284 216 16 34 1
2 136 596 284 216 16 34 1
2 136 597 284 216 16 34 1
2 136 598 284 216 16 34 1
2 136 599 284 216 16 34 1
2 136 600 284 218 16 34 1
2 136 601 282 216 16 36 1
2 136 602 282 216 16 36 1
2 136 603 282 216 16 36 1
2 136 604 282 216 16 36 1
2 136 605 282 216 16 36 1
2 136 606 282 216 16 36 1
2 136 607 282 216 16 36 1
2 136 608 280 216 18 36 1
2 136 609 280 216 16 36 1
2 136 610 280 216 16 36 1
2 136 611 280 216 16 36 1
2 136 612 280 216 16 36 1
2 136 613 280 216 16 36 1
2 136 614 280 216 16 36 1
2 136 615 280 216 16 38 1
2 136 616 279 216 17 38 1
2 136 617 279 216 17 38 1
2 136 618 279 216 16 38 1
2 136 619 279 216 16 38 1
2 136 620 279 216 16 38 1
2 136 621 279 216 16 38 1
2 136 622 279 216 16 38 1
2 136 623 277 216 18 38 1
2 136 624 277 216 18 38 1
2 136 625 277 216 18 38 1
2 136 626 277 216 16 38 1
2 136 627 277 216 16 38 1
2 136 628 277 216 16 38 1
2 136 629 277 216 16 38 1
2 136 630 277 216 16 40 1
2 136 631 275 216 18 40 1
2 136 632 275 216 18 40 1
2 136 633 275 216 18 40 1
2 136 634 275 216 18 40 1
2 136 635 275 216 16 40 1
2 136 636 275 216 16 40 1
2 136 637 275 216 16 40 1
2 136 638 273 216 18 40 1
2 136 639 273 216 18 40 1
2 136 640 273 216 18 40 1
2 136 641 273 216 18 40 1
2 136 642 273 216 18 40 1
2 136 643 273 216 16 40 1
2 136 644 273 216 16 40 1
2 136 645 273 216 16 41 1
2 136 646 272 216 17 41 1
2 136 647 272 216 17 41 1
2 136 648 272 216 17 41 1
2 136 649 272 216 17 41 1
2 136 650 272 216 17 41 1
2 136 651 272 216 17 41 1
2 136 652 272 216 16 41 1
2 136 653 270 216 18 41 1
2 136 654 270 216 18 41 1
2 136 655 270 216 18 41 1
2 136 656 270 216 18 41 1
2 136 657 270 216 18 41 1
2 136 658 270 216 18 41 1
2 136 659 270 216 18 41 1
2 136 660 270 216 18 43 1
2 136 661 270 216 18 43 1
2 136 662 270 216 18 43 1
2 136 663 270 216 18 43 1
2 136 664 270 216 18 43 1
2 136 665 270 216 18 43 1
2 136 666 270 216 18 43 1
2 136 667 270 216 18 43 1
2 136 668 270 216 18 43 1
2 136 669 270 216 18 43 1
2 136 670 270 216 18 43 1
2 136 671 270 216 18 43 1
2 136 672 270 216 18 43 1
2 136 673 270 216 18 43 1
2 136 674 270 216 18 43 1
2 136 675 270 216 18 43 1
2 136 676 270 216 18 43 1
2 136 677 270 216 18 43 1
2 136 678 270 216 18 43 1
2 136 679 270 216 18 43 1
2 136 680 270 216 18 43 1
2 136 681 270 216 18 43 1
2 136 682 270 216 18 43 1
3 683 0 291 250 23 54 1
3 683 1 289 248 23 54 1
3 683 2 289 248 23 54 1
3 683 3 289 248 23 54 1
3 683 4 289 248 23 54 1
3 683 5 289 248 22 54 1
3 683 6 288 248 23 54 1
3 683 7 288 248 23 54 1
3 683 8 288 248 23 54 1
3 683 9 288 248 23 54 1
3 683 10 288 248 21 54 1
3 683 11 286 248 23 54 1
3 683 12 286 248 23 54 1
3 683 13 286 248 23 54 1
3 683 14 286 248 23 54 1
3 683 15 286 248 21 54 1
3 683 16 286 248 21 54 1
3 683 17 284 248 23 52 1
3 683 18 284 248 23 52 1
3 683 19 284 248 23 52 1
3 683 20 284 248 21 52 1
3 683 21 284 248 21 52 1
3 683 22 282 248 23 52 1
3 683 23 282 248 23 52 1
3 683 24 282 248 23 52 1
3 683 25 282 247 22 53 1
3 683 26 282 247 22 53 1
3 683 27 280 247 24 53 1
3 683 28 280 247 24 53 1
3 683 29 280 247 22 53 1
3 683 30 280 247 22 53 1
3 683 31 280 247 22 53 1
3 683 32 280 247 22 53 1
3 683 33 279 247 23 51 1
3 683 34 279 247 21 51 1
3 683 35 279 247 21 51 1
3 683 36 279 247 21 51 1
3 683 37 279 247 21 51 1
3 683 38 277 247 23 51 1
3 683 39 277 247 21 51 1
3 683 40 277 247 21 51 1
3 683 41 277 247 21 51 1
3 683 42 277 247 21 51 1
3 683 43 275 247 23 51 1
3 683 44 275 247 21 51 1
3 683 45 275 247 21 51 1
3 683 46 275 247 21 51 1
3 683 47 275 247 21 51 1
3 683 48 275 247 21 51 1
3 683 49 273 245 22 51 1
3 683 50 273 245 22 51 1
3 683 51 273 245 22 51 1
3 683 52 273 245 22 51 1
3 683 53 273 245 22 51 1
3 683 54 273 245 22 51 1
3 683 55 273 245 22 51 1
3 683 56 273 245 22 51 1
3 683 57 273 245 22 51 1
3 683 58 273 245 22 51 1
3 683 59 273 245 22 51 1
3 683 60 273 245 22 51 1
3 683 61 273 245 22 51 1
3 683 62 273 245 22 51 1
3 683 63 273 245 22 51 1
3 683 64 273 245 22 51 1
3 683 65 273 245 20 51 1
3 683 66 273 245 20 51 1
3 683 67 273 245 20 51 1
3 683 68 273 245 20 51 1
3 683 69 273 245 20 51 1
3 683 70 272 245 21 50 1
3 683 71 272 245 21 50 1
3 683 72 272 245 21 50 1
3 683 73 272 245 21 50 1
3 683 74 272 245 21 50 1
3 683 75 272 245 21 50 1
3 683 76 272 245 21 50 1
3 683 77 272 245 21 50 1
3 683 78 272 245 21 50 1
3 683 79 272 245 21 50 1
3 683 80 272 245 21 50 1
3 683 81 272 245 19 50 1
3 683 82 272 245 19 50 1
3 683 83 272 245 19 50 1
3 683 84 272 245 19 50 1
3 683 85 272 245 19 50 1
3 683 86 272 245 19 50 1
3 683 87 272 245 19 50 1
3 683 88 272 245 19 50 1
3 683 89 272 245 19 50 1
3 683 90 272 245 19 50 1
3 683 91 272 245 19 50 1
3 683 92 270 245 21 48 1
3 683 93 270 245 21 48 1
3 683 94 270 245 21 48 1
3 683 95 270 245 21 48 1
3 683 96 270 245 21 48 1
3 683 97 270 245 19 48 1
3 683 98 270 245 19 48 1
3 683 99 270 245 19 48 1
3 683 100 270 245 19 48 1
3 683 101 270 245 19 48 1
3 683 102 270 245 19 48 1
3 683 103 270 245 19 48 1
3 683 104 270 245 19 48 1
3 683 105 270 245 19 48 1
3 683 106 270 245 19 48 1
3 683 107 270 245 19 48 1
3 683 108 270 245 19 48 1
3 683 109 270 245 19 48 1
3 683 110 270 245 19 48 1
3 683 111 270 245 19 48 1
3 683 112 270 245 19 48 1
3 683 113 270 245 19 48 1
3 683 114 268 243 20 48 1
3 683 115 268 243 20 48 1
3 683 116 268 243 20 48 1
3 683 117 268 243 20 48 1
3 683 118 268 243 20 48 1
3 683 119 268 243 20 48 1
3 683 120 268 243 20 48 1
3 683 121 268 243 20 48 1
3 683 122 268 243 20 48 1
3 683 123 266 243 20 48 1
3 683 124 266 243 20 48 1
3 683 125 266 243 20 48 1
3 683 126 266 243 20 48 1
3 683 127 266 243 20 46 1
3 683 128 266 243 20 46 1
3 683 129 266 243 20 46 1
3 683 130 266 243 20 46 1
3 683 131 266 243 20 46 1
3 683 132 266 243 20 46 1
3 683 133 264 241 20 48 1
3 683 134 264 241 20 48 1
3 683 135 264 241 20 48 1
3 683 136 264 241 20 48 1
3 683 137 264 241 20 48 1
3 683 138 264 241 20 48 1
3 683 139 264 241 20 48 1
3 683 140 264 241 20 47 1
3 683 141 264 241 20 47 1
3 683 142 264 241 20 47 1
3 683 143 263 241 19 47 1
3 683 144 263 241 19 47 1
3 683 145 263 241 19 47 1
3 683 146 263 241 19 47 1
3 683 147 263 241 19 47 1
3 683 148 263 241 19 47 1
3 683 149 263 241 19 47 1
3 683 150 263 241 19 47 1
3 683 151 263 241 19 47 1
3 683 152 263 241 19 47 1
3 683 153 261 240 19 46 1
3 683 154 261 240 19 46 1
3 683 155 261 240 19 46 1
3 683 156 261 240 19 46 1
3 683 157 261 240 19 46 1
3 683 158 261 240 19 46 1
3 683 159 259 240 20 46 1
3 683 160 259 240 20 46 1
3 683 161 259 240 20 46 1
3 683 162 259 240 20 46 1
3 683 163 259 240 20 46 1
3 683 164 259 240 20 46 1
3 683 165 259 240 18 46 1
3 683 166 257 240 20 46 1
3 683 167 257 240 20 46 1
3 683 168 257 240 20 46 1
3 683 169 257 240 20 46 1
3 683 170 257 240 20 46 1
3 683 171 257 240 18 46 1
3 683 172 257 240 18 46 1
3 683 173 256 240 19 46 1
3 683 174 256 240 19 46 1
3 683 175 256 240 19 46 1
3 683 176 256 240 19 46 1
3 683 177 256 240 17 46 1
3 683 178 256 240 17 46 1
3 683 179 254 240 19 46 1
3 683 180 254 240 19 46 1
3 683 181 254 240 19 46 1
3 683 182 254 240 19 46 1
3 683 183 254 240 18 44 1
3 683 184 254 240 18 44 1
3 683 185 254 240 18 44 1
3 683 186 252 240 20 44 1
3 683 187 252 240 20 44 1
3 683 188 252 240 20 44 1
3 683 189 252 240 18 44 1
3 683 190 252 240 18 44 1
3 683 191 252 240 18 44 1
3 683 192 252 240 18 44 1
3 683 193 250 240 20 44 1
3 683 194 250 240 20 44 1
3 683 195 250 240 18 44 1
3 683 196 250 240 18 44 1
3 683 197 250 240 18 44 1
3 683 198 250 240 18 44 1
3 683 199 248 240 20 44 1
3 683 200 248 240 20 44 1
3 683 201 248 240 18 44 1
3 683 202 248 240 18 44 1
3 683 203 248 240 18 44 1
3 683 204 248 240 18 44 1
3 683 205 248 240 18 44 1
3 683 206 247 240 19 44 1
3 683 207 247 240 17 44 1
3 683 208 247 240 17 44 1
3 683 209 247 240 17 44 1
3 683 210 247 240 17 44 1
3 683 211 247 240 17 44 1
3 683 212 247 240 17 44 1
3 683 213 245 240 18 42 1
3 683 214 245 240 18 42 1
3 683 215 245 240 18 42 1
3 683 216 245 240 18 42 1
3 683 217 245 240 18 42 1
3 683 218 245 240 18 42 1
3 683 219 245 240 18 42 1
3 683 220 245 240 18 42 1
3 683 221 243 240 18 42 1
3 683 222 243 240 18 42 1
3 683 223 243 240 18 42 1
3 683 224 243 240 18 42 1
3 683 225 243 240 18 42 1
3 683 226 243 240 18 42 1
3 683 227 243 240 18 42 1
3 683 228 243 240 18 42 1
3 683 229 243 240 18 42 1
3 683 230 241 240 18 42 1
3 683 231 241 240 18 42 1
3 683 232 241 240 18 42 1
3 683 233 241 240 18 42 1
3 683 234 241 240 18 42 1
3 683 235 241 240 18 42 1
3 683 236 241 240 18 42 1
3 683 237 241 240 18 42 1
3 683 238 241 240 18 42 1
3 683 239 240 238 17 42 1
3 683 240 240 238 17 42 1
3 683 241 240 238 17 42 1
3 683 242 240 238 17 42 1
3 683 243 240 238 17 42 1
3 683 244 240 238 17 42 1
3 683 245 240 238 17 42 1
3 683 246 240 238 17 42 1
3 683 247 240 238 17 42 1
3 683 248 240 238 17 42 1
3 683 249 240 238 17 42 1
3 683 250 240 238 17 42 1
3 683 251 240 238 17 42 1
3 683 252 240 238 17 42 1
3 683 253 240 238 16 42 1
3 683 254 240 238 16 42 1
3 683 255 240 238 16 42 1
3 683 256 240 238 16 42 1
3 683 257 240 238 16 42 1
3 683 258 238 238 18 42 1
3 683 259 238 238 18 42 1
3 683 260 238 238 18 42 1
3 683 261 238 238 18 42 1
3 683 262 238 238 18 42 1
3 683 263 238 238 18 42 1
3 683 264 238 238 18 42 1
3 683 265 238 238 18 42 1
3 683 266 238 238 18 42 1
3 683 267 238 238 16 41 1
3 683 268 238 238 16 41 1
3 683 269 238 238 16 41 1
3 683 270 238 238 16 41 1
3 683 271 238 238 16 41 1
3 683 272 238 238 16 41 1
3 683 273 238 238 16 41 1
3 683 274 238 238 16 41 1
3 683 275 238 238 16 41 1
3 683 276 238 238 16 41 1
3 683 277 236 238 18 41 1
3 683 278 236 238 18 41 1
3 683 279 236 238 18 41 1
3 683 280 236 238 18 41 1
3 683 281 236 238 16 41 1
3 683 282 236 238 16 41 1
3 683 283 236 238 16 41 1
3 683 284 236 238 16 41 1
3 683 285 236 238 16 41 1
3 683 286 236 238 16 41 1
3 683 287 236 238 16 41 1
3 683 288 236 238 16 41 1
3 683 289 236 238 16 41 1
3 683 290 236 238 16 41 1
3 683 291 236 238 16 41 1
3 683 292 236 238 16 41 1
3 683 293 236 238 16 41 1
3 683 294 236 238 16 41 1
3 683 295 236 238 16 41 1
3 683 296 236 238 16 41 1
3 683 297 236 238 16 41 1
3 683 298 234 236 16 41 1
3 683 299 234 236 16 41 1
3 683 300 234 236 16 41 1
3 683 301 232 234 16 41 1
3 683 302 232 234 16 41 1
3 683 303 232 234 16 41 1
3 683 304 232 234 16 41 1
3 683 305 232 234 16 41 1
3 683 306 232 234 16 41 1
3 683 307 232 234 16 41 1
3 683 308 232 234 16 41 1
3 683 309 232 234 16 41 1
3 683 310 231 234 17 41 1
3 683 311 231 234 17 41 1
3 683 312 231 234 17 41 1
3 683 313 231 234 16 41 1
3 683 314 231 234 16 41 1
3 683 315 231 234 16 41 1
3 683 316 231 234 16 41 1
3 683 317 231 234 16 41 1
3 683 318 231 234 16 41 1
3 683 319 231 234 16 41 1
3 683 320 229 234 18 41 1
3 683 321 229 234 18 41 1
3 683 322 229 234 18 41 1
3 683 323 229 234 18 41 1
3 683 324 229 234 18 41 1
3 683 325 229 234 18 41 1
3 683 326 229 234 16 41 1
3 683 327 229 234 16 41 1
3 683 328 229 234 16 41 1
3 683 329 227 234 18 41 1
3 683 330 227 234 18 41 1
3 683 331 227 234 18 39 1
3 683 332 227 234 18 39 1
3 683 333 227 234 18 39 1
3 683 334 227 234 18 39 1
3 683 335 227 234 18 39 1
3 683 336 227 234 18 39 1
3 683 337 227 234 18 39 1
3 683 338 227 234 18 39 1
3 683 339 225 232 18 41 1
3 683 340 225 232 18 41 1
3 683 341 225 232 18 41 1
3 683 342 225 232 18 41 1
3 683 343 225 232 18 41 1
3 683 344 225 232 18 41 1
3 683 345 225 232 18 41 1
3 683 346 225 232 18 41 1
3 683 347 225 232 18 41 1
3 683 348 224 232 19 41 1
3 683 349 224 232 19 41 1
3 683 350 224 232 19 41 1
3 683 351 224 232 19 41 1
3 683 352 224 232 17 41 1
3 683 353 224 232 17 41 1
3 683 354 224 232 17 41 1
3 683 355 224 232 17 41 1
3 683 356 224 232 17 41 1
3 683 357 224 232 17 41 1
3 683 358 222 232 19 41 1
3 683 359 222 232 19 41 1
3 683 360 222 232 19 41 1
3 683 361 222 232 19 41 1
3 683 362 222 232 19 40 1
3 683 363 222 232 19 40 1
3 683 364 222 232 18 40 1
3 683 365 222 232 18 40 1
3 683 366 222 232 18 40 1
3 683 367 220 232 20 40 1
3 683 368 220 232 20 40 1
3 683 369 220 232 20 40 1
3 683 370 220 232 20 40 1
3 683 371 220 232 20 40 1
3 683 372 220 232 20 40 1
3 683 373 220 232 20 40 1
3 683 374 220 232 20 40 1
3 683 375 220 232 20 40 1
3 683 376 220 232 20 40 1
3 683 377 218 231 20 41 1
3 683 378 218 231 20 41 1
3 683 379 218 231 20 41 1
3 683 380 218 231 20 41 1
3 683 381 218 231 20 41 1
3 683 382 218 231 20 41 1
3 683 383 218 231 20 41 1
3 683 384 218 231 20 41 1
3 683 385 218 231 20 41 1
3 683 386 218 231 20 41 1
3 683 387 216 231 22 41 1
3 683 388 216 231 22 41 1
3 683 389 216 231 22 41 1
3 683 390 216 231 20 41 1
3 683 391 216 231 20 41 1
3 683 392 216 231 20 39 1
3 683 393 216 231 20 39 1
3 683 394 216 231 20 39 1
3 683 395 216 231 20 39 1
3 683 396 215 231 21 39 1
3 683 397 215 231 21 39 1
3 683 398 215 231 21 39 1
3 683 399 215 231 21 39 1
3 683 400 215 231 21 39 1
3 683 401 215 231 21 39 1
3 683 402 215 231 21 39 1
3 683 403 215 231 19 39 1
3 683 404 215 231 19 39 1
3 683 405 215 231 19 39 1
3 683 406 213 231 21 39 1
3 683 407 213 231 21 39 1
3 683 408 213 231 21 39 1
3 683 409 213 231 21 39 1
3 683 410 213 231 21 39 1
3 683 411 213 231 21 39 1
3 683 412 213 231 21 39 1
3 683 413 213 231 21 39 1
3 683 414 213 231 21 39 1
3 683 415 211 229 21 41 1
3 683 416 211 229 21 41 1
3 683 417 211 229 21 41 1
3 683 418 211 229 21 41 1
3 683 419 211 229 21 41 1
3 683 420 211 229 21 41 1
3 683 421 211 229 21 41 1
3 683 422 211 229 21 41 1
3 683 423 211 229 21 39 1
3 683 424 211 229 21 39 1
3 683 425 209 229 23 39 1
3 683 426 209 229 23 39 1
3 683 427 209 229 23 39 1
3 683 428 209 229 22 39 1
3 683 429 209 229 22 39 1
3 683 430 209 229 22 39 1
3 683 431 209 229 22 39 1
3 683 432 209 229 22 39 1
3 683 433 209 229 22 39 1
3 683 434 208 229 23 39 1
3 683 435 208 229 23 39 1
3 683 436 208 229 23 39 1
3 683 437 208 229 23 39 1
3 683 438 208 229 23 39 1
3 683 439 208 229 23 39 1
3 683 440 208 229 23 39 1
3 683 441 208 229 21 39 1
3 683 442 208 229 21 39 1
3 683 443 208 229 21 39 1
3 683 444 206 229 23 39 1
3 683 445 206 229 23 39 1
3 683 446 206 229 23 39 1
3 683 447 206 229 23 39 1
3 683 448 206 229 23 39 1
3 683 449 206 229 23 39 1
3 683 450 206 229 23 39 1
3 683 451 206 229 23 39 1
3 683 452 206 229 23 39 1
3 683 453 206 229 23 39 1
3 683 454 204 227 23 39 1
3 683 455 204 227 23 39 1
3 683 456 204 227 23 39 1
3 683 457 204 227 23 39 1
3 683 458 204 227 23 39 1
3 683 459 204 227 23 39 1
3 683 460 204 227 23 39 1
3 683 461 204 227 23 39 1
3 683 462 204 227 23 39 1
3 683 463 204 227 23 39 1
3 683 464 204 227 23 39 1
3 683 465 204 227 23 39 1
3 683 466 204 227 23 39 1
3 683 467 204 227 23 39 1
3 683 468 204 227 23 39 1
3 683 469 204 227 23 39 1
3 683 470 204 227 23 39 1
3 683 471 204 227 23 39 1
3 683 472 204 227 21 39 1
3 683 473 204 227 21 39 1
3 683 474 204 227 21 39 1
3 683 475 204 227 21 39 1
3 683 476 204 227 21 39 1
3 683 477 204 227 21 39 1
3 683 478 202 227 23 39 1
3 683 479 202 227 23 39 1
3 683 480 202 227 23 39 1
3 683 481 202 227 23 39 1
3 683 482 202 227 23 39 1
3 683 483 202 227 23 39 1
3 683 484 202 227 23 39 1
3 683 485 202 227 23 39 1
3 683 486 202 227 23 39 1
3 683 487 202 227 23 39 1
3 683 488 202 227 23 39 1
3 683 489 202 227 23 39 1
3 683 490 202 227 22 37 1
3 683 491 202 227 22 37 1
3 683 492 202 227 22 37 1
3 683 493 202 227 22 37 1
3 683 494 202 227 22 37 1
3 683 495 202 227 22 37 1
3 683 496 202 227 22 37 1
3 683 497 202 227 22 37 1
3 683 498 202 227 22 37 1
3 683 499 202 227 22 37 1
3 683 500 202 227 22 37 1
3 683 501 202 227 22 37 1
3 683 502 202 227 22 37 1
3 683 503 200 225 24 39 1
3 683 504 200 225 24 39 1
3 683 505 200 225 24 39 1
3 683 506 200 225 24 39 1
3 683 507 200 225 24 39 1
3 683 508 200 225 24 39 1
3 683 509 200 225 22 39 1
3 683 510 200 225 22 39 1
3 683 511 200 225 22 39 1
3 683 512 200 225 22 39 1
3 683 513 200 225 22 39 1
3 683 514 200 225 22 39 1
3 683 515 200 225 22 39 1
3 683 516 200 225 22 39 1
3 683 517 200 225 22 39 1
3 683 518 200 225 22 39 1
3 683 519 200 225 22 39 1
3 683 520 200 225 22 39 1
3 683 521 200 225 22 39 1
3 683 522 200 225 22 39 1
3 683 523 200 225 22 39 1
3 683 524 200 225 22 39 1
3 683 525 200 225 22 39 1
3 683 526 200 225 22 39 1
3 683 527 199 225 21 38 1
3 683 528 199 225 21 38 1
3 683 529 199 225 21 38 1
3 683 530 199 225 21 38 1
3 683 531 199 225 21 38 1
3 683 532 199 225 21 38 1
3 683 533 199 225 21 38 1
3 683 534 199 225 21 38 1
3 683 535 199 225 21 38 1
3 683 536 199 225 21 38 1
3 683 537 199 225 21 38 1
3 683 538 199 225 21 38 1
3 683 539 199 225 21 38 1
3 683 540 199 225 21 38 1
3 683 541 199 225 21 38 1
3 683 542 199 225 21 38 1
3 683 543 199 225 21 38 1
3 683 544 199 225 21 38 1
3 683 545 199 225 19 38 1
3 683 546 199 225 19 38 1
3 683 547 199 225 19 38 1
3 683 548 199 225 19 38 1
3 683 549 199 225 19 38 1
3 683 550 199 225 19 38 1
3 683 551 199 225 19 38 1
3 683 552 197 224 21 39 1
3 683 553 197 224 21 39 1
3 683 554 197 224 21 39 1
3 683 555 197 224 21 39 1
3 683 556 197 224 21 39 1
3 683 557 197 224 21 39 1
3 683 558 197 224 21 39 1
3 683 559 197 224 21 39 1
3 683 560 197 224 21 39 1
3 683 561 197 224 21 39 1
3 683 562 197 224 21 39 1
3 683 563 197 224 21 39 1
3 683 564 197 224 19 37 1
3 683 565 197 224 19 37 1
3 683 566 197 224 19 37 1
3 683 567 197 224 19 37 1
3 683 568 197 224 19 37 1
3 683 569 197 224 19 37 1
3 683 570 197 224 19 37 1
3 683 571 197 224 19 37 1
3 683 572 197 224 19 37 1
3 683 573 197 224 19 37 1
3 683 574 197 224 19 37 1
3 683 575 197 224 19 37 1
3 683 576 195 224 21 37 1
3 683 577 195 224 21 37 1
3 683 578 195 224 21 37 1
3 683 579 195 224 21 37 1
3 683 580 195 224 21 37 1
3 683 581 195 224 21 37 1
3 683 582 195 224 20 37 1
3 683 583 195 224 20 37 1
3 683 584 195 224 20 37 1
3 683 585 195 224 20 37 1
3 683 586 195 224 20 37 1
3 683 587 195 224 20 37 1
3 683 588 195 224 20 37 1
3 683 589 195 224 20 37 1
3 683 590 195 224 20 37 1
3 683 591 195 224 20 37 1
3 683 592 195 224 20 37 1
3 683 593 195 224 20 37 1
3 683 594 195 224 20 37 1
3 683 595 195 224 20 37 1
3 683 596 195 224 20 37 1
3 683 597 195 224 20 37 1
3 683 598 195 224 20 37 1
3 683 599 195 224 20 37 1
3 683 600 195 224 20 37 1
3 683 601 193 224 20 37 1
3 683 602 193 224 20 37 1
3 683 603 193 224 20 37 1
3 683 604 193 224 20 37 1
3 683 605 193 224 20 37 1
3 683 606 193 224 20 37 1
3 683 607 193 224 20 37 1
3 683 608 193 224 20 37 1
3 683 609 193 224 20 37 1
3 683 610 193 224 20 37 1
3 683 611 193 224 20 37 1
3 683 612 193 224 20 37 1
3 683 613 193 224 20 37 1
3 683 614 193 224 20 37 1
3 683 615 193 224 20 37 1
3 683 616 193 224 20 37 1
3 683 617 193 224 20 37 1
3 683 618 192 224 21 37 1
3 683 619 192 224 21 37 1
3 683 620 192 224 21 37 1
3 683 621 192 224 21 37 1
3 683 622 192 224 21 37 1
3 683 623 192 224 21 37 1
3 683 624 192 224 19 37 1
3 683 625 192 224 19 37 1
3 683 626 192 224 19 37 1
3 683 627 192 224 19 37 1
3 683 628 192 224 19 37 1
3 683 629 192 224 19 37 1
3 683 630 192 224 19 37 1
3 683 631 192 224 19 37 1
3 683 632 192 224 19 37 1
3 683 633 192 224 19 37 1
3 683 634 192 224 19 37 1
3 683 635 192 224 19 39 1
3 683 636 190 224 21 39 1
3 683 637 190 224 21 39 1
3 683 638 190 224 21 39 1
3 683 639 190 224 21 39 1
3 683 640 190 224 21 39 1
3 683 641 190 224 21 39 1
3 683 642 190 224 21 39 1
3 683 643 190 224 21 39 1
3 683 644 190 224 21 39 1
3 683 645 190 224 21 39 1
3 683 646 190 224 21 39 1
3 683 647 190 224 19 39 1
3 683 648 190 224 19 39 1
3 683 649 190 224 19 39 1
3 683 650 190 224 19 39 1
3 683 651 190 224 19 39 1
3 683 652 190 224 19 39 1
3 683 653 188 224 21 39 1
3 683 654 188 224 21 39 1
3 683 655 188 224 21 39 1
3 683 656 188 224 21 39 1
3 683 657 188 224 21 39 1
3 683 658 188 224 21 39 1
3 683 659 188 224 21 39 1
3 683 660 188 224 21 39 1
3 683 661 188 224 21 39 1
3 683 662 188 224 21 39 1
3 683 663 188 224 21 39 1
3 683 664 188 224 21 39 1
3 683 665 188 224 21 39 1
3 683 666 188 224 21 39 1
3 683 667 188 224 21 39 1
3 683 668 188 224 21 39 1
3 683 669 188 224 21 39 1
3 683 670 188 224 21 40 1
3 683 671 188 224 21 40 1
3 683 672 188 224 21 40 1
3 683 673 188 224 21 40 1
3 683 674 188 224 21 40 1
3 683 675 188 224 21 40 1
3 683 676 188 224 21 40 1
3 683 677 188 224 21 40 1
3 683 678 188 224 21 40 1
3 683 679 188 224 21 40 1
3 683 680 188 224 21 40 1
3 683 681 188 224 21 40 1
3 683 682 188 224 21 40 1
4 403 0 213 232 16 36 1
4 403 1 213 232 16 36 1
4 403 2 213 232 16 36 1
4 403 3 213 232 16 36 1
4 403 4 213 232 16 36 1
4 403 5 213 232 16 36 1
4 403 6 213 232 16 36 1
4 403 7 213 232 16 36 1
4 403 8 213 232 16 36 1
4 403 9 213 232 16 36 1
4 403 10 215 232 16 36 1
4 403 11 215 232 16 36 1
4 403 12 215 232 16 36 1
4 403 13 215 232 16 36 1
4 403 14 215 232 16 36 1
4 403 15 215 232 16 36 1
4 403 16 215 232 16 36 1
4 403 17 215 232 16 36 1
4 403 18 215 232 16 36 1
4 403 19 215 232 16 36 1
4 403 20 216 232 16 36 1
4 403 21 216 232 16 36 1
4 403 22 216 232 16 36 1
4 403 23 216 232 16 36 1
4 403 24 216 232 16 36 1
4 403 25 216 232 16 36 1
4 403 26 216 232 16 36 1
4 403 27 216 232 16 36 1
4 403 28 216 232 16 36 1
4 403 29 216 232 16 36 1
4 403 30 218 232 16 36 1
4 403 31 218 232 16 36 1
4 403 32 218 232 16 36 1
4 403 33 218 232 16 36 1
4 403 34 218 232 16 36 1
4 403 35 218 232 16 36 1
4 403 36 218 232 16 36 1
4 403 37 218 232 16 36 1
4 403 38 218 232 16 36 1
4 403 39 218 232 16 36 1
4 403 40 220 232 16 36 1
4 403 41 220 232 16 36 1
4 403 42 220 232 16 36 1
4 403 43 220 232 16 36 1
4 403 44 220 232 16 36 1
4 403 45 220 232 16 36 1
4 403 46 220 232 16 36 1
4 403 47 220 232 16 36 1
4 403 48 220 232 16 36 1
4 403 49 220 232 16 36 1
4 403 50 222 234 16 36 1
4 403 51 220 234 16 36 1
4 403 52 220 234 16 36 1
4 403 53 220 234 16 36 1
4 403 54 220 234 16 36 1
4 403 55 220 234 16 36 1
4 403 56 220 234 16 36 1
4 403 57 220 234 16 36 1
4 403 58 220 234 16 36 1
4 403 59 220 234 16 36 1
4 403 60 220 234 16 36 1
4 403 61 220 234 16 36 1
4 403 62 220 234 16 36 1
4 403 63 220 234 16 36 1
4 403 64 220 234 16 36 1
4 403 65 220 234 16 36 1
4 403 66 220 234 16 36 1
4 403 67 220 234 16 36 1
4 403 68 220 234 16 36 1
4 403 69 220 234 16 36 1
4 403 70 218 234 16 36 1
4 403 71 218 234 16 36 1
4 403 72 218 234 16 36 1
4 403 73 218 234 16 36 1
4 403 74 218 234 16 36 1
4 403 75 218 234 16 36 1
4 403 76 218 234 16 36 1
4 403 77 218 234 16 36 1
4 403 78 218 234 16 36 1
4 403 79 218 234 16 36 1
4 403 80 218 234 16 36 1
4 403 81 218 234 16 36 1
4 403 82 218 234 16 36 1
4 403 83 218 234 16 36 1
4 403 84 218 234 16 36 1
4 403 85 218 234 16 36 1
4 403 86 218 234 16 36 1
4 403 87 218 234 16 36 1
4 403 88 218 234 16 36 1
4 403 89 216 234 16 36 1
4 403 90 216 234 16 36 1
4 403 91 216 234 16 36 1
4 403 92 216 234 16 36 1
4 403 93 216 234 16 36 1
4 403 94 216 234 16 36 1
4 403 95 216 234 16 36 1
4 403 96 216 234 16 36 1
4 403 97 216 234 16 36 1
4 403 98 216 234 16 36 1
4 403 99 216 234 16 36 1
4 403 100 216 234 16 36 1
4 403 101 216 234 16 36 1
4 403 102 216 234 16 36 1
4 403 103 216 234 16 36 1
4 403 104 216 234 16 36 1
4 403 105 216 234 16 36 1
4 403 106 216 234 16 36 1
4 403 107 216 236 16 36 1
4 403 108 215 236 16 36 1
4 403 109 215 236 16 36 1
4 403 110 215 236 16 36 1
4 403 111 215 236 16 36 1
4 403 112 215 236 16 36 1
4 403 113 213 236 16 36 1
4 403 114 213 236 16 36 1
4 403 115 213 236 16 36 1
4 403 116 213 236 16 36 1
4 403 117 213 236 16 36 1
4 403 118 211 236 16 36 1
4 403 119 211 236 16 36 1
4 403 120 209 236 18 36 1
4 403 121 209 236 16 36 1
4 403 122 209 236 16 36 1
4 403 123 208 236 17 36 1
4 403 124 208 236 17 36 1
4 403 125 208 236 16 36 1
4 403 126 206 236 18 36 1
4 403 127 206 236 18 36 1
4 403 128 204 236 18 36 1
4 403 129 204 236 18 36 1
4 403 130 204 236 18 36 1
4 403 131 202 236 20 36 1
4 403 132 202 236 18 36 1
4 403 133 202 236 18 36 1
4 403 134 200 236 20 36 1
4 403 135 200 236 20 36 1
4 403 136 199 236 19 36 1
4 403 137 199 236 19 36 1
4 403 138 199 236 19 36 1
4 403 139 197 236 19 36 1
4 403 140 197 236 19 36 1
4 403 141 197 236 19 36 1
4 403 142 195 236 21 36 1
4 403 143 195 236 20 36 1
4 403 144 193 236 22 36 1
4 403 145 193 236 22 36 1
4 403 146 193 236 22 36 1
4 403 147 192 236 21 36 1
4 403 148 192 236 21 36 1
4 403 149 192 236 21 36 1
4 403 150 190 236 21 36 1
4 403 151 190 236 21 36 1
4 403 152 188 236 23 36 1
4 403 153 188 236 23 36 1
4 403 154 188 236 21 36 1
4 403 155 186 236 23 36 1
4 403 156 186 236 23 36 1
4 403 157 186 236 23 37 1
4 403 158 186 236 23 41 1
4 403 159 184 236 24 41 1
4 403 160 183 236 23 41 1
4 403 161 183 236 23 41 1
4 403 162 181 238 25 39 1
4 403 163 181 238 23 39 1
4 403 164 179 238 25 39 1
4 403 165 179 240 25 39 1
4 403 166 177 240 25 39 1
4 403 167 177 240 25 39 1
4 403 168 176 240 24 39 1
4 403 169 176 240 24 39 1
4 403 170 174 240 25 39 1
4 403 171 174 240 25 39 1
4 403 172 172 240 25 39 1
4 403 173 172 241 25 38 1
4 403 174 170 241 25 38 1
4 403 175 170 241 25 38 1
4 403 176 170 241 25 38 1
4 403 177 168 241 25 38 1
4 403 178 168 241 25 38 1
4 403 179 168 241 25 38 1
4 403 180 167 241 25 38 1
4 403 181 167 241 25 38 1
4 403 182 167 241 25 39 1
4 403 183 167 241 23 41 1
4 403 184 165 241 23 39 1
4 403 185 163 241 23 39 1
4 403 186 163 241 23 39 1
4 403 187 161 241 23 39 1
4 403 188 161 241 23 39 1
4 403 189 160 241 23 39 1
4 403 190 160 241 23 39 1
4 403 191 160 241 23 39 1
4 403 192 158 241 23 39 1
4 403 193 158 241 23 39 1
4 403 194 158 241 23 39 1
4 403 195 156 241 23 39 1
4 403 196 156 241 23 39 1
4 403 197 156 241 23 41 1
4 403 198 154 241 23 41 1
4 403 199 154 241 23 41 1
4 403 200 152 241 24 41 1
4 403 201 152 241 24 41 1
4 403 202 152 241 24 41 1
4 403 203 151 241 23 41 1
4 403 204 151 241 23 41 1
4 403 205 149 241 23 41 1
4 403 206 149 241 23 41 1
4 403 207 149 241 23 41 1
4 403 208 147 241 23 41 1
4 403 209 147 241 23 41 1
4 403 210 145 241 23 41 1
4 403 211 145 241 23 41 1
4 403 212 145 241 23 41 1
4 403 213 144 241 23 41 1
4 403 214 144 241 23 41 1
4 403 215 142 241 23 41 1
4 403 216 142 241 23 41 1
4 403 217 142 241 23 41 1
4 403 218 140 241 23 41 1
4 403 219 140 241 23 41 1
4 403 220 138 241 23 41 1
4 403 221 138 241 23 41 1
4 403 222 138 241 23 41 1
4 403 223 136 241 24 41 1
4 403 224 136 241 24 41 1
4 403 225 136 241 24 41 1
4 403 226 135 241 23 41 1
4 403 227 135 241 23 41 1
4 403 228 133 241 23 41 1
4 403 229 133 241 23 41 1
4 403 230 133 241 23 41 1
4 403 231 131 241 23 41 1
4 403 232 131 241 23 41 1
4 403 233 129 241 23 41 1
4 403 234 129 241 23 41 1
4 403 235 129 241 23 41 1
4 403 236 128 241 23 41 1
4 403 237 128 241 23 41 1
4 403 238 126 241 23 41 1
4 403 239 126 241 23 41 1
4 403 240 126 241 23 41 1
4 403 241 124 241 23 41 1
4 403 242 124 241 23 41 1
4 403 243 122 241 23 41 1
4 403 244 122 241 23 41 1
4 403 245 122 241 23 41 1
4 403 246 120 241 24 41 1
4 403 247 120 241 24 41 1
4 403 248 119 241 23 41 1
4 403 249 119 241 23 41 1
4 403 250 119 241 23 41 1
4 403 251 117 241 23 41 1
4 403 252 117 241 23 41 1
4 403 253 117 243 23 41 1
4 403 254 115 243 23 41 1
4 403 255 115 243 23 41 1
4 403 256 113 243 23 41 1
4 403 257 113 243 23 41 1
4 403 258 112 243 23 41 1
4 403 259 112 243 23 41 1
4 403 260 112 243 23 41 1
4 403 261 110 243 23 41 1
4 403 262 110 243 23 41 1
4 403 263 108 243 23 41 1
4 403 264 108 243 23 41 1
4 403 265 106 243 23 41 1
4 403 266 106 243 23 41 1
4 403 267 106 243 23 41 1
4 403 268 104 243 24 41 1
4 403 269 104 243 24 41 1
4 403 270 103 243 23 41 1
4 403 271 103 243 23 41 1
4 403 272 101 243 23 41 1
4 403 273 101 243 23 41 1
4 403 274 101 243 23 41 1
4 403 275 99 243 23 41 1
4 403 276 99 243 23 41 1
4 403 277 97 243 23 41 1
4 403 278 97 243 23 41 1
4 403 279 96 243 23 41 1
4 403 280 96 243 23 41 1
4 403 281 96 243 23 41 1
4 403 282 94 243 23 41 1
4 403 283 94 243 23 41 1
4 403 284 92 243 23 41 1
4 403 285 92 243 23 41 1
4 403 286 92 245 23 41 1
4 403 287 90 245 23 41 1
4 403 288 90 245 23 41 1
4 403 289 90 245 23 41 1
4 403 290 90 245 23 41 1
4 403 291 88 245 24 41 1
4 403 292 88 245 24 41 1
4 403 293 88 245 24 41 1
4 403 294 88 245 24 41 1
4 403 295 88 245 24 41 1
4 403 296 87 245 23 41 1
4 403 297 87 245 23 41 1
4 403 298 87 245 23 41 1
4 403 299 87 245 23 41 1
4 403 300 87 245 23 41 1
4 403 301 85 245 23 41 1
4 403 302 85 245 23 41 1
4 403 303 85 245 23 41 1
4 403 304 85 245 23 41 1
4 403 305 85 245 21 41 1
4 403 306 83 245 23 41 1
4 403 307 83 245 23 41 1
4 403 308 83 245 23 41 1
4 403 309 83 245 23 41 1
4 403 310 83 245 21 41 1
4 403 311 81 245 23 41 1
4 403 312 81 245 23 43 1
4 403 313 81 245 23 43 1
4 403 314 81 245 22 43 1
4 403 315 81 245 22 43 1
4 403 316 80 245 23 43 1
4 403 317 80 245 23 43 1
4 403 318 80 245 23 43 1
4 403 319 80 245 21 43 1
4 403 320 80 245 21 43 1
4 403 321 78 245 23 43 1
4 403 322 78 245 23 43 1
4 403 323 78 245 21 43 1
4 403 324 78 245 21 44 1
4 403 325 78 245 21 44 1
4 403 326 76 245 23 44 1
4 403 327 76 245 23 44 1
4 403 328 76 245 21 44 1
4 403 329 76 245 21 44 1
4 403 330 76 245 21 44 1
4 403 331 74 245 23 44 1
4 403 332 74 245 22 44 1
4 403 333 74 245 22 44 1
4 403 334 74 245 22 44 1
4 403 335 74 245 22 44 1
4 403 336 74 247 22 44 1
4 403 337 72 247 22 44 1
4 403 338 72 247 22 44 1
4 403 339 72 247 22 44 1
4 403 340 72 247 22 44 1
4 403 341 72 247 22 44 1
4 403 342 71 247 21 44 1
4 403 343 71 247 21 44 1
4 403 344 71 247 21 44 1
4 403 345 71 247 21 44 1
4 403 346 71 248 21 45 1
4 403 347 69 248 21 45 1
4 403 348 69 248 21 45 1
4 403 349 69 250 21 43 1
4 403 350 69 252 21 41 1
4 403 351 69 254 21 41 1
4 403 352 67 252 21 41 1
4 403 353 65 252 22 41 1
4 403 354 64 250 21 43 1
4 403 355 62 250 21 43 1
4 403 356 62 250 21 43 1
4 403 357 60 248 21 45 1
4 403 358 58 248 22 45 1
4 403 359 56 248 22 45 1
4 403 360 56 248 22 45 1
4 403 361 55 248 21 45 1
4 403 362 53 248 21 45 1
4 403 363 53 248 21 45 1
4 403 364 51 247 21 44 1
4 403 365 51 247 21 44 1
4 403 366 49 247 22 44 1
4 403 367 49 247 22 44 1
4 403 368 49 247 22 44 1
4 403 369 48 247 21 44 1
4 403 370 48 247 21 44 1
4 403 371 48 247 21 44 1
4 403 372 46 247 21 44 1
4 403 373 46 247 21 44 1
4 403 374 46 247 21 44 1
4 403 375 44 247 21 44 1
4 403 376 44 247 21 44 1
4 403 377 44 247 21 44 1
4 403 378 42 247 22 44 1
4 403 379 42 247 22 44 1
4 403 380 42 247 22 44 1
4 403 381 40 247 22 44 1
4 403 382 40 247 22 44 1
4 403 383 40 247 22 44 1
4 403 384 39 247 21 44 1
4 403 385 39 247 21 44 1
4 403 386 39 247 21 44 1
4 403 387 39 247 21 44 1
4 403 388 39 247 21 44 1
4 403 389 39 247 21 44 1
4 403 390 39 247 21 44 1
4 403 391 39 247 21 44 1
4 403 392 39 247 21 44 1
4 403 393 39 247 21 44 1
4 403 394 39 247 21 44 1
4 403 395 39 247 21 44 1
4 403 396 39 247 21 44 1
4 403 397 39 247 21 44 1
4 403 398 39 247 21 44 1
4 403 399 39 247 21 44 1
4 403 400 39 247 21 44 1
4 403 401 39 247 21 44 1
4 403 402 39 247 21 44 1
5 382 0 279 250 19 46 1
5 382 1 279 248 19 47 1
5 382 2 279 248 19 47 1
5 382 3 280 248 20 47 1
5 382 4 280 248 20 47 1
5 382 5 280 248 20 47 1
5 382 6 282 248 20 47 1
5 382 7 282 248 20 47 1
5 382 8 284 248 20 47 1
5 382 9 284 248 20 47 1
5 382 10 284 248 20 47 1
5 382 11 286 248 19 47 1
5 382 12 286 248 19 47 1
5 382 13 288 247 19 46 1
5 382 14 288 247 19 46 1
5 382 15 288 247 19 46 1
5 382 16 289 247 20 46 1
5 382 17 289 247 20 46 1
5 382 18 291 247 20 46 1
5 382 19 291 247 20 46 1
5 382 20 291 247 20 46 1
5 382 21 293 247 19 46 1
5 382 22 293 247 19 46 1
5 382 23 295 247 19 46 1
5 382 24 295 247 19 46 1
5 382 25 295 247 19 46 1
5 382 26 296 245 20 46 1
5 382 27 296 245 20 46 1
5 382 28 298 245 20 46 1
5 382 29 298 245 20 46 1
5 382 30 298 245 20 46 1
5 382 31 300 245 20 46 1
5 382 32 300 245 20 46 1
5 382 33 302 245 19 46 1
5 382 34 302 245 19 46 1
5 382 35 302 245 19 46 1
5 382 36 304 245 19 46 1
5 382 37 304 245 19 46 1
5 382 38 305 245 20 46 1
5 382 39 305 243 20 46 1
5 382 40 305 243 20 46 1
5 382 41 305 243 20 46 1
5 382 42 307 243 20 46 1
5 382 43 307 243 20 46 1
5 382 44 307 243 20 46 1
5 382 45 307 243 20 46 1
5 382 46 309 243 19 46 1
5 382 47 309 243 19 46 1
5 382 48 309 243 19 46 1
5 382 49 309 243 19 46 1
5 382 50 311 243 19 46 1
5 382 51 311 243 19 46 1
5 382 52 311 243 19 46 1
5 382 53 311 243 19 46 1
5 382 54 312 241 20 47 1
5 382 55 312 241 20 47 1
5 382 56 312 241 20 47 1
5 382 57 312 241 20 47 1
5 382 58 314 241 20 47 1
5 382 59 314 241 20 47 1
5 382 60 314 241 20 47 1
5 382 61 314 241 20 47 1
5 382 62 316 241 20 47 1
5 382 63 316 241 20 47 1
5 382 64 316 241 20 47 1
5 382 65 316 241 20 47 1
5 382 66 318 241 19 47 1
5 382 67 318 241 19 47 1
5 382 68 318 241 19 47 1
5 382 69 318 241 19 47 1
5 382 70 320 240 19 46 1
5 382 71 320 240 19 46 1
5 382 72 320 240 19 46 1
5 382 73 320 240 19 46 1
5 382 74 321 240 20 46 1
5 382 75 321 240 20 46 1
5 382 76 321 240 20 46 1
5 382 77 321 240 20 46 1
5 382 78 323 240 20 46 1
5 382 79 323 240 20 46 1
5 382 80 323 240 20 46 1
5 382 81 323 240 20 46 1
5 382 82 325 240 19 46 1
5 382 83 325 240 19 46 1
5 382 84 325 240 19 46 1
5 382 85 327 240 19 46 1
5 382 86 325 238 19 46 1
5 382 87 325 238 19 46 1
5 382 88 325 238 19 46 1
5 382 89 325 238 19 46 1
5 382 90 325 238 19 46 1
5 382 91 325 238 19 46 1
5 382 92 325 238 19 46 1
5 382 93 325 238 19 46 1
5 382 94 325 238 19 46 1
5 382 95 325 238 19 46 1
5 382 96 325 238 19 46 1
5 382 97 325 238 19 46 1
5 382 98 325 238 19 46 1
5 382 99 325 238 19 46 1
5 382 100 325 238 19 46 1
5 382 101 325 238 19 46 1
5 382 102 325 238 19 46 1
5 382 103 325 238 19 46 1
5 382 104 325 238 19 46 1
5 382 105 325 238 19 46 1
5 382 106 325 238 19 46 1
5 382 107 325 238 19 46 1
5 382 108 325 238 19 46 1
5 382 109 325 238 19 46 1
5 382 110 325 238 19 46 1
5 382 111 325 238 19 46 1
5 382 112 325 238 19 46 1
5 382 113 325 238 19 46 1
5 382 114 325 238 19 46 1
5 382 115 325 238 19 46 1
5 382 116 325 238 19 46 1
5 382 117 325 238 19 46 1
5 382 118 325 238 19 46 1
5 382 119 325 238 19 46 1
5 382 120 325 238 19 46 1
5 382 121 325 238 19 46 1
5 382 122 325 238 19 46 1
5 382 123 325 238 19 46 1
5 382 124 325 238 19 46 1
5 382 125 325 238 19 46 1
5 382 126 325 238 19 46 1
5 382 127 325 238 19 46 1
5 382 128 325 238 19 46 1
5 382 129 325 238 19 46 1
5 382 130 325 238 19 46 1
5 382 131 325 238 19 46 1
5 382 132 325 238 19 46 1
5 382 133 325 238 19 46 1
5 382 134 325 238 19 46 1
5 382 135 325 238 19 46 1
5 382 136 325 238 19 46 1
5 382 137 323 236 20 46 1
5 382 138 323 236 20 46 1
5 382 139 323 236 20 46 1
5 382 140 323 236 20 46 1
5 382 141 323 236 20 46 1
5 382 142 321 236 20 46 1
5 382 143 321 236 20 46 1
5 382 144 321 236 20 46 1
5 382 145 321 236 20 46 1
5 382 146 321 236 20 46 1
5 382 147 321 236 20 46 1
5 382 148 320 234 19 46 1
5 382 149 320 234 19 46 1
5 382 150 320 234 19 46 1
5 382 151 320 234 19 46 1
5 382 152 320 234 19 46 1
5 382 153 320 234 19 46 1
5 382 154 318 234 19 46 1
5 382 155 318 234 19 46 1
5 382 156 318 234 19 46 1
5 382 157 318 234 19 46 1
5 382 158 318 234 19 46 1
5 382 159 318 234 19 46 1
5 382 160 316 232 20 47 1
5 382 161 316 232 20 47 1
5 382 162 316 232 20 47 1
5 382 163 316 232 20 47 1
5 382 164 316 232 20 47 1
5 382 165 316 232 20 47 1
5 382 166 314 232 20 47 1
5 382 167 314 232 20 47 1
5 382 168 314 232 20 47 1
5 382 169 314 232 20 47 1
5 382 170 314 232 20 47 1
5 382 171 312 231 20 46 1
5 382 172 312 231 20 46 1
5 382 173 312 231 20 46 1
5 382 174 312 231 20 46 1
5 382 175 312 231 20 46 1
5 382 176 312 231 20 46 1
5 382 177 311 231 19 46 1
5 382 178 311 231 19 46 1
5 382 179 311 231 19 46 1
5 382 180 311 231 19 46 1
5 382 181 311 231 19 46 1
5 382 182 311 231 19 46 1
5 382 183 309 229 19 46 1
5 382 184 309 229 19 46 1
5 382 185 309 229 19 46 1
5 382 186 309 229 19 46 1
5 382 187 309 229 19 46 1
5 382 188 309 229 19 46 1
5 382 189 307 229 20 46 1
5 382 190 307 229 20 46 1
5 382 191 307 229 20 46 1
5 382 192 307 229 20 46 1
5 382 193 307 229 20 46 1
5 382 194 307 229 20 46 1
5 382 195 305 229 20 44 1
5 382 196 305 229 20 44 1
5 382 197 305 229 20 44 1
5 382 198 305 229 20 44 1
5 382 199 305 229 20 44 1
5 382 200 305 229 20 44 1
5 382 201 305 229 20 44 1
5 382 202 305 229 20 44 1
5 382 203 304 229 19 44 1
5 382 204 304 229 19 44 1
5 382 205 304 229 19 44 1
5 382 206 304 229 19 44 1
5 382 207 304 229 19 44 1
5 382 208 304 229 19 44 1
5 382 209 304 229 19 44 1
5 382 210 304 229 19 44 1
5 382 211 302 229 19 44 1
5 382 212 302 229 19 44 1
5 382 213 302 229 19 44 1
5 382 214 302 229 19 44 1
5 382 215 302 229 19 44 1
5 382 216 302 229 19 44 1
5 382 217 302 229 19 44 1
5 382 218 302 229 19 44 1
5 382 219 300 229 20 44 1
5 382 220 300 229 20 44 1
5 382 221 300 229 20 44 1
5 382 222 300 229 20 44 1
5 382 223 300 229 20 44 1
5 382 224 300 229 20 44 1
5 382 225 300 229 20 44 1
5 382 226 300 229 20 44 1
5 382 227 298 229 20 44 1
5 382 228 296 231 20 44 1
5 382 229 295 229 19 44 1
5 382 230 295 229 19 44 1
5 382 231 295 229 19 44 1
5 382 232 295 229 19 44 1
5 382 233 295 229 19 44 1
5 382 234 295 229 19 44 1
5 382 235 295 229 19 44 1
5 382 236 295 229 19 44 1
5 382 237 295 229 19 44 1
5 382 238 295 229 19 44 1
5 382 239 295 229 19 44 1
5 382 240 295 229 19 44 1
5 382 241 295 229 19 44 1
5 382 242 293 229 19 44 1
5 382 243 293 229 19 44 1
5 382 244 293 229 19 44 1
5 382 245 293 229 19 44 1
5 382 246 293 229 19 44 1
5 382 247 293 229 19 44 1
5 382 248 293 229 19 44 1
5 382 249 293 229 19 44 1
5 382 250 293 229 19 44 1
5 382 251 293 229 19 44 1
5 382 252 293 229 19 44 1
5 382 253 293 229 19 44 1
5 382 254 293 229 19 44 1
5 382 255 291 229 20 44 1
5 382 256 291 229 20 44 1
5 382 257 291 229 20 44 1
5 382 258 291 229 20 44 1
5 382 259 291 229 20 44 1
5 382 260 291 229 20 44 1
5 382 261 291 229 20 44 1
5 382 262 291 229 20 44 1
5 382 263 291 229 20 44 1
5 382 264 291 229 20 44 1
5 382 265 291 229 20 44 1
5 382 266 291 229 20 44 1
5 382 267 291 229 20 44 1
5 382 268 289 229 20 44 1
5 382 269 289 229 20 44 1
5 382 270 289 229 20 44 1
5 382 271 289 229 20 44 1
5 382 272 289 229 20 44 1
5 382 273 289 229 20 44 1
5 382 274 289 229 20 44 1
5 382 275 289 229 20 44 1
5 382 276 289 229 20 44 1
5 382 277 289 229 20 44 1
5 382 278 289 229 20 44 1
5 382 279 289 229 20 44 1
5 382 280 289 229 20 44 1
5 382 281 289 227 20 45 1
5 382 282 289 227 20 45 1
5 382 283 289 227 20 45 1
5 382 284 289 227 20 45 1
5 382 285 289 227 20 45 1
5 382 286 289 227 20 45 1
5 382 287 289 227 20 45 1
5 382 288 289 227 20 45 1
5 382 289 289 227 20 45 1
5 382 290 289 227 20 45 1
5 382 291 289 227 20 45 1
5 382 292 289 227 20 45 1
5 382 293 289 227 20 45 1
5 382 294 289 227 20 45 1
5 382 295 289 227 20 45 1
5 382 296 289 227 20 45 1
5 382 297 289 227 20 45 1
5 382 298 289 227 20 45 1
5 382 299 289 227 20 45 1
5 382 300 291 227 20 45 1
5 382 301 291 225 20 45 1
5 382 302 291 225 20 45 1
5 382 303 291 225 20 45 1
5 382 304 291 225 20 45 1
5 382 305 293 225 19 45 1
5 382 306 293 225 19 45 1
5 382 307 293 225 19 43 1
5 382 308 293 225 19 43 1
5 382 309 295 225 17 43 1
5 382 310 295 225 19 43 1
5 382 311 295 225 19 43 1
5 382 312 295 225 19 43 1
5 382 313 296 225 18 43 1
5 382 314 296 225 18 41 1
5 382 315 296 225 20 41 1
5 382 316 296 225 20 41 1
5 382 317 296 225 20 41 1
5 382 318 298 225 18 41 1
5 382 319 298 225 18 41 1
5 382 320 298 224 20 40 1
5 382 321 298 224 20 40 1
5 382 322 300 224 18 40 1
5 382 323 300 224 18 40 1
5 382 324 300 224 18 40 1
5 382 325 300 224 20 40 1
5 382 326 302 224 18 40 1
5 382 327 302 224 18 39 1
5 382 328 302 224 18 39 1
5 382 329 302 224 18 39 1
5 382 330 302 224 19 39 1
5 382 331 304 224 17 39 1
5 382 332 304 224 17 39 1
5 382 333 304 224 17 37 1
5 382 334 304 224 17 37 1
5 382 335 305 224 18 37 1
5 382 336 305 224 18 37 1
5 382 337 305 224 18 37 1
5 382 338 305 224 18 37 1
5 382 339 307 224 18 37 1
5 382 340 307 222 18 37 1
5 382 341 307 222 18 37 1
5 382 342 307 222 18 37 1
5 382 343 307 222 18 37 1
5 382 344 307 222 18 37 1
5 382 345 307 222 18 37 1
5 382 346 307 222 18 37 1
5 382 347 307 222 18 37 1
5 382 348 307 222 18 37 1
5 382 349 307 222 18 37 1
5 382 350 307 222 18 37 1
5 382 351 307 222 18 37 1
5 382 352 307 222 18 37 1
5 382 353 307 222 18 37 1
5 382 354 307 222 18 37 1
5 382 355 307 222 18 37 1
5 382 356 307 222 18 37 1
5 382 357 307 222 18 37 1
5 382 358 307 222 18 37 1
5 382 359 307 222 18 37 1
5 382 360 307 222 18 37 1
5 382 361 307 222 18 37 1
5 382 362 307 222 18 37 1
5 382 363 307 222 18 37 1
5 382 364 307 222 18 37 1
5 382 365 307 222 18 37 1
5 382 366 307 222 18 37 1
5 382 367 307 222 18 37 1
5 382 368 307 222 18 37 1
5 382 369 307 222 18 37 1
5 382 370 307 222 18 37 1
5 382 371 309 222 18 37 1
5 382 372 309 222 18 37 1
5 382 373 309 222 18 37 1
5 382 374 309 222 18 37 1
5 382 375 309 222 18 37 1
5 382 376 309 222 18 37 1
5 382 381 311 222 17 37 1
6 246 437 1 279 22 81 1
6 246 438 1 279 22 81 1
6 246 439 1 279 22 81 1
6 246 440 1 279 22 81 1
6 246 441 1 280 22 80 1
6 246 442 1 280 22 80 1
6 246 443 1 280 22 80 1
6 246 444 1 282 22 78 1
6 246 445 3 280 21 79 1
6 246 446 7 280 21 79 1
6 246 447 8 280 24 79 1
6 246 448 12 280 21 79 1
6 246 449 14 279 23 78 1
6 246 450 17 279 23 78 1
6 246 451 19 279 23 78 1
6 246 452 23 279 23 78 1
6 246 453 24 277 25 78 1
6 246 454 28 277 23 78 1
6 246 455 30 277 25 78 1
6 246 456 33 277 25 78 1
6 246 457 35 275 25 78 1
6 246 458 39 275 25 78 1
6 246 459 40 275 25 78 1
6 246 460 44 275 25 78 1
6 246 461 46 275 25 78 1
6 246 462 49 275 25 78 1
6 246 463 51 275 25 78 1
6 246 464 55 275 25 78 1
6 246 465 56 275 25 78 1
6 246 466 60 275 25 78 1
6 246 467 62 275 25 78 1
6 246 468 65 275 25 78 1
6 246 469 69 275 25 78 1
6 246 470 71 275 25 78 1
6 246 471 74 275 25 78 1
6 246 472 76 275 25 78 1
6 246 473 80 275 24 77 1
6 246 474 81 275 25 77 1
6 246 475 85 275 25 77 1
6 246 476 87 275 25 77 1
6 246 477 90 275 25 77 1
6 246 478 92 275 25 77 1
6 246 479 96 275 24 77 1
6 246 480 99 275 25 77 1
6 246 481 101 273 25 79 1
6 246 482 104 273 25 79 1
6 246 483 106 273 25 79 1
6 246 484 110 273 25 79 1
6 246 485 112 273 24 79 1
6 246 486 115 273 25 79 1
6 246 487 117 273 25 79 1
6 246 488 120 273 25 79 1
6 246 489 122 273 25 77 1
6 246 490 126 273 25 77 1
6 246 491 128 273 24 77 1
6 246 492 131 273 25 77 1
6 246 493 135 273 25 77 1
6 246 494 136 273 25 77 1
6 246 495 140 273 25 77 1
6 246 496 142 273 25 77 1
6 246 497 145 273 25 77 1
6 246 498 147 273 25 77 1
6 246 499 151 273 25 77 1
6 246 500 152 273 25 77 1
6 246 501 156 273 25 77 1
6 246 502 158 273 25 77 1
6 246 503 161 273 25 77 1
6 246 504 165 273 25 77 1
6 246 505 167 272 25 76 1
6 246 506 168 272 25 76 1
6 246 507 172 272 25 76 1
6 246 508 174 272 25 76 1
6 246 509 177 272 25 76 1
6 246 510 179 272 25 76 1
6 246 511 183 272 25 76 1
6 246 512 184 272 25 76 1
6 246 513 188 272 23 76 1
6 246 514 190 272 25 76 1
6 246 515 193 272 23 76 1
6 246 516 195 272 25 76 1
6 246 517 197 272 25 76 1
6 246 518 200 272 25 76 1
6 246 519 202 272 25 76 1
6 246 520 206 272 23 76 1
6 246 521 208 272 24 76 1
6 246 522 211 272 23 76 1
6 246 523 213 272 25 74 1
6 246 524 216 272 24 74 1
6 246 525 218 272 25 74 1
6 246 526 222 272 23 74 1
6 246 527 224 272 23 74 1
6 246 528 227 272 23 74 1
6 246 529 229 272 23 74 1
6 246 530 231 272 25 74 1
6 246 531 234 272 23 74 1
6 246 532 236 272 25 74 1
6 246 533 240 272 23 74 1
6 246 534 241 272 23 74 1
6 246 535 245 272 23 74 1
6 246 536 247 272 23 74 1
6 246 537 250 272 23 74 1
6 246 538 252 272 23 74 1
6 246 539 256 272 23 74 1
6 246 540 257 272 23 74 1
6 246 541 261 272 23 74 1
6 246 542 263 270 23 74 1
6 246 543 264 270 24 74 1
6 246 544 266 270 23 74 1
6 246 545 270 270 23 74 1
6 246 546 272 270 23 74 1
6 246 547 273 270 23 74 1
6 246 548 277 270 23 74 1
6 246 549 279 270 23 74 1
6 246 550 280 270 24 74 1
6 246 551 284 270 23 74 1
6 246 552 286 270 23 74 1
6 246 553 288 270 23 74 1
6 246 554 289 270 23 74 1
6 246 555 293 270 23 74 1
6 246 556 295 270 23 74 1
6 246 557 296 270 24 74 1
6 246 558 300 270 23 74 1
6 246 559 302 270 23 74 1
6 246 560 304 270 23 74 1
6 246 561 307 270 23 73 1
6 246 562 309 270 23 73 1
6 246 563 311 270 23 73 1
6 246 564 314 270 23 73 1
6 246 565 316 270 23 73 1
6 246 566 318 270 23 73 1
6 246 567 320 270 23 73 1
6 246 568 323 270 23 73 1
6 246 569 325 270 23 73 1
6 246 570 327 270 23 73 1
6 246 571 330 268 23 75 1
6 246 572 332 268 23 75 1
6 246 573 334 268 23 75 1
6 246 574 337 268 23 75 1
6 246 575 339 268 23 75 1
6 246 576 341 268 23 75 1
6 246 577 343 268 23 75 1
6 246 578 346 268 23 75 1
6 246 579 348 268 23 75 1
6 246 580 350 268 23 75 1
6 246 581 353 268 23 73 1
6 246 582 355 268 23 73 1
6 246 583 357 268 23 73 1
6 246 584 360 268 24 73 1
6 246 585 362 268 23 73 1
6 246 586 364 268 23 73 1
6 246 587 368 268 23 73 1
6 246 588 369 268 23 73 1
6 246 589 371 268 23 73 1
6 246 590 373 268 23 73 1
6 246 591 376 268 24 73 1
6 246 592 378 268 23 73 1
6 246 593 380 268 23 73 1
6 246 594 384 268 23 73 1
6 246 595 385 268 23 73 1
6 246 596 387 268 23 73 1
6 246 597 391 268 23 73 1
6 246 598 392 268 24 73 1
6 246 599 394 268 23 73 1
6 246 600 398 268 23 73 1
6 246 601 400 268 23 71 1
6 246 602 401 268 23 71 1
6 246 603 403 268 23 71 1
6 246 604 405 268 25 71 1
6 246 605 408 268 24 71 1
6 246 606 410 268 23 71 1
6 246 607 412 268 25 71 1
6 246 608 414 268 25 71 1
6 246 609 416 268 24 71 1
6 246 610 419 268 25 71 1
6 246 611 421 268 25 71 1
6 246 612 423 268 25 71 1
6 246 613 424 268 25 71 1
6 246 614 426 268 27 71 1
6 246 615 430 268 25 71 1
6 246 616 432 268 24 71 1
6 246 617 433 268 27 71 1
6 246 618 435 268 27 71 1
6 246 619 437 268 27 71 1
6 246 620 440 268 27 71 1
6 246 621 442 268 27 71 1
6 246 622 444 268 27 71 1
6 246 623 446 268 26 71 1
6 246 624 448 268 28 71 1
6 246 625 451 268 27 71 1
6 246 626 453 268 27 71 1
6 246 627 455 268 28 71 1
6 246 628 456 268 29 71 1
6 246 629 458 268 29 71 1
6 246 630 462 268 28 71 1
6 246 631 464 266 28 71 1
6 246 632 465 266 29 71 1
6 246 633 469 266 28 71 1
6 246 634 471 266 28 71 1
6 246 635 472 266 29 71 1
6 246 636 476 266 28 71 1
6 246 637 478 266 28 71 1
6 246 638 480 266 28 71 1
6 246 639 483 266 29 71 1
6 246 640 485 266 28 71 1
6 246 641 487 266 28 71 1
6 246 642 490 266 29 71 1
6 246 643 494 264 28 72 1
6 246 644 497 264 29 72 1
6 246 645 501 264 28 72 1
6 246 646 504 264 29 72 1
6 246 647 504 264 29 72 1
6 246 648 504 264 29 72 1
6 246 649 504 264 29 72 1
6 246 650 504 264 29 72 1
6 246 651 504 264 29 72 1
6 246 652 504 264 29 72 1
6 246 653 504 264 29 72 1
6 246 654 504 264 29 72 1
6 246 655 504 264 29 72 1
6 246 656 504 264 29 72 1
6 246 657 504 264 29 72 1
6 246 658 504 264 29 72 1
6 246 659 504 264 29 72 1
6 246 660 504 264 29 72 1
6 246 661 504 264 29 72 1
6 246 662 504 264 29 72 1
6 246 663 504 264 29 72 1
6 246 664 504 264 29 72 1
6 246 665 504 264 29 72 1
6 246 666 504 264 29 72 1
6 246 667 504 264 29 72 1
6 246 668 504 264 29 72 1
6 246 669 504 264 29 72 1
6 246 670 504 264 29 72 1
6 246 671 504 264 29 72 1
6 246 672 504 264 29 72 1
6 246 673 504 264 29 72 1
6 246 674 504 264 29 72 1
6 246 675 504 264 29 72 1
6 246 676 504 264 29 72 1
6 246 677 504 264 29 72 1
6 246 678 504 264 29 72 1
6 246 679 504 264 29 72 1
6 246 680 504 264 29 72 1
6 246 681 504 264 29 72 1
6 246 682 504 264 29 72 1
