0 463 0 250 291 29 62 1
0 463 1 248 291 29 62 1
0 463 2 248 291 29 62 1
0 463 3 248 291 29 62 1
0 463 4 247 291 28 62 1
0 463 5 247 293 28 62 1
0 463 6 247 293 28 62 1
0 463 7 245 293 28 62 1
0 463 8 245 293 28 62 1
0 463 9 245 295 28 62 1
0 463 10 245 295 28 62 1
0 463 11 243 295 29 62 1
0 463 12 243 295 29 62 1
0 463 13 243 296 29 63 1
0 463 14 241 296 29 63 1
0 463 15 241 296 29 63 1
0 463 16 241 296 29 63 1
0 463 17 240 296 28 63 1
0 463 18 240 298 28 62 1
0 463 19 240 298 28 62 1
0 463 20 240 298 28 62 1
0 463 21 238 298 28 62 1
0 463 22 238 300 28 62 1
0 463 23 238 300 28 62 1
0 463 24 236 300 28 62 1
0 463 25 236 300 28 62 1
0 463 26 236 302 28 62 1
0 463 27 234 302 29 62 1
0 463 28 234 302 29 62 1
0 463 29 234 302 29 62 1
0 463 30 234 304 29 62 1
0 463 31 232 304 29 62 1
0 463 32 232 304 29 62 1
0 463 33 232 304 29 62 1
0 463 34 231 304 28 62 1
0 463 35 231 305 28 63 1
0 463 36 231 305 28 63 1
0 463 37 229 305 28 63 1
0 463 38 229 305 28 63 1
0 463 39 229 307 28 62 1
0 463 40 229 307 28 62 1
0 463 41 227 307 29 62 1
0 463 42 227 307 29 62 1
0 463 43 227 309 29 62 1
0 463 44 225 309 29 62 1
0 463 45 225 309 29 62 1
0 463 46 225 309 29 62 1
0 463 47 225 311 29 62 1
0 463 48 224 311 28 62 1
0 463 49 224 311 28 62 1
0 463 50 224 311 28 62 1
0 463 51 222 311 28 62 1
0 463 52 222 312 28 63 1
0 463 53 222 312 28 63 1
0 463 54 220 312 28 63 1
0 463 55 220 312 28 63 1
0 463 56 220 314 28 62 1
0 463 57 220 314 28 62 1
0 463 58 218 314 29 62 1
0 463 59 218 314 29 62 1
0 463 60 218 316 29 62 1
0 463 61 216 316 29 62 1
0 463 62 216 316 29 62 1
0 463 63 216 316 29 62 1
0 463 64 215 316 28 62 1
0 463 65 215 318 28 62 1
0 463 66 215 318 28 62 1
0 463 67 215 318 28 62 1
0 463 68 213 318 28 62 1
0 463 69 213 320 28 62 1
0 463 70 213 320 28 62 1
0 463 71 211 320 29 62 1
0 463 72 211 320 29 62 1
0 463 73 211 321 29 63 1
0 463 74 209 321 29 63 1
0 463 75 209 321 29 63 1
0 463 76 209 321 29 63 1
0 463 77 209 323 29 62 1
0 463 78 208 323 28 62 1
0 463 79 208 323 28 62 1
0 463 80 208 323 28 62 1
0 463 81 206 323 28 62 1
0 463 82 206 325 28 62 1
0 463 83 206 325 28 62 1
0 463 84 204 325 28 62 1
0 463 85 204 325 28 62 1
0 463 86 204 327 28 62 1
0 463 87 204 327 28 62 1
0 463 88 202 327 29 62 1
0 463 89 202 327 29 62 1
0 463 90 202 328 29 63 1
0 463 91 200 328 29 63 1
0 463 92 200 328 29 63 1
0 463 93 200 328 29 63 1
0 463 94 200 330 29 62 1
0 463 95 199 330 28 62 1
0 463 96 197 330 28 62 1
0 463 97 197 330 28 62 1
0 463 98 195 330 29 62 1
0 463 99 193 330 29 62 1
0 463 100 193 330 29 62 1
0 463 101 192 330 28 62 1
0 463 102 190 332 28 62 1
0 463 103 190 332 28 62 1
0 463 104 188 332 28 62 1
0 463 105 186 332 29 62 1
0 463 106 186 332 29 62 1
0 463 107 184 332 29 62 1
0 463 108 183 332 28 62 1
0 463 109 183 332 28 62 1
0 463 110 181 334 28 62 1
0 463 111 181 334 28 62 1
0 463 112 179 334 29 62 1
0 463 113 177 334 29 62 1
0 463 114 177 334 29 62 1
0 463 115 176 334 28 62 1
0 463 116 174 334 28 62 1
0 463 117 174 334 28 62 1
0 463 118 172 336 28 62 1
0 463 119 170 336 29 62 1
0 463 120 170 336 29 62 1
0 463 121 168 336 29 62 1
0 463 122 167 336 28 62 1
0 463 123 167 336 28 62 1
0 463 124 165 336 28 62 1
0 463 125 165 337 28 63 1
0 463 126 163 337 29 63 1
0 463 127 163 337 29 63 1
0 463 128 161 337 29 63 1
0 463 129 161 339 29 62 1
0 463 130 160 339 28 62 1
0 463 131 160 339 28 62 1
0 463 132 160 339 28 64 1
0 463 133 158 341 28 62 1
0 463 134 158 341 28 62 1
0 463 135 156 341 28 64 1
0 463 136 156 341 28 64 1
0 463 137 156 343 28 62 1
0 463 138 154 343 29 64 1
0 463 139 154 343 29 64 1
0 463 140 152 343 29 64 1
0 463 141 152 344 29 64 1
0 463 142 151 344 28 64 1
0 463 143 151 344 28 64 1
0 463 144 151 346 28 64 1
0 463 145 149 346 28 64 1
0 463 146 149 346 28 64 1
0 463 147 147 346 29 66 1
0 463 148 147 348 29 64 1
0 463 149 147 348 29 64 1
0 463 150 145 348 29 64 1
0 463 151 145 348 29 66 1
0 463 152 144 350 28 64 1
0 463 153 144 350 28 64 1
0 463 154 142 350 28 66 1
0 463 155 142 350 28 66 1
0 463 156 142 352 28 64 1
0 463 157 140 352 28 65 1
0 463 158 140 352 28 65 1
0 463 159 138 353 29 64 1
0 463 160 138 353 29 66 1
0 463 161 138 353 29 66 1
0 463 162 136 353 29 66 1
0 463 163 136 355 29 66 1
0 463 164 135 355 28 66 1
0 463 165 135 355 28 66 1
0 463 166 133 355 28 68 1
0 463 167 133 357 28 66 1
0 463 168 133 357 28 66 1
0 463 169 131 357 29 67 1
0 463 170 131 357 29 67 1
0 463 171 129 359 29 65 1
0 463 172 129 359 29 67 1
0 463 173 129 359 29 67 1
0 463 174 128 360 28 66 1
0 463 175 128 360 28 66 1
0 463 176 126 360 28 68 1
0 463 177 126 360 28 68 1
0 463 178 126 362 28 66 1
0 463 179 124 362 28 68 1
0 463 180 124 362 28 68 1
0 463 181 122 362 29 68 1
0 463 182 122 364 29 68 1
0 463 183 120 364 29 68 1
0 463 184 120 364 29 68 1
0 463 185 120 364 29 69 1
0 463 186 119 366 28 67 1
0 463 187 119 366 28 67 1
0 463 188 117 366 28 69 1
0 463 189 117 368 28 67 1
0 463 190 117 368 28 67 1
0 463 191 115 368 29 69 1
0 463 192 115 368 29 69 1
0 463 193 113 369 29 68 1
0 463 194 113 369 29 70 1
0 463 195 112 369 28 70 1
0 463 196 112 369 28 70 1
0 463 197 112 371 28 68 1
0 463 198 110 371 28 69 1
0 463 199 110 371 28 69 1
0 463 200 108 371 28 69 1
0 463 201 108 373 28 69 1
0 463 202 108 373 28 69 1
0 463 203 106 373 29 69 1
0 463 204 106 375 29 69 1
0 463 205 104 375 29 69 1
0 463 206 104 375 29 69 1
0 463 207 103 375 28 71 1
0 463 208 103 376 28 70 1
0 463 209 103 376 28 70 1
0 463 210 101 376 28 72 1
0 463 211 101 376 28 72 1
0 463 212 99 378 29 70 1
0 463 213 99 378 29 71 1
0 463 214 99 378 29 71 1
0 463 215 97 378 29 71 1
0 463 216 97 380 29 71 1
0 463 217 96 380 28 71 1
0 463 218 96 380 28 71 1
0 463 219 96 382 28 71 1
0 463 220 94 382 28 71 1
0 463 221 94 382 28 71 1
0 463 222 94 382 28 71 1
0 463 223 94 382 28 71 1
0 463 224 94 384 28 71 1
0 463 225 92 384 28 71 1
0 463 226 92 384 28 71 1
0 463 227 92 384 28 71 1
0 463 228 92 385 28 71 1
0 463 229 92 385 28 71 1
0 463 230 92 385 28 71 1
0 463 231 90 385 29 71 1
0 463 232 90 385 29 71 1
0 463 233 90 387 29 71 1
0 463 234 90 387 29 71 1
0 463 235 90 387 29 71 1
0 463 236 88 387 29 71 1
0 463 237 88 389 29 71 1
0 463 238 88 389 29 71 1
0 463 239 88 389 29 71 1
0 463 240 88 389 29 71 1
0 463 241 88 389 29 71 1
0 463 242 87 391 28 71 1
0 463 243 87 391 28 71 1
0 463 244 87 391 28 71 1
0 463 245 87 391 28 71 1
0 463 246 87 392 28 72 1
0 463 247 85 392 28 72 1
0 463 248 85 392 28 72 1
0 463 249 85 392 28 72 1
0 463 250 85 392 28 72 1
0 463 251 85 394 28 71 1
0 463 252 85 394 28 71 1
0 463 253 83 394 29 71 1
0 463 254 83 394 29 71 1
0 463 255 83 396 29 71 1
0 463 256 83 396 29 71 1
0 463 257 83 396 29 71 1
0 463 258 83 396 29 71 1
0 463 259 81 396 29 71 1
0 463 260 81 398 29 71 1
0 463 261 81 398 29 71 1
0 463 262 81 398 29 71 1
0 463 263 81 398 29 71 1
0 463 264 80 400 28 71 1
0 463 265 80 400 28 71 1
0 463 266 80 400 28 71 1
0 463 267 80 400 28 71 1
0 463 268 80 400 28 71 1
0 463 269 80 401 28 71 1
0 463 270 78 401 28 71 1
0 463 271 78 401 28 71 1
0 463 272 78 401 28 71 1
0 463 273 78 403 28 71 1
0 463 274 78 403 28 71 1
0 463 275 76 403 28 71 1
0 463 276 76 403 28 71 1
0 463 277 76 403 28 71 1
0 463 278 76 405 28 71 1
0 463 279 76 405 28 71 1
0 463 280 76 405 28 71 1
0 463 281 74 405 29 71 1
0 463 282 74 407 29 71 1
0 463 283 74 407 29 71 1
0 463 284 74 407 29 71 1
0 463 285 74 407 29 71 1
0 463 286 74 408 29 72 1
0 463 287 72 408 29 72 1
0 463 288 72 408 29 72 1
0 463 289 72 408 29 72 1
0 463 290 72 408 29 72 1
0 463 291 72 408 29 72 1
0 463 292 72 408 29 72 1
0 463 293 72 410 29 71 1
0 463 294 71 410 28 71 1
0 463 295 71 410 28 71 1
0 463 296 71 410 28 71 1
0 463 297 71 410 28 71 1
0 463 298 71 410 28 71 1
0 463 299 71 410 28 71 1
0 463 300 71 412 28 71 1
0 463 301 69 412 28 71 1
0 463 302 69 412 28 71 1
0 463 303 69 412 28 71 1
0 463 304 69 414 28 69 1
0 463 305 69 414 28 69 1
0 463 306 67 414 30 71 1
0 463 307 67 416 30 69 1
0 463 308 67 416 30 69 1
0 463 309 67 416 30 69 1
0 463 310 67 416 29 69 1
0 463 311 65 417 31 70 1
0 463 312 65 417 31 70 1
0 463 313 65 417 31 70 1
0 463 314 65 419 31 68 1
0 463 315 65 419 31 68 1
0 463 316 65 419 31 68 1
0 463 317 64 421 32 67 1
0 463 318 64 421 32 67 1
0 463 319 64 421 30 67 1
0 463 320 64 421 30 67 1
0 463 321 64 423 30 65 1
0 463 322 62 423 32 67 1
0 463 323 62 423 32 67 1
0 463 324 62 424 32 66 1
0 463 325 62 424 32 66 1
0 463 326 62 424 32 66 1
0 463 327 62 426 32 66 1
0 463 328 60 426 32 66 1
0 463 329 60 426 32 66 1
0 463 330 60 426 32 66 1
0 463 331 60 426 32 66 1
0 463 332 58 426 32 66 1
0 463 333 58 426 32 66 1
0 463 334 58 426 32 66 1
0 463 335 58 426 32 66 1
0 463 336 56 426 32 66 1
0 463 337 56 426 32 66 1
0 463 338 56 426 32 66 1
0 463 339 56 426 32 66 1
0 463 340 55 426 32 66 1
0 463 341 55 426 32 66 1
0 463 342 55 426 32 66 1
0 463 343 55 426 32 66 1
0 463 344 53 426 32 66 1
0 463 345 53 426 32 66 1
0 463 346 53 426 32 66 1
0 463 347 53 426 32 66 1
0 463 348 51 426 32 66 1
0 463 349 51 426 32 66 1
0 463 350 51 426 32 66 1
0 463 351 51 426 32 66 1
0 463 352 49 426 32 66 1
0 463 353 49 426 32 66 1
0 463 354 49 426 32 66 1
0 463 355 49 428 32 66 1
0 463 356 48 428 32 66 1
0 463 357 48 428 32 66 1
0 463 358 46 428 32 66 1
0 463 359 46 428 32 68 1
0 463 360 46 428 32 68 1
0 463 361 44 430 32 66 1
0 463 362 44 430 32 66 1
0 463 363 44 430 32 67 1
0 463 364 42 430 32 67 1
0 463 365 42 430 32 67 1
0 463 366 40 430 32 67 1
0 463 367 40 432 32 67 1
0 463 368 40 432 32 67 1
0 463 369 39 432 32 67 1
0 463 370 39 432 32 69 1
0 463 371 39 432 32 69 1
0 463 372 37 433 32 68 1
0 463 373 37 433 32 68 1
0 463 374 35 433 32 70 1
0 463 375 35 433 32 70 1
0 463 376 35 433 32 70 1
0 463 377 33 433 32 70 1
0 463 378 33 435 32 69 1
0 463 379 33 435 32 69 1
0 463 380 32 435 32 69 1
0 463 381 32 435 32 69 1
0 463 382 30 435 32 71 1
0 463 383 30 437 32 69 1
0 463 384 30 437 32 69 1
0 463 385 28 437 32 71 1
0 463 386 28 437 32 71 1
0 463 387 28 437 32 71 1
0 463 388 26 437 32 71 1
0 463 389 26 439 32 71 1
0 463 390 24 439 32 71 1
0 463 391 24 439 32 71 1
0 463 392 24 439 32 71 1
0 463 393 23 439 32 73 1
0 463 394 23 439 32 73 1
0 463 395 23 440 32 72 1
0 463 396 21 440 32 72 1
0 463 397 21 440 32 73 1
0 463 398 19 440 32 73 1
0 463 399 19 440 32 73 1
0 463 400 19 442 32 73 1
0 463 401 17 442 32 73 1
0 463 402 17 442 32 73 1
0 463 403 17 442 32 73 1
0 463 404 16 442 32 75 1
0 463 405 16 442 32 75 1
0 463 406 14 444 32 73 1
0 463 407 14 444 32 73 1
0 463 408 14 444 32 75 1
0 463 409 12 444 32 75 1
0 463 410 12 444 32 75 1
0 463 411 12 446 32 74 1
0 463 412 10 446 32 74 1
0 463 413 10 446 32 74 1
0 463 414 8 446 32 74 1
0 463 415 8 446 32 74 1
0 463 416 7 448 32 74 1
0 463 417 7 448 32 74 1
0 463 418 5 448 32 74 1
0 463 419 5 448 32 74 1
0 463 420 3 448 32 74 1
0 463 421 3 449 32 75 1
0 463 422 1 449 32 75 1
0 463 423 1 449 32 75 1
0 463 424 0 449 32 75 1
0 463 425 0 449 32 75 1
0 463 426 0 451 32 75 1
0 463 427 0 451 30 75 1
0 463 428 0 451 30 75 1
0 463 429 0 451 28 75 1
0 463 430 0 451 28 75 1
0 463 431 0 453 28 75 1
0 463 432 0 453 26 75 1
0 463 433 0 453 26 75 1
0 463 434 0 453 24 75 1
0 463 435 0 455 24 74 1
0 463 436 0 455 24 74 1
0 463 437 0 455 23 74 1
0 463 438 0 455 23 74 1
0 463 439 0 455 21 74 1
0 463 440 0 456 21 75 1
0 463 441 0 456 21 75 1
0 463 442 0 456 19 75 1
0 463 443 0 456 19 75 1
0 463 444 0 458 19 75 1
0 463 445 0 458 19 75 1
0 463 446 0 458 19 75 1
0 463 447 0 458 19 75 1
0 463 448 0 458 19 75 1
0 463 449 0 458 19 75 1
0 463 450 0 458 19 75 1
0 463 451 0 458 19 75 1
0 463 452 0 458 19 75 1
0 463 453 0 458 19 75 1
0 463 454 0 458 19 75 1
0 463 455 0 458 19 75 1
0 463 462 0 458 19 75 1
1 496 0 293 503 41 80 1
1 496 1 293 503 41 80 1
1 496 2 293 503 41 80 1
1 496 3 293 503 41 80 1
1 496 4 293 503 41 80 1
1 496 5 293 503 41 80 1
1 496 6 293 503 41 80 1
1 496 7 293 503 41 80 1
1 496 8 293 503 41 80 1
1 496 9 293 503 41 80 1
1 496 10 293 503 41 80 1
1 496 11 293 503 41 80 1
1 496 12 293 503 41 80 1
1 496 13 293 503 41 80 1
1 496 14 293 503 41 80 1
1 496 15 293 503 41 80 1
1 496 16 293 503 41 80 1
1 496 17 293 503 41 80 1
1 496 18 293 503 41 80 1
1 496 19 293 503 41 80 1
1 496 20 293 503 41 80 1
1 496 21 293 503 41 80 1
1 496 22 293 503 41 80 1
1 496 23 293 503 41 80 1
1 496 24 293 503 41 80 1
1 496 25 293 503 41 80 1
1 496 26 293 503 41 80 1
1 496 27 293 503 41 80 1
1 496 28 293 503 41 80 1
1 496 29 293 503 41 80 1
1 496 30 293 503 41 80 1
1 496 31 293 503 41 80 1
1 496 32 293 503 41 80 1
1 496 33 293 503 41 80 1
1 496 34 293 503 41 80 1
1 496 35 293 503 41 80 1
1 496 36 293 503 41 80 1
1 496 37 293 503 41 80 1
1 496 38 293 503 41 80 1
1 496 39 293 503 41 80 1
1 496 40 293 503 41 80 1
1 496 41 293 503 41 80 1
1 496 42 293 503 41 80 1
1 496 43 293 503 41 80 1
1 496 44 293 503 41 80 1
1 496 45 293 503 41 80 1
1 496 46 293 503 41 80 1
1 496 47 293 503 41 80 1
1 496 48 293 503 41 80 1
1 496 49 293 503 41 80 1
1 496 50 293 503 41 80 1
1 496 51 293 503 41 80 1
1 496 52 293 503 41 80 1
1 496 53 293 503 41 80 1
1 496 54 293 503 41 80 1
1 496 55 293 503 41 80 1
1 496 56 293 503 41 80 1
1 496 57 293 503 41 80 1
1 496 58 293 503 41 80 1
1 496 59 293 503 41 80 1
1 496 60 293 503 41 80 1
1 496 61 293 503 41 80 1
1 496 62 293 503 41 80 1
1 496 63 293 503 41 80 1
1 496 64 293 503 41 80 1
1 496 65 293 503 41 80 1
1 496 66 293 503 41 80 1
1 496 67 293 503 41 80 1
1 496 68 293 503 41 80 1
1 496 69 293 503 41 80 1
1 496 70 293 503 41 80 1
1 496 71 293 503 41 80 1
1 496 72 293 503 41 80 1
1 496 73 293 503 41 80 1
1 496 74 293 503 41 80 1
1 496 75 293 503 41 80 1
1 496 76 293 503 41 80 1
1 496 77 293 503 41 80 1
1 496 78 293 503 41 80 1
1 496 79 293 503 41 80 1
1 496 80 293 503 41 80 1
1 496 81 293 503 41 80 1
1 496 82 293 503 41 80 1
1 496 83 293 503 41 80 1
1 496 84 293 503 41 80 1
1 496 85 293 503 41 80 1
1 496 86 293 503 41 80 1
1 496 87 293 503 41 80 1
1 496 88 293 503 41 80 1
1 496 89 293 503 41 80 1
1 496 90 293 503 41 80 1
1 496 91 293 503 41 80 1
1 496 92 293 503 41 80 1
1 496 93 293 503 41 80 1
1 496 94 293 503 41 80 1
1 496 95 293 503 41 80 1
1 496 96 293 503 41 80 1
1 496 97 293 503 41 80 1
1 496 98 293 503 41 80 1
1 496 99 293 503 41 80 1
1 496 100 293 503 41 80 1
1 496 101 293 503 41 80 1
1 496 102 293 503 41 80 1
1 496 103 293 503 41 80 1
1 496 104 293 503 41 80 1
1 496 105 293 503 41 80 1
1 496 106 293 503 41 80 1
1 496 107 293 503 41 80 1
1 496 108 293 503 41 80 1
1 496 109 293 503 41 80 1
1 496 110 293 503 41 80 1
1 496 111 293 503 41 80 1
1 496 112 293 503 41 80 1
1 496 113 293 503 41 80 1
1 496 114 293 503 41 80 1
1 496 115 293 503 41 80 1
1 496 116 293 503 41 80 1
1 496 117 293 503 41 80 1
1 496 118 293 503 41 80 1
1 496 119 293 503 41 80 1
1 496 120 293 503 41 80 1
1 496 121 293 503 41 80 1
1 496 122 293 503 41 80 1
1 496 123 293 503 41 80 1
1 496 124 293 503 41 80 1
1 496 125 293 503 41 80 1
1 496 126 293 503 41 80 1
1 496 127 293 503 41 80 1
1 496 128 293 503 41 80 1
1 496 129 293 503 41 80 1
1 496 130 293 503 41 80 1
1 496 131 293 503 41 80 1
1 496 132 293 503 41 80 1
1 496 133 293 503 41 80 1
1 496 134 293 503 41 80 1
1 496 135 293 503 41 80 1
1 496 136 293 503 41 80 1
1 496 137 293 503 41 80 1
1 496 138 293 503 41 80 1
1 496 139 293 503 41 80 1
1 496 140 293 503 41 80 1
1 496 141 293 503 41 80 1
1 496 142 293 503 41 80 1
1 496 143 293 503 41 80 1
1 496 144 293 503 41 80 1
1 496 145 293 503 41 80 1
1 496 146 293 503 41 80 1
1 496 147 293 503 41 80 1
1 496 148 293 503 41 80 1
1 496 149 293 503 41 80 1
1 496 150 293 503 41 80 1
1 496 151 293 503 41 80 1
1 496 152 293 503 41 80 1
1 496 153 293 503 41 80 1
1 496 154 293 503 41 80 1
1 496 155 293 503 41 80 1
1 496 156 293 503 41 80 1
1 496 157 293 503 41 80 1
1 496 158 293 503 41 80 1
1 496 159 293 503 41 80 1
1 496 160 293 503 41 80 1
1 496 161 293 503 41 80 1
1 496 162 293 503 41 80 1
1 496 163 293 503 41 80 1
1 496 164 293 503 41 80 1
1 496 165 293 503 41 80 1
1 496 166 293 503 41 80 1
1 496 167 293 503 41 80 1
1 496 168 293 503 41 80 1
1 496 169 293 503 41 80 1
1 496 170 293 503 41 80 1
1 496 171 293 503 41 80 1
1 496 172 293 503 41 80 1
1 496 173 293 503 41 80 1
1 496 174 293 503 41 80 1
1 496 175 293 503 41 80 1
1 496 176 293 503 41 80 1
1 496 177 293 503 41 80 1
1 496 178 293 503 41 80 1
1 496 179 293 503 41 80 1
1 496 180 293 503 41 80 1
1 496 181 293 503 41 80 1
1 496 182 293 503 41 80 1
1 496 183 293 503 41 80 1
1 496 184 293 503 41 80 1
1 496 185 293 503 41 80 1
1 496 186 293 503 41 80 1
1 496 187 293 503 41 80 1
1 496 188 293 503 41 80 1
1 496 189 293 503 41 80 1
1 496 190 293 503 41 80 1
1 496 191 293 503 41 80 1
1 496 192 293 503 41 80 1
1 496 193 293 503 41 80 1
1 496 194 293 503 41 80 1
1 496 195 293 503 41 80 1
1 496 196 293 503 41 80 1
1 496 197 293 503 41 80 1
1 496 198 293 503 41 80 1
1 496 199 293 503 41 80 1
1 496 200 293 503 41 80 1
1 496 201 293 503 41 80 1
1 496 202 293 503 41 80 1
1 496 203 293 503 41 80 1
1 496 204 293 503 41 80 1
1 496 205 293 503 41 80 1
1 496 206 293 503 41 80 1
1 496 207 293 503 41 80 1
1 496 208 293 503 41 80 1
1 496 209 293 503 41 80 1
1 496 210 293 503 41 80 1
1 496 211 293 503 41 80 1
1 496 212 293 503 41 80 1
1 496 213 293 503 41 80 1
1 496 214 293 503 41 80 1
1 496 215 293 503 41 80 1
1 496 216 293 503 41 80 1
1 496 217 293 503 41 80 1
1 496 218 293 503 41 80 1
1 496 219 293 503 41 80 1
1 496 220 293 503 41 80 1
1 496 221 293 503 41 80 1
1 496 222 293 503 41 80 1
1 496 223 293 503 41 80 1
1 496 224 293 503 41 80 1
1 496 225 293 503 41 80 1
1 496 226 293 503 41 80 1
1 496 227 293 503 41 80 1
1 496 228 293 503 41 80 1
1 496 229 293 503 41 80 1
1 496 230 293 503 41 80 1
1 496 231 293 503 41 80 1
1 496 232 293 503 41 80 1
1 496 233 293 503 41 80 1
1 496 234 293 503 41 80 1
1 496 235 293 503 41 80 1
1 496 236 293 503 41 80 1
1 496 237 293 503 41 80 1
1 496 238 293 503 41 80 1
1 496 239 293 503 41 80 1
1 496 240 293 503 41 80 1
1 496 241 293 503 41 80 1
1 496 242 293 503 41 80 1
1 496 243 293 503 41 80 1
1 496 244 293 503 41 80 1
1 496 245 293 503 41 80 1
1 496 246 293 503 41 80 1
1 496 247 293 503 41 80 1
1 496 248 293 503 41 80 1
1 496 249 293 503 41 80 1
1 496 250 293 503 41 80 1
1 496 251 293 503 41 80 1
1 496 252 293 503 41 80 1
1 496 253 293 503 41 80 1
1 496 254 293 503 41 80 1
1 496 255 293 503 41 80 1
1 496 256 293 503 41 80 1
1 496 257 293 503 41 80 1
1 496 258 293 503 41 80 1
1 496 259 293 503 41 80 1
1 496 260 293 503 41 80 1
1 496 261 293 503 41 80 1
1 496 262 293 503 41 80 1
1 496 263 293 503 41 80 1
1 496 264 293 503 41 80 1
1 496 265 293 503 41 80 1
1 496 266 293 503 41 80 1
1 496 267 293 503 41 80 1
1 496 268 293 503 41 80 1
1 496 269 293 503 41 80 1
1 496 270 293 503 41 80 1
1 496 271 293 503 41 80 1
1 496 272 293 503 41 80 1
1 496 273 293 503 41 80 1
1 496 274 293 503 41 80 1
1 496 275 293 503 41 80 1
1 496 276 293 503 41 80 1
1 496 277 293 503 41 80 1
1 496 278 293 503 41 80 1
1 496 279 293 503 41 80 1
1 496 280 293 503 41 80 1
1 496 281 293 503 41 80 1
1 496 282 293 503 41 80 1
1 496 283 293 503 41 80 1
1 496 284 293 503 41 80 1
1 496 285 293 503 41 80 1
1 496 286 293 503 41 80 1
1 496 287 293 503 41 80 1
1 496 288 293 503 41 80 1
1 496 289 293 503 41 80 1
1 496 290 293 503 41 80 1
1 496 291 293 503 41 80 1
1 496 292 293 503 41 80 1
1 496 293 293 503 41 80 1
1 496 294 293 503 41 80 1
1 496 295 293 503 41 80 1
1 496 296 293 503 41 80 1
1 496 297 293 503 41 80 1
1 496 298 293 503 41 80 1
1 496 299 293 503 41 80 1
1 496 300 293 503 41 80 1
1 496 301 293 501 41 82 1
1 496 302 293 501 41 82 1
1 496 303 293 501 41 82 1
1 496 304 293 501 41 82 1
1 496 305 293 501 41 82 1
1 496 306 293 501 41 82 1
1 496 307 293 501 41 82 1
1 496 308 293 501 41 82 1
1 496 309 293 501 41 82 1
1 496 310 293 501 41 82 1
1 496 311 293 501 41 82 1
1 496 312 293 501 41 82 1
1 496 313 293 501 41 82 1
1 496 314 293 501 41 82 1
1 496 315 293 501 41 82 1
1 496 316 293 501 41 82 1
1 496 317 293 501 41 82 1
1 496 318 293 501 41 82 1
1 496 319 293 501 41 82 1
1 496 320 293 501 41 82 1
1 496 321 293 501 41 82 1
1 496 322 293 501 41 82 1
1 496 323 293 501 41 82 1
1 496 324 293 501 41 82 1
1 496 325 293 501 41 82 1
1 496 326 293 501 41 82 1
1 496 327 293 501 41 82 1
1 496 328 293 501 41 82 1
1 496 329 293 501 41 82 1
1 496 330 293 501 41 82 1
1 496 331 293 501 41 82 1
1 496 332 293 501 41 82 1
1 496 333 293 501 41 82 1
1 496 334 293 501 41 82 1
1 496 335 293 501 41 82 1
1 496 336 293 501 41 82 1
1 496 337 293 501 41 82 1
1 496 338 293 501 41 82 1
1 496 339 295 501 39 82 1
1 496 340 295 501 39 82 1
1 496 341 295 501 39 82 1
1 496 342 295 501 39 82 1
1 496 343 295 501 39 82 1
1 496 344 295 501 39 82 1
1 496 345 295 501 39 82 1
1 496 346 295 501 39 82 1
1 496 347 295 501 39 82 1
1 496 348 295 501 39 82 1
1 496 349 295 501 39 82 1
1 496 350 295 501 39 82 1
1 496 351 295 501 39 82 1
1 496 352 295 501 39 82 1
1 496 353 295 501 39 82 1
1 496 354 295 501 39 82 1
1 496 355 295 501 39 82 1
1 496 356 295 501 39 82 1
1 496 357 295 501 39 82 1
1 496 358 295 501 39 82 1
1 496 359 295 501 39 82 1
1 496 360 295 501 39 82 1
1 496 361 295 501 39 82 1
1 496 362 295 501 39 82 1
1 496 363 295 501 39 82 1
1 496 364 295 501 39 82 1
1 496 365 295 501 39 83 1
1 496 366 295 501 39 83 1
1 496 367 295 501 39 83 1
1 496 368 295 501 39 83 1
1 496 369 295 501 39 83 1
1 496 370 295 501 39 83 1
1 496 371 295 501 39 83 1
1 496 372 295 501 39 83 1
1 496 373 295 501 39 83 1
1 496 374 295 501 39 83 1
1 496 375 295 501 39 83 1
1 496 376 295 501 39 83 1
1 496 377 295 501 39 83 1
1 496 378 296 501 38 83 1
1 496 379 296 501 38 83 1
1 496 380 296 501 38 83 1
1 496 381 296 501 38 83 1
1 496 382 296 501 38 83 1
1 496 383 296 501 38 83 1
1 496 384 296 501 38 83 1
1 496 385 296 501 38 83 1
1 496 386 296 501 38 83 1
1 496 387 296 501 38 83 1
1 496 388 296 501 38 83 1
1 496 389 296 501 38 83 1
1 496 390 296 501 38 83 1
1 496 391 296 501 38 83 1
1 496 392 296 501 38 83 1
1 496 393 296 501 38 83 1
1 496 394 296 501 38 83 1
1 496 395 296 501 38 83 1
1 496 396 296 501 38 83 1
1 496 397 296 501 38 83 1
1 496 398 296 501 38 83 1
1 496 399 296 501 38 83 1
1 496 400 296 501 38 83 1
1 496 401 296 501 38 83 1
1 496 402 296 501 38 83 1
1 496 403 296 501 38 83 1
1 496 404 296 501 38 83 1
1 496 405 296 501 38 83 1
1 496 406 296 501 38 83 1
1 496 407 296 501 38 83 1
1 496 408 296 501 38 83 1
1 496 409 296 501 38 83 1
1 496 410 296 501 38 83 1
1 496 411 296 501 38 83 1
1 496 412 296 501 38 83 1
1 496 413 296 501 38 83 1
1 496 414 296 501 38 83 1
1 496 415 296 501 38 83 1
1 496 416 296 501 38 83 1
1 496 417 298 501 36 83 1
1 496 418 298 501 36 83 1
1 496 419 298 501 36 83 1
1 496 420 298 501 36 83 1
1 496 421 298 501 36 83 1
1 496 422 298 501 36 83 1
1 496 423 298 501 36 83 1
1 496 424 298 501 36 83 1
1 496 425 298 501 36 83 1
1 496 426 298 501 36 83 1
1 496 427 298 501 36 83 1
1 496 428 298 501 36 83 1
1 496 429 298 501 36 83 1
1 496 430 298 501 36 85 1
1 496 431 298 501 36 85 1
1 496 432 298 501 36 85 1
1 496 433 298 501 36 85 1
1 496 434 298 501 36 85 1
1 496 435 298 501 36 85 1
1 496 436 298 501 36 85 1
1 496 437 298 501 36 85 1
1 496 438 298 501 36 85 1
1 496 439 298 501 36 85 1
1 496 440 298 501 36 85 1
1 496 441 298 501 36 85 1
1 496 442 298 501 36 85 1
1 496 443 298 501 36 85 1
1 496 444 298 501 36 85 1
1 496 445 298 501 36 85 1
1 496 446 298 501 36 85 1
1 496 447 298 501 36 85 1
1 496 448 298 501 36 85 1
1 496 449 298 501 36 85 1
1 496 450 298 501 36 85 1
1 496 451 298 501 36 85 1
1 496 452 298 501 36 85 1
1 496 453 298 501 36 85 1
1 496 454 298 501 36 85 1
1 496 455 298 501 36 85 1
1 496 456 300 501 34 85 1
1 496 457 300 501 34 85 1
1 496 458 300 501 34 85 1
1 496 459 300 501 34 85 1
1 496 460 300 501 34 85 1
1 496 461 300 501 34 85 1
1 496 462 300 501 34 85 1
1 496 463 300 501 34 85 1
1 496 464 300 501 34 85 1
1 496 465 300 501 34 85 1
1 496 466 300 501 34 85 1
1 496 467 300 501 34 85 1
1 496 468 300 501 34 85 1
1 496 469 300 501 34 85 1
1 496 470 300 501 34 85 1
1 496 471 300 501 34 85 1
1 496 472 300 501 34 85 1
1 496 473 300 501 34 85 1
1 496 474 300 501 34 85 1
1 496 475 300 501 34 85 1
1 496 476 300 501 34 85 1
1 496 477 300 501 34 85 1
1 496 478 300 501 34 85 1
1 496 479 300 501 34 85 1
1 496 480 300 501 34 85 1
1 496 481 300 501 34 85 1
1 496 482 300 501 34 85 1
1 496 483 300 501 34 85 1
1 496 484 300 501 34 85 1
1 496 485 300 501 34 85 1
1 496 486 300 501 34 85 1
1 496 487 300 501 34 85 1
1 496 488 300 501 34 85 1
1 496 489 300 501 34 85 1
1 496 490 300 501 34 85 1
1 496 491 300 501 34 85 1
1 496 492 300 501 34 85 1
1 496 493 300 501 34 85 1
1 496 494 300 501 34 85 1
1 496 495 302 501 32 87 1
2 340 156 1023 194 24 58 1
2 340 157 1022 194 24 58 1
2 340 158 1021 194 25 58 1
2 340 159 1021 194 25 58 1
2 340 160 1020 194 25 58 1
2 340 161 1020 194 25 58 1
2 340 162 1019 194 26 59 1
2 340 163 1018 194 26 59 1
2 340 164 1018 194 26 59 1
2 340 165 1017 194 27 59 1
2 340 166 1016 194 27 59 1
2 340 167 1016 194 27 60 1
2 340 168 1015 194 28 60 1
2 340 169 1015 194 28 60 1
2 340 170 1014 194 28 60 1
2 340 171 1013 194 29 60 1
2 340 172 1013 194 29 61 1
2 340 173 1012 194 29 61 1
2 340 174 1012 194 29 61 1
2 340 175 1011 194 30 61 1
2 340 176 1010 194 30 61 1
2 340 177 1009 195 31 61 1
2 340 178 1008 195 30 61 1
2 340 179 1008 195 28 61 1
2 340 180 1006 195 30 61 1
2 340 181 1004 195 30 61 1
2 340 182 1004 195 28 61 1
2 340 183 1002 195 30 61 1
2 340 184 1000 195 31 61 1
2 340 185 1000 195 29 61 1
2 340 186 999 195 30 61 1
2 340 187 997 195 30 61 1
2 340 188 997 195 28 61 1
2 340 189 995 195 29 61 1
2 340 190 993 195 31 61 1
2 340 191 993 195 29 61 1
2 340 192 992 195 28 61 1
2 340 193 990 195 30 61 1
2 340 194 990 195 28 61 1
2 340 195 988 195 28 61 1
2 340 196 986 195 30 61 1
2 340 197 986 195 29 61 1
2 340 198 984 195 29 61 1
2 340 199 983 195 28 61 1
2 340 200 983 195 28 61 1
2 340 201 981 195 28 61 1
2 340 202 979 195 29 61 1
2 340 203 979 195 29 61 1
2 340 204 977 197 29 60 1
2 340 205 976 197 28 60 1
2 340 206 976 197 28 60 1
2 340 207 974 197 28 60 1
2 340 208 972 197 28 60 1
2 340 209 972 197 28 60 1
2 340 210 970 197 29 60 1
2 340 211 968 197 29 60 1
2 340 212 968 197 27 60 1
2 340 213 967 197 28 60 1
2 340 214 965 197 28 60 1
2 340 215 965 197 27 60 1
2 340 216 963 197 29 60 1
2 340 217 961 197 29 60 1
2 340 218 961 197 27 60 1
2 340 219 960 197 28 60 1
2 340 220 958 197 28 60 1
2 340 221 958 197 26 60 1
2 340 222 956 197 27 60 1
2 340 223 954 197 29 60 1
2 340 224 954 197 27 60 1
2 340 225 952 197 27 60 1
2 340 226 951 197 28 60 1
2 340 227 951 197 26 60 1
2 340 228 949 197 27 60 1
2 340 229 947 197 29 60 1
2 340 230 947 197 27 60 1
2 340 231 945 197 27 60 1
2 340 232 945 199 27 60 1
2 340 233 944 199 26 60 1
2 340 234 944 199 26 60 1
2 340 235 942 199 26 60 1
2 340 236 942 199 26 60 1
2 340 237 942 199 26 60 1
2 340 238 940 199 27 60 1
2 340 239 940 199 27 60 1
2 340 240 940 199 27 60 1
2 340 241 938 199 27 60 1
2 340 242 938 199 27 60 1
2 340 243 936 199 27 60 1
2 340 244 936 199 27 60 1
2 340 245 936 199 27 60 1
2 340 246 935 199 26 60 1
2 340 247 935 199 26 60 1
2 340 248 935 199 26 60 1
2 340 249 933 199 27 60 1
2 340 250 933 199 27 60 1
2 340 251 931 199 27 60 1
2 340 252 931 199 27 60 1
2 340 253 931 199 27 60 1
2 340 254 929 199 27 60 1
2 340 255 929 199 27 60 1
2 340 256 929 199 27 60 1
2 340 257 929 199 27 60 1
2 340 258 929 199 27 60 1
2 340 259 929 199 27 60 1
2 340 260 929 199 27 60 1
2 340 261 929 199 27 60 1
2 340 262 929 199 27 60 1
2 340 263 929 199 27 60 1
2 340 264 929 199 27 60 1
2 340 265 929 199 27 60 1
2 340 266 931 199 27 60 1
2 340 267 931 199 27 60 1
2 340 268 931 199 27 60 1
2 340 269 931 199 27 60 1
2 340 270 931 200 27 61 1
2 340 271 931 200 27 61 1
2 340 272 931 200 27 61 1
2 340 273 931 200 27 61 1
2 340 274 931 200 27 61 1
2 340 275 933 200 27 61 1
2 340 276 933 200 27 61 1
2 340 277 933 200 27 61 1
2 340 278 933 200 27 61 1
2 340 279 933 200 27 61 1
2 340 280 933 200 27 61 1
2 340 281 933 200 27 61 1
2 340 282 933 200 27 61 1
2 340 283 933 200 27 61 1
2 340 284 935 202 26 61 1
2 340 285 935 202 26 61 1
2 340 286 936 202 27 61 1
2 340 287 936 202 27 61 1
2 340 288 938 202 27 61 1
2 340 289 938 202 27 61 1
2 340 290 940 202 27 61 1
2 340 291 940 202 27 61 1
2 340 292 942 202 26 61 1
2 340 293 944 202 26 61 1
2 340 294 944 202 26 61 1
2 340 295 945 202 27 61 1
2 340 296 945 202 27 61 1
2 340 297 947 202 27 61 1
2 340 298 947 202 27 61 1
2 340 299 949 202 27 61 1
2 340 300 951 202 26 61 1
2 340 301 951 202 26 61 1
2 340 302 952 202 27 61 1
2 340 303 954 202 25 61 1
2 340 304 954 202 27 61 1
2 340 305 956 202 27 61 1
2 340 306 958 202 25 61 1
2 340 307 958 202 26 61 1
2 340 308 960 202 24 61 1
2 340 309 961 202 25 61 1
2 340 310 961 202 27 61 1
2 340 311 963 202 25 61 1
2 340 312 965 202 25 61 1
2 340 313 965 202 25 61 1
2 340 314 967 202 25 61 1
2 340 315 968 202 25 61 1
2 340 316 968 202 25 61 1
2 340 317 970 202 25 61 1
2 340 318 972 202 23 61 1
2 340 319 972 202 25 61 1
2 340 320 974 202 25 61 1
2 340 321 976 202 23 61 1
2 340 322 976 202 24 61 1
2 340 323 977 202 23 61 1
2 340 324 979 202 23 61 1
2 340 325 981 202 23 61 1
2 340 326 981 202 23 61 1
2 340 327 983 202 23 61 1
2 340 328 984 202 24 61 1
2 340 329 986 202 23 61 1
2 340 330 986 202 23 61 1
2 340 331 988 202 23 61 1
2 340 332 990 202 23 61 1
2 340 333 992 202 23 61 1
2 340 334 992 202 23 61 1
2 340 335 993 202 23 61 1
2 340 336 995 202 23 61 1
2 340 337 997 202 23 61 1
2 340 338 999 202 23 61 1
2 340 339 999 202 23 61 1
2 340 340 1000 202 24 61 1
2 340 341 1002 202 23 61 1
2 340 342 1004 202 23 61 1
2 340 343 1004 202 23 61 1
2 340 344 1006 202 23 61 1
2 340 345 1008 202 23 61 1
2 340 346 1009 202 23 61 1
2 340 347 1009 202 23 61 1
2 340 348 1011 202 23 61 1
2 340 349 1013 202 23 61 1
2 340 350 1015 202 23 61 1
2 340 351 1016 202 24 61 1
2 340 352 1016 202 24 61 1
2 340 353 1018 202 23 61 1
2 340 354 1020 202 23 61 1
2 340 355 1022 202 23 61 1
2 340 356 1022 202 23 61 1
2 340 357 1024 202 23 61 1
2 340 358 1025 202 23 61 1
2 340 359 1027 202 23 61 1
2 340 360 1027 202 23 61 1
2 340 361 1029 202 23 61 1
2 340 362 1031 202 23 61 1
2 340 363 1032 202 24 61 1
2 340 364 1034 202 23 61 1
2 340 365 1034 202 23 61 1
2 340 366 1036 202 23 61 1
2 340 367 1038 202 23 61 1
2 340 368 1040 202 23 61 1
2 340 369 1040 202 23 61 1
2 340 370 1041 202 23 61 1
2 340 371 1043 202 23 61 1
2 340 372 1045 202 23 61 1
2 340 373 1047 204 23 60 1
2 340 374 1047 202 23 61 1
2 340 375 1048 202 24 61 1
2 340 376 1050 202 23 61 1
2 340 377 1052 202 23 61 1
2 340 378 1052 202 23 61 1
2 340 379 1054 202 23 61 1
2 340 380 1056 202 23 61 1
2 340 381 1057 202 23 61 1
2 340 382 1057 202 25 61 1
2 340 383 1059 202 23 61 1
2 340 384 1061 202 23 61 1
2 340 385 1063 202 23 61 1
2 340 386 1063 202 25 61 1
2 340 387 1064 202 24 61 1
2 340 388 1066 202 23 61 1
2 340 389 1068 202 23 61 1
2 340 390 1068 202 25 61 1
2 340 391 1070 202 25 61 1
2 340 392 1072 200 23 63 1
2 340 393 1073 200 23 63 1
2 340 394 1073 200 25 63 1
2 340 395 1075 200 25 63 1
2 340 396 1077 200 23 63 1
2 340 397 1079 200 23 63 1
2 340 398 1079 200 25 63 1
2 340 399 1080 200 25 63 1
2 340 400 1082 200 25 63 1
2 340 401 1084 200 23 63 1
2 340 402 1084 200 25 63 1
2 340 403 1086 200 25 63 1
2 340 404 1088 200 24 63 1
2 340 405 1089 200 23 63 1
2 340 406 1089 200 25 63 1
2 340 407 1091 200 25 63 1
2 340 408 1093 200 25 63 1
2 340 409 1095 200 25 63 1
2 340 410 1095 199 25 62 1
2 340 411 1096 199 25 62 1
2 340 412 1098 199 25 62 1
2 340 413 1100 199 25 62 1
2 340 414 1102 199 25 62 1
2 340 415 1104 199 24 62 1
2 340 416 1105 199 23 62 1
2 340 417 1105 199 25 62 1
2 340 418 1107 199 25 62 1
2 340 419 1109 199 25 62 1
2 340 420 1111 199 25 62 1
2 340 421 1112 199 25 62 1
2 340 422 1114 199 23 62 1
2 340 423 1116 199 23 62 1
2 340 424 1116 199 25 62 1
2 340 425 1118 199 25 62 1
2 340 426 1120 199 24 62 1
2 340 427 1121 199 25 62 1
2 340 428 1123 199 23 60 1
2 340 429 1125 199 23 60 1
2 340 430 1127 199 23 60 1
2 340 431 1127 199 25 60 1
2 340 432 1128 199 25 60 1
2 340 433 1130 199 25 60 1
2 340 434 1132 199 23 60 1
2 340 435 1134 199 23 60 1
2 340 436 1136 199 23 60 1
2 340 437 1137 199 23 60 1
2 340 438 1137 197 25 62 1
2 340 439 1139 197 25 62 1
2 340 440 1141 197 25 62 1
2 340 441 1143 197 23 62 1
2 340 442 1144 197 24 62 1
2 340 443 1146 197 23 62 1
2 340 444 1148 197 23 62 1
2 340 445 1148 197 25 62 1
2 340 446 1150 197 25 62 1
2 340 447 1152 197 23 60 1
2 340 448 1153 197 23 60 1
2 340 449 1155 197 23 60 1
2 340 450 1157 197 23 60 1
2 340 451 1159 197 23 60 1
2 340 452 1159 197 25 60 1
2 340 453 1160 197 24 60 1
2 340 454 1162 197 23 60 1
2 340 455 1164 197 23 60 1
2 340 456 1166 197 23 60 1
2 340 457 1168 197 23 60 1
2 340 458 1169 197 23 60 1
2 340 459 1169 197 23 60 1
2 340 460 1171 197 23 60 1
2 340 461 1173 197 23 60 1
2 340 462 1175 197 23 60 1
2 340 463 1176 197 24 60 1
2 340 464 1178 197 23 60 1
2 340 465 1180 197 23 60 1
2 340 466 1182 195 23 61 1
2 340 467 1184 195 23 61 1
2 340 468 1185 195 23 61 1
2 340 469 1187 195 23 61 1
2 340 470 1189 195 23 61 1
2 340 471 1191 195 23 61 1
2 340 472 1192 195 24 61 1
2 340 473 1194 195 23 61 1
2 340 474 1196 195 23 61 1
2 340 475 1198 195 23 61 1
2 340 476 1200 195 23 61 1
2 340 477 1201 195 23 61 1
2 340 478 1203 195 23 61 1
2 340 479 1205 195 23 61 1
2 340 480 1207 195 23 61 1
2 340 481 1208 195 24 61 1
2 340 482 1210 195 23 61 1
2 340 483 1212 195 23 61 1
2 340 484 1214 195 23 61 1
2 340 485 1216 195 23 61 1
2 340 486 1217 195 23 61 1
2 340 487 1219 195 23 61 1
2 340 488 1221 195 23 61 1
2 340 489 1223 195 23 61 1
2 340 490 1224 195 24 61 1
2 340 491 1226 195 23 61 1
2 340 492 1228 195 23 61 1
2 340 493 1230 195 23 61 1
2 340 494 1232 195 23 61 1
2 340 495 1233 195 23 61 1
3 393 0 224 291 26 64 1
3 393 1 222 291 26 64 1
3 393 2 222 291 26 64 1
3 393 3 220 291 27 64 1
3 393 4 220 293 27 64 1
3 393 5 220 293 27 64 1
3 393 6 218 293 27 64 1
3 393 7 218 293 27 64 1
3 393 8 216 295 27 64 1
3 393 9 216 295 27 64 1
3 393 10 216 295 27 64 1
3 393 11 215 295 26 65 1
3 393 12 215 296 26 64 1
3 393 13 215 296 26 64 1
3 393 14 213 296 27 64 1
3 393 15 213 296 27 66 1
3 393 16 211 298 27 64 1
3 393 17 211 298 27 64 1
3 393 18 211 298 27 64 1
3 393 19 209 300 27 64 1
3 393 20 209 300 27 64 1
3 393 21 208 300 26 64 1
3 393 22 208 300 26 66 1
3 393 23 208 302 26 64 1
3 393 24 206 302 26 64 1
3 393 25 206 302 26 64 1
3 393 26 206 302 26 66 1
3 393 27 204 304 27 64 1
3 393 28 204 304 27 64 1
3 393 29 202 304 27 65 1
3 393 30 202 304 27 65 1
3 393 31 202 305 27 64 1
3 393 32 200 305 27 64 1
3 393 33 200 305 27 66 1
3 393 34 199 307 26 64 1
3 393 35 199 307 26 64 1
3 393 36 199 307 26 64 1
3 393 37 197 307 27 66 1
3 393 38 197 309 27 64 1
3 393 39 197 309 27 64 1
3 393 40 195 309 27 66 1
3 393 41 195 309 27 66 1
3 393 42 193 311 27 64 1
3 393 43 193 311 27 64 1
3 393 44 193 311 27 65 1
3 393 45 192 311 26 65 1
3 393 46 192 312 26 64 1
3 393 47 192 312 26 66 1
3 393 48 190 312 26 66 1
3 393 49 190 314 26 64 1
3 393 50 188 314 27 64 1
3 393 51 188 314 27 66 1
3 393 52 188 314 27 66 1
3 393 53 186 316 27 64 1
3 393 54 186 316 27 64 1
3 393 55 184 316 27 66 1
3 393 56 184 316 27 66 1
3 393 57 184 318 27 64 1
3 393 58 183 318 26 66 1
3 393 59 183 318 26 66 1
3 393 60 183 318 26 66 1
3 393 61 181 320 27 64 1
3 393 62 181 320 27 65 1
3 393 63 179 320 27 65 1
3 393 64 179 321 27 64 1
3 393 65 179 321 27 64 1
3 393 66 177 321 27 66 1
3 393 67 177 321 27 66 1
3 393 68 176 323 26 64 1
3 393 69 176 323 26 66 1
3 393 70 176 323 26 66 1
3 393 71 174 323 26 66 1
3 393 72 174 325 26 64 1
3 393 73 174 325 26 66 1
3 393 74 172 325 27 66 1
3 393 75 172 325 27 66 1
3 393 76 170 327 27 65 1
3 393 77 170 327 27 65 1
3 393 78 170 327 27 65 1
3 393 79 168 328 27 64 1
3 393 80 168 328 27 66 1
3 393 81 167 328 26 66 1
3 393 82 167 328 26 66 1
3 393 83 167 330 26 64 1
3 393 84 165 330 27 66 1
3 393 85 165 330 27 66 1
3 393 86 165 330 27 66 1
3 393 87 163 332 27 66 1
3 393 88 163 332 27 66 1
3 393 89 161 332 27 66 1
3 393 90 161 332 27 66 1
3 393 91 161 334 27 66 1
3 393 92 160 334 26 66 1
3 393 93 160 334 26 66 1
3 393 94 160 336 26 65 1
3 393 95 158 336 26 65 1
3 393 96 156 336 27 65 1
3 393 97 156 336 27 65 1
3 393 98 154 336 27 65 1
3 393 99 152 336 27 65 1
3 393 100 152 336 27 65 1
3 393 101 151 336 26 65 1
3 393 102 149 336 27 65 1
3 393 103 149 336 27 65 1
3 393 104 147 336 27 65 1
3 393 105 145 336 27 65 1
3 393 106 145 336 27 65 1
3 393 107 144 336 26 65 1
3 393 108 142 336 26 65 1
3 393 109 142 336 26 65 1
3 393 110 140 336 27 65 1
3 393 111 140 336 27 65 1
3 393 112 138 336 27 65 1
3 393 113 136 336 27 65 1
3 393 114 136 336 27 65 1
3 393 115 135 336 26 65 1
3 393 116 133 336 27 65 1
3 393 117 133 336 27 65 1
3 393 118 131 336 27 65 1
3 393 119 129 336 27 65 1
3 393 120 129 336 27 65 1
3 393 121 128 336 26 65 1
3 393 122 126 336 26 65 1
3 393 123 126 336 26 65 1
3 393 124 124 336 27 65 1
3 393 125 124 337 27 66 1
3 393 126 122 337 27 66 1
3 393 127 122 337 27 66 1
3 393 128 122 337 27 68 1
3 393 129 120 339 27 66 1
3 393 130 120 339 27 66 1
3 393 131 120 339 27 68 1
3 393 132 119 341 26 66 1
3 393 133 119 341 26 67 1
3 393 134 119 341 26 67 1
3 393 135 117 341 27 67 1
3 393 136 117 343 27 67 1
3 393 137 117 343 27 67 1
3 393 138 115 343 27 69 1
3 393 139 115 344 27 68 1
3 393 140 115 344 27 68 1
3 393 141 113 344 27 70 1
3 393 142 113 344 27 70 1
3 393 143 113 346 27 70 1
3 393 144 112 346 26 70 1
3 393 145 112 346 26 70 1
3 393 146 112 348 26 69 1
3 393 147 110 348 26 69 1
3 393 148 110 348 26 71 1
3 393 149 110 348 26 71 1
3 393 150 108 350 27 69 1
3 393 151 108 350 27 71 1
3 393 152 108 350 27 71 1
3 393 153 106 352 27 71 1
3 393 154 106 352 27 71 1
3 393 155 106 352 27 71 1
3 393 156 104 352 27 72 1
3 393 157 104 353 27 71 1
3 393 158 104 353 27 71 1
3 393 159 103 353 26 73 1
3 393 160 103 355 26 71 1
3 393 161 103 355 26 73 1
3 393 162 101 355 27 73 1
3 393 163 101 355 27 73 1
3 393 164 101 357 27 73 1
3 393 165 99 357 27 73 1
3 393 166 99 357 27 75 1
3 393 167 99 359 27 73 1
3 393 168 97 359 27 73 1
3 393 169 97 359 27 74 1
3 393 170 97 359 27 74 1
3 393 171 96 360 26 75 1
3 393 172 96 360 26 75 1
3 393 173 96 360 26 75 1
3 393 174 94 362 26 75 1
3 393 175 94 362 26 75 1
3 393 176 94 362 26 77 1
3 393 177 92 362 27 77 1
3 393 178 92 364 27 75 1
3 393 179 92 364 27 76 1
3 393 180 90 364 27 76 1
3 393 181 90 366 27 76 1
3 393 182 90 366 27 76 1
3 393 183 88 366 27 76 1
3 393 184 88 366 27 78 1
3 393 185 88 368 27 76 1
3 393 186 87 368 26 78 1
3 393 187 87 368 26 78 1
3 393 188 87 369 26 77 1
3 393 189 85 369 27 79 1
3 393 190 85 369 27 79 1
3 393 191 85 369 27 79 1
3 393 192 83 371 27 78 1
3 393 193 83 371 27 78 1
3 393 194 83 371 27 80 1
3 393 195 81 373 27 78 1
3 393 196 81 373 27 78 1
3 393 197 81 373 27 80 1
3 393 198 80 373 26 80 1
3 393 199 80 375 26 80 1
3 393 200 80 375 26 80 1
3 393 201 78 375 26 80 1
3 393 202 78 376 26 80 1
3 393 203 78 376 26 80 1
3 393 204 76 376 27 82 1
3 393 205 76 376 27 82 1
3 393 206 76 378 27 80 1
3 393 207 74 378 27 82 1
3 393 208 74 378 27 82 1
3 393 209 74 380 27 82 1
3 393 210 72 380 27 82 1
3 393 211 72 380 27 82 1
3 393 212 72 380 27 84 1
3 393 213 71 382 26 82 1
3 393 214 71 382 26 83 1
3 393 215 71 382 26 83 1
3 393 216 69 384 27 81 1
3 393 217 69 384 27 83 1
3 393 218 69 384 27 83 1
3 393 219 69 385 27 84 1
3 393 220 67 385 27 84 1
3 393 221 67 385 27 84 1
3 393 222 67 385 27 84 1
3 393 223 65 385 27 84 1
3 393 224 65 385 27 84 1
3 393 225 65 385 27 84 1
3 393 226 65 387 27 84 1
3 393 227 64 387 26 84 1
3 393 228 64 387 26 84 1
3 393 229 64 387 26 84 1
3 393 230 62 387 26 84 1
3 393 231 62 387 26 84 1
3 393 232 62 387 26 84 1
3 393 233 62 389 26 83 1
3 393 234 60 389 27 83 1
3 393 235 60 389 27 83 1
3 393 236 60 389 27 83 1
3 393 237 58 389 27 83 1
3 393 238 58 389 27 83 1
3 393 239 58 389 27 83 1
3 393 240 58 391 27 83 1
3 393 241 56 391 27 83 1
3 393 242 56 391 27 83 1
3 393 243 56 391 27 83 1
3 393 244 55 391 26 83 1
3 393 245 55 391 26 83 1
3 393 246 55 392 26 84 1
3 393 247 55 392 26 84 1
3 393 248 53 392 27 84 1
3 393 249 53 392 27 84 1
3 393 250 53 392 27 84 1
3 393 251 51 392 27 84 1
3 393 252 51 392 27 84 1
3 393 253 51 394 27 84 1
3 393 254 51 394 27 84 1
3 393 255 49 394 27 84 1
3 393 256 49 394 27 84 1
3 393 257 49 394 27 84 1
3 393 258 48 394 26 84 1
3 393 259 48 394 26 84 1
3 393 260 48 396 26 84 1
3 393 261 48 396 26 84 1
3 393 262 46 396 26 84 1
3 393 263 46 396 26 84 1
3 393 264 46 396 26 84 1
3 393 265 44 396 27 84 1
3 393 266 44 398 27 83 1
3 393 267 44 398 27 83 1
3 393 268 44 398 27 83 1
3 393 269 42 398 27 83 1
3 393 270 42 398 27 83 1
3 393 271 42 398 27 83 1
3 393 272 40 398 27 83 1
3 393 273 40 400 27 83 1
3 393 274 40 400 27 83 1
3 393 275 40 400 27 83 1
3 393 276 39 400 26 83 1
3 393 277 39 400 26 83 1
3 393 278 39 400 26 83 1
3 393 279 37 400 27 83 1
3 393 280 37 401 27 84 1
3 393 281 37 401 27 84 1
3 393 282 37 401 27 84 1
3 393 283 35 401 27 84 1
3 393 284 35 401 27 84 1
3 393 285 35 401 27 84 1
3 393 286 35 403 27 84 1
3 393 287 33 403 27 84 1
3 393 288 33 403 27 84 1
3 393 289 33 403 27 84 1
3 393 290 33 403 27 84 1
3 393 291 32 403 26 84 1
3 393 292 32 403 26 84 1
3 393 293 32 403 26 84 1
3 393 294 32 403 26 84 1
3 393 295 32 403 26 84 1
3 393 296 30 403 26 84 1
3 393 297 30 403 26 84 1
3 393 298 30 403 26 84 1
3 393 299 30 403 26 84 1
3 393 300 30 405 26 83 1
3 393 301 28 405 27 83 1
3 393 302 28 405 27 83 1
3 393 303 28 405 27 83 1
3 393 304 28 405 27 83 1
3 393 305 26 405 29 83 1
3 393 306 26 407 27 83 1
3 393 307 26 407 27 83 1
3 393 308 26 407 27 83 1
3 393 309 24 407 29 83 1
3 393 310 24 407 29 83 1
3 393 311 24 407 27 85 1
3 393 312 24 408 27 84 1
3 393 313 24 408 27 84 1
3 393 314 23 408 28 84 1
3 393 315 23 408 28 84 1
3 393 316 23 408 26 84 1
3 393 317 23 408 26 86 1
3 393 318 21 410 28 84 1
3 393 319 21 410 28 84 1
3 393 320 21 410 28 84 1
3 393 321 21 410 27 84 1
3 393 322 19 410 29 86 1
3 393 323 19 410 29 86 1
3 393 324 19 412 29 84 1
3 393 325 19 412 29 84 1
3 393 326 19 412 27 84 1
3 393 327 17 412 29 84 1
3 393 328 17 412 29 85 1
3 393 329 17 412 29 85 1
3 393 330 17 414 29 83 1
3 393 331 16 414 28 83 1
3 393 332 16 414 28 83 1
3 393 333 16 414 28 85 1
3 393 334 16 414 28 85 1
3 393 335 14 414 30 85 1
3 393 336 14 416 28 83 1
3 393 337 14 416 28 83 1
3 393 338 14 416 28 85 1
3 393 339 14 416 28 85 1
3 393 340 12 416 30 85 1
3 393 341 12 416 28 85 1
3 393 342 12 417 28 84 1
3 393 343 12 417 28 84 1
3 393 344 10 417 30 86 1
3 393 345 10 417 30 86 1
3 393 346 10 417 29 86 1
3 393 347 10 417 29 86 1
3 393 348 8 419 31 84 1
3 393 349 8 419 31 85 1
3 393 350 8 419 31 85 1
3 393 351 8 419 29 85 1
3 393 352 8 419 29 85 1
3 393 353 7 419 30 85 1
3 393 354 7 421 30 83 1
3 393 355 7 421 30 85 1
3 393 356 7 421 28 85 1
3 393 357 5 421 30 85 1
3 393 358 5 421 30 85 1
3 393 359 5 421 30 85 1
3 393 360 5 423 30 85 1
3 393 361 3 423 30 85 1
3 393 362 3 423 30 85 1
3 393 363 3 423 30 85 1
3 393 364 3 423 30 85 1
3 393 365 3 424 30 86 1
3 393 366 1 424 31 86 1
3 393 367 1 424 31 86 1
3 393 368 1 424 29 86 1
3 393 369 1 424 29 86 1
3 393 370 1 426 27 86 1
3 393 371 1 426 27 86 1
3 393 372 1 426 25 86 1
3 393 373 1 426 25 86 1
3 393 374 1 428 23 85 1
3 393 375 1 428 23 85 1
3 393 376 0 428 23 85 1
3 393 377 0 428 23 85 1
3 393 378 0 430 21 85 1
3 393 379 0 430 21 85 1
3 393 380 0 430 19 85 1
3 393 381 0 430 19 85 1
3 393 382 0 432 17 85 1
3 393 383 0 432 17 85 1
3 393 384 0 432 16 85 1
3 393 385 0 432 16 85 1
3 393 386 0 433 16 86 1
3 393 387 0 433 14 86 1
3 393 388 0 435 12 85 1
3 393 389 0 435 10 85 1
3 393 390 0 437 8 85 1
3 393 391 0 439 8 85 1
3 393 392 0 439 8 85 1
