0 322 0 282 240 23 46 1
0 322 1 280 238 24 46 1
0 322 2 280 238 24 46 1
0 322 3 280 238 24 46 1
0 322 4 280 238 24 46 1
0 322 5 280 238 24 46 1
0 322 6 280 238 24 46 1
0 322 7 280 238 24 46 1
0 322 8 280 238 24 46 1
0 322 9 280 238 24 46 1
0 322 10 280 238 24 46 1
0 322 11 279 238 23 46 1
0 322 12 279 238 23 46 1
0 322 13 279 238 23 46 1
0 322 14 279 238 23 46 1
0 322 15 279 238 23 46 1
0 322 16 279 238 23 46 1
0 322 17 279 238 23 46 1
0 322 18 279 238 23 46 1
0 322 19 279 238 23 46 1
0 322 20 279 238 23 46 1
0 322 21 277 236 23 46 1
0 322 22 277 236 23 46 1
0 322 23 277 236 23 46 1
0 322 24 277 236 23 46 1
0 322 25 277 236 23 46 1
0 322 26 277 236 23 46 1
0 322 27 275 236 23 46 1
0 322 28 275 236 23 46 1
0 322 29 275 236 23 46 1
0 322 30 275 236 23 46 1
0 322 31 275 236 23 46 1
0 322 32 275 236 23 46 1
0 322 33 275 236 23 46 1
0 322 34 273 236 23 46 1
0 322 35 273 236 23 46 1
0 322 36 273 236 23 46 1
0 322 37 273 236 23 46 1
0 322 38 273 236 23 46 1
0 322 39 273 236 23 46 1
0 322 40 272 236 23 46 1
0 322 41 272 236 23 46 1
0 322 42 272 236 23 46 1
0 322 43 272 236 23 46 1
0 322 44 272 236 23 46 1
0 322 45 272 236 23 46 1
0 322 46 272 236 23 46 1
0 322 47 270 234 23 46 1
0 322 48 270 234 23 46 1
0 322 49 270 234 23 46 1
0 322 50 270 234 23 46 1
0 322 51 270 234 23 46 1
0 322 52 270 234 23 46 1
0 322 53 270 234 23 46 1
0 322 54 270 234 23 46 1
0 322 55 268 234 23 46 1
0 322 56 268 234 23 46 1
0 322 57 268 234 23 46 1
0 322 58 268 234 23 46 1
0 322 59 268 232 23 47 1
0 322 60 268 232 23 47 1
0 322 61 268 232 23 47 1
0 322 62 268 232 23 47 1
0 322 63 266 232 23 47 1
0 322 64 266 232 23 47 1
0 322 65 266 232 23 47 1
0 322 66 266 232 23 47 1
0 322 67 266 232 23 47 1
0 322 68 266 232 23 47 1
0 322 69 266 232 23 47 1
0 322 70 266 232 23 47 1
0 322 71 264 232 24 47 1
0 322 72 264 232 24 47 1
0 322 73 264 232 24 47 1
0 322 74 264 232 24 47 1
0 322 75 264 232 24 47 1
0 322 76 264 232 24 47 1
0 322 77 264 232 24 47 1
0 322 78 264 232 24 47 1
0 322 79 264 232 24 47 1
0 322 80 263 232 23 47 1
0 322 81 263 232 23 47 1
0 322 82 263 232 23 47 1
0 322 83 263 232 23 47 1
0 322 84 263 232 23 47 1
0 322 85 263 232 23 47 1
0 322 86 263 232 23 47 1
0 322 87 263 232 23 47 1
0 322 88 263 232 23 47 1
0 322 89 263 234 23 46 1
0 322 90 263 232 23 47 1
0 322 91 263 232 23 47 1
0 322 92 263 232 23 47 1
0 322 93 263 232 23 47 1
0 322 94 263 232 23 47 1
0 322 95 263 232 23 47 1
0 322 96 263 232 23 47 1
0 322 97 263 232 23 47 1
0 322 98 263 232 23 47 1
0 322 99 263 232 23 47 1
0 322 100 263 232 23 47 1
0 322 101 263 232 23 47 1
0 322 102 264 232 24 47 1
0 322 103 264 232 24 47 1
0 322 104 264 232 24 47 1
0 322 105 264 232 24 47 1
0 322 106 264 232 24 47 1
0 322 107 264 232 24 47 1
0 322 108 264 232 24 47 1
0 322 109 264 232 24 47 1
0 322 110 264 232 24 47 1
0 322 111 264 232 24 47 1
0 322 112 264 232 24 47 1
0 322 113 264 232 24 47 1
0 322 114 266 232 23 47 1
0 322 115 266 232 23 47 1
0 322 116 266 232 23 47 1
0 322 117 266 232 23 47 1
0 322 118 266 232 23 47 1
0 322 119 266 232 23 47 1
0 322 120 266 231 23 46 1
0 322 121 266 231 23 46 1
0 322 122 266 231 23 46 1
0 322 123 266 231 23 46 1
0 322 124 266 231 23 46 1
0 322 125 266 231 23 46 1
0 322 126 268 231 23 46 1
0 322 127 268 231 23 46 1
0 322 128 268 231 23 46 1
0 322 129 268 231 23 46 1
0 322 130 268 231 23 46 1
0 322 131 268 231 23 46 1
0 322 132 268 231 23 46 1
0 322 133 268 231 23 46 1
0 322 134 268 231 23 46 1
0 322 135 268 231 23 46 1
0 322 136 268 231 23 46 1
0 322 137 268 231 23 46 1
0 322 138 270 231 23 46 1
0 322 139 270 231 23 46 1
0 322 140 270 231 23 46 1
0 322 141 270 231 23 46 1
0 322 142 270 231 23 46 1
0 322 143 270 231 23 46 1
0 322 144 270 231 23 46 1
0 322 145 270 231 23 46 1
0 322 146 270 231 23 46 1
0 322 147 270 231 23 46 1
0 322 148 270 231 23 46 1
0 322 149 270 231 23 46 1
0 322 150 272 231 23 46 1
0 322 151 272 231 23 46 1
0 322 152 272 231 23 46 1
0 322 153 272 231 23 46 1
0 322 154 272 231 23 46 1
0 322 155 273 231 23 46 1
0 322 156 273 231 23 46 1
0 322 157 273 231 23 46 1
0 322 158 273 231 23 46 1
0 322 159 273 231 23 46 1
0 322 160 275 231 23 46 1
0 322 161 275 231 23 46 1
0 322 162 275 231 23 46 1
0 322 163 275 231 23 46 1
0 322 164 275 231 23 46 1
0 322 165 277 231 23 46 1
0 322 166 277 231 23 46 1
0 322 167 277 231 23 46 1
0 322 168 277 231 23 46 1
0 322 169 277 231 23 46 1
0 322 170 279 231 23 46 1
0 322 171 279 231 23 46 1
0 322 172 279 231 23 46 1
0 322 173 279 231 23 46 1
0 322 174 280 231 24 46 1
0 322 175 280 231 24 46 1
0 322 176 280 231 24 46 1
0 322 177 280 231 24 46 1
0 322 178 282 231 23 46 1
0 322 179 282 231 23 46 1
0 322 180 282 231 23 46 1
0 322 181 282 231 23 46 1
0 322 182 284 231 23 46 1
0 322 183 284 231 23 46 1
0 322 184 284 231 23 46 1
0 322 185 284 231 23 46 1
0 322 186 284 231 23 46 1
0 322 187 284 231 23 46 1
0 322 188 284 231 25 46 1
0 322 189 284 229 25 46 1
0 322 190 284 229 25 46 1
0 322 191 284 229 25 46 1
0 322 192 284 229 25 46 1
0 322 193 284 229 25 46 1
0 322 194 284 229 25 46 1
0 322 195 284 229 25 46 1
0 322 196 286 229 23 46 1
0 322 197 286 229 23 46 1
0 322 198 286 229 25 46 1
0 322 199 286 229 25 46 1
0 322 200 286 229 25 46 1
0 322 201 286 229 25 46 1
0 322 202 286 229 25 46 1
0 322 203 288 229 23 46 1
0 322 204 288 229 23 46 1
0 322 205 288 229 23 46 1
0 322 206 288 229 23 46 1
0 322 207 288 229 23 46 1
0 322 208 288 229 24 46 1
0 322 209 288 229 24 46 1
0 322 210 289 229 23 46 1
0 322 211 289 229 23 46 1
0 322 212 289 229 23 46 1
0 322 213 289 229 23 46 1
0 322 214 289 229 23 46 1
0 322 215 289 229 23 46 1
0 322 216 289 229 23 46 1
0 322 217 291 229 23 46 1
0 322 218 291 229 23 46 1
0 322 219 291 229 23 46 1
0 322 220 291 229 23 46 1
0 322 221 293 229 23 46 1
0 322 222 293 229 23 46 1
0 322 223 293 229 23 46 1
0 322 224 293 229 23 46 1
0 322 225 293 229 23 46 1
0 322 226 293 229 23 46 1
0 322 227 293 229 23 46 1
0 322 228 293 229 23 46 1
0 322 229 293 229 23 46 1
0 322 230 293 229 23 46 1
0 322 231 293 229 23 46 1
0 322 321 263 234 23 46 1
1 242 281 218 225 14 32 1
1 242 282 218 225 14 32 1
1 242 283 218 225 14 32 1
1 242 284 218 225 14 32 1
1 242 285 218 225 14 32 1
1 242 286 218 227 14 32 1
1 242 287 218 227 14 34 1
1 242 288 220 229 14 34 1
1 242 289 218 229 14 34 1
1 242 290 218 231 14 32 1
1 242 291 216 229 15 32 1
1 242 292 216 229 15 32 1
1 242 293 215 229 14 32 1
1 242 294 215 229 14 32 1
1 242 295 215 229 14 32 1
1 242 296 213 229 14 32 1
1 242 297 213 229 14 32 1
1 242 298 211 229 14 32 1
1 242 299 211 229 14 32 1
1 242 300 211 229 14 32 1
1 242 301 209 229 15 32 1
1 242 302 209 229 15 32 1
1 242 303 209 229 15 32 1
1 242 304 208 229 16 32 1
1 242 305 208 229 16 32 1
1 242 306 208 229 14 32 1
1 242 307 208 229 14 32 1
1 242 308 206 229 16 32 1
1 242 309 206 229 16 32 1
1 242 310 206 229 16 32 1
1 242 311 204 229 16 32 1
1 242 312 204 229 16 32 1
1 242 313 204 229 16 32 1
1 242 314 204 229 16 32 1
1 242 315 202 229 18 32 1
1 242 316 202 229 16 32 1
1 242 317 202 229 16 32 1
1 242 318 202 229 16 32 1
1 242 319 200 229 18 32 1
1 242 320 200 231 18 30 1
1 242 321 200 231 16 30 1
1 242 322 199 231 17 30 1
1 242 323 199 231 17 30 1
1 242 324 199 231 17 30 1
1 242 325 199 231 17 30 1
1 242 326 197 231 18 30 1
1 242 327 197 231 18 30 1
1 242 328 197 231 18 30 1
1 242 329 197 231 18 30 1
1 242 330 195 231 20 30 1
1 242 331 195 231 18 30 1
1 242 332 195 231 18 30 1
1 242 333 193 231 20 30 1
1 242 334 193 231 20 30 1
1 242 335 193 231 20 30 1
1 242 336 193 231 18 30 1
1 242 337 192 231 19 30 1
1 242 338 192 231 19 30 1
1 242 339 192 231 19 30 1
1 242 340 192 232 19 31 1
1 242 341 190 232 19 31 1
1 242 342 190 232 19 31 1
1 242 343 190 232 19 31 1
1 242 344 190 232 19 31 1
1 242 345 190 232 19 31 1
1 242 346 188 232 20 31 1
1 242 347 188 232 20 31 1
1 242 348 188 232 20 31 1
1 242 349 188 232 20 31 1
1 242 350 188 232 20 31 1
1 242 351 186 232 20 31 1
1 242 352 186 232 20 31 1
1 242 353 186 232 20 31 1
1 242 354 186 232 20 31 1
1 242 355 186 232 20 31 1
1 242 356 186 232 20 31 1
1 242 357 184 232 20 31 1
1 242 358 184 232 20 31 1
1 242 359 184 232 20 31 1
1 242 360 184 232 20 31 1
1 242 361 184 232 20 31 1
1 242 362 183 232 19 31 1
1 242 363 183 232 19 31 1
1 242 364 183 232 19 31 1
1 242 365 183 232 19 31 1
1 242 366 183 232 19 31 1
1 242 367 181 232 19 31 1
1 242 368 181 232 19 31 1
1 242 369 181 232 19 31 1
1 242 370 181 232 19 31 1
1 242 371 181 232 19 31 1
1 242 372 181 232 19 31 1
1 242 373 179 232 20 31 1
1 242 374 179 232 20 31 1
1 242 375 179 232 20 31 1
1 242 376 179 232 20 31 1
1 242 377 179 232 20 31 1
1 242 378 177 232 20 31 1
1 242 379 177 232 20 31 1
1 242 380 177 232 20 31 1
1 242 381 177 232 20 31 1
1 242 382 177 232 20 31 1
1 242 383 176 232 19 31 1
1 242 384 176 232 19 31 1
1 242 385 176 232 19 31 1
1 242 386 176 232 19 31 1
1 242 387 176 232 19 31 1
1 242 388 176 232 19 31 1
1 242 389 174 232 19 31 1
1 242 390 174 232 19 31 1
1 242 391 174 232 19 31 1
1 242 392 174 232 19 31 1
1 242 393 174 232 19 31 1
1 242 394 172 232 20 31 1
1 242 395 172 232 20 31 1
1 242 396 172 232 20 31 1
1 242 397 172 232 20 31 1
1 242 398 172 232 20 31 1
1 242 399 170 232 20 31 1
1 242 400 170 232 20 31 1
1 242 401 170 232 20 31 1
1 242 402 170 232 20 31 1
1 242 403 170 232 20 31 1
1 242 404 170 232 20 31 1
1 242 405 168 232 20 31 1
1 242 406 168 232 20 31 1
1 242 407 168 232 20 31 1
1 242 408 168 232 20 31 1
1 242 409 168 232 20 31 1
1 242 410 168 232 20 31 1
1 242 411 168 232 20 31 1
1 242 412 168 232 20 31 1
1 242 413 168 232 20 31 1
1 242 414 168 232 20 31 1
1 242 415 168 232 20 31 1
1 242 416 168 232 20 31 1
1 242 417 168 232 20 31 1
1 242 418 168 232 20 31 1
1 242 419 168 232 20 31 1
1 242 420 167 232 19 31 1
1 242 421 167 232 19 31 1
1 242 422 167 232 19 31 1
1 242 423 167 232 19 31 1
1 242 424 167 232 19 31 1
1 242 425 167 232 19 31 1
1 242 426 167 232 19 31 1
1 242 427 167 232 19 31 1
1 242 428 167 232 19 31 1
1 242 429 167 232 19 31 1
1 242 430 167 232 19 31 1
1 242 431 167 232 19 31 1
1 242 432 167 232 19 31 1
1 242 433 167 232 19 31 1
1 242 434 167 232 19 31 1
1 242 435 167 232 19 31 1
1 242 436 165 232 19 31 1
1 242 437 165 232 19 31 1
1 242 438 165 232 19 31 1
1 242 439 165 232 19 31 1
1 242 440 165 232 19 31 1
1 242 441 165 232 19 31 1
1 242 442 165 232 19 31 1
1 242 443 165 232 19 31 1
1 242 444 165 232 19 31 1
1 242 445 165 232 19 31 1
1 242 446 165 232 19 31 1
1 242 447 165 232 19 31 1
1 242 448 165 232 19 31 1
1 242 449 165 232 19 31 1
1 242 450 165 232 19 31 1
1 242 451 165 232 19 31 1
1 242 452 163 232 20 31 1
1 242 453 163 232 20 31 1
1 242 454 163 232 20 31 1
1 242 455 163 232 20 31 1
1 242 456 163 232 20 31 1
1 242 457 163 232 20 31 1
1 242 458 163 232 20 31 1
1 242 459 163 232 20 31 1
1 242 460 163 232 20 31 1
1 242 461 163 232 20 31 1
1 242 462 163 232 20 31 1
1 242 463 163 232 20 31 1
1 242 464 163 232 20 31 1
1 242 465 163 232 20 31 1
1 242 466 163 232 20 31 1
1 242 467 163 232 20 31 1
1 242 468 161 232 20 31 1
1 242 469 161 232 20 31 1
1 242 470 161 232 20 31 1
1 242 471 161 232 20 31 1
1 242 472 161 232 20 31 1
1 242 473 161 232 20 31 1
1 242 474 161 232 20 31 1
1 242 475 161 232 20 31 1
1 242 476 161 232 20 31 1
1 242 477 161 232 20 31 1
1 242 478 161 232 20 31 1
1 242 479 161 232 20 31 1
1 242 480 161 232 20 31 1
1 242 481 161 232 20 31 1
1 242 482 161 232 20 31 1
1 242 483 161 232 20 31 1
1 242 484 161 232 20 31 1
1 242 485 161 232 20 31 1
1 242 486 161 232 20 31 1
1 242 487 161 232 20 31 1
1 242 488 161 232 20 31 1
1 242 489 161 232 20 31 1
1 242 490 161 232 20 31 1
1 242 491 161 232 20 31 1
1 242 492 161 232 20 31 1
1 242 493 161 232 20 31 1
1 242 494 161 232 20 31 1
1 242 495 161 232 20 31 1
1 242 496 161 232 20 31 1
1 242 497 161 232 20 31 1
1 242 498 161 232 20 31 1
1 242 499 161 232 20 31 1
1 242 500 161 232 20 31 1
1 242 501 161 232 20 31 1
1 242 502 161 232 20 31 1
1 242 503 161 232 20 31 1
1 242 504 161 232 20 31 1
1 242 505 161 232 20 31 1
1 242 506 161 232 20 31 1
1 242 507 161 232 20 31 1
1 242 508 161 232 20 31 1
1 242 509 161 232 20 31 1
1 242 510 161 232 20 31 1
1 242 511 161 232 20 31 1
1 242 512 161 232 20 31 1
1 242 513 161 232 20 31 1
1 242 514 161 232 20 31 1
1 242 515 161 232 20 31 1
1 242 516 161 232 20 31 1
1 242 517 161 232 20 31 1
1 242 518 161 232 20 31 1
1 242 519 161 232 20 31 1
1 242 520 161 232 20 31 1
1 242 521 161 232 20 31 1
1 242 522 161 232 20 31 1
2 223 300 138 236 16 23 1
2 223 301 138 236 16 23 1
2 223 302 138 236 16 23 1
2 223 303 138 236 16 23 1
2 223 304 138 236 16 23 1
2 223 305 138 236 16 23 1
2 223 306 138 236 16 23 1
2 223 307 138 236 16 23 1
2 223 308 138 236 16 23 1
2 223 309 138 236 16 23 1
2 223 310 138 236 16 23 1
2 223 311 138 236 16 23 1
2 223 312 138 236 16 23 1
2 223 313 138 236 16 23 1
2 223 314 138 236 16 23 1
2 223 315 138 236 16 23 1
2 223 316 138 236 16 23 1
2 223 317 138 236 16 23 1
2 223 318 138 236 16 23 1
2 223 319 138 236 16 23 1
2 223 320 138 236 16 23 1
2 223 321 138 236 16 23 1
2 223 322 138 236 16 23 1
2 223 323 138 236 16 23 1
2 223 324 138 236 16 23 1
2 223 325 138 236 16 23 1
2 223 326 138 236 16 23 1
2 223 327 138 236 16 23 1
2 223 328 138 236 16 23 1
2 223 329 138 236 16 23 1
2 223 330 138 236 16 23 1
2 223 331 138 236 16 23 1
2 223 332 138 236 16 23 1
2 223 333 138 236 16 23 1
2 223 334 138 236 16 23 1
2 223 335 138 236 16 23 1
2 223 336 138 236 16 23 1
2 223 337 138 236 16 23 1
2 223 338 138 236 16 23 1
2 223 339 138 236 16 23 1
2 223 340 138 236 16 23 1
2 223 341 138 236 16 23 1
2 223 342 138 236 16 23 1
2 223 343 138 236 16 23 1
2 223 344 138 236 16 23 1
2 223 345 138 236 16 23 1
2 223 346 138 236 16 23 1
2 223 347 138 236 16 23 1
2 223 348 138 236 16 23 1
2 223 349 138 236 16 23 1
2 223 350 138 236 16 23 1
2 223 351 138 236 16 23 1
2 223 352 138 236 16 23 1
2 223 353 138 236 16 23 1
2 223 354 138 236 16 23 1
2 223 355 138 236 16 23 1
2 223 356 138 236 16 23 1
2 223 357 138 236 16 23 1
2 223 358 138 236 16 23 1
2 223 359 138 236 16 23 1
2 223 360 138 236 16 23 1
2 223 361 138 236 16 23 1
2 223 362 138 236 16 23 1
2 223 363 138 236 16 23 1
2 223 364 138 236 16 23 1
2 223 365 138 236 16 23 1
2 223 366 138 236 16 23 1
2 223 367 138 236 16 23 1
2 223 368 138 236 16 23 1
2 223 369 138 236 16 23 1
2 223 370 138 236 16 23 1
2 223 371 138 236 16 23 1
2 223 372 138 236 16 23 1
2 223 373 138 236 16 23 1
2 223 374 138 236 16 23 1
2 223 375 138 236 16 23 1
2 223 376 138 236 16 23 1
2 223 377 138 236 16 23 1
2 223 378 138 236 16 23 1
2 223 379 138 236 16 23 1
2 223 380 138 236 16 23 1
2 223 381 138 236 16 23 1
2 223 382 138 236 16 23 1
2 223 383 138 236 16 23 1
2 223 384 138 236 16 23 1
2 223 385 138 236 16 23 1
2 223 386 138 236 16 23 1
2 223 387 138 236 16 23 1
2 223 388 138 236 16 23 1
2 223 389 138 236 16 23 1
2 223 390 138 236 16 23 1
2 223 391 138 236 16 23 1
2 223 392 138 236 16 23 1
2 223 393 138 236 16 23 1
2 223 394 138 236 16 23 1
2 223 395 138 236 16 23 1
2 223 396 138 236 16 23 1
2 223 397 138 236 16 23 1
2 223 398 138 236 16 23 1
2 223 399 138 236 16 23 1
2 223 400 138 236 16 23 1
2 223 401 138 236 16 23 1
2 223 402 138 236 16 23 1
2 223 403 138 236 16 23 1
2 223 404 138 236 16 23 1
2 223 405 138 236 16 23 1
2 223 406 138 236 16 23 1
2 223 407 138 236 16 23 1
2 223 408 138 236 16 23 1
2 223 409 138 236 16 23 1
2 223 410 138 236 16 23 1
2 223 411 138 236 16 23 1
2 223 412 138 236 16 23 1
2 223 413 138 236 16 23 1
2 223 414 138 236 16 23 1
2 223 415 138 236 16 23 1
2 223 416 138 236 16 23 1
2 223 417 138 236 16 23 1
2 223 418 138 236 16 23 1
2 223 419 138 236 16 23 1
2 223 420 138 236 16 23 1
2 223 421 138 236 16 23 1
2 223 422 138 236 16 23 1
2 223 423 138 236 16 23 1
2 223 424 138 236 16 23 1
2 223 425 138 236 16 23 1
2 223 426 138 236 16 23 1
2 223 427 138 236 16 23 1
2 223 428 138 236 16 23 1
2 223 429 138 236 16 23 1
2 223 430 138 236 16 23 1
2 223 431 138 236 16 23 1
2 223 432 138 236 16 23 1
2 223 433 138 236 16 23 1
2 223 434 138 236 16 23 1
2 223 435 138 236 16 23 1
2 223 436 138 236 16 23 1
2 223 437 138 236 16 23 1
2 223 438 138 236 16 23 1
2 223 439 138 236 16 23 1
2 223 440 138 236 16 23 1
2 223 441 138 236 16 23 1
2 223 442 138 236 16 23 1
2 223 443 138 236 16 23 1
2 223 444 138 236 16 23 1
2 223 445 138 236 16 23 1
2 223 446 138 236 16 23 1
2 223 447 138 236 16 23 1
2 223 448 138 236 16 23 1
2 223 449 138 236 16 23 1
2 223 450 138 236 16 23 1
2 223 451 138 236 16 23 1
2 223 452 138 236 16 23 1
2 223 453 138 236 16 23 1
2 223 454 138 236 16 23 1
2 223 455 138 236 16 23 1
2 223 456 138 236 16 23 1
2 223 457 138 236 16 23 1
2 223 458 138 236 16 23 1
2 223 459 138 236 16 23 1
2 223 460 138 236 16 23 1
2 223 461 138 236 16 23 1
2 223 462 138 236 16 23 1
2 223 463 138 236 16 23 1
2 223 464 138 236 16 23 1
2 223 465 138 236 16 23 1
2 223 466 138 236 16 23 1
2 223 467 138 236 16 23 1
2 223 468 138 236 16 23 1
2 223 469 138 236 16 23 1
2 223 470 138 236 16 23 1
2 223 471 138 236 16 23 1
2 223 472 138 236 16 23 1
2 223 473 138 236 16 23 1
2 223 474 138 236 16 23 1
2 223 475 138 236 16 23 1
2 223 476 138 236 16 23 1
2 223 477 138 236 16 23 1
2 223 478 138 236 16 23 1
2 223 479 138 236 16 23 1
2 223 480 138 236 16 23 1
2 223 481 138 236 16 23 1
2 223 482 138 236 16 23 1
2 223 483 138 236 16 23 1
2 223 484 138 236 16 23 1
2 223 485 138 236 16 23 1
2 223 486 138 236 16 23 1
2 223 487 138 236 16 23 1
2 223 488 138 236 16 23 1
2 223 489 138 236 16 23 1
2 223 490 138 236 16 23 1
2 223 491 138 236 16 23 1
2 223 492 138 236 16 23 1
2 223 493 138 236 16 23 1
2 223 494 138 236 16 23 1
2 223 495 138 236 16 23 1
2 223 496 138 236 16 23 1
2 223 497 138 236 16 23 1
2 223 498 138 236 16 23 1
2 223 499 138 236 16 23 1
2 223 500 138 236 16 23 1
2 223 501 138 236 16 23 1
2 223 502 138 236 16 23 1
2 223 503 138 236 16 23 1
2 223 504 138 236 16 23 1
2 223 505 138 236 16 23 1
2 223 506 138 236 16 23 1
2 223 507 138 236 16 23 1
2 223 508 138 236 16 23 1
2 223 509 138 236 16 23 1
2 223 510 138 236 16 23 1
2 223 511 138 236 16 23 1
2 223 512 138 236 16 23 1
2 223 513 138 236 16 23 1
2 223 514 138 236 16 23 1
2 223 515 138 236 16 23 1
2 223 516 138 236 16 23 1
2 223 517 138 236 16 23 1
2 223 518 138 236 16 23 1
2 223 519 138 236 16 23 1
2 223 520 138 236 16 23 1
2 223 521 138 236 16 23 1
2 223 522 138 236 16 23 1
3 223 300 151 224 21 30 1
3 223 301 151 224 21 30 1
3 223 302 151 224 21 30 1
3 223 303 151 224 21 30 1
3 223 304 151 224 21 30 1
3 223 305 151 224 21 30 1
3 223 306 151 224 21 30 1
3 223 307 151 224 21 30 1
3 223 308 151 224 21 30 1
3 223 309 151 224 21 30 1
3 223 310 151 224 21 30 1
3 223 311 151 224 21 30 1
3 223 312 151 224 21 30 1
3 223 313 151 224 21 30 1
3 223 314 151 224 21 30 1
3 223 315 151 224 21 30 1
3 223 316 151 224 21 30 1
3 223 317 151 224 21 30 1
3 223 318 151 224 21 30 1
3 223 319 151 224 21 30 1
3 223 320 151 224 21 30 1
3 223 321 151 224 21 30 1
3 223 322 151 224 21 30 1
3 223 323 151 224 21 30 1
3 223 324 151 224 21 30 1
3 223 325 151 224 21 30 1
3 223 326 151 224 21 30 1
3 223 327 151 224 21 30 1
3 223 328 151 224 21 30 1
3 223 329 151 224 21 30 1
3 223 330 151 224 21 30 1
3 223 331 151 224 21 30 1
3 223 332 151 224 21 30 1
3 223 333 151 224 21 30 1
3 223 334 151 224 21 30 1
3 223 335 151 224 21 30 1
3 223 336 151 224 21 30 1
3 223 337 151 224 21 30 1
3 223 338 151 224 21 30 1
3 223 339 151 224 21 30 1
3 223 340 151 224 21 30 1
3 223 341 151 224 21 30 1
3 223 342 151 224 21 30 1
3 223 343 151 224 21 30 1
3 223 344 151 224 21 30 1
3 223 345 151 224 21 30 1
3 223 346 151 224 21 30 1
3 223 347 151 224 21 30 1
3 223 348 151 224 21 30 1
3 223 349 151 224 21 30 1
3 223 350 151 224 21 30 1
3 223 351 151 224 21 30 1
3 223 352 151 224 21 30 1
3 223 353 151 224 21 30 1
3 223 354 151 224 21 30 1
3 223 355 151 224 21 30 1
3 223 356 151 224 21 30 1
3 223 357 151 224 21 30 1
3 223 358 151 224 21 30 1
3 223 359 151 224 21 30 1
3 223 360 151 224 21 30 1
3 223 361 151 224 21 30 1
3 223 362 151 224 21 30 1
3 223 363 151 224 21 30 1
3 223 364 151 224 21 30 1
3 223 365 151 224 21 30 1
3 223 366 151 224 21 30 1
3 223 367 151 224 21 30 1
3 223 368 151 224 21 30 1
3 223 369 151 224 21 30 1
3 223 370 151 224 21 30 1
3 223 371 151 224 21 30 1
3 223 372 151 224 21 30 1
3 223 373 151 224 21 30 1
3 223 374 151 224 21 30 1
3 223 375 151 224 21 30 1
3 223 376 151 224 21 30 1
3 223 377 151 224 21 30 1
3 223 378 151 224 21 30 1
3 223 379 151 224 21 30 1
3 223 380 151 224 21 30 1
3 223 381 151 224 21 30 1
3 223 382 151 224 21 30 1
3 223 383 151 224 21 30 1
3 223 384 151 224 21 30 1
3 223 385 151 224 21 30 1
3 223 386 151 224 21 30 1
3 223 387 151 224 21 30 1
3 223 388 151 224 21 30 1
3 223 389 151 224 21 30 1
3 223 390 151 224 21 30 1
3 223 391 151 224 21 30 1
3 223 392 151 224 21 30 1
3 223 393 151 224 21 30 1
3 223 394 151 224 21 30 1
3 223 395 151 224 21 30 1
3 223 396 151 224 21 30 1
3 223 397 151 224 21 30 1
3 223 398 151 224 21 30 1
3 223 399 151 224 21 30 1
3 223 400 151 224 21 30 1
3 223 401 151 224 21 30 1
3 223 402 151 224 21 30 1
3 223 403 151 224 21 30 1
3 223 404 151 224 21 30 1
3 223 405 151 224 21 30 1
3 223 406 151 224 21 30 1
3 223 407 151 224 21 30 1
3 223 408 151 224 21 30 1
3 223 409 151 224 21 30 1
3 223 410 151 224 21 30 1
3 223 411 151 224 21 30 1
3 223 412 151 224 21 30 1
3 223 413 151 224 21 30 1
3 223 414 151 224 21 30 1
3 223 415 151 224 21 30 1
3 223 416 151 224 21 30 1
3 223 417 151 224 21 30 1
3 223 418 151 224 21 30 1
3 223 419 151 224 21 30 1
3 223 420 151 224 21 30 1
3 223 421 151 224 21 30 1
3 223 422 151 224 21 30 1
3 223 423 151 224 21 30 1
3 223 424 151 224 21 30 1
3 223 425 151 224 21 30 1
3 223 426 151 224 21 30 1
3 223 427 151 224 21 30 1
3 223 428 151 224 21 30 1
3 223 429 151 224 21 30 1
3 223 430 151 224 21 30 1
3 223 431 151 224 21 30 1
3 223 432 151 224 21 30 1
3 223 433 151 224 21 30 1
3 223 434 151 224 21 30 1
3 223 435 151 224 21 30 1
3 223 436 151 224 21 30 1
3 223 437 151 224 21 30 1
3 223 438 151 224 21 30 1
3 223 439 151 224 21 30 1
3 223 440 151 224 21 30 1
3 223 441 151 224 21 30 1
3 223 442 151 224 21 30 1
3 223 443 151 224 21 30 1
3 223 444 151 224 21 30 1
3 223 445 151 224 21 30 1
3 223 446 151 224 21 30 1
3 223 447 151 224 21 30 1
3 223 448 151 224 21 30 1
3 223 449 151 224 21 30 1
3 223 450 151 224 21 30 1
3 223 451 151 224 21 30 1
3 223 452 151 224 21 30 1
3 223 453 151 224 21 30 1
3 223 454 151 224 21 30 1
3 223 455 151 224 21 30 1
3 223 456 151 224 21 30 1
3 223 457 151 224 21 30 1
3 223 458 151 224 21 30 1
3 223 459 151 224 21 30 1
3 223 460 151 224 21 30 1
3 223 461 151 224 21 30 1
3 223 462 151 224 21 30 1
3 223 463 151 224 21 30 1
3 223 464 151 224 21 30 1
3 223 465 151 224 21 30 1
3 223 466 151 224 21 30 1
3 223 467 151 224 21 30 1
3 223 468 151 224 21 30 1
3 223 469 151 224 21 30 1
3 223 470 151 224 21 30 1
3 223 471 151 224 21 30 1
3 223 472 151 224 21 30 1
3 223 473 151 224 21 30 1
3 223 474 151 224 21 30 1
3 223 475 151 224 21 30 1
3 223 476 151 224 21 30 1
3 223 477 151 224 21 30 1
3 223 478 151 224 21 30 1
3 223 479 151 224 21 30 1
3 223 480 151 224 21 30 1
3 223 481 151 224 21 30 1
3 223 482 151 224 21 30 1
3 223 483 151 224 21 30 1
3 223 484 151 224 21 30 1
3 223 485 151 224 21 30 1
3 223 486 151 224 21 30 1
3 223 487 151 224 21 30 1
3 223 488 151 224 21 30 1
3 223 489 151 224 21 30 1
3 223 490 151 224 21 30 1
3 223 491 151 224 21 30 1
3 223 492 151 224 21 30 1
3 223 493 151 224 21 30 1
3 223 494 151 224 21 30 1
3 223 495 151 224 21 30 1
3 223 496 151 224 21 30 1
3 223 497 151 224 21 30 1
3 223 498 151 224 21 30 1
3 223 499 151 224 21 30 1
3 223 500 151 224 21 30 1
3 223 501 151 224 21 30 1
3 223 502 151 224 21 30 1
3 223 503 151 224 21 30 1
3 223 504 151 224 21 30 1
3 223 505 151 224 21 30 1
3 223 506 151 224 21 30 1
3 223 507 151 224 21 30 1
3 223 508 151 224 21 30 1
3 223 509 151 224 21 30 1
3 223 510 151 224 21 30 1
3 223 511 151 224 21 30 1
3 223 512 151 224 21 30 1
3 223 513 151 224 21 30 1
3 223 514 151 224 21 30 1
3 223 515 151 224 21 30 1
3 223 516 151 224 21 30 1
3 223 517 151 224 21 30 1
3 223 518 151 224 21 30 1
3 223 519 151 224 21 30 1
3 223 520 151 224 21 30 1
3 223 521 151 224 21 30 1
3 223 522 151 224 21 30 1
4 119 404 250 222 25 26 1
4 119 405 248 222 25 26 1
4 119 406 248 222 25 26 1
4 119 407 247 222 25 26 1
4 119 408 247 222 25 26 1
4 119 409 247 222 25 26 1
4 119 410 245 222 25 26 1
4 119 411 245 222 25 26 1
4 119 412 245 222 25 26 1
4 119 413 243 222 25 26 1
4 119 414 243 222 25 26 1
4 119 415 243 222 25 26 1
4 119 416 241 222 25 26 1
4 119 417 241 222 25 26 1
4 119 418 241 222 25 26 1
4 119 419 240 222 24 26 1
4 119 420 240 222 24 26 1
4 119 421 240 222 23 26 1
4 119 422 238 222 25 26 1
4 119 423 238 222 25 26 1
4 119 424 238 222 23 26 1
4 119 425 236 222 25 26 1
4 119 426 236 222 25 26 1
4 119 427 236 222 23 26 1
4 119 428 234 222 25 26 1
4 119 429 234 222 25 26 1
4 119 430 234 222 23 26 1
4 119 431 232 224 25 26 1
4 119 432 232 224 25 26 1
4 119 433 232 224 24 26 1
4 119 434 231 224 25 26 1
4 119 435 231 224 25 26 1
4 119 436 231 224 23 26 1
4 119 437 229 224 25 26 1
4 119 438 229 224 23 26 1
4 119 439 229 224 23 26 1
4 119 440 227 224 25 26 1
4 119 441 227 224 23 26 1
4 119 442 227 224 23 26 1
4 119 443 225 224 25 26 1
4 119 444 225 224 23 26 1
4 119 445 224 224 24 26 1
4 119 446 224 224 24 26 1
4 119 447 224 224 23 26 1
4 119 448 222 224 25 26 1
4 119 449 222 224 25 26 1
4 119 450 222 224 23 26 1
4 119 451 220 224 25 26 1
4 119 452 220 224 23 26 1
4 119 453 220 224 23 26 1
4 119 454 218 224 25 26 1
4 119 455 218 224 23 26 1
4 119 456 218 224 23 26 1
4 119 457 216 225 25 27 1
4 119 458 216 225 24 27 1
4 119 459 216 225 24 27 1
4 119 460 215 225 25 27 1
4 119 461 215 225 23 27 1
4 119 462 215 225 23 27 1
4 119 463 213 225 25 27 1
4 119 464 213 225 23 27 1
4 119 465 213 225 23 27 1
4 119 466 211 225 25 27 1
4 119 467 211 225 23 27 1
4 119 468 211 225 23 27 1
4 119 469 209 225 23 27 1
4 119 470 209 225 23 27 1
4 119 471 209 225 23 27 1
4 119 472 208 225 23 27 1
4 119 473 208 225 23 27 1
4 119 474 208 225 23 27 1
4 119 475 206 225 23 27 1
4 119 476 206 225 23 27 1
4 119 477 206 225 23 27 1
4 119 478 204 225 23 27 1
4 119 479 204 225 23 27 1
4 119 480 204 225 23 27 1
4 119 481 202 225 23 27 1
4 119 482 202 225 23 27 1
4 119 483 202 227 23 27 1
4 119 484 200 227 24 27 1
4 119 485 200 227 24 27 1
4 119 486 200 227 24 27 1
4 119 487 199 227 23 27 1
4 119 488 199 227 23 27 1
4 119 489 199 227 23 27 1
4 119 490 197 227 23 27 1
4 119 491 197 227 23 27 1
4 119 492 197 227 23 27 1
4 119 493 195 227 23 27 1
4 119 494 195 227 23 27 1
4 119 495 195 227 23 27 1
4 119 496 193 227 23 27 1
4 119 497 193 227 23 27 1
4 119 498 193 227 23 27 1
4 119 499 192 227 23 27 1
4 119 500 192 227 23 27 1
4 119 501 192 227 23 27 1
4 119 502 190 227 23 27 1
4 119 503 190 227 23 27 1
4 119 504 190 227 23 27 1
4 119 505 188 227 23 27 1
4 119 506 188 227 23 27 1
4 119 507 188 227 23 27 1
4 119 508 186 227 23 27 1
4 119 509 186 227 23 27 1
4 119 510 186 227 23 27 1
4 119 511 184 227 24 27 1
4 119 512 184 227 24 27 1
4 119 513 184 227 24 27 1
4 119 514 183 227 23 27 1
4 119 515 183 227 23 27 1
4 119 516 183 227 23 27 1
4 119 517 181 227 23 27 1
4 119 518 181 227 23 27 1
4 119 519 181 227 23 27 1
4 119 520 179 227 23 27 1
4 119 521 179 227 23 27 1
4 119 522 179 227 23 27 1
5 80 443 120 213 18 32 1
5 80 444 120 213 18 32 1
5 80 445 120 213 18 32 1
5 80 446 120 213 18 32 1
5 80 447 120 213 18 32 1
5 80 448 120 213 18 32 1
5 80 449 120 213 18 32 1
5 80 450 120 213 18 32 1
5 80 451 120 213 18 32 1
5 80 452 120 213 18 32 1
5 80 453 120 213 18 32 1
5 80 454 120 213 18 32 1
5 80 455 120 213 18 32 1
5 80 456 120 213 18 32 1
5 80 457 120 213 18 32 1
5 80 458 120 213 18 32 1
5 80 459 120 213 18 32 1
5 80 460 120 213 18 32 1
5 80 461 120 213 18 32 1
5 80 462 120 213 18 32 1
5 80 463 120 213 18 32 1
5 80 464 120 213 18 32 1
5 80 465 120 213 18 32 1
5 80 466 120 213 18 32 1
5 80 467 120 213 18 32 1
5 80 468 120 213 18 32 1
5 80 469 120 213 18 32 1
5 80 470 120 213 18 32 1
5 80 471 120 213 18 32 1
5 80 472 120 213 18 32 1
5 80 473 120 213 18 32 1
5 80 474 120 213 18 32 1
5 80 475 120 213 18 32 1
5 80 476 120 213 18 32 1
5 80 477 120 213 18 32 1
5 80 478 120 213 18 32 1
5 80 479 120 213 18 32 1
5 80 480 120 213 18 32 1
5 80 481 120 213 18 32 1
5 80 482 120 213 18 32 1
5 80 483 120 213 18 32 1
5 80 484 120 213 18 32 1
5 80 485 120 213 18 32 1
5 80 486 120 213 18 32 1
5 80 487 120 213 18 32 1
5 80 488 120 213 18 32 1
5 80 489 120 213 18 32 1
5 80 490 120 213 18 32 1
5 80 491 120 213 18 32 1
5 80 492 120 213 18 32 1
5 80 493 120 213 18 32 1
5 80 494 120 213 18 32 1
5 80 495 120 213 18 32 1
5 80 496 120 213 18 32 1
5 80 497 120 213 18 32 1
5 80 498 120 213 18 32 1
5 80 499 120 213 18 32 1
5 80 500 120 213 18 32 1
5 80 501 120 213 18 32 1
5 80 502 120 213 18 32 1
5 80 503 120 213 18 32 1
5 80 504 120 213 18 32 1
5 80 505 120 213 18 32 1
5 80 506 120 213 18 32 1
5 80 507 120 213 18 32 1
5 80 508 120 213 18 32 1
5 80 509 120 213 18 32 1
5 80 510 120 213 18 32 1
5 80 511 120 213 18 32 1
5 80 512 120 213 18 32 1
5 80 513 120 213 18 32 1
5 80 514 120 213 18 32 1
5 80 515 120 213 18 32 1
5 80 516 120 213 18 32 1
5 80 517 120 213 18 32 1
5 80 518 120 213 18 32 1
5 80 519 120 213 18 32 1
5 80 520 120 213 18 32 1
5 80 521 120 213 18 32 1
5 80 522 120 213 18 32 1
