0 280 342 561 355 23 32 4
0 280 343 560 355 23 32 4
0 280 344 560 355 23 32 4
0 280 345 558 355 23 32 4
0 280 346 558 355 23 32 4
0 280 347 558 355 23 32 4
0 280 348 556 355 23 32 4
0 280 349 556 355 23 32 4
0 280 350 556 357 23 32 4
0 280 351 554 357 25 32 4
0 280 352 554 357 25 32 4
0 280 353 554 357 25 32 4
0 280 354 552 357 27 32 4
0 280 355 552 357 27 32 4
0 280 356 552 357 27 32 4
0 280 357 552 357 27 32 4
0 280 358 551 359 28 32 4
0 280 359 551 359 28 32 4
0 280 360 551 359 28 32 4
0 280 361 551 359 28 32 4
0 280 362 549 359 30 32 4
0 280 363 549 359 30 32 4
0 280 364 549 359 30 32 4
0 280 365 549 360 32 32 4
0 280 366 549 360 32 32 4
0 280 367 549 360 32 32 4
0 280 368 551 360 32 32 4
0 280 369 551 360 32 32 4
0 280 370 551 360 32 32 4
0 280 371 552 360 32 32 4
0 280 372 552 360 32 32 4
0 280 373 552 360 32 32 4
0 280 374 554 360 32 32 4
0 280 375 554 360 32 32 4
0 280 376 554 360 32 32 4
0 280 377 556 360 32 32 4
0 280 378 556 360 32 32 4
0 280 379 558 362 32 32 4
0 280 380 558 362 32 32 4
0 280 381 558 362 34 32 4
0 280 382 558 362 34 32 4
0 280 383 558 362 35 32 4
0 280 384 558 362 37 32 4
0 280 385 558 362 37 32 4
0 280 386 558 362 39 34 4
0 280 387 558 362 39 34 4
0 280 388 558 362 41 34 4
0 280 389 558 362 42 34 4
0 280 390 558 362 42 34 4
0 280 391 558 362 44 34 4
0 280 392 560 362 44 36 4
0 280 393 560 362 42 36 4
0 280 394 560 364 42 36 4
0 280 395 560 364 42 36 4
0 280 396 561 366 41 35 4
0 280 397 561 368 41 35 4
0 280 398 561 368 39 35 4
0 280 399 561 369 39 36 4
0 280 400 563 371 37 36 4
0 280 401 563 371 37 36 4
0 280 402 563 373 37 35 4
0 280 403 565 375 35 35 4
0 280 404 565 375 35 35 4
0 280 405 565 375 35 35 4
0 280 406 567 375 35 35 4
0 280 407 567 375 35 35 4
0 280 408 568 375 36 35 4
0 280 409 568 376 36 36 4
0 280 410 570 376 36 36 4
0 280 411 570 376 36 36 4
0 280 412 570 376 36 36 4
0 280 413 572 376 36 36 4
0 280 414 572 378 36 36 4
0 280 415 574 378 35 36 4
0 280 416 574 378 35 36 4
0 280 417 576 378 35 36 4
0 280 418 576 378 35 36 4
0 280 419 577 380 36 36 4
0 280 420 577 380 36 36 4
0 280 421 577 380 36 36 4
0 280 422 579 382 36 35 4
0 280 423 579 382 36 35 4
0 280 424 581 382 35 35 4
0 280 425 581 384 35 35 4
0 280 426 581 384 35 35 4
0 280 427 583 384 35 35 4
0 280 428 583 385 35 36 4
0 280 429 584 385 36 36 4
0 280 430 584 387 36 36 4
0 280 431 586 387 36 36 4
0 280 432 586 387 36 36 4
0 280 433 586 389 36 35 4
0 280 434 588 389 36 35 4
0 280 435 588 389 36 35 4
0 280 436 590 391 35 35 4
0 280 437 590 391 35 35 4
0 280 438 592 392 35 36 4
0 280 439 592 392 35 36 4
0 280 440 592 392 35 36 4
0 280 441 592 392 35 36 4
0 280 442 592 394 35 34 4
0 280 443 592 394 35 36 4
0 280 444 593 394 36 36 4
0 280 445 593 394 36 36 4
0 280 446 593 396 36 34 4
0 280 447 593 396 36 36 4
0 280 448 593 396 36 36 4
0 280 449 593 398 36 34 4
0 280 450 595 398 36 34 4
0 280 451 595 398 36 34 4
0 280 452 595 398 36 35 4
0 280 453 595 400 36 33 4
0 280 454 595 400 36 33 4
0 280 455 595 400 36 33 4
0 280 456 597 401 35 34 4
0 280 457 597 401 37 34 4
0 280 458 599 401 37 34 4
0 280 459 600 401 40 34 4
0 280 460 600 401 41 34 4
0 280 461 602 401 41 34 4
0 280 462 604 401 43 36 4
0 280 463 606 401 42 36 4
0 280 464 606 401 44 36 4
0 280 465 608 401 46 36 4
0 280 466 609 401 47 36 4
0 280 467 609 401 48 36 4
0 280 468 611 401 50 38 4
0 280 469 613 401 50 38 4
0 280 470 615 401 49 38 4
0 280 471 615 401 53 38 4
0 280 472 616 401 54 38 4
0 280 473 618 401 54 38 4
0 280 474 620 401 55 39 4
0 280 475 622 401 53 39 4
0 280 476 624 401 51 41 4
0 280 477 624 401 53 41 4
0 280 478 625 401 54 41 4
0 280 479 627 403 53 41 4
0 280 480 629 403 53 41 4
0 280 481 631 403 53 41 4
0 280 482 632 405 56 41 4
0 280 483 634 405 54 41 4
0 280 484 636 405 52 41 4
0 280 485 638 407 51 41 4
0 280 486 640 407 49 41 4
0 280 487 641 407 48 41 4
0 280 488 643 408 48 41 4
0 280 489 645 408 46 41 4
0 280 490 647 410 46 41 4
0 280 491 647 410 46 41 4
0 280 492 648 412 47 41 4
0 280 493 648 412 47 41 4
0 280 494 650 414 46 41 4
0 280 495 650 414 46 41 4
0 280 496 652 416 46 40 4
0 280 497 652 416 46 40 4
0 280 498 654 417 46 41 4
0 280 499 654 417 46 41 4
0 280 500 656 417 46 41 4
0 280 501 656 419 46 41 4
0 280 502 657 419 47 41 4
0 280 503 657 419 47 41 4
0 280 504 659 421 46 41 4
0 280 505 659 421 46 41 4
0 280 506 661 421 46 41 4
0 280 507 661 423 46 41 4
0 280 508 663 423 46 41 4
0 280 509 663 423 46 41 4
0 280 510 664 424 47 41 4
0 280 511 664 424 47 41 4
0 280 512 666 424 46 41 4
0 280 513 666 426 46 41 4
0 280 514 668 426 46 41 4
0 280 515 670 428 46 41 4
0 280 516 670 426 46 43 4
0 280 517 672 426 46 43 4
0 280 518 673 426 47 43 4
0 280 519 673 426 47 43 4
0 280 520 675 426 46 43 4
0 280 521 677 426 46 43 4
0 280 522 677 426 46 43 4
0 280 523 679 426 46 43 4
0 280 524 680 426 47 43 4
0 280 525 680 424 47 45 4
0 280 526 682 424 46 45 4
0 280 527 684 424 46 45 4
0 280 528 684 424 46 45 4
0 280 529 686 424 46 45 4
0 280 530 688 424 46 45 4
0 280 531 688 424 46 45 4
0 280 532 689 424 47 45 4
0 280 533 691 424 46 45 4
0 280 534 693 424 46 47 4
0 280 535 693 424 46 47 4
0 280 536 693 424 48 48 4
0 280 537 695 424 48 48 4
0 280 538 695 426 48 48 4
0 280 539 696 426 48 48 4
0 280 540 696 426 50 50 4
0 280 541 698 428 48 48 4
0 280 542 698 428 50 50 4
0 280 543 700 428 50 52 4
0 280 544 700 430 50 50 4
0 280 545 702 430 50 51 4
0 280 546 702 430 51 51 4
0 280 547 704 432 49 51 4
0 280 548 704 432 51 51 4
0 280 549 705 432 52 53 4
0 280 550 705 433 52 52 4
0 280 551 707 433 52 54 4
0 280 552 707 433 53 55 4
0 280 553 709 435 51 53 4
0 280 554 709 435 53 55 4
0 280 555 711 435 53 55 4
0 280 556 711 437 53 55 4
0 280 557 712 437 54 55 4
0 280 558 712 437 56 57 4
0 280 559 714 439 55 57 4
0 280 560 714 439 55 57 4
0 280 561 716 439 55 58 4
0 280 562 716 439 57 58 4
0 280 563 718 439 55 60 4
0 280 564 718 439 57 60 4
0 280 565 720 440 56 61 4
0 280 566 720 440 56 61 4
0 280 567 721 440 57 63 4
0 280 568 723 440 57 63 4
0 280 569 723 440 57 64 4
0 280 570 725 440 57 64 4
0 280 571 725 442 59 64 4
0 280 572 727 442 57 64 4
0 280 573 727 442 58 66 4
0 280 574 728 442 59 66 4
0 280 575 728 442 59 68 4
0 280 576 730 442 59 68 4
0 280 577 732 444 59 68 4
0 280 578 734 444 57 68 4
0 280 579 736 446 56 67 4
0 280 580 737 446 57 67 4
0 280 581 739 448 57 67 4
0 280 582 741 448 57 69 4
0 280 583 743 449 57 68 4
0 280 584 744 449 56 70 4
0 280 585 746 451 55 68 4
0 280 586 748 451 55 69 4
0 280 587 750 453 55 69 4
0 280 588 752 453 55 69 4
0 280 589 753 455 55 69 4
0 280 590 755 455 53 69 4
0 280 591 757 456 53 70 4
0 280 592 759 456 53 72 4
0 280 593 760 458 54 70 4
0 280 594 762 458 54 71 4
0 280 595 764 460 53 71 4
0 280 596 766 460 53 71 4
0 280 597 768 462 53 71 4
0 280 598 769 462 54 73 4
0 280 599 771 464 53 71 4
0 280 600 773 464 55 72 4
0 280 601 775 465 55 73 4
0 280 602 776 465 56 73 4
0 280 603 778 467 55 73 4
0 280 604 780 467 55 75 4
0 280 605 782 469 57 73 4
0 280 606 784 469 56 75 4
0 280 607 785 471 57 74 4
0 280 608 787 471 57 74 4
0 280 609 789 472 57 75 4
0 280 610 791 474 58 75 4
0 280 611 791 474 60 75 4
0 280 612 792 476 61 75 4
0 280 613 794 476 61 75 4
0 280 614 794 478 62 74 4
0 280 615 796 478 62 74 4
0 280 616 798 480 64 74 4
0 280 617 800 480 64 74 4
0 280 618 800 481 65 75 4
0 280 619 801 481 66 75 4
0 280 620 803 483 66 75 4
0 280 621 805 485 67 75 4
1 134 488 656 410 24 22 4
1 134 489 657 410 25 22 4
1 134 490 659 412 25 21 4
1 134 491 661 412 25 21 4
1 134 492 664 414 25 21 4
1 134 493 664 412 25 21 4
1 134 494 666 412 25 21 4
1 134 495 668 410 25 22 4
1 134 496 670 410 25 22 4
1 134 497 672 408 24 22 4
1 134 498 673 408 25 22 4
1 134 499 675 407 25 21 4
1 134 500 677 407 25 21 4
1 134 501 679 405 25 21 4
1 134 502 680 405 25 21 4
1 134 503 682 405 25 21 4
1 134 504 684 407 25 23 4
1 134 505 686 410 25 23 4
1 134 506 686 410 25 23 4
1 134 507 686 412 25 23 4
1 134 508 686 412 25 23 4
1 134 509 686 414 25 23 4
1 134 510 686 414 25 23 4
1 134 511 686 414 25 23 4
1 134 512 686 414 25 23 4
1 134 513 686 414 25 23 4
1 134 514 686 414 25 23 4
1 134 515 686 414 25 23 4
1 134 516 686 414 25 23 4
1 134 517 686 414 25 23 4
1 134 518 686 414 25 23 4
1 134 519 686 414 25 23 4
1 134 520 688 414 24 23 4
1 134 521 689 414 25 23 4
1 134 522 689 416 25 23 4
1 134 523 691 416 25 23 4
1 134 524 693 416 25 23 4
1 134 525 695 417 25 23 4
1 134 526 695 417 25 23 4
1 134 527 696 417 25 23 4
1 134 528 698 417 25 23 4
1 134 529 700 419 25 23 4
1 134 530 700 419 25 23 4
1 134 531 702 419 25 23 4
1 134 532 704 421 24 23 4
1 134 533 705 421 25 23 4
1 134 534 705 421 25 23 4
1 134 535 707 423 25 23 4
1 134 536 709 423 25 23 4
1 134 537 709 423 25 23 4
1 134 538 711 423 25 23 4
1 134 539 712 424 25 24 4
1 134 540 714 424 25 24 4
1 134 541 714 424 25 24 4
1 134 542 716 426 25 23 4
1 134 543 718 426 25 23 4
1 134 544 720 426 24 23 4
1 134 545 720 426 24 23 4
1 134 546 721 428 25 23 4
1 134 547 723 428 25 23 4
1 134 548 725 428 25 23 4
1 134 549 725 430 25 23 4
1 134 550 727 430 25 23 4
1 134 551 728 430 25 23 4
1 134 552 730 432 25 23 4
1 134 553 732 433 25 23 4
1 134 554 734 435 25 23 4
1 134 555 737 437 25 23 4
1 134 556 739 439 25 23 4
1 134 557 743 440 25 24 4
1 134 558 743 440 25 24 4
1 134 559 744 440 25 24 4
1 134 560 746 440 25 24 4
1 134 561 746 440 25 24 4
1 134 562 748 440 25 24 4
1 134 563 750 440 25 24 4
1 134 564 750 440 25 24 4
1 134 565 752 440 24 24 4
1 134 566 753 440 25 24 4
1 134 567 755 442 25 23 4
1 134 568 755 442 25 23 4
1 134 569 755 442 25 23 4
1 134 570 755 442 25 23 4
1 134 571 755 442 25 23 4
1 134 572 755 442 25 23 4
1 134 573 755 442 25 23 4
1 134 574 755 442 25 23 4
1 134 575 755 442 25 23 4
1 134 576 755 442 25 23 4
1 134 577 757 442 25 23 4
1 134 578 759 444 25 23 4
1 134 579 760 446 25 23 4
1 134 580 762 448 25 23 4
1 134 581 764 448 25 23 4
1 134 582 768 449 24 23 4
1 134 583 769 451 25 23 4
1 134 584 771 453 25 23 4
1 134 585 773 455 25 23 4
1 134 586 775 455 25 23 4
1 134 587 776 456 25 24 4
1 134 588 780 458 25 23 4
1 134 589 782 460 25 23 4
1 134 590 784 460 24 23 4
1 134 591 785 462 25 23 4
1 134 592 787 464 25 23 4
1 134 593 789 465 25 23 4
1 134 594 792 467 25 23 4
1 134 595 794 467 25 23 4
1 134 596 796 469 25 23 4
1 134 597 798 471 25 23 4
1 134 598 800 472 24 24 4
1 134 599 803 474 25 23 4
1 134 600 805 474 25 23 4
1 134 601 808 474 25 23 4
1 134 602 812 474 25 23 4
1 134 603 816 474 24 23 4
1 134 604 819 474 25 23 4
1 134 605 821 474 27 23 4
1 134 606 824 474 27 23 4
1 134 607 828 474 27 23 4
1 134 608 832 474 26 23 4
1 134 609 835 474 27 23 4
1 134 610 839 474 26 23 4
1 134 611 842 472 27 24 4
1 134 612 848 472 26 24 4
1 134 613 851 476 27 23 4
1 134 614 856 481 27 23 4
1 134 615 860 485 27 23 4
1 134 616 865 490 27 23 4
1 134 617 867 492 27 23 4
1 134 618 869 496 27 23 4
1 134 619 872 497 27 23 4
1 134 620 874 501 27 23 4
1 134 621 878 504 26 24 4
2 322 300 152 229 22 30 5
2 322 301 152 229 22 30 5
2 322 302 152 229 22 30 5
2 322 303 152 229 22 30 5
2 322 304 152 229 22 30 5
2 322 305 152 229 22 30 5
2 322 306 152 229 22 30 5
2 322 307 152 229 22 30 5
2 322 308 152 229 22 30 5
2 322 309 154 229 22 30 5
2 322 310 154 229 22 30 5
2 322 311 154 229 22 30 5
2 322 312 154 229 22 30 5
2 322 313 154 229 22 30 5
2 322 314 154 229 22 30 5
2 322 315 154 229 22 30 5
2 322 316 154 229 22 30 5
2 322 317 156 229 21 30 5
2 322 318 156 227 21 30 5
2 322 319 156 227 21 30 5
2 322 320 158 227 21 30 5
2 322 321 158 227 21 30 5
2 322 322 158 227 21 30 5
2 322 323 160 227 21 30 5
2 322 324 160 227 21 30 5
2 322 325 160 227 21 30 5
2 322 326 161 227 22 30 5
2 322 327 161 227 22 30 5
2 322 328 161 227 22 30 5
2 322 329 163 227 21 30 5
2 322 330 163 227 21 30 5
2 322 331 163 227 21 30 5
2 322 332 165 227 21 30 5
2 322 333 165 227 21 30 5
2 322 334 167 227 21 30 5
2 322 335 167 227 21 30 5
2 322 336 167 227 21 30 5
2 322 337 167 227 21 30 5
2 322 338 167 227 21 30 5
2 322 339 167 227 21 30 5
2 322 340 167 227 21 30 5
2 322 341 168 227 22 30 5
2 322 342 168 227 22 30 5
2 322 343 168 227 22 30 5
2 322 344 168 227 22 30 5
2 322 345 168 227 22 30 5
2 322 346 168 227 22 30 5
2 322 347 168 227 22 30 5
2 322 348 170 227 22 30 5
2 322 349 170 227 22 30 5
2 322 350 170 227 22 30 5
2 322 351 170 227 22 30 5
2 322 352 170 227 22 30 5
2 322 353 170 227 22 30 5
2 322 354 170 227 22 30 5
2 322 355 172 227 21 30 5
2 322 356 172 225 21 31 5
2 322 357 172 225 21 31 5
2 322 358 172 225 21 31 5
2 322 359 174 225 21 31 5
2 322 360 174 225 21 31 5
2 322 361 174 225 21 31 5
2 322 362 174 225 21 31 5
2 322 363 176 225 21 31 5
2 322 364 176 225 21 31 5
2 322 365 176 225 21 31 5
2 322 366 176 225 21 31 5
2 322 367 177 225 22 31 5
2 322 368 177 225 22 31 5
2 322 369 177 225 22 31 5
2 322 370 177 225 22 31 5
2 322 371 179 225 21 31 5
2 322 372 179 225 21 31 5
2 322 373 179 225 21 31 5
2 322 374 181 225 21 31 5
2 322 375 181 225 21 31 5
2 322 376 181 225 21 31 5
2 322 377 181 225 21 31 5
2 322 378 181 225 21 31 5
2 322 379 183 225 21 31 5
2 322 380 183 225 21 31 5
2 322 381 183 225 21 31 5
2 322 382 183 225 21 31 5
2 322 383 183 225 21 31 5
2 322 384 184 225 22 31 5
2 322 385 184 225 22 31 5
2 322 386 184 225 22 31 5
2 322 387 184 225 22 31 5
2 322 388 184 225 22 31 5
2 322 389 186 225 22 31 5
2 322 390 186 225 22 31 5
2 322 391 186 227 22 30 5
2 322 392 186 227 22 30 5
2 322 393 188 227 21 30 5
2 322 394 188 227 21 30 5
2 322 395 188 227 21 30 5
2 322 396 188 227 21 30 5
2 322 397 188 227 21 30 5
2 322 398 190 227 21 30 5
2 322 399 190 227 21 30 5
2 322 400 190 227 21 30 5
2 322 401 190 227 21 30 5
2 322 402 190 227 21 30 5
2 322 403 192 227 21 30 5
2 322 404 192 227 21 30 5
2 322 405 192 227 21 30 5
2 322 406 192 227 21 30 5
2 322 407 193 229 22 30 5
2 322 408 193 229 22 30 5
2 322 409 193 229 22 30 5
2 322 410 193 229 22 30 5
2 322 411 195 229 21 30 5
2 322 412 195 229 21 30 5
2 322 413 195 229 21 32 5
2 322 414 195 229 21 32 5
2 322 415 197 229 21 32 5
2 322 416 197 229 21 32 5
2 322 417 197 229 21 32 5
2 322 418 197 229 21 34 5
2 322 419 199 229 21 34 5
2 322 420 199 229 21 34 5
2 322 421 199 229 21 34 5
2 322 422 199 229 21 34 5
2 322 423 200 229 22 35 5
2 322 424 200 229 22 35 5
2 322 425 200 229 22 35 5
2 322 426 200 229 22 35 5
2 322 427 202 229 22 35 5
2 322 428 202 229 22 35 5
2 322 429 202 229 22 37 5
2 322 430 202 229 22 37 5
2 322 431 204 229 21 37 5
2 322 432 204 229 21 37 5
2 322 433 204 229 21 37 5
2 322 434 204 229 21 39 5
2 322 435 206 229 21 39 5
2 322 436 206 229 21 39 5
2 322 437 206 229 21 39 5
2 322 438 206 229 21 39 5
2 322 439 208 229 21 41 5
2 322 440 208 229 21 41 5
2 322 441 208 229 21 41 5
2 322 442 208 229 21 41 5
2 322 443 208 229 21 41 5
2 322 444 209 229 22 41 5
2 322 445 209 231 22 41 5
2 322 446 209 231 22 41 5
2 322 447 209 231 22 41 5
2 322 448 211 231 21 41 5
2 322 449 211 231 21 41 5
2 322 450 211 231 21 41 5
2 322 451 211 232 21 41 5
2 322 452 211 232 21 41 5
2 322 453 213 232 21 41 5
2 322 454 213 232 21 41 5
2 322 455 213 232 21 41 5
2 322 456 213 232 21 41 5
2 322 457 215 234 21 41 5
2 322 458 215 234 21 41 5
2 322 459 215 234 21 41 5
2 322 460 215 234 21 41 5
2 322 461 215 234 21 41 5
2 322 462 215 234 21 41 5
2 322 463 215 234 21 41 5
2 322 464 216 234 22 43 5
2 322 465 216 234 22 43 5
2 322 466 216 236 22 41 5
2 322 467 216 236 22 41 5
2 322 468 216 236 22 41 5
2 322 469 216 236 22 41 5
2 322 470 218 236 22 43 5
2 322 471 218 236 22 43 5
2 322 472 218 236 22 43 5
2 322 473 218 236 22 43 5
2 322 474 218 236 22 43 5
2 322 475 218 238 22 41 5
2 322 476 218 238 22 41 5
2 322 477 220 238 21 42 5
2 322 478 220 238 21 42 5
2 322 479 220 238 21 42 5
2 322 480 220 238 21 42 5
2 322 481 220 238 21 42 5
2 322 482 220 238 21 42 5
2 322 483 222 240 21 42 5
2 322 484 222 240 21 42 5
2 322 485 222 240 21 42 5
2 322 486 224 240 21 44 5
2 322 487 224 240 21 44 5
2 322 488 225 241 22 45 5
2 322 489 225 241 22 45 5
2 322 490 227 241 21 47 5
2 322 491 227 241 21 47 5
2 322 492 229 241 21 48 5
2 322 493 229 243 21 46 5
2 322 494 231 243 21 48 5
2 322 495 231 243 21 48 5
2 322 496 232 243 22 50 5
2 322 497 232 243 22 50 5
2 322 498 234 245 22 50 5
2 322 499 234 245 22 50 5
2 322 500 236 245 21 51 5
2 322 501 236 245 21 51 5
2 322 502 238 247 21 51 5
2 322 503 238 247 21 51 5
2 322 504 240 247 21 51 5
2 322 505 240 247 23 51 5
2 322 506 241 247 23 51 5
2 322 507 243 247 23 53 5
2 322 508 243 247 25 53 5
2 322 509 245 247 23 53 5
2 322 510 247 247 23 53 5
2 322 511 247 247 25 55 5
2 322 512 248 247 25 55 5
2 322 513 250 247 25 55 5
2 322 514 250 247 27 55 5
2 322 515 252 248 27 56 5
2 322 516 254 248 25 56 5
2 322 517 254 248 26 56 5
2 322 518 256 248 26 56 5
2 322 519 257 248 27 56 5
2 322 520 257 248 29 57 5
2 322 521 259 248 29 57 5
2 322 522 261 248 27 57 5
2 322 523 261 248 28 57 5
2 322 524 263 248 28 59 5
2 322 525 264 248 29 59 5
2 322 526 264 248 31 59 5
2 322 527 266 248 30 59 5
2 322 528 268 250 30 59 5
2 322 529 268 250 30 59 5
2 322 530 270 250 30 59 5
2 322 531 270 252 30 59 5
2 322 532 272 252 30 59 5
2 322 533 273 252 31 59 5
2 322 534 273 254 31 58 5
2 322 535 275 254 30 58 5
2 322 536 277 254 30 58 5
2 322 537 277 256 30 58 5
2 322 538 279 256 30 58 5
2 322 539 280 256 31 58 5
2 322 540 280 257 31 59 5
2 322 541 282 257 30 59 5
2 322 542 282 259 30 59 5
2 322 543 284 259 30 59 5
2 322 544 286 259 30 59 5
2 322 545 286 261 30 59 5
2 322 546 288 261 30 59 5
2 322 547 289 261 31 59 5
2 322 548 289 263 31 58 5
2 322 549 291 263 30 58 5
2 322 550 293 263 30 58 5
2 322 551 293 264 30 59 5
2 322 552 295 264 30 59 5
2 322 553 296 266 31 59 5
2 322 554 296 266 31 59 5
2 322 555 298 266 30 61 5
2 322 556 298 266 30 62 5
2 322 557 300 268 30 60 5
2 322 558 300 268 30 62 5
2 322 559 302 268 30 64 5
2 322 560 302 270 30 62 5
2 322 561 304 270 30 64 5
2 322 562 304 270 30 66 5
2 322 563 305 270 31 66 5
2 322 564 305 272 31 65 5
2 322 565 307 272 30 67 5
2 322 566 309 272 30 67 5
2 322 567 309 273 30 68 5
2 322 568 311 273 30 70 5
2 322 569 311 273 30 70 5
2 322 570 312 273 31 71 5
2 322 571 312 275 31 71 5
2 322 572 314 275 30 71 5
2 322 573 314 275 30 73 5
2 322 574 316 277 30 73 5
2 322 575 316 277 30 73 5
2 322 576 318 277 30 75 5
2 322 577 320 279 30 74 5
2 322 578 320 279 30 74 5
2 322 579 321 279 31 76 5
2 322 580 321 280 31 75 5
2 322 581 323 280 30 77 5
2 322 582 323 282 30 75 5
2 322 583 325 282 30 77 5
2 322 584 325 284 30 76 5
2 322 585 327 284 30 76 5
2 322 586 327 284 30 78 5
2 322 587 328 286 31 76 5
2 322 588 328 286 31 78 5
2 322 589 330 288 30 76 5
2 322 590 330 288 30 78 5
2 322 591 332 289 30 79 5
2 322 592 332 289 30 79 5
2 322 593 334 289 30 80 5
2 322 594 334 291 30 78 5
2 322 595 336 291 30 80 5
2 322 596 336 293 30 78 5
2 322 597 337 293 31 80 5
2 322 598 339 295 30 80 5
2 322 599 339 295 30 80 5
2 322 600 341 296 30 80 5
2 322 601 343 296 30 82 5
2 322 602 344 298 31 82 5
2 322 603 346 298 30 84 5
2 322 604 348 300 30 84 5
2 322 605 350 300 30 85 5
2 322 606 352 302 30 85 5
2 322 607 353 304 31 85 5
2 322 608 355 304 30 87 5
2 322 609 357 305 30 87 5
2 322 610 359 305 30 89 5
2 322 611 360 307 31 89 5
2 322 612 362 307 30 91 5
2 322 613 364 309 30 91 5
2 322 614 366 309 30 92 5
2 322 615 368 311 30 92 5
2 322 616 369 312 31 93 5
2 322 617 371 314 30 93 5
2 322 618 373 316 32 92 5
2 322 619 375 318 32 92 5
2 322 620 376 320 34 92 5
2 322 621 380 321 34 93 5
3 187 300 197 227 21 32 1
3 187 301 197 227 21 32 1
3 187 302 197 227 21 32 1
3 187 303 197 227 21 32 1
3 187 304 197 227 21 32 1
3 187 305 197 227 21 32 1
3 187 306 197 227 21 32 1
3 187 307 197 227 21 32 1
3 187 308 197 227 21 32 1
3 187 309 197 227 21 32 1
3 187 310 197 227 21 32 1
3 187 311 197 227 21 32 1
3 187 312 197 227 21 32 1
3 187 313 197 227 21 32 1
3 187 314 197 227 21 32 1
3 187 315 197 227 21 32 1
3 187 316 197 227 21 32 1
3 187 317 197 227 21 32 1
3 187 318 197 227 21 32 1
3 187 319 197 227 21 32 1
3 187 320 197 227 21 32 1
3 187 321 197 227 21 32 1
3 187 322 197 227 21 32 1
3 187 323 197 227 21 32 1
3 187 324 197 227 21 32 1
3 187 325 197 227 21 32 1
3 187 326 197 227 21 32 1
3 187 327 197 227 21 32 1
3 187 328 197 227 21 32 1
3 187 329 197 227 21 32 1
3 187 330 197 227 21 32 1
3 187 331 199 227 21 32 1
3 187 332 199 227 21 32 1
3 187 333 199 227 21 32 1
3 187 334 199 227 21 32 1
3 187 335 199 227 21 32 1
3 187 336 199 227 21 32 1
3 187 337 199 227 21 32 1
3 187 338 199 227 21 32 1
3 187 339 199 227 21 32 1
3 187 340 199 227 21 32 1
3 187 341 199 227 21 32 1
3 187 342 199 227 21 32 1
3 187 343 199 227 21 32 1
3 187 344 199 227 21 32 1
3 187 345 199 227 21 32 1
3 187 346 199 227 21 32 1
3 187 347 199 227 21 32 1
3 187 348 199 227 21 32 1
3 187 349 199 227 21 32 1
3 187 350 199 227 21 32 1
3 187 351 199 227 21 32 1
3 187 352 199 227 21 32 1
3 187 353 199 227 21 32 1
3 187 354 199 227 21 32 1
3 187 355 199 227 21 32 1
3 187 356 199 227 21 32 1
3 187 357 199 227 21 32 1
3 187 358 199 227 21 32 1
3 187 359 199 227 21 32 1
3 187 360 199 227 21 32 1
3 187 361 200 227 22 32 1
3 187 362 200 227 22 32 1
3 187 363 200 227 22 32 1
3 187 364 200 227 22 32 1
3 187 365 200 227 22 32 1
3 187 366 200 227 22 32 1
3 187 367 200 227 22 32 1
3 187 368 200 227 22 32 1
3 187 369 200 227 22 32 1
3 187 370 200 227 22 32 1
3 187 371 200 227 22 32 1
3 187 372 200 227 22 32 1
3 187 373 200 227 22 32 1
3 187 374 200 227 22 32 1
3 187 375 200 227 22 32 1
3 187 376 200 227 22 32 1
3 187 377 200 227 22 32 1
3 187 378 200 227 22 32 1
3 187 379 200 227 22 32 1
3 187 380 200 227 22 32 1
3 187 381 200 227 22 32 1
3 187 382 200 227 22 32 1
3 187 383 200 227 22 32 1
3 187 384 200 227 22 32 1
3 187 385 200 227 22 32 1
3 187 386 200 227 22 32 1
3 187 387 200 227 22 32 1
3 187 388 200 227 22 32 1
3 187 389 200 227 22 32 1
3 187 390 200 227 22 32 1
3 187 391 200 227 22 32 1
3 187 392 202 227 22 32 1
3 187 393 202 227 22 32 1
3 187 394 202 227 22 32 1
3 187 395 202 227 22 32 1
3 187 396 202 227 22 32 1
3 187 397 202 227 22 32 1
3 187 398 202 227 22 32 1
3 187 399 202 227 22 32 1
3 187 400 202 227 22 32 1
3 187 401 202 227 22 32 1
3 187 402 202 227 22 32 1
3 187 403 202 227 22 32 1
3 187 404 202 227 22 32 1
3 187 405 202 227 22 32 1
3 187 406 202 227 22 32 1
3 187 407 202 227 22 32 1
3 187 408 202 227 22 32 1
3 187 409 202 227 22 32 1
3 187 410 202 227 22 32 1
3 187 411 202 227 22 32 1
3 187 412 202 227 22 32 1
3 187 413 202 227 22 32 1
3 187 414 202 227 22 32 1
3 187 415 202 227 22 32 1
3 187 416 202 227 22 32 1
3 187 417 202 227 22 32 1
3 187 418 202 227 22 32 1
3 187 419 202 227 22 32 1
3 187 420 202 227 22 32 1
3 187 421 202 227 22 32 1
3 187 422 204 227 21 32 1
3 187 423 204 227 21 32 1
3 187 424 204 227 21 32 1
3 187 425 204 227 21 32 1
3 187 426 204 227 21 32 1
3 187 427 204 227 21 32 1
3 187 428 204 227 21 32 1
3 187 429 204 227 21 32 1
3 187 430 204 227 21 32 1
3 187 431 204 227 21 32 1
3 187 432 204 227 21 32 1
3 187 433 204 227 21 32 1
3 187 434 204 227 21 32 1
3 187 435 204 227 21 32 1
3 187 436 204 227 21 32 1
3 187 437 204 227 21 32 1
3 187 438 204 227 21 32 1
3 187 439 204 227 21 32 1
3 187 440 204 227 21 32 1
3 187 441 204 227 21 32 1
3 187 442 204 227 21 32 1
3 187 443 204 227 21 32 1
3 187 444 204 227 21 32 1
3 187 445 204 227 21 32 1
3 187 446 204 227 21 32 1
3 187 447 204 227 21 32 1
3 187 448 204 227 21 32 1
3 187 449 204 227 21 32 1
3 187 450 204 227 21 32 1
3 187 451 204 227 21 32 1
3 187 452 204 227 21 32 1
3 187 453 206 227 21 32 1
3 187 454 206 227 21 32 1
3 187 455 206 227 21 32 1
3 187 456 206 227 21 32 1
3 187 457 206 227 21 32 1
3 187 458 206 227 21 32 1
3 187 459 206 227 21 32 1
3 187 460 206 227 21 32 1
3 187 461 206 227 21 32 1
3 187 462 206 227 21 32 1
3 187 463 206 227 21 32 1
3 187 464 206 227 21 32 1
3 187 465 206 227 21 32 1
3 187 466 206 227 21 32 1
3 187 467 206 227 21 32 1
3 187 468 206 227 21 32 1
3 187 469 206 227 21 32 1
3 187 470 206 227 21 32 1
3 187 471 206 227 21 32 1
3 187 472 206 227 21 32 1
3 187 473 206 227 21 32 1
3 187 474 206 227 21 32 1
3 187 475 206 227 21 32 1
3 187 476 206 227 21 32 1
3 187 477 206 227 21 32 1
3 187 478 206 227 21 32 1
3 187 479 206 227 21 32 1
3 187 480 206 227 21 32 1
3 187 481 206 227 21 32 1
3 187 482 206 227 21 32 1
3 187 483 208 229 21 32 1
3 187 484 208 229 21 32 1
3 187 485 208 229 21 32 1
3 187 486 208 229 21 32 1
4 495 265 707 343 30 55 1
4 495 266 704 341 30 57 1
4 495 267 702 341 30 59 1
4 495 268 698 341 30 59 1
4 495 269 696 341 31 60 1
4 495 270 693 341 30 60 1
4 495 271 691 339 30 64 1
4 495 272 688 339 30 64 1
4 495 273 686 339 30 66 1
4 495 274 682 339 30 66 1
4 495 275 680 339 31 68 1
4 495 276 677 337 30 68 1
4 495 277 675 337 30 68 1
4 495 278 673 337 31 68 1
4 495 279 672 337 30 68 1
4 495 280 670 337 30 68 1
4 495 281 668 337 30 68 1
4 495 282 666 337 30 68 1
4 495 283 664 337 31 68 1
4 495 284 663 337 30 68 1
4 495 285 661 337 30 68 1
4 495 286 659 337 30 68 1
4 495 287 657 337 31 68 1
4 495 288 656 337 30 68 1
4 495 289 654 337 30 68 1
4 495 290 652 337 30 68 1
4 495 291 650 337 30 68 1
4 495 292 648 337 31 68 1
4 495 293 647 337 30 68 1
4 495 294 645 337 30 68 1
4 495 295 641 336 32 67 1
4 495 296 640 336 32 67 1
4 495 297 638 336 32 67 1
4 495 298 636 334 32 69 1
4 495 299 634 334 32 69 1
4 495 300 632 334 32 69 1
4 495 301 629 332 32 71 1
4 495 302 627 332 32 71 1
4 495 303 625 330 32 73 1
4 495 304 622 330 34 73 1
4 495 305 620 330 34 73 1
4 495 306 618 328 34 75 1
4 495 307 616 328 34 77 1
4 495 308 613 328 34 77 1
4 495 309 611 327 34 78 1
4 495 310 609 327 34 78 1
4 495 311 606 327 35 78 1
4 495 312 604 325 36 80 1
4 495 313 602 325 36 80 1
4 495 314 600 325 36 82 1
4 495 315 599 323 35 82 1
4 495 316 597 323 35 82 1
4 495 317 595 323 36 82 1
4 495 318 595 323 36 82 1
4 495 319 593 323 36 82 1
4 495 320 592 321 35 82 1
4 495 321 590 321 35 82 1
4 495 322 590 321 35 82 1
4 495 323 588 321 36 82 1
4 495 324 586 321 36 82 1
4 495 325 584 320 36 81 1
4 495 326 584 320 36 81 1
4 495 327 583 320 35 81 1
4 495 328 581 320 35 81 1
4 495 329 581 320 35 81 1
4 495 330 579 320 36 81 1
4 495 331 577 320 36 81 1
4 495 332 577 320 36 81 1
4 495 333 576 320 35 81 1
4 495 334 574 320 35 81 1
4 495 335 574 320 35 81 1
4 495 336 572 321 36 82 1
4 495 337 570 321 36 82 1
4 495 338 570 321 36 82 1
4 495 339 568 321 36 82 1
4 495 340 568 321 36 82 1
4 495 341 567 321 35 82 1
4 495 342 565 323 35 82 1
4 495 343 565 323 35 82 1
4 495 344 563 323 36 82 1
4 495 345 561 323 36 82 1
4 495 346 561 323 36 82 1
4 495 347 560 323 35 82 1
4 495 348 560 325 35 82 1
4 495 349 558 325 35 82 1
4 495 350 558 325 35 82 1
4 495 351 556 325 37 83 1
4 495 352 556 325 37 83 1
4 495 353 556 325 36 83 1
4 495 354 554 325 38 85 1
4 495 355 554 325 38 85 1
4 495 356 554 325 38 85 1
4 495 357 552 325 40 87 1
4 495 358 552 325 38 87 1
4 495 359 552 325 38 87 1
4 495 360 551 325 39 89 1
4 495 361 551 325 39 89 1
4 495 362 551 327 39 89 1
4 495 363 551 327 39 89 1
4 495 364 551 327 39 89 1
4 495 365 551 327 39 89 1
4 495 366 551 327 39 89 1
4 495 367 551 327 39 89 1
4 495 368 551 327 39 89 1
4 495 369 551 328 39 89 1
4 495 370 551 328 39 89 1
4 495 371 551 328 39 89 1
4 495 372 552 328 40 89 1
4 495 373 552 328 40 89 1
4 495 374 552 328 40 89 1
4 495 375 552 330 40 89 1
4 495 376 552 330 40 89 1
4 495 377 552 330 40 89 1
4 495 378 552 330 40 89 1
4 495 379 552 330 40 89 1
4 495 380 552 330 40 89 1
4 495 381 554 332 39 89 1
4 495 382 554 332 39 89 1
4 495 383 554 332 39 89 1
4 495 384 556 332 39 89 1
4 495 385 556 334 39 89 1
4 495 386 558 334 39 89 1
4 495 387 558 334 39 89 1
4 495 388 558 334 39 89 1
4 495 389 560 336 39 88 1
4 495 390 560 336 39 88 1
4 495 391 561 336 39 88 1
4 495 392 561 336 39 88 1
4 495 393 563 337 39 89 1
4 495 394 563 337 39 89 1
4 495 395 563 337 39 89 1
4 495 396 565 337 39 89 1
4 495 397 565 339 39 89 1
4 495 398 567 339 39 89 1
4 495 399 567 339 39 89 1
4 495 400 568 341 40 89 1
4 495 401 568 341 40 89 1
4 495 402 568 341 40 89 1
4 495 403 568 341 41 91 1
4 495 404 568 341 41 91 1
4 495 405 570 341 41 92 1
4 495 406 570 341 41 92 1
4 495 407 570 341 43 94 1
4 495 408 570 341 43 94 1
4 495 409 572 341 43 96 1
4 495 410 572 341 43 96 1
4 495 411 572 341 44 98 1
4 495 412 572 341 44 98 1
4 495 413 574 341 44 99 1
4 495 414 574 341 44 99 1
4 495 415 574 341 46 101 1
4 495 416 574 341 46 101 1
4 495 417 576 341 46 103 1
4 495 418 576 341 46 103 1
4 495 419 576 341 46 103 1
4 495 420 577 343 47 101 1
4 495 421 577 343 47 101 1
4 495 422 579 343 46 103 1
4 495 423 579 344 46 102 1
4 495 424 581 344 44 102 1
4 495 425 581 344 46 102 1
4 495 426 583 346 44 100 1
4 495 427 583 346 46 102 1
4 495 428 584 346 45 102 1
4 495 429 584 348 45 100 1
4 495 430 586 348 45 100 1
4 495 431 586 348 45 100 1
4 495 432 588 350 44 99 1
4 495 433 588 350 44 99 1
4 495 434 588 350 44 99 1
4 495 435 590 350 44 99 1
4 495 436 590 352 44 99 1
4 495 437 592 352 44 99 1
4 495 438 592 352 44 99 1
4 495 439 592 352 44 99 1
4 495 440 593 353 45 100 1
4 495 441 593 353 45 100 1
4 495 442 595 353 45 100 1
4 495 443 595 353 45 100 1
4 495 444 595 355 45 100 1
4 495 445 597 355 44 100 1
4 495 446 597 355 44 100 1
4 495 447 599 357 44 99 1
4 495 448 599 357 44 99 1
4 495 449 599 357 44 99 1
4 495 450 599 357 46 101 1
4 495 451 600 357 45 101 1
4 495 452 600 357 47 103 1
4 495 453 600 359 47 101 1
4 495 454 600 359 48 103 1
4 495 455 602 359 46 103 1
4 495 456 602 359 48 105 1
4 495 457 602 359 48 105 1
4 495 458 604 360 48 105 1
4 495 459 604 360 48 105 1
4 495 460 606 360 48 107 1
4 495 461 608 362 46 107 1
4 495 462 609 362 47 107 1
4 495 463 609 362 47 109 1
4 495 464 611 364 46 108 1
4 495 465 613 364 44 108 1
4 495 466 615 364 44 110 1
4 495 467 616 366 45 110 1
4 495 468 616 366 45 110 1
4 495 469 618 366 45 110 1
4 495 470 620 366 43 110 1
4 495 471 620 366 44 110 1
4 495 472 622 368 44 110 1
4 495 473 624 368 42 110 1
4 495 474 624 368 44 110 1
4 495 475 625 368 43 110 1
4 495 476 627 368 43 110 1
4 495 477 627 369 45 111 1
4 495 478 629 369 43 111 1
4 495 479 631 369 42 111 1
4 495 480 631 369 42 111 1
4 495 481 632 369 43 111 1
4 495 482 634 371 43 110 1
4 495 483 634 371 45 110 1
4 495 484 636 371 44 110 1
4 495 485 638 371 44 110 1
4 495 486 640 373 44 110 1
4 495 487 640 373 46 110 1
4 495 488 641 373 47 110 1
4 495 489 643 373 46 110 1
4 495 490 645 375 48 110 1
4 495 491 645 375 48 110 1
4 495 492 647 375 48 110 1
4 495 493 647 375 48 112 1
4 495 494 648 375 48 112 1
4 495 495 648 376 48 112 1
4 495 496 650 376 48 112 1
4 495 497 652 376 48 112 1
4 495 498 652 376 48 114 1
4 495 499 654 378 48 112 1
4 495 500 654 378 48 114 1
4 495 501 656 378 48 114 1
4 495 502 657 378 48 114 1
4 495 503 657 380 48 114 1
4 495 504 659 380 48 114 1
4 495 505 659 380 48 116 1
4 495 506 661 380 48 116 1
4 495 507 663 382 48 115 1
4 495 508 663 382 48 115 1
4 495 509 664 382 48 115 1
4 495 510 664 382 48 117 1
4 495 511 666 384 48 115 1
4 495 512 668 384 48 115 1
4 495 513 668 384 48 117 1
4 495 514 670 385 48 116 1
4 495 515 670 385 48 118 1
4 495 516 672 385 48 118 1
4 495 517 673 387 48 116 1
4 495 518 673 387 48 117 1
4 495 519 675 387 48 117 1
4 495 520 675 387 48 119 1
4 495 521 677 389 48 117 1
4 495 522 679 389 48 117 1
4 495 523 679 389 48 119 1
4 495 524 680 391 48 117 1
4 495 525 680 391 48 119 1
4 495 526 682 391 48 119 1
4 495 527 684 392 48 118 1
4 495 528 684 392 48 120 1
4 495 529 686 392 48 120 1
4 495 530 688 394 48 119 1
4 495 531 688 394 48 119 1
4 495 532 689 394 48 121 1
4 495 533 691 394 48 121 1
4 495 534 691 394 48 123 1
4 495 535 693 396 48 121 1
4 495 536 695 396 48 123 1
4 495 537 696 396 48 123 1
4 495 538 696 396 48 124 1
4 495 539 698 396 48 124 1
4 495 540 700 398 48 124 1
4 495 541 702 398 48 124 1
4 495 542 702 398 48 126 1
4 495 543 704 398 48 126 1
4 495 544 705 398 48 128 1
4 495 545 707 400 48 128 1
4 495 546 707 400 48 128 1
4 495 547 707 400 50 128 1
4 495 548 709 400 50 128 1
4 495 549 709 401 50 128 1
4 495 550 709 401 51 128 1
4 495 551 711 401 51 128 1
4 495 552 711 401 53 128 1
4 495 553 712 403 52 128 1
4 495 554 712 403 54 128 1
4 495 555 712 403 56 128 1
4 495 556 714 405 54 128 1
4 495 557 714 405 55 128 1
4 495 558 716 405 55 128 1
4 495 559 716 405 57 128 1
4 495 560 716 407 57 128 1
4 495 561 718 407 57 128 1
4 495 562 718 407 58 128 1
4 495 563 720 408 58 128 1
4 495 564 720 408 58 128 1
4 495 565 721 410 59 128 1
4 495 566 721 410 59 128 1
4 495 567 723 412 59 128 1
4 495 568 725 414 59 128 1
4 495 569 725 414 59 128 1
4 495 570 727 416 58 128 1
4 495 571 728 417 59 128 1
4 495 572 728 417 59 128 1
4 495 573 730 419 59 128 1
4 495 574 730 419 59 128 1
4 495 575 732 421 59 128 1
4 495 576 734 423 58 128 1
4 495 577 734 423 58 128 1
4 495 578 736 424 58 128 1
4 495 579 737 426 59 128 1
4 495 580 737 426 59 130 1
4 495 581 739 426 59 132 1
4 495 582 741 426 59 134 1
4 495 583 741 426 60 135 1
4 495 584 743 426 60 137 1
4 495 585 744 426 61 139 1
4 495 586 744 428 61 139 1
4 495 587 746 428 61 140 1
4 495 588 748 428 60 142 1
4 495 589 748 428 62 144 1
4 495 590 750 428 62 146 1
4 495 591 752 428 62 148 1
4 495 592 753 430 63 147 1
4 495 593 753 430 64 147 1
4 495 594 755 430 64 147 1
4 495 595 757 432 64 145 1
4 495 596 759 432 64 145 1
4 495 597 760 433 64 144 1
4 495 598 762 433 64 144 1
4 495 599 764 433 64 144 1
4 495 600 766 435 64 142 1
4 495 601 768 435 64 142 1
4 495 602 769 437 64 142 1
4 495 603 771 437 64 144 1
4 495 604 773 439 64 144 1
4 495 605 776 440 64 143 1
4 495 606 778 440 64 144 1
4 495 607 780 442 64 144 1
4 495 608 782 444 64 144 1
4 495 609 784 444 64 144 1
4 495 610 787 446 64 144 1
4 495 611 789 448 64 144 1
4 495 612 791 448 64 145 1
4 495 613 792 449 64 144 1
4 495 614 794 451 64 144 1
4 495 615 798 451 64 146 1
4 495 616 800 453 64 146 1
4 495 617 801 455 64 144 1
4 495 618 803 455 64 145 1
4 495 619 805 456 64 146 1
4 495 620 808 458 64 146 1
4 495 621 810 458 64 146 1
4 495 622 812 458 64 146 1
4 495 623 814 458 66 148 1
4 495 624 816 458 65 148 1
4 495 625 817 460 68 148 1
4 495 626 819 460 68 148 1
4 495 627 821 460 67 149 1
4 495 628 823 460 69 149 1
4 495 629 824 460 70 151 1
4 495 630 826 462 71 149 1
4 495 631 828 462 71 149 1
4 495 632 830 462 71 151 1
4 495 633 832 462 72 151 1
4 495 634 833 462 73 153 1
4 495 635 835 464 75 151 1
4 495 636 837 464 75 152 1
4 495 637 839 464 74 152 1
4 495 638 840 464 77 154 1
4 495 639 842 464 77 154 1
4 495 640 844 465 78 155 1
4 495 641 846 465 78 157 1
4 495 642 848 467 78 157 1
4 495 643 849 469 79 156 1
4 495 644 851 471 78 156 1
4 495 645 855 472 78 157 1
4 495 646 856 472 79 159 1
4 495 647 858 474 78 158 1
4 495 648 860 476 78 158 1
4 495 649 862 478 78 158 1
4 495 650 865 480 79 160 1
4 495 651 867 480 78 161 1
4 495 652 869 481 78 162 1
4 495 653 871 483 78 162 1
4 495 654 872 485 79 162 1
4 495 655 876 487 78 161 1
4 495 656 878 487 78 163 1
4 495 657 880 488 78 164 1
4 495 658 881 490 79 164 1
4 495 659 883 492 78 164 1
4 495 660 887 494 78 165 1
4 495 661 888 494 79 165 1
4 495 662 890 494 78 167 1
4 495 663 892 496 78 167 1
4 495 664 894 496 78 168 1
4 495 665 897 497 79 169 1
4 495 666 899 497 78 171 1
4 495 667 901 499 78 171 1
4 495 668 903 499 78 173 1
4 495 669 904 501 79 172 1
4 495 670 908 501 78 174 1
4 495 671 910 501 78 176 1
4 495 672 912 503 78 176 1
4 495 673 913 503 79 177 1
4 495 674 915 504 78 178 1
4 495 675 919 504 78 180 1
4 495 676 920 506 79 180 1
4 495 677 922 506 78 182 1
4 495 678 924 508 78 181 1
4 495 679 926 508 78 183 1
4 495 680 929 510 79 183 1
4 495 681 931 510 80 183 1
4 495 682 935 512 81 183 1
4 495 683 938 513 84 183 1
4 495 684 942 515 85 181 1
4 495 685 945 517 87 181 1
4 495 686 947 519 91 181 1
4 495 687 951 520 90 180 1
4 495 688 954 522 93 180 1
4 495 689 958 524 94 180 1
4 495 690 961 526 96 179 1
4 495 691 963 526 100 179 1
4 495 692 967 528 101 179 1
4 495 693 970 529 103 180 1
4 495 694 974 531 103 178 1
4 495 695 977 533 105 178 1
4 495 696 979 535 109 177 1
4 495 697 983 536 110 176 1
4 495 698 986 538 112 176 1
4 495 699 990 540 114 176 1
4 495 700 993 542 116 176 1
4 495 701 997 542 115 176 1
4 495 702 1000 544 116 174 1
4 495 703 1004 545 116 173 1
4 495 704 1009 545 116 173 1
4 495 705 1013 547 115 171 1
4 495 706 1016 549 116 169 1
4 495 707 1022 549 115 169 1
4 495 708 1025 551 116 167 1
4 495 709 1029 552 115 166 1
4 495 710 1034 554 116 164 1
4 495 711 1038 556 115 162 1
4 495 712 1041 558 116 160 1
4 495 713 1045 560 115 158 1
4 495 714 1048 561 116 157 1
4 495 715 1054 565 115 153 1
4 495 716 1057 567 116 151 1
4 495 717 1061 568 115 150 1
4 495 718 1064 570 116 148 1
4 495 719 1068 572 116 146 1
4 495 720 1073 576 116 142 1
4 495 721 1077 576 115 142 1
4 495 722 1082 577 116 141 1
4 495 723 1088 577 115 141 1
4 495 724 1093 579 115 139 1
4 495 725 1098 579 116 139 1
4 495 726 1104 581 115 137 1
4 495 727 1109 581 115 137 1
4 495 728 1114 583 116 135 1
4 495 729 1120 583 115 135 1
4 495 730 1125 584 115 134 1
4 495 731 1128 584 116 134 1
4 495 732 1132 586 116 132 1
4 495 733 1136 588 115 130 1
4 495 734 1139 590 116 128 1
4 495 735 1143 592 115 126 1
4 495 736 1146 593 116 125 1
4 495 737 1150 595 115 123 1
4 495 738 1153 597 116 121 1
4 495 739 1157 599 115 119 1
4 495 740 1160 600 116 118 1
4 495 741 1166 604 110 114 1
4 495 742 1171 609 105 109 1
4 495 743 1176 613 100 105 1
4 495 744 1182 618 94 100 1
4 495 745 1189 624 87 94 1
4 495 746 1194 627 82 91 1
4 495 747 1200 632 76 86 1
4 495 748 1205 636 71 82 1
4 495 749 1210 641 66 77 1
4 495 750 1217 647 61 71 1
4 495 751 1219 647 59 71 1
4 495 752 1223 648 55 70 1
4 495 753 1224 650 54 68 1
4 495 754 1228 652 50 66 1
4 495 755 1230 654 48 64 1
4 495 756 1233 654 45 64 1
4 495 757 1235 656 43 62 1
4 495 758 1239 657 39 61 1
4 495 759 1240 659 38 59 1
5 100 600 337 291 39 89 1
5 100 601 337 291 39 89 1
5 100 602 339 293 39 89 1
5 100 603 341 293 39 89 1
5 100 604 343 295 39 89 1
5 100 605 344 295 40 89 1
5 100 606 346 296 39 89 1
5 100 607 348 296 39 89 1
5 100 608 350 298 39 89 1
5 100 609 352 298 39 89 1
5 100 610 353 300 39 89 1
5 100 611 353 302 39 89 1
5 100 612 355 302 39 89 1
5 100 613 357 304 39 88 1
5 100 614 359 304 39 88 1
5 100 615 360 305 40 89 1
5 100 616 362 305 39 89 1
5 100 617 364 307 39 89 1
5 100 618 366 307 39 89 1
5 100 619 368 309 39 89 1
5 100 620 369 311 39 89 1
5 100 621 373 312 39 89 1
5 100 622 376 314 40 91 1
5 100 623 380 316 39 92 1
5 100 624 384 318 39 94 1
5 100 625 387 320 41 96 1
5 100 626 391 321 41 96 1
5 100 627 394 325 41 96 1
5 100 628 398 327 41 97 1
5 100 629 401 328 41 100 1
5 100 630 405 330 43 102 1
5 100 631 408 332 43 101 1
5 100 632 412 334 43 103 1
5 100 633 416 336 42 104 1
5 100 634 419 339 43 105 1
5 100 635 423 341 44 107 1
5 100 636 426 343 45 106 1
5 100 637 430 344 44 109 1
5 100 638 433 346 45 110 1
5 100 639 437 348 44 112 1
5 100 640 440 352 47 112 1
5 100 641 446 353 46 114 1
5 100 642 451 355 46 116 1
5 100 643 456 359 48 117 1
5 100 644 462 360 48 120 1
5 100 645 467 364 50 121 1
5 100 646 472 366 50 122 1
5 100 647 478 368 50 126 1
5 100 648 483 371 52 126 1
5 100 649 488 373 52 130 1
5 100 650 494 376 53 130 1
5 100 651 499 378 53 132 1
5 100 652 504 380 54 135 1
5 100 653 510 384 55 135 1
5 100 654 515 385 55 139 1
5 100 655 520 389 57 139 1
5 100 656 526 391 57 142 1
5 100 657 531 392 57 144 1
5 100 658 536 396 59 146 1
5 100 659 542 398 58 147 1
5 100 660 547 401 61 150 1
5 100 661 554 407 64 151 1
5 100 662 563 412 66 155 1
5 100 663 572 417 68 157 1
5 100 664 581 423 69 160 1
5 100 665 590 428 73 164 1
5 100 666 599 433 74 166 1
5 100 667 608 439 76 169 1
5 100 668 616 444 79 171 1
5 100 669 625 449 80 175 1
5 100 670 634 455 84 177 1
5 100 671 643 460 85 180 1
5 100 672 652 465 87 183 1
5 100 673 661 471 89 185 1
5 100 674 670 476 90 188 1
5 100 675 679 481 94 192 1
5 100 676 688 487 96 193 1
5 100 677 696 492 98 197 1
5 100 678 705 497 100 199 1
5 100 679 714 503 102 202 1
5 100 680 723 508 105 206 1
5 100 681 741 517 105 197 1
5 100 682 759 528 105 186 1
5 100 683 776 536 105 178 1
5 100 684 794 547 105 167 1
5 100 685 812 558 105 158 1
5 100 686 830 567 105 149 1
5 100 687 848 577 104 139 1
5 100 688 865 586 105 130 1
5 100 689 883 597 105 119 1
5 100 690 901 608 105 110 1
5 100 691 901 608 105 110 1
5 100 692 901 608 105 110 1
5 100 693 901 608 105 110 1
5 100 694 901 608 105 110 1
5 100 695 901 608 105 110 1
5 100 696 901 608 105 110 1
5 100 697 901 608 105 110 1
5 100 698 901 608 105 110 1
5 100 699 901 608 105 110 1
6 776 0 241 241 27 54 1
6 776 1 241 241 27 54 1
6 776 2 241 241 27 54 1
6 776 3 241 241 27 54 1
6 776 4 241 241 27 54 1
6 776 5 241 241 27 54 1
6 776 6 241 241 27 54 1
6 776 7 241 241 27 54 1
6 776 8 243 241 27 54 1
6 776 9 243 241 27 54 1
6 776 10 243 241 27 54 1
6 776 11 243 241 27 54 1
6 776 12 243 241 27 54 1
6 776 13 243 241 27 54 1
6 776 14 243 241 27 54 1
6 776 15 245 241 27 54 1
6 776 16 245 241 27 54 1
6 776 17 245 241 27 54 1
6 776 18 245 241 27 54 1
6 776 19 245 241 27 54 1
6 776 20 245 241 27 54 1
6 776 21 245 241 27 54 1
6 776 22 247 241 26 54 1
6 776 23 247 241 26 54 1
6 776 24 247 241 26 54 1
6 776 25 247 241 26 54 1
6 776 26 247 241 26 54 1
6 776 27 247 241 26 54 1
6 776 28 247 243 26 53 1
6 776 29 248 243 27 53 1
6 776 30 248 243 27 53 1
6 776 31 248 243 27 53 1
6 776 32 248 243 27 53 1
6 776 33 248 243 27 53 1
6 776 34 248 243 27 53 1
6 776 35 248 243 27 53 1
6 776 36 250 243 27 53 1
6 776 37 250 243 27 53 1
6 776 38 250 243 27 53 1
6 776 39 250 243 27 53 1
6 776 40 250 243 27 53 1
6 776 41 250 243 27 53 1
6 776 42 250 243 27 53 1
6 776 43 252 243 27 53 1
6 776 44 252 243 27 53 1
6 776 45 252 243 27 53 1
6 776 46 252 243 27 53 1
6 776 47 252 243 27 53 1
6 776 48 252 243 27 53 1
6 776 49 252 243 27 53 1
6 776 50 254 243 26 53 1
6 776 51 254 243 26 53 1
6 776 52 254 243 26 53 1
6 776 53 254 243 26 53 1
6 776 54 254 243 26 53 1
6 776 55 254 245 26 53 1
6 776 56 254 245 26 53 1
6 776 57 254 245 26 53 1
6 776 58 256 245 26 53 1
6 776 59 256 245 26 53 1
6 776 60 256 245 26 53 1
6 776 61 256 245 26 53 1
6 776 62 256 245 26 53 1
6 776 63 256 245 26 53 1
6 776 64 256 245 26 53 1
6 776 65 257 245 27 53 1
6 776 66 257 245 27 53 1
6 776 67 257 245 27 53 1
6 776 68 257 245 27 53 1
6 776 69 257 245 27 53 1
6 776 70 257 245 27 53 1
6 776 71 257 245 27 53 1
6 776 72 259 245 27 53 1
6 776 73 259 245 27 53 1
6 776 74 259 245 27 53 1
6 776 75 259 245 27 53 1
6 776 76 259 245 27 53 1
6 776 77 259 245 27 53 1
6 776 78 259 245 27 53 1
6 776 79 261 245 27 53 1
6 776 80 261 245 27 53 1
6 776 81 261 245 27 53 1
6 776 82 261 247 27 53 1
6 776 83 261 247 27 53 1
6 776 84 261 247 27 53 1
6 776 85 261 247 27 53 1
6 776 86 263 247 26 53 1
6 776 87 263 247 26 53 1
6 776 88 263 247 26 53 1
6 776 89 263 247 26 53 1
6 776 90 263 247 26 53 1
6 776 91 263 247 26 53 1
6 776 92 263 247 26 53 1
6 776 93 264 247 27 53 1
6 776 94 264 247 27 53 1
6 776 95 264 247 27 53 1
6 776 96 264 247 27 53 1
6 776 97 264 247 27 53 1
6 776 98 264 247 27 53 1
6 776 99 264 247 27 53 1
6 776 100 266 247 27 53 1
6 776 101 266 247 27 53 1
6 776 102 266 247 27 53 1
6 776 103 266 247 27 53 1
6 776 104 266 247 27 53 1
6 776 105 266 247 27 53 1
6 776 106 266 247 27 53 1
6 776 107 266 247 27 53 1
6 776 108 268 247 27 53 1
6 776 109 268 247 27 53 1
6 776 110 268 248 27 54 1
6 776 111 268 248 27 54 1
6 776 112 268 248 27 54 1
6 776 113 268 248 27 54 1
6 776 114 268 248 27 54 1
6 776 115 270 248 26 54 1
6 776 116 270 248 26 54 1
6 776 117 270 248 26 54 1
6 776 118 270 248 26 54 1
6 776 119 270 248 26 54 1
6 776 120 270 248 26 54 1
6 776 121 270 248 26 54 1
6 776 122 272 248 26 54 1
6 776 123 272 248 26 54 1
6 776 124 272 248 26 54 1
6 776 125 272 248 26 54 1
6 776 126 272 248 26 54 1
6 776 127 272 248 26 54 1
6 776 128 272 248 26 54 1
6 776 129 273 248 27 54 1
6 776 130 273 248 27 54 1
6 776 131 273 248 27 54 1
6 776 132 273 248 27 54 1
6 776 133 273 248 27 54 1
6 776 134 273 248 27 54 1
6 776 135 273 248 27 54 1
6 776 136 275 248 27 54 1
6 776 137 275 250 27 54 1
6 776 138 275 250 27 54 1
6 776 139 275 250 27 54 1
6 776 140 275 250 27 54 1
6 776 141 275 250 27 54 1
6 776 142 275 250 27 54 1
6 776 143 277 250 27 54 1
6 776 144 277 250 27 54 1
6 776 145 277 250 27 54 1
6 776 146 277 250 27 54 1
6 776 147 277 250 27 54 1
6 776 148 277 250 27 54 1
6 776 149 277 250 27 54 1
6 776 150 279 250 26 54 1
6 776 151 279 250 26 54 1
6 776 152 279 250 26 54 1
6 776 153 279 250 26 54 1
6 776 154 279 250 26 54 1
6 776 155 279 250 26 54 1
6 776 156 279 250 26 54 1
6 776 157 279 250 26 54 1
6 776 158 280 250 27 54 1
6 776 159 280 250 27 54 1
6 776 160 280 250 27 54 1
6 776 161 280 250 27 54 1
6 776 162 280 250 27 54 1
6 776 163 280 250 27 54 1
6 776 164 280 252 27 53 1
6 776 165 282 252 27 53 1
6 776 166 282 252 27 53 1
6 776 167 282 252 27 53 1
6 776 168 282 252 27 53 1
6 776 169 282 252 27 53 1
6 776 170 282 252 27 53 1
6 776 171 282 252 27 53 1
6 776 172 284 252 27 53 1
6 776 173 284 252 27 53 1
6 776 174 284 252 27 53 1
6 776 175 284 252 27 53 1
6 776 176 284 252 27 53 1
6 776 177 284 252 27 53 1
6 776 178 284 252 27 53 1
6 776 179 286 252 26 53 1
6 776 180 286 252 26 53 1
6 776 181 286 252 26 53 1
6 776 182 286 252 26 53 1
6 776 183 286 252 26 53 1
6 776 184 286 252 26 53 1
6 776 185 286 252 26 53 1
6 776 186 288 252 26 53 1
6 776 187 288 252 26 53 1
6 776 188 288 252 26 53 1
6 776 189 288 252 26 53 1
6 776 190 288 252 26 53 1
6 776 191 288 254 26 53 1
6 776 192 288 254 26 53 1
6 776 193 289 254 27 53 1
6 776 194 289 254 27 53 1
6 776 195 289 254 27 53 1
6 776 196 289 254 27 53 1
6 776 197 289 254 27 53 1
6 776 198 289 254 27 53 1
6 776 199 289 254 27 53 1
6 776 200 291 254 27 53 1
6 776 201 291 254 27 53 1
6 776 202 291 254 27 53 1
6 776 203 291 254 27 53 1
6 776 204 291 254 27 53 1
6 776 205 291 254 27 53 1
6 776 206 291 254 27 53 1
6 776 207 291 254 27 53 1
6 776 208 293 254 27 53 1
6 776 209 293 254 27 53 1
6 776 210 293 254 27 53 1
6 776 211 293 254 27 53 1
6 776 212 293 254 27 53 1
6 776 213 293 254 27 53 1
6 776 214 293 254 27 53 1
6 776 215 295 254 26 53 1
6 776 216 295 254 26 53 1
6 776 217 295 254 26 53 1
6 776 218 295 254 26 53 1
6 776 219 295 256 26 53 1
6 776 220 295 256 26 53 1
6 776 221 295 256 26 53 1
6 776 222 296 256 27 53 1
6 776 223 296 256 27 53 1
6 776 224 296 256 27 53 1
6 776 225 296 256 27 53 1
6 776 226 296 256 27 53 1
6 776 227 296 256 27 53 1
6 776 228 296 256 27 53 1
6 776 229 298 256 27 53 1
6 776 230 298 256 27 53 1
6 776 231 298 256 27 53 1
6 776 232 298 256 27 53 1
6 776 233 298 256 27 53 1
6 776 234 298 256 27 53 1
6 776 235 298 256 27 53 1
6 776 236 300 256 27 53 1
6 776 237 300 256 27 53 1
6 776 238 300 256 27 53 1
6 776 239 300 256 27 53 1
6 776 240 300 256 27 53 1
6 776 241 300 256 27 53 1
6 776 242 300 256 27 53 1
6 776 243 302 256 26 53 1
6 776 244 302 256 26 53 1
6 776 245 302 256 26 53 1
6 776 246 302 257 26 54 1
6 776 247 302 257 26 54 1
6 776 248 302 257 26 54 1
6 776 249 302 257 26 54 1
6 776 250 304 257 26 54 1
6 776 251 304 257 26 54 1
6 776 252 304 257 26 54 1
6 776 253 304 257 26 54 1
6 776 254 304 257 26 54 1
6 776 255 304 257 26 54 1
6 776 256 304 257 26 54 1
6 776 257 304 257 26 54 1
6 776 258 305 257 27 54 1
6 776 259 305 257 27 54 1
6 776 260 305 257 27 54 1
6 776 261 305 257 27 54 1
6 776 262 305 257 27 54 1
6 776 263 305 257 27 54 1
6 776 264 305 257 27 54 1
6 776 265 307 257 27 54 1
6 776 266 307 257 27 54 1
6 776 267 307 257 27 54 1
6 776 268 307 257 27 54 1
6 776 269 307 257 27 54 1
6 776 270 307 257 27 54 1
6 776 271 307 257 27 54 1
6 776 272 309 257 27 54 1
6 776 273 309 259 27 53 1
6 776 274 309 259 27 53 1
6 776 275 309 259 27 53 1
6 776 276 309 259 27 53 1
6 776 277 309 259 27 53 1
6 776 278 309 259 27 53 1
6 776 279 311 259 26 53 1
6 776 280 311 259 26 53 1
6 776 281 311 259 26 53 1
6 776 282 311 259 26 53 1
6 776 283 311 259 26 53 1
6 776 284 311 259 26 53 1
6 776 285 311 259 26 53 1
6 776 286 312 259 27 53 1
6 776 287 312 259 27 53 1
6 776 288 312 259 27 53 1
6 776 289 312 259 27 53 1
6 776 290 312 259 27 53 1
6 776 291 312 259 27 53 1
6 776 292 312 259 27 53 1
6 776 293 314 259 27 53 1
6 776 294 314 259 27 53 1
6 776 295 314 259 27 53 1
6 776 296 314 259 27 53 1
6 776 297 314 259 27 53 1
6 776 298 314 259 27 53 1
6 776 299 314 259 27 53 1
6 776 300 316 261 27 53 1
6 776 301 316 259 27 55 1
6 776 302 316 259 27 55 1
6 776 303 316 259 27 57 1
6 776 304 316 259 27 57 1
6 776 305 316 259 27 57 1
6 776 306 316 259 27 59 1
6 776 307 316 259 27 59 1
6 776 308 316 259 27 59 1
6 776 309 318 259 26 61 1
6 776 310 318 259 26 61 1
6 776 311 318 259 26 61 1
6 776 312 318 259 26 62 1
6 776 313 318 259 26 62 1
6 776 314 318 259 26 62 1
6 776 315 318 259 26 64 1
6 776 316 318 259 26 64 1
6 776 317 318 259 26 64 1
6 776 318 320 259 26 66 1
6 776 319 320 259 26 66 1
6 776 320 320 259 26 66 1
6 776 321 320 259 26 66 1
6 776 322 320 259 26 66 1
6 776 323 320 259 26 66 1
6 776 324 320 259 26 66 1
6 776 325 320 259 26 66 1
6 776 326 320 259 26 66 1
6 776 327 320 259 26 66 1
6 776 328 321 261 27 66 1
6 776 329 321 261 27 66 1
6 776 330 321 261 27 66 1
6 776 331 321 261 27 66 1
6 776 332 321 261 27 66 1
6 776 333 321 261 27 66 1
6 776 334 321 261 27 66 1
6 776 335 321 261 27 66 1
6 776 336 321 261 27 66 1
6 776 337 321 261 27 66 1
6 776 338 323 263 27 65 1
6 776 339 323 263 27 65 1
6 776 340 323 263 27 65 1
6 776 341 323 263 27 65 1
6 776 342 323 263 27 65 1
6 776 343 323 263 27 65 1
6 776 344 323 263 27 65 1
6 776 345 323 263 27 65 1
6 776 346 323 263 27 65 1
6 776 347 323 263 27 65 1
6 776 348 325 264 27 66 1
6 776 349 325 264 27 66 1
6 776 350 325 264 27 66 1
6 776 351 325 264 27 66 1
6 776 352 325 264 27 66 1
6 776 353 325 264 27 66 1
6 776 354 325 264 27 66 1
6 776 355 325 264 27 66 1
6 776 356 325 264 27 66 1
6 776 357 327 266 26 66 1
6 776 358 327 266 26 66 1
6 776 359 327 266 26 66 1
6 776 360 327 266 26 66 1
6 776 361 327 266 26 66 1
6 776 362 327 266 26 66 1
6 776 363 327 266 26 66 1
6 776 364 327 266 26 66 1
6 776 365 327 266 26 66 1
6 776 366 327 266 26 66 1
6 776 367 327 266 26 66 1
6 776 368 327 266 26 66 1
6 776 369 327 266 26 66 1
6 776 370 328 266 27 66 1
6 776 371 328 266 27 66 1
6 776 372 328 266 27 66 1
6 776 373 328 266 27 66 1
6 776 374 328 266 27 66 1
6 776 375 328 266 27 66 1
6 776 376 328 266 27 66 1
6 776 377 328 266 27 66 1
6 776 378 328 266 27 66 1
6 776 379 328 266 27 66 1
6 776 380 328 266 27 66 1
6 776 381 328 266 27 66 1
6 776 382 328 266 27 66 1
6 776 383 330 266 27 66 1
6 776 384 330 266 27 66 1
6 776 385 330 266 27 66 1
6 776 386 330 266 27 66 1
6 776 387 330 266 27 66 1
6 776 388 330 266 27 66 1
6 776 389 330 266 27 66 1
6 776 390 330 266 27 66 1
6 776 391 330 266 27 66 1
6 776 392 330 266 27 66 1
6 776 393 330 266 27 66 1
6 776 394 330 266 27 66 1
6 776 395 332 266 27 66 1
6 776 396 332 266 27 66 1
6 776 397 332 266 27 66 1
6 776 398 332 266 27 66 1
6 776 399 332 266 27 66 1
6 776 400 332 266 27 66 1
6 776 401 334 266 26 66 1
6 776 402 334 266 26 66 1
6 776 403 334 266 26 66 1
6 776 404 334 266 26 66 1
6 776 405 334 266 26 66 1
6 776 406 336 268 26 66 1
6 776 407 336 268 26 66 1
6 776 408 336 268 26 66 1
6 776 409 336 268 26 66 1
6 776 410 336 268 26 66 1
6 776 411 337 268 27 66 1
6 776 412 337 268 27 66 1
6 776 413 337 268 27 66 1
6 776 414 337 268 27 66 1
6 776 415 337 268 27 66 1
6 776 416 339 270 27 66 1
6 776 417 339 270 27 66 1
6 776 418 339 270 27 66 1
6 776 419 339 270 27 66 1
6 776 420 339 270 27 66 1
6 776 421 341 270 27 66 1
6 776 422 341 270 27 66 1
6 776 423 341 270 27 66 1
6 776 424 341 270 27 66 1
6 776 425 341 270 27 66 1
6 776 426 343 272 26 65 1
6 776 427 343 272 26 65 1
6 776 428 343 272 26 65 1
6 776 429 343 272 26 65 1
6 776 430 343 272 26 65 1
6 776 431 344 272 27 65 1
6 776 432 344 272 27 65 1
6 776 433 344 272 27 65 1
6 776 434 344 272 27 65 1
6 776 435 344 272 27 65 1
6 776 436 346 273 27 66 1
6 776 437 346 273 27 66 1
6 776 438 346 273 27 66 1
6 776 439 346 273 27 66 1
6 776 440 346 273 27 66 1
6 776 441 348 273 27 66 1
6 776 442 348 273 27 66 1
6 776 443 348 273 27 66 1
6 776 444 348 273 27 66 1
6 776 445 348 273 27 66 1
6 776 446 350 275 26 66 1
6 776 447 350 275 26 66 1
6 776 448 350 275 26 66 1
6 776 449 350 275 26 66 1
6 776 450 350 275 26 66 1
6 776 451 350 275 26 66 1
6 776 452 352 275 26 66 1
6 776 453 352 275 26 68 1
6 776 454 352 275 26 68 1
6 776 455 352 275 26 68 1
6 776 456 352 275 26 68 1
6 776 457 352 275 26 68 1
6 776 458 353 275 27 68 1
6 776 459 353 275 27 68 1
6 776 460 353 275 27 69 1
6 776 461 353 275 27 69 1
6 776 462 353 275 27 69 1
6 776 463 355 275 27 69 1
6 776 464 355 275 27 69 1
6 776 465 355 275 27 69 1
6 776 466 355 275 27 69 1
6 776 467 355 275 27 71 1
6 776 468 355 275 27 71 1
6 776 469 357 275 27 71 1
6 776 470 357 275 27 71 1
6 776 471 357 275 27 71 1
6 776 472 357 275 27 71 1
6 776 473 357 275 27 71 1
6 776 474 357 275 27 73 1
6 776 475 359 275 26 73 1
6 776 476 359 275 26 73 1
6 776 477 359 275 26 73 1
6 776 478 359 275 26 73 1
6 776 479 359 275 26 73 1
6 776 480 360 275 27 75 1
6 776 481 360 275 27 75 1
6 776 482 360 275 27 75 1
6 776 483 360 275 27 75 1
6 776 484 360 275 27 75 1
6 776 485 362 275 27 75 1
6 776 486 362 275 27 75 1
6 776 487 362 275 27 75 1
6 776 488 362 275 27 75 1
6 776 489 362 275 27 75 1
6 776 490 364 275 27 75 1
6 776 491 364 275 27 75 1
6 776 492 364 275 27 75 1
6 776 493 364 277 27 75 1
6 776 494 364 277 27 75 1
6 776 495 366 277 26 75 1
6 776 496 366 277 26 75 1
6 776 497 366 277 26 75 1
6 776 498 366 277 26 75 1
6 776 499 366 277 26 75 1
6 776 500 368 277 26 75 1
6 776 501 368 277 26 75 1
6 776 502 368 277 26 75 1
6 776 503 368 277 26 75 1
6 776 504 368 277 26 75 1
6 776 505 369 277 27 75 1
6 776 506 369 279 27 74 1
6 776 507 369 279 27 74 1
6 776 508 369 279 27 74 1
6 776 509 369 279 27 74 1
6 776 510 371 279 27 74 1
6 776 511 371 279 27 74 1
6 776 512 371 279 27 74 1
6 776 513 371 279 27 74 1
6 776 514 371 279 27 74 1
6 776 515 373 279 27 74 1
6 776 516 373 279 27 74 1
6 776 517 373 279 27 74 1
6 776 518 373 279 27 74 1
6 776 519 375 280 26 75 1
6 776 520 375 280 26 75 1
6 776 521 375 280 26 75 1
6 776 522 375 280 28 75 1
6 776 523 376 280 27 75 1
6 776 524 376 280 27 75 1
6 776 525 376 280 29 75 1
6 776 526 376 280 29 77 1
6 776 527 378 280 27 77 1
6 776 528 378 280 29 77 1
6 776 529 378 280 29 77 1
6 776 530 380 280 27 77 1
6 776 531 380 280 28 77 1
6 776 532 380 280 28 79 1
6 776 533 380 280 28 79 1
6 776 534 382 280 28 79 1
6 776 535 382 280 28 79 1
6 776 536 382 280 28 79 1
6 776 537 384 280 28 79 1
6 776 538 384 280 28 79 1
6 776 539 384 280 28 80 1
6 776 540 384 280 30 80 1
6 776 541 385 280 29 80 1
6 776 542 385 280 29 80 1
6 776 543 385 280 31 80 1
6 776 544 387 280 29 80 1
6 776 545 387 280 29 82 1
6 776 546 387 280 30 82 1
6 776 547 387 280 30 82 1
6 776 548 389 280 28 82 1
6 776 549 389 280 30 82 1
6 776 550 389 280 30 82 1
6 776 551 391 282 30 82 1
6 776 552 391 282 30 80 1
6 776 553 391 282 30 80 1
6 776 554 391 282 30 80 1
6 776 555 392 282 31 80 1
6 776 556 392 282 31 80 1
6 776 557 392 284 31 78 1
6 776 558 392 284 31 78 1
6 776 559 394 284 30 78 1
6 776 560 394 284 30 78 1
6 776 561 394 284 30 78 1
6 776 562 396 284 30 78 1
6 776 563 396 286 30 76 1
6 776 564 396 286 30 76 1
6 776 565 396 286 30 76 1
6 776 566 398 286 30 76 1
6 776 567 398 286 30 76 1
6 776 568 398 286 30 76 1
6 776 569 398 288 30 74 1
6 776 570 400 288 30 74 1
6 776 571 400 288 30 74 1
6 776 572 400 288 30 74 1
6 776 573 401 288 31 74 1
6 776 574 401 288 31 74 1
6 776 575 401 289 31 73 1
6 776 576 401 289 31 73 1
6 776 577 403 289 30 73 1
6 776 578 403 289 30 73 1
6 776 579 403 289 30 73 1
6 776 580 405 291 30 71 1
6 776 581 405 291 30 71 1
6 776 582 405 291 30 71 1
6 776 583 405 291 30 71 1
6 776 584 405 291 32 71 1
6 776 585 407 291 30 71 1
6 776 586 407 291 30 71 1
6 776 587 407 291 32 71 1
6 776 588 407 291 32 71 1
6 776 589 407 291 32 71 1
6 776 590 408 291 32 71 1
6 776 591 408 291 32 71 1
6 776 592 408 291 32 71 1
6 776 593 408 291 32 71 1
6 776 594 408 291 34 71 1
6 776 595 410 291 32 71 1
6 776 596 410 291 32 71 1
6 776 597 410 291 34 71 1
6 776 598 410 291 34 71 1
6 776 599 410 291 34 71 1
6 776 600 412 291 34 71 1
6 776 601 412 291 34 71 1
6 776 602 412 291 36 73 1
6 776 603 412 291 37 73 1
6 776 604 414 291 35 75 1
6 776 605 414 291 37 75 1
6 776 606 414 291 39 77 1
6 776 607 414 293 39 75 1
6 776 608 416 293 39 76 1
6 776 609 416 293 40 76 1
6 776 610 416 293 42 78 1
6 776 611 416 293 42 80 1
6 776 612 417 293 43 80 1
6 776 613 417 293 45 82 1
6 776 614 417 295 45 80 1
6 776 615 417 295 47 81 1
6 776 616 419 295 46 81 1
6 776 617 419 295 46 83 1
6 776 618 419 295 48 83 1
6 776 619 419 295 50 85 1
6 776 620 421 296 50 86 1
6 776 621 421 296 50 86 1
6 776 622 423 296 49 86 1
6 776 623 423 296 49 86 1
6 776 624 424 296 50 86 1
6 776 625 424 298 50 86 1
6 776 626 426 298 50 86 1
6 776 627 426 298 50 86 1
6 776 628 428 298 50 86 1
6 776 629 428 298 50 86 1
6 776 630 430 300 50 85 1
6 776 631 430 300 50 85 1
6 776 632 432 300 49 85 1
6 776 633 432 300 49 85 1
6 776 634 433 300 50 85 1
6 776 635 433 302 50 85 1
6 776 636 435 302 50 85 1
6 776 637 435 302 50 85 1
6 776 638 437 302 50 85 1
6 776 639 437 302 50 85 1
6 776 640 439 304 49 85 1
6 776 641 439 304 49 85 1
6 776 642 439 304 49 85 1
6 776 643 440 304 50 85 1
6 776 644 440 304 50 85 1
6 776 645 440 305 50 86 1
6 776 646 442 305 50 86 1
6 776 647 442 305 50 86 1
6 776 648 442 305 50 86 1
6 776 649 444 305 50 86 1
6 776 650 444 307 50 85 1
6 776 651 444 307 50 85 1
6 776 652 446 307 50 85 1
6 776 653 446 307 50 85 1
6 776 654 446 307 50 85 1
6 776 655 448 309 49 85 1
6 776 656 448 309 49 85 1
6 776 657 448 309 49 85 1
6 776 658 449 309 50 85 1
6 776 659 449 309 50 85 1
6 776 660 451 311 50 85 1
6 776 661 451 311 50 85 1
6 776 662 451 311 50 85 1
6 776 663 451 311 50 85 1
6 776 664 451 311 50 85 1
6 776 665 453 311 50 85 1
6 776 666 453 311 50 85 1
6 776 667 453 311 50 85 1
6 776 668 453 311 50 85 1
6 776 669 453 311 50 85 1
6 776 670 455 311 49 85 1
6 776 671 455 311 49 85 1
6 776 672 455 311 49 85 1
6 776 673 455 311 49 85 1
6 776 674 455 311 49 85 1
6 776 675 456 311 50 85 1
6 776 676 456 311 50 85 1
6 776 677 456 311 50 85 1
6 776 678 456 311 50 85 1
6 776 679 456 311 50 85 1
6 776 680 458 311 50 85 1
6 776 681 458 311 50 85 1
6 776 682 458 311 50 85 1
6 776 683 460 311 50 85 1
6 776 684 460 311 50 85 1
6 776 685 460 311 50 85 1
6 776 686 462 311 50 85 1
6 776 687 462 311 50 85 1
6 776 688 462 311 50 85 1
6 776 689 464 311 49 85 1
6 776 690 464 311 49 85 1
6 776 691 465 311 50 85 1
6 776 692 465 311 50 85 1
6 776 693 465 311 50 85 1
6 776 694 467 311 50 85 1
6 776 695 467 311 50 85 1
6 776 696 467 311 50 85 1
6 776 697 469 311 50 85 1
6 776 698 469 311 50 85 1
6 776 699 469 311 50 85 1
6 776 700 471 311 49 85 1
6 776 701 471 311 49 85 1
6 776 702 472 311 50 85 1
6 776 703 472 311 50 85 1
6 776 704 472 311 50 85 1
6 776 705 474 311 50 85 1
6 776 706 474 311 50 85 1
6 776 707 474 311 50 85 1
6 776 708 476 311 50 85 1
6 776 709 476 311 50 85 1
6 776 710 478 312 50 86 1
6 776 711 478 312 50 86 1
6 776 712 480 312 49 86 1
6 776 713 480 312 49 86 1
6 776 714 481 312 50 86 1
6 776 715 481 312 50 86 1
6 776 716 483 312 50 86 1
6 776 717 483 312 50 86 1
6 776 718 485 312 50 86 1
6 776 719 485 312 50 86 1
6 776 720 487 314 49 86 1
6 776 721 488 314 50 86 1
6 776 722 488 314 50 86 1
6 776 723 490 314 50 86 1
6 776 724 490 314 50 86 1
6 776 725 492 314 50 86 1
6 776 726 492 314 50 86 1
6 776 727 494 314 50 86 1
6 776 728 494 314 50 86 1
6 776 729 496 314 49 86 1
6 776 730 497 316 50 85 1
6 776 731 497 316 50 85 1
6 776 732 499 316 50 85 1
6 776 733 501 316 50 85 1
6 776 734 503 318 49 85 1
6 776 735 503 318 49 85 1
6 776 736 504 318 50 85 1
6 776 737 506 320 50 85 1
6 776 738 508 320 50 85 1
6 776 739 508 320 50 85 1
6 776 740 510 321 50 86 1
6 776 741 512 321 49 86 1
6 776 742 513 321 50 86 1
6 776 743 513 321 50 86 1
6 776 744 515 323 50 85 1
6 776 745 517 323 50 85 1
6 776 746 519 323 49 85 1
6 776 747 519 325 49 85 1
6 776 748 520 325 50 85 1
6 776 749 522 325 50 85 1
6 776 750 524 327 50 85 1
6 776 751 524 327 50 85 1
6 776 752 526 327 50 85 1
6 776 753 526 327 50 87 1
6 776 754 528 327 49 87 1
6 776 755 529 328 50 88 1
6 776 756 529 328 50 88 1
6 776 757 531 328 50 89 1
6 776 758 531 328 50 89 1
6 776 759 533 328 50 91 1
6 776 760 535 330 49 89 1
6 776 761 535 330 49 89 1
6 776 762 536 330 50 91 1
6 776 763 536 330 50 91 1
6 776 764 538 330 50 93 1
6 776 765 540 332 50 91 1
6 776 766 540 332 50 92 1
6 776 767 542 332 50 92 1
6 776 768 542 332 50 94 1
6 776 769 544 332 49 94 1
6 776 770 545 334 50 94 1
6 776 771 545 334 50 94 1
6 776 772 545 334 50 96 1
6 776 773 545 334 50 96 1
6 776 774 545 334 50 98 1
6 776 775 545 334 50 99 1
7 476 300 240 227 17 27 1
7 476 301 238 227 18 27 1
7 476 302 238 227 18 27 1
7 476 303 238 227 18 27 1
7 476 304 236 227 18 27 1
7 476 305 236 227 18 27 1
7 476 306 236 227 18 27 1
7 476 307 236 227 18 27 1
7 476 308 234 227 18 27 1
7 476 309 234 227 18 27 1
7 476 310 234 227 18 27 1
7 476 311 234 227 18 27 1
7 476 312 232 227 18 27 1
7 476 313 232 227 18 27 1
7 476 314 232 227 18 27 1
7 476 315 232 227 18 27 1
7 476 316 231 227 17 27 1
7 476 317 231 227 17 27 1
7 476 318 231 227 17 27 1
7 476 319 231 227 17 27 1
7 476 320 229 227 18 27 1
7 476 321 229 229 18 27 1
7 476 322 229 229 18 27 1
7 476 323 227 229 18 27 1
7 476 324 227 229 18 27 1
7 476 325 227 229 18 27 1
7 476 326 227 229 18 27 1
7 476 327 225 229 18 27 1
7 476 328 225 229 18 27 1
7 476 329 225 229 18 27 1
7 476 330 225 229 18 27 1
7 476 331 224 229 17 27 1
7 476 332 224 229 17 27 1
7 476 333 224 229 17 27 1
7 476 334 224 229 17 27 1
7 476 335 222 229 18 27 1
7 476 336 222 229 18 27 1
7 476 337 222 229 18 27 1
7 476 338 222 229 18 27 1
7 476 339 220 229 18 27 1
7 476 340 220 229 18 27 1
7 476 341 220 231 18 26 1
7 476 342 218 231 18 26 1
7 476 343 218 231 18 26 1
7 476 344 218 231 18 26 1
7 476 345 218 231 18 26 1
7 476 346 216 231 18 26 1
7 476 347 216 231 18 26 1
7 476 348 216 231 18 26 1
7 476 349 216 231 18 26 1
7 476 350 215 231 17 26 1
7 476 351 215 231 17 26 1
7 476 352 215 231 17 26 1
7 476 353 215 231 17 26 1
7 476 354 213 231 18 26 1
7 476 355 213 231 18 26 1
7 476 356 213 231 18 26 1
7 476 357 213 231 18 26 1
7 476 358 211 231 18 26 1
7 476 359 211 231 18 26 1
7 476 360 211 231 18 26 1
7 476 361 211 232 18 27 1
7 476 362 209 232 18 27 1
7 476 363 209 232 18 27 1
7 476 364 209 232 18 27 1
7 476 365 208 232 17 27 1
7 476 366 208 232 17 27 1
7 476 367 208 232 17 27 1
7 476 368 208 232 17 27 1
7 476 369 206 232 18 27 1
7 476 370 206 232 18 27 1
7 476 371 206 232 18 27 1
7 476 372 206 232 18 27 1
7 476 373 204 232 18 27 1
7 476 374 204 232 18 27 1
7 476 375 204 232 18 27 1
7 476 376 204 232 18 27 1
7 476 377 202 232 18 27 1
7 476 378 202 232 18 27 1
7 476 379 202 232 18 27 1
7 476 380 202 232 18 27 1
7 476 381 200 232 18 27 1
7 476 382 200 232 18 27 1
7 476 383 200 232 18 27 1
7 476 384 200 232 18 27 1
7 476 385 200 232 18 27 1
7 476 386 199 232 17 27 1
7 476 387 199 232 17 27 1
7 476 388 199 232 17 27 1
7 476 389 199 232 17 27 1
7 476 390 199 232 17 27 1
7 476 391 197 232 18 27 1
7 476 392 197 232 18 27 1
7 476 393 197 232 18 27 1
7 476 394 197 232 18 27 1
7 476 395 197 232 18 27 1
7 476 396 195 232 18 27 1
7 476 397 195 232 18 27 1
7 476 398 195 232 18 27 1
7 476 399 195 232 18 27 1
7 476 400 195 232 18 27 1
7 476 401 193 232 18 27 1
7 476 402 193 232 18 27 1
7 476 403 193 232 18 27 1
7 476 404 193 232 18 27 1
7 476 405 193 232 18 27 1
7 476 406 193 232 18 27 1
7 476 407 192 232 17 27 1
7 476 408 192 232 17 27 1
7 476 409 192 232 17 27 1
7 476 410 192 232 17 27 1
7 476 411 192 232 17 27 1
7 476 412 190 232 18 27 1
7 476 413 190 232 18 27 1
7 476 414 190 232 18 27 1
7 476 415 190 232 18 27 1
7 476 416 190 232 18 27 1
7 476 417 188 232 18 27 1
7 476 418 188 232 18 27 1
7 476 419 188 232 18 27 1
7 476 420 188 232 18 27 1
7 476 421 188 232 18 27 1
7 476 422 186 232 18 27 1
7 476 423 186 232 18 27 1
7 476 424 186 232 18 27 1
7 476 425 186 232 18 27 1
7 476 426 186 232 18 27 1
7 476 427 186 232 18 27 1
7 476 428 184 232 18 27 1
7 476 429 184 232 18 27 1
7 476 430 184 232 18 27 1
7 476 431 184 232 18 27 1
7 476 432 184 232 18 27 1
7 476 433 184 232 18 27 1
7 476 434 184 232 18 27 1
7 476 435 184 232 18 27 1
7 476 436 184 232 18 27 1
7 476 437 184 232 18 27 1
7 476 438 184 232 18 27 1
7 476 439 184 232 18 27 1
7 476 440 184 232 18 27 1
7 476 441 184 232 18 27 1
7 476 442 184 232 18 27 1
7 476 443 184 232 18 27 1
7 476 444 184 232 18 27 1
7 476 445 184 232 18 27 1
7 476 446 184 232 18 27 1
7 476 447 184 232 18 27 1
7 476 448 183 232 17 27 1
7 476 449 183 232 17 27 1
7 476 450 183 232 17 27 1
7 476 451 183 232 17 27 1
7 476 452 183 232 17 27 1
7 476 453 183 232 17 27 1
7 476 454 183 232 17 27 1
7 476 455 183 232 17 27 1
7 476 456 183 232 17 27 1
7 476 457 183 232 17 27 1
7 476 458 183 232 17 27 1
7 476 459 183 232 17 27 1
7 476 460 183 232 17 27 1
7 476 461 183 232 17 27 1
7 476 462 183 232 17 27 1
7 476 463 183 232 17 27 1
7 476 464 183 232 17 27 1
7 476 465 183 232 17 27 1
7 476 466 183 232 17 27 1
7 476 467 183 232 17 27 1
7 476 468 183 234 17 27 1
7 476 469 181 232 18 27 1
7 476 470 181 232 18 27 1
7 476 471 181 232 18 27 1
7 476 472 181 232 18 27 1
7 476 473 181 232 18 27 1
7 476 474 181 232 18 27 1
7 476 475 181 232 18 27 1
7 476 476 181 232 18 27 1
7 476 477 181 232 18 27 1
7 476 478 181 232 18 27 1
7 476 479 181 232 18 27 1
7 476 480 179 232 18 27 1
7 476 481 179 232 18 27 1
7 476 482 179 232 18 27 1
7 476 483 179 232 18 27 1
7 476 484 179 232 18 27 1
7 476 485 179 232 18 27 1
7 476 486 179 232 18 27 1
7 476 487 179 232 18 27 1
7 476 488 179 232 18 27 1
7 476 489 179 232 18 27 1
7 476 490 179 232 18 27 1
7 476 491 179 232 18 27 1
7 476 492 177 232 18 27 1
7 476 493 177 232 18 27 1
7 476 494 177 232 18 27 1
7 476 495 177 232 18 27 1
7 476 496 177 232 18 27 1
7 476 497 177 232 18 27 1
7 476 498 177 232 18 27 1
7 476 499 177 232 18 27 1
7 476 500 177 232 18 27 1
7 476 501 177 232 18 27 1
7 476 502 177 232 18 27 1
7 476 503 177 232 18 27 1
7 476 504 176 232 17 27 1
7 476 505 176 232 17 27 1
7 476 506 176 232 17 27 1
7 476 507 176 232 17 27 1
7 476 508 176 232 17 27 1
7 476 509 176 232 17 27 1
7 476 510 176 232 17 27 1
7 476 511 176 232 17 27 1
7 476 512 176 232 17 27 1
7 476 513 176 232 17 27 1
7 476 514 176 232 17 27 1
7 476 515 176 232 17 27 1
7 476 516 176 232 17 27 1
7 476 517 176 232 17 27 1
7 476 518 176 232 17 27 1
7 476 519 176 232 17 27 1
7 476 520 176 232 17 27 1
7 476 521 176 232 17 27 1
7 476 522 176 232 17 27 1
7 476 523 176 232 17 27 1
7 476 524 176 232 17 27 1
7 476 525 176 232 17 27 1
7 476 526 176 232 17 27 1
7 476 527 176 232 17 27 1
7 476 528 176 232 17 27 1
7 476 529 176 232 17 27 1
7 476 530 176 232 17 27 1
7 476 531 176 232 17 27 1
7 476 532 176 232 17 27 1
7 476 533 176 232 17 27 1
7 476 534 176 232 17 27 1
7 476 535 176 232 17 27 1
7 476 536 176 232 17 27 1
7 476 537 176 232 17 27 1
7 476 538 176 232 17 27 1
7 476 539 176 232 17 27 1
7 476 540 176 232 17 27 1
7 476 541 176 232 17 27 1
7 476 542 176 232 17 27 1
7 476 543 176 232 17 27 1
7 476 544 176 232 17 27 1
7 476 545 176 232 17 27 1
7 476 546 176 232 17 27 1
7 476 547 176 232 17 27 1
7 476 548 176 232 17 27 1
7 476 549 176 232 17 27 1
7 476 550 176 232 17 27 1
7 476 551 176 232 17 27 1
7 476 552 176 232 17 27 1
7 476 553 176 232 17 27 1
7 476 554 176 232 17 27 1
7 476 555 176 232 17 27 1
7 476 556 176 232 17 27 1
7 476 557 176 232 17 27 1
7 476 558 176 232 17 27 1
7 476 559 176 232 17 27 1
7 476 560 176 232 17 27 1
7 476 561 176 232 17 27 1
7 476 562 176 232 17 27 1
7 476 563 176 232 17 27 1
7 476 564 176 232 17 27 1
7 476 565 176 232 17 27 1
7 476 566 176 232 17 27 1
7 476 567 176 232 17 27 1
7 476 568 176 232 17 27 1
7 476 569 176 232 17 27 1
7 476 570 176 232 17 27 1
7 476 571 176 232 17 27 1
7 476 572 176 232 17 27 1
7 476 573 176 232 17 27 1
7 476 574 176 232 17 27 1
7 476 575 176 232 17 27 1
7 476 576 176 232 17 27 1
7 476 577 176 232 17 27 1
7 476 578 176 232 17 27 1
7 476 579 176 232 17 27 1
7 476 580 176 232 17 27 1
7 476 581 176 232 17 27 1
7 476 582 176 232 17 27 1
7 476 583 176 232 17 27 1
7 476 584 176 232 17 27 1
7 476 585 176 232 17 27 1
7 476 586 176 232 17 27 1
7 476 587 176 232 17 27 1
7 476 588 176 232 17 27 1
7 476 589 176 232 17 27 1
7 476 590 176 232 17 27 1
7 476 591 176 232 17 27 1
7 476 592 176 232 17 27 1
7 476 593 176 232 17 27 1
7 476 594 176 232 17 27 1
7 476 595 176 232 17 27 1
7 476 596 176 232 17 27 1
7 476 597 176 232 17 27 1
7 476 598 176 232 17 27 1
7 476 599 176 232 17 27 1
7 476 600 176 232 17 27 1
7 476 601 176 231 17 28 1
7 476 602 176 231 17 28 1
7 476 603 176 231 17 28 1
7 476 604 176 231 17 28 1
7 476 605 176 231 17 28 1
7 476 606 176 231 17 28 1
7 476 607 176 231 17 28 1
7 476 608 176 231 17 28 1
7 476 609 176 231 17 28 1
7 476 610 176 231 17 28 1
7 476 611 176 231 17 28 1
7 476 612 176 231 17 28 1
7 476 613 176 231 17 28 1
7 476 614 176 231 17 28 1
7 476 615 176 231 17 28 1
7 476 616 176 231 17 28 1
7 476 617 176 231 17 28 1
7 476 618 176 231 17 28 1
7 476 619 176 231 17 28 1
7 476 620 176 231 17 28 1
7 476 621 176 231 17 28 1
7 476 622 176 231 19 28 1
7 476 623 176 231 19 28 1
7 476 624 176 231 19 28 1
7 476 625 176 231 19 28 1
7 476 626 176 231 19 28 1
7 476 627 176 231 19 28 1
7 476 628 176 231 19 28 1
7 476 629 176 231 19 28 1
7 476 630 176 231 19 28 1
7 476 631 176 231 19 28 1
7 476 632 176 231 19 28 1
7 476 633 176 231 19 28 1
7 476 634 176 231 19 28 1
7 476 635 176 231 19 28 1
7 476 636 176 231 19 28 1
7 476 637 176 231 19 28 1
7 476 638 176 231 19 28 1
7 476 639 176 231 19 28 1
7 476 640 176 231 19 28 1
7 476 641 176 231 19 28 1
7 476 642 176 231 19 28 1
7 476 643 176 231 19 28 1
7 476 644 176 231 21 28 1
7 476 645 176 231 21 28 1
7 476 646 176 231 21 28 1
7 476 647 176 231 21 28 1
7 476 648 176 231 21 28 1
7 476 649 176 231 21 28 1
7 476 650 176 231 21 28 1
7 476 651 176 231 21 28 1
7 476 652 176 231 21 28 1
7 476 653 176 231 21 28 1
7 476 654 176 231 21 28 1
7 476 655 176 231 21 28 1
7 476 656 176 231 21 28 1
7 476 657 176 231 21 28 1
7 476 658 176 231 21 28 1
7 476 659 176 231 21 28 1
7 476 660 176 231 21 28 1
7 476 661 176 231 21 28 1
7 476 662 176 231 21 28 1
7 476 663 176 231 21 28 1
7 476 664 176 231 21 28 1
7 476 665 176 231 23 28 1
7 476 666 176 231 23 28 1
7 476 667 176 231 23 28 1
7 476 668 176 231 23 28 1
7 476 669 176 231 23 28 1
7 476 670 176 231 23 28 1
7 476 671 176 231 23 28 1
7 476 672 176 231 23 28 1
7 476 673 176 231 23 28 1
7 476 674 176 231 23 28 1
7 476 675 176 231 23 28 1
7 476 676 176 231 23 28 1
7 476 677 176 231 23 28 1
7 476 678 176 231 23 28 1
7 476 679 176 231 23 28 1
7 476 680 176 231 23 28 1
7 476 681 176 231 23 28 1
7 476 682 176 231 23 28 1
7 476 683 176 231 23 28 1
7 476 684 176 231 23 28 1
7 476 685 176 231 23 28 1
7 476 686 176 231 23 28 1
7 476 687 176 231 24 28 1
7 476 688 176 231 24 28 1
7 476 689 176 231 24 28 1
7 476 690 176 231 24 28 1
7 476 691 176 231 24 28 1
7 476 692 176 231 24 28 1
7 476 693 176 231 24 28 1
7 476 694 176 231 24 28 1
7 476 695 176 231 24 28 1
7 476 696 176 231 24 28 1
7 476 697 176 231 24 28 1
7 476 698 176 231 24 28 1
7 476 699 176 231 24 28 1
7 476 700 176 231 24 28 1
7 476 701 176 231 24 28 1
7 476 702 176 231 24 28 1
7 476 703 176 231 24 28 1
7 476 704 176 231 24 28 1
7 476 705 176 231 24 28 1
7 476 706 176 231 24 28 1
7 476 707 176 231 24 28 1
7 476 708 176 231 24 28 1
7 476 709 176 231 26 28 1
7 476 710 176 231 26 28 1
7 476 711 176 231 26 28 1
7 476 712 176 231 26 28 1
7 476 713 176 231 26 28 1
7 476 714 176 231 26 28 1
7 476 715 176 231 26 28 1
7 476 716 176 231 26 28 1
7 476 717 176 231 26 28 1
7 476 718 176 231 26 28 1
7 476 719 176 231 26 28 1
7 476 720 176 231 26 28 1
7 476 721 176 231 26 28 1
7 476 722 176 231 26 28 1
7 476 723 176 231 26 28 1
7 476 724 176 231 26 28 1
7 476 725 176 231 26 28 1
7 476 726 176 231 26 28 1
7 476 727 176 231 26 28 1
7 476 728 176 231 26 28 1
7 476 729 176 231 26 28 1
7 476 730 177 231 27 30 1
7 476 731 177 229 27 30 1
7 476 732 177 229 27 30 1
7 476 733 177 229 27 30 1
7 476 734 177 229 27 30 1
7 476 735 179 229 27 30 1
7 476 736 179 229 27 30 1
7 476 737 179 229 27 30 1
7 476 738 179 229 27 30 1
7 476 739 179 229 27 30 1
7 476 740 181 229 27 30 1
7 476 741 181 227 27 30 1
7 476 742 181 227 27 30 1
7 476 743 181 227 27 30 1
7 476 744 181 227 27 30 1
7 476 745 183 227 26 30 1
7 476 746 183 227 26 30 1
7 476 747 183 227 26 30 1
7 476 748 183 227 26 30 1
7 476 749 183 227 26 30 1
7 476 750 184 227 27 30 1
7 476 751 184 227 27 30 1
7 476 752 184 227 27 30 1
7 476 753 184 227 27 30 1
7 476 754 184 227 27 30 1
7 476 755 184 227 27 30 1
7 476 756 184 227 27 30 1
7 476 757 184 227 27 30 1
7 476 758 184 227 27 30 1
7 476 759 184 227 27 30 1
7 476 760 184 227 27 30 1
7 476 761 184 227 27 30 1
7 476 762 184 227 27 30 1
7 476 763 184 227 27 30 1
7 476 764 184 227 27 30 1
7 476 765 184 227 27 30 1
7 476 766 184 227 27 30 1
7 476 767 184 227 27 30 1
7 476 768 184 227 27 30 1
7 476 769 184 227 27 30 1
7 476 770 184 227 27 30 1
7 476 771 184 227 27 30 1
7 476 772 184 227 27 30 1
7 476 773 184 227 27 30 1
7 476 774 184 227 27 30 1
7 476 775 184 227 27 30 1
8 176 600 152 236 24 23 1
8 176 601 152 234 24 23 1
8 176 602 152 234 24 23 1
8 176 603 152 234 24 23 1
8 176 604 152 234 24 23 1
8 176 605 152 234 24 23 1
8 176 606 152 234 24 23 1
8 176 607 152 234 24 23 1
8 176 608 152 234 24 23 1
8 176 609 152 234 24 23 1
8 176 610 152 234 24 23 1
8 176 611 152 234 24 23 1
8 176 612 152 234 24 23 1
8 176 613 152 234 24 23 1
8 176 614 152 234 24 23 1
8 176 615 152 234 24 23 1
8 176 616 152 234 24 23 1
8 176 617 152 234 24 23 1
8 176 618 152 234 24 23 1
8 176 619 152 234 24 23 1
8 176 620 152 234 24 23 1
8 176 621 152 234 24 23 1
8 176 622 152 234 24 23 1
8 176 623 152 234 24 23 1
8 176 624 154 234 23 23 1
8 176 625 154 234 23 23 1
8 176 626 154 234 23 23 1
8 176 627 154 234 23 23 1
8 176 628 154 234 23 23 1
8 176 629 154 234 23 23 1
8 176 630 154 234 23 23 1
8 176 631 154 234 23 23 1
8 176 632 154 234 23 23 1
8 176 633 154 234 23 23 1
8 176 634 154 234 23 23 1
8 176 635 154 234 23 23 1
8 176 636 154 234 23 23 1
8 176 637 154 234 23 23 1
8 176 638 154 234 23 23 1
8 176 639 154 234 23 23 1
8 176 640 154 234 23 23 1
8 176 641 154 234 23 23 1
8 176 642 154 234 23 23 1
8 176 643 154 234 23 23 1
8 176 644 154 234 23 23 1
8 176 645 154 234 23 23 1
8 176 646 154 234 23 23 1
8 176 647 156 234 23 23 1
8 176 648 156 234 23 23 1
8 176 649 156 234 23 23 1
8 176 650 156 234 23 23 1
8 176 651 156 234 23 23 1
8 176 652 156 234 23 23 1
8 176 653 156 234 23 23 1
8 176 654 156 234 23 23 1
8 176 655 156 234 23 23 1
8 176 656 156 234 23 23 1
8 176 657 156 234 23 23 1
8 176 658 156 234 23 23 1
8 176 659 156 234 23 23 1
8 176 660 156 234 23 23 1
8 176 661 156 234 23 23 1
8 176 662 156 234 23 23 1
8 176 663 156 234 23 23 1
8 176 664 156 234 23 23 1
8 176 665 156 234 23 23 1
8 176 666 156 234 23 23 1
8 176 667 156 234 23 23 1
8 176 668 156 234 23 23 1
8 176 669 156 234 23 23 1
8 176 670 158 234 23 23 1
8 176 671 158 234 23 23 1
8 176 672 158 234 23 23 1
8 176 673 158 234 23 23 1
8 176 674 158 234 23 23 1
8 176 675 158 234 23 23 1
8 176 676 158 234 23 23 1
8 176 677 158 234 23 23 1
8 176 678 158 234 23 23 1
8 176 679 158 234 23 23 1
8 176 680 158 234 23 23 1
8 176 681 158 234 23 23 1
8 176 682 158 234 23 23 1
8 176 683 158 234 23 23 1
8 176 684 158 234 23 23 1
8 176 685 158 234 23 23 1
8 176 686 158 234 23 23 1
8 176 687 158 234 23 23 1
8 176 688 158 234 23 23 1
8 176 689 158 234 23 23 1
8 176 690 160 234 23 23 1
8 176 691 160 234 23 23 1
8 176 692 160 234 23 23 1
8 176 693 160 234 23 23 1
8 176 694 160 234 23 23 1
8 176 695 160 234 23 23 1
8 176 696 160 234 23 23 1
8 176 697 160 234 23 23 1
8 176 698 160 234 23 23 1
8 176 699 160 234 23 23 1
8 176 700 160 234 23 23 1
8 176 701 160 234 23 23 1
8 176 702 160 234 23 23 1
8 176 703 160 234 23 23 1
8 176 704 160 234 23 23 1
8 176 705 160 234 23 23 1
8 176 706 160 234 23 23 1
8 176 707 160 234 23 23 1
8 176 708 160 234 23 23 1
8 176 709 160 234 23 23 1
8 176 710 161 236 23 23 1
8 176 711 161 236 23 23 1
8 176 712 161 236 23 23 1
8 176 713 161 236 23 23 1
8 176 714 161 236 23 23 1
8 176 715 161 236 23 23 1
8 176 716 161 236 23 23 1
8 176 717 161 236 23 23 1
8 176 718 161 236 23 23 1
8 176 719 161 236 23 23 1
8 176 720 161 236 23 23 1
8 176 721 161 236 23 23 1
8 176 722 161 236 23 23 1
8 176 723 161 236 23 23 1
8 176 724 161 236 23 23 1
8 176 725 161 236 23 23 1
8 176 726 161 236 23 23 1
8 176 727 161 236 23 23 1
8 176 728 161 236 23 23 1
8 176 729 161 236 23 23 1
8 176 730 161 236 23 23 1
8 176 731 161 236 23 23 1
8 176 732 161 236 23 23 1
8 176 733 161 236 23 23 1
8 176 734 161 236 23 23 1
8 176 735 161 236 23 23 1
8 176 736 161 236 23 23 1
8 176 737 161 236 23 23 1
8 176 738 161 236 23 23 1
8 176 739 161 236 23 23 1
8 176 740 161 236 23 23 1
8 176 741 161 236 23 23 1
8 176 742 161 236 23 23 1
8 176 743 161 236 23 23 1
8 176 744 161 236 23 23 1
8 176 745 161 236 23 23 1
8 176 746 161 236 23 23 1
8 176 747 161 236 23 23 1
8 176 748 161 236 23 23 1
8 176 749 161 236 23 23 1
8 176 750 163 236 23 23 1
8 176 751 163 234 23 23 1
8 176 752 163 234 23 23 1
8 176 753 163 234 23 23 1
8 176 754 163 234 23 23 1
8 176 755 163 234 23 23 1
8 176 756 163 234 23 23 1
8 176 757 163 234 23 23 1
8 176 758 163 234 23 23 1
8 176 759 163 234 23 23 1
8 176 760 163 234 23 23 1
8 176 761 163 234 23 23 1
8 176 762 163 234 23 23 1
8 176 763 163 232 23 24 1
8 176 764 163 232 23 24 1
8 176 765 163 232 23 24 1
8 176 766 163 232 23 24 1
8 176 767 163 232 23 24 1
8 176 768 163 232 23 24 1
8 176 769 163 232 23 24 1
8 176 770 163 232 23 24 1
8 176 771 163 232 23 24 1
8 176 772 163 232 23 24 1
8 176 773 163 232 23 24 1
8 176 774 163 232 23 24 1
8 176 775 163 232 23 24 1
