0 322 0 318 378 58 144 1
0 322 1 316 376 59 144 1
0 322 2 314 376 59 143 1
0 322 3 312 376 59 143 1
0 322 4 312 376 57 141 1
0 322 5 311 375 57 140 1
0 322 6 309 375 57 140 1
0 322 7 307 375 57 138 1
0 322 8 307 375 55 138 1
0 322 9 305 373 55 139 1
0 322 10 304 373 55 137 1
0 322 11 302 373 55 137 1
0 322 12 302 373 53 135 1
0 322 13 300 371 53 137 1
0 322 14 298 371 54 135 1
0 322 15 296 371 54 133 1
0 322 16 296 371 52 133 1
0 322 17 295 369 51 134 1
0 322 18 293 369 51 134 1
0 322 19 293 369 50 132 1
0 322 20 291 369 50 130 1
0 322 21 289 369 50 130 1
0 322 22 288 368 49 129 1
0 322 23 288 368 48 129 1
0 322 24 286 368 48 128 1
0 322 25 284 368 48 126 1
0 322 26 282 366 48 128 1
0 322 27 282 366 46 126 1
0 322 28 280 366 47 126 1
0 322 29 279 366 46 124 1
0 322 30 277 364 46 124 1
0 322 31 277 364 44 124 1
0 322 32 275 364 45 123 1
0 322 33 273 364 45 123 1
0 322 34 272 362 44 123 1
0 322 35 272 362 42 121 1
0 322 36 270 362 42 121 1
0 322 37 268 362 43 119 1
0 322 38 268 362 43 119 1
0 322 39 264 360 43 120 1
0 322 40 263 360 42 120 1
0 322 41 261 360 43 120 1
0 322 42 259 360 43 118 1
0 322 43 257 359 43 119 1
0 322 44 256 359 42 119 1
0 322 45 254 359 42 117 1
0 322 46 252 359 43 117 1
0 322 47 250 359 43 117 1
0 322 48 248 357 43 117 1
0 322 49 247 357 42 117 1
0 322 50 245 357 43 117 1
0 322 51 241 357 43 115 1
0 322 52 240 357 42 115 1
0 322 53 238 355 42 117 1
0 322 54 236 355 43 116 1
0 322 55 234 355 43 116 1
0 322 56 232 355 43 116 1
0 322 57 231 355 42 116 1
0 322 58 229 353 43 116 1
0 322 59 227 353 43 116 1
0 322 60 225 353 43 116 1
0 322 61 224 353 42 114 1
0 322 62 222 352 42 115 1
0 322 63 220 352 43 115 1
0 322 64 216 352 43 113 1
0 322 65 215 352 42 113 1
0 322 66 213 352 43 113 1
0 322 67 211 350 43 114 1
0 322 68 209 350 43 114 1
0 322 69 208 350 42 114 1
0 322 70 206 350 42 112 1
0 322 71 204 350 43 112 1
0 322 72 202 348 43 114 1
0 322 73 200 348 43 112 1
0 322 74 199 348 42 112 1
0 322 75 197 348 43 112 1
0 322 76 195 348 43 112 1
0 322 77 192 346 42 112 1
0 322 78 190 346 42 112 1
0 322 79 188 346 43 110 1
0 322 80 186 346 43 110 1
0 322 81 184 346 43 110 1
0 322 82 183 346 42 109 1
0 322 83 181 344 43 111 1
0 322 84 179 344 43 111 1
0 322 85 177 344 43 109 1
0 322 86 176 344 42 109 1
0 322 87 174 344 42 107 1
0 322 88 172 344 43 107 1
0 322 89 170 344 43 107 1
0 322 90 167 343 42 106 1
0 322 91 165 343 43 106 1
0 322 92 163 343 43 106 1
0 322 93 161 343 43 105 1
0 322 94 160 343 42 105 1
0 322 95 158 343 42 103 1
0 322 96 156 343 43 103 1
0 322 97 154 341 43 105 1
0 322 98 152 341 43 103 1
0 322 99 151 341 42 103 1
0 322 100 149 341 43 103 1
0 322 101 147 341 43 101 1
0 322 102 145 341 43 101 1
0 322 103 144 341 42 101 1
0 322 104 140 339 43 101 1
0 322 105 138 339 43 101 1
0 322 106 136 339 43 100 1
0 322 107 135 339 42 100 1
0 322 108 133 339 43 98 1
0 322 109 131 339 43 98 1
0 322 110 129 339 43 96 1
0 322 111 128 339 42 96 1
0 322 112 126 339 42 94 1
0 322 113 124 339 43 94 1
0 322 114 122 339 43 94 1
0 322 115 120 339 43 93 1
0 322 116 119 339 42 93 1
0 322 117 117 339 43 91 1
0 322 118 115 339 43 91 1
0 322 119 113 339 43 89 1
0 322 120 112 339 42 89 1
0 322 121 110 339 42 87 1
0 322 122 108 339 43 87 1
0 322 123 106 339 43 87 1
0 322 124 103 339 42 85 1
0 322 125 101 339 43 85 1
0 322 126 99 339 41 85 1
0 322 127 97 339 41 85 1
0 322 128 96 339 40 85 1
0 322 129 92 339 41 85 1
0 322 130 90 339 41 85 1
0 322 131 88 339 40 84 1
0 322 132 87 339 39 84 1
0 322 133 85 339 39 84 1
0 322 134 83 339 37 84 1
0 322 135 80 339 39 84 1
0 322 136 78 341 37 82 1
0 322 137 76 341 37 82 1
0 322 138 74 341 38 80 1
0 322 139 72 341 36 80 1
0 322 140 71 341 35 80 1
0 322 141 67 341 36 80 1
0 322 142 65 341 36 80 1
0 322 143 64 341 35 80 1
0 322 144 62 341 34 80 1
0 322 145 60 341 34 78 1
0 322 146 56 341 34 78 1
0 322 147 55 341 33 78 1
0 322 148 53 341 34 78 1
0 322 149 51 343 32 76 1
0 322 150 49 343 32 76 1
0 322 151 48 343 32 76 1
0 322 152 44 343 32 76 1
0 322 153 42 343 32 74 1
0 322 154 40 343 31 74 1
0 322 155 39 343 30 74 1
0 322 156 37 343 30 74 1
0 322 157 35 343 29 74 1
0 322 158 32 343 30 74 1
0 322 159 30 343 28 74 1
0 322 160 28 343 28 73 1
0 322 161 26 343 29 73 1
0 322 162 24 344 27 72 1
0 322 163 21 344 28 72 1
0 322 164 19 344 27 72 1
0 322 165 17 344 27 72 1
0 322 166 16 344 26 72 1
0 322 167 14 344 25 70 1
0 322 168 12 344 25 70 1
0 322 169 8 344 25 70 1
0 322 170 7 344 25 70 1
0 322 171 5 344 25 70 1
0 322 172 3 344 23 70 1
0 322 173 1 344 23 70 1
0 322 174 0 346 23 68 1
0 322 175 0 346 23 68 1
0 322 176 0 346 23 68 1
0 322 177 0 346 23 68 1
0 322 178 0 346 23 68 1
0 322 179 0 346 23 68 1
0 322 180 0 346 23 68 1
0 322 181 0 346 23 68 1
0 322 182 0 346 23 68 1
0 322 183 0 346 23 68 1
0 322 184 0 346 23 68 1
0 322 185 0 346 23 68 1
0 322 186 0 346 23 68 1
0 322 187 0 346 23 68 1
0 322 188 0 346 23 68 1
0 322 189 0 346 23 68 1
0 322 321 195 348 43 112 1
1 714 0 266 232 77 47 2
1 714 1 266 232 77 47 2
1 714 2 266 232 77 47 2
1 714 3 266 232 77 47 2
1 714 4 266 232 77 47 2
1 714 5 266 232 77 47 2
1 714 6 266 232 77 47 2
1 714 7 266 232 77 47 2
1 714 8 266 232 77 47 2
1 714 9 266 232 77 47 2
1 714 10 266 232 77 47 2
1 714 11 266 232 77 47 2
1 714 12 266 232 77 47 2
1 714 13 266 232 77 47 2
1 714 14 266 232 77 47 2
1 714 15 266 232 77 47 2
1 714 16 266 232 77 47 2
1 714 17 266 232 77 47 2
1 714 18 266 232 77 47 2
1 714 19 266 232 77 47 2
1 714 20 266 232 77 47 2
1 714 21 266 232 77 47 2
1 714 22 266 232 77 47 2
1 714 23 266 232 77 47 2
1 714 24 266 232 77 47 2
1 714 25 266 232 77 47 2
1 714 26 266 232 77 47 2
1 714 27 266 232 77 47 2
1 714 28 266 232 77 47 2
1 714 29 266 232 77 47 2
1 714 30 266 232 77 47 2
1 714 31 266 232 77 47 2
1 714 32 266 232 77 47 2
1 714 33 266 232 77 47 2
1 714 34 266 232 77 47 2
1 714 35 266 232 77 47 2
1 714 36 266 232 77 47 2
1 714 37 266 232 77 47 2
1 714 38 266 232 77 47 2
1 714 39 266 232 77 47 2
1 714 40 266 232 77 47 2
1 714 41 266 232 77 47 2
1 714 42 266 232 77 47 2
1 714 43 266 232 77 47 2
1 714 44 266 232 77 47 2
1 714 45 266 232 77 47 2
1 714 46 266 232 77 47 2
1 714 47 266 232 77 47 2
1 714 48 266 232 77 47 2
1 714 49 266 232 77 47 2
1 714 50 266 232 77 47 2
1 714 51 266 232 77 47 2
1 714 52 266 232 77 47 2
1 714 53 266 232 77 47 2
1 714 54 266 232 77 47 2
1 714 55 266 232 77 47 2
1 714 56 266 232 77 47 2
1 714 57 266 232 77 47 2
1 714 58 266 232 77 47 2
1 714 59 266 232 77 47 2
1 714 60 266 232 77 47 2
1 714 61 266 232 77 47 2
1 714 62 266 232 77 47 2
1 714 63 266 232 77 47 2
1 714 64 266 232 77 47 2
1 714 65 266 232 77 47 2
1 714 66 266 232 77 47 2
1 714 67 266 232 77 47 2
1 714 68 266 232 77 47 2
1 714 69 266 232 77 47 2
1 714 70 266 232 77 47 2
1 714 71 266 232 77 47 2
1 714 72 266 232 77 47 2
1 714 73 266 232 77 47 2
1 714 74 266 232 77 47 2
1 714 75 266 232 77 47 2
1 714 76 266 232 77 47 2
1 714 77 266 232 77 47 2
1 714 78 266 232 77 47 2
1 714 79 266 232 77 47 2
1 714 80 266 232 77 47 2
1 714 81 266 232 77 47 2
1 714 82 266 232 77 47 2
1 714 83 266 232 77 47 2
1 714 84 266 232 77 47 2
1 714 85 266 232 77 47 2
1 714 86 266 232 77 47 2
1 714 87 266 232 77 47 2
1 714 88 266 232 77 47 2
1 714 89 266 232 77 47 2
1 714 90 266 232 77 47 2
1 714 91 266 232 77 47 2
1 714 92 266 232 77 47 2
1 714 93 266 232 77 47 2
1 714 94 266 232 77 47 2
1 714 95 266 232 77 47 2
1 714 96 266 232 77 47 2
1 714 97 266 232 77 47 2
1 714 98 266 232 77 47 2
1 714 99 266 232 77 47 2
1 714 100 266 232 77 47 2
1 714 101 266 232 77 47 2
1 714 102 266 232 77 47 2
1 714 103 266 232 77 47 2
1 714 104 266 232 77 47 2
1 714 105 266 232 77 47 2
1 714 106 266 232 77 47 2
1 714 107 266 232 77 47 2
1 714 108 266 232 77 47 2
1 714 109 266 232 77 47 2
1 714 110 266 232 77 47 2
1 714 111 266 232 77 47 2
1 714 112 266 232 77 47 2
1 714 113 266 232 77 47 2
1 714 114 266 232 77 47 2
1 714 115 266 232 77 47 2
1 714 116 266 232 77 47 2
1 714 117 266 232 77 47 2
1 714 118 266 232 77 47 2
1 714 119 266 232 77 47 2
1 714 120 266 232 77 47 2
1 714 121 266 232 77 47 2
1 714 122 266 232 77 47 2
1 714 123 266 232 77 47 2
1 714 124 266 232 77 47 2
1 714 125 266 232 77 47 2
1 714 126 266 232 77 47 2
1 714 127 266 232 77 47 2
1 714 128 266 232 77 47 2
1 714 129 266 232 77 47 2
1 714 130 266 232 77 47 2
1 714 131 266 232 77 47 2
1 714 132 266 232 77 47 2
1 714 133 266 232 77 47 2
1 714 134 266 232 77 47 2
1 714 135 266 232 77 47 2
1 714 136 266 232 77 47 2
1 714 137 266 232 77 47 2
1 714 138 266 232 77 47 2
1 714 139 266 232 77 47 2
1 714 140 266 232 77 47 2
1 714 141 266 232 77 47 2
1 714 142 266 232 77 47 2
1 714 143 266 232 77 47 2
1 714 144 266 232 77 47 2
1 714 145 266 232 77 47 2
1 714 146 266 232 77 47 2
1 714 147 266 232 77 47 2
1 714 148 266 232 77 47 2
1 714 149 266 232 77 47 2
1 714 150 266 232 77 47 2
1 714 151 266 232 77 47 2
1 714 152 266 232 77 47 2
1 714 153 266 232 77 47 2
1 714 154 266 232 77 47 2
1 714 155 266 232 77 47 2
1 714 156 266 232 77 47 2
1 714 157 266 232 77 47 2
1 714 158 266 232 77 47 2
1 714 159 266 232 77 47 2
1 714 160 266 232 77 47 2
1 714 161 266 232 77 47 2
1 714 162 266 232 77 47 2
1 714 163 266 232 77 47 2
1 714 164 266 232 77 47 2
1 714 165 266 232 77 47 2
1 714 166 266 232 77 47 2
1 714 167 266 232 77 47 2
1 714 168 266 232 77 47 2
1 714 169 266 232 77 47 2
1 714 170 266 232 77 47 2
1 714 171 266 232 77 47 2
1 714 172 266 232 77 47 2
1 714 173 266 232 77 47 2
1 714 174 266 232 77 47 2
1 714 175 266 232 77 47 2
1 714 176 266 232 77 47 2
1 714 177 266 232 77 47 2
1 714 178 266 232 77 47 2
1 714 179 266 232 77 47 2
1 714 180 266 232 77 47 2
1 714 181 266 232 77 47 2
1 714 182 266 232 77 47 2
1 714 183 266 232 77 47 2
1 714 184 266 232 77 47 2
1 714 185 266 232 77 47 2
1 714 186 266 232 77 47 2
1 714 187 266 232 77 47 2
1 714 188 266 232 77 47 2
1 714 189 266 232 77 47 2
1 714 190 266 232 77 47 2
1 714 191 266 232 77 47 2
1 714 192 266 232 77 47 2
1 714 193 266 232 77 47 2
1 714 194 266 232 77 47 2
1 714 195 266 232 77 47 2
1 714 196 266 232 77 47 2
1 714 197 266 232 77 47 2
1 714 198 266 232 77 47 2
1 714 199 266 232 77 47 2
1 714 200 266 232 77 47 2
1 714 201 266 232 77 47 2
1 714 202 266 232 77 47 2
1 714 203 266 232 77 47 2
1 714 204 266 232 77 47 2
1 714 205 266 232 77 47 2
1 714 206 266 232 77 47 2
1 714 207 266 232 77 47 2
1 714 208 266 232 77 47 2
1 714 209 266 232 77 47 2
1 714 210 266 232 77 47 2
1 714 211 266 232 77 47 2
1 714 212 266 232 77 47 2
1 714 213 266 232 77 47 2
1 714 214 266 232 77 47 2
1 714 215 266 232 77 47 2
1 714 216 266 232 77 47 2
1 714 217 266 232 77 47 2
1 714 218 266 232 77 47 2
1 714 219 266 232 77 47 2
1 714 220 266 232 77 47 2
1 714 221 266 232 77 47 2
1 714 222 266 232 77 47 2
1 714 223 266 232 77 47 2
1 714 224 266 232 77 47 2
1 714 225 266 232 77 47 2
1 714 226 266 232 77 47 2
1 714 227 266 232 77 47 2
1 714 228 266 232 77 47 2
1 714 229 266 232 77 47 2
1 714 230 266 232 77 47 2
1 714 231 266 232 77 47 2
1 714 232 266 232 77 47 2
1 714 233 266 232 77 47 2
1 714 234 266 232 77 47 2
1 714 235 266 232 77 47 2
1 714 236 266 232 77 47 2
1 714 237 266 232 77 47 2
1 714 238 266 232 77 47 2
1 714 239 266 232 77 47 2
1 714 240 266 232 77 47 2
1 714 241 266 232 77 47 2
1 714 242 266 232 77 47 2
1 714 243 266 232 77 47 2
1 714 244 266 232 77 47 2
1 714 245 266 232 77 47 2
1 714 246 266 232 77 47 2
1 714 247 266 232 77 47 2
1 714 248 266 232 77 47 2
1 714 249 266 232 77 47 2
1 714 250 266 232 77 47 2
1 714 251 266 232 77 47 2
1 714 252 266 232 77 47 2
1 714 253 266 232 77 47 2
1 714 254 266 232 77 47 2
1 714 255 266 232 77 47 2
1 714 256 266 232 77 47 2
1 714 257 266 232 77 47 2
1 714 258 266 232 77 47 2
1 714 259 266 232 77 47 2
1 714 260 266 232 77 47 2
1 714 261 266 232 77 47 2
1 714 262 266 232 77 47 2
1 714 263 266 232 77 47 2
1 714 264 266 232 77 47 2
1 714 265 266 232 77 47 2
1 714 266 266 232 77 47 2
1 714 267 266 232 77 47 2
1 714 268 266 232 77 47 2
1 714 269 266 232 77 47 2
1 714 270 266 232 77 47 2
1 714 271 266 232 77 47 2
1 714 272 266 232 77 47 2
1 714 273 266 232 77 47 2
1 714 274 266 232 77 47 2
1 714 275 266 232 77 47 2
1 714 276 266 232 77 47 2
1 714 277 266 232 77 47 2
1 714 278 266 232 77 47 2
1 714 279 266 232 77 47 2
1 714 280 266 232 77 47 2
1 714 281 266 232 77 47 2
1 714 282 266 232 77 47 2
1 714 283 266 232 77 47 2
1 714 284 266 232 77 47 2
1 714 285 266 232 77 47 2
1 714 286 266 232 77 47 2
1 714 287 266 232 77 47 2
1 714 288 266 232 77 47 2
1 714 289 266 232 77 47 2
1 714 290 266 232 77 47 2
1 714 291 266 232 77 47 2
1 714 292 266 232 77 47 2
1 714 293 266 232 77 47 2
1 714 294 266 232 77 47 2
1 714 295 266 232 77 47 2
1 714 296 266 232 77 47 2
1 714 297 266 232 77 47 2
1 714 298 266 232 77 47 2
1 714 299 266 232 77 47 2
1 714 300 266 232 77 47 2
1 714 301 266 232 77 47 2
1 714 302 266 232 77 47 2
1 714 303 266 232 77 47 2
1 714 304 266 232 77 47 2
1 714 305 266 232 77 47 2
1 714 306 266 232 77 47 2
1 714 307 266 232 77 47 2
1 714 308 266 232 77 47 2
1 714 309 266 232 77 47 2
1 714 310 266 232 77 47 2
1 714 311 266 232 77 47 2
1 714 312 266 232 77 47 2
1 714 313 266 232 77 47 2
1 714 314 266 232 77 47 2
1 714 315 266 232 77 47 2
1 714 316 266 232 77 47 2
1 714 317 266 232 77 47 2
1 714 318 266 232 77 47 2
1 714 319 266 232 77 47 2
1 714 320 266 232 77 47 2
1 714 321 266 232 77 47 2
1 714 322 266 232 77 47 2
1 714 323 266 232 77 47 2
1 714 324 266 232 77 47 2
1 714 325 266 232 77 47 2
1 714 326 266 232 77 47 2
1 714 327 266 232 77 47 2
1 714 328 266 232 77 47 2
1 714 329 266 232 77 47 2
1 714 330 266 232 77 47 2
1 714 331 266 232 77 47 2
1 714 332 266 232 77 47 2
1 714 333 266 232 77 47 2
1 714 334 266 232 77 47 2
1 714 335 266 232 77 47 2
1 714 336 266 232 77 47 2
1 714 337 266 232 77 47 2
1 714 338 266 232 77 47 2
1 714 339 266 232 77 47 2
1 714 340 266 232 77 47 2
1 714 341 266 232 77 47 2
1 714 342 266 232 77 47 2
1 714 343 266 232 77 47 2
1 714 344 266 232 77 47 2
1 714 345 266 232 77 47 2
1 714 346 266 232 77 47 2
1 714 347 266 232 77 47 2
1 714 348 266 232 77 47 2
1 714 349 266 232 77 47 2
1 714 350 266 232 77 47 2
1 714 351 266 232 77 47 2
1 714 352 266 232 77 47 2
1 714 353 266 232 77 47 2
1 714 354 266 232 77 47 2
1 714 355 266 232 77 47 2
1 714 356 266 232 77 47 2
1 714 357 266 232 77 47 2
1 714 358 266 232 77 47 2
1 714 359 266 232 77 47 2
1 714 360 268 232 75 47 2
1 714 361 268 232 75 47 2
1 714 362 268 232 75 47 2
1 714 363 268 232 75 47 2
1 714 364 268 232 75 47 2
1 714 365 268 232 75 47 2
1 714 366 268 232 75 47 2
1 714 367 268 232 75 47 2
1 714 368 268 232 75 47 2
1 714 369 268 232 75 47 2
1 714 370 268 232 75 47 2
1 714 371 268 232 75 47 2
1 714 372 268 232 75 47 2
1 714 373 268 232 75 47 2
1 714 374 268 232 75 47 2
1 714 375 268 232 75 47 2
1 714 376 268 232 75 47 2
1 714 377 268 232 75 47 2
1 714 378 268 232 75 47 2
1 714 379 268 232 75 47 2
1 714 380 268 232 75 47 2
1 714 381 268 232 75 47 2
1 714 382 268 232 75 47 2
1 714 383 268 232 75 47 2
1 714 384 268 232 75 47 2
1 714 385 268 232 75 47 2
1 714 386 268 232 75 47 2
1 714 387 268 232 75 47 2
1 714 388 268 232 75 47 2
1 714 389 268 232 75 47 2
1 714 390 268 232 75 47 2
1 714 391 268 232 75 47 2
1 714 392 268 232 75 47 2
1 714 393 268 232 75 47 2
1 714 394 268 232 75 47 2
1 714 395 268 232 75 47 2
1 714 396 268 232 75 47 2
1 714 397 268 232 75 47 2
1 714 398 268 232 75 47 2
1 714 399 268 232 75 47 2
1 714 400 268 232 75 47 2
1 714 401 268 232 75 47 2
1 714 402 268 232 75 47 2
1 714 403 268 232 75 47 2
1 714 404 268 232 75 47 2
1 714 405 268 232 75 47 2
1 714 406 268 232 75 47 2
1 714 407 268 232 75 47 2
1 714 408 268 232 75 47 2
1 714 409 268 232 75 47 2
1 714 410 268 232 75 47 2
1 714 411 268 232 75 47 2
1 714 412 268 232 75 47 2
1 714 413 268 232 75 47 2
1 714 414 268 232 75 47 2
1 714 415 268 232 75 47 2
1 714 416 268 232 75 47 2
1 714 417 268 232 75 47 2
1 714 418 268 232 75 47 2
1 714 419 268 232 75 47 2
1 714 420 270 232 73 47 2
1 714 421 270 232 73 47 2
1 714 422 270 232 73 47 2
1 714 423 270 232 73 47 2
1 714 424 270 232 73 47 2
1 714 425 270 232 73 47 2
1 714 426 270 232 73 47 2
1 714 427 270 232 73 47 2
1 714 428 270 232 73 47 2
1 714 429 270 232 73 47 2
1 714 430 270 232 73 47 2
1 714 431 270 232 73 47 2
1 714 432 270 232 73 47 2
1 714 433 270 232 73 47 2
1 714 434 270 232 73 47 2
1 714 435 270 232 73 47 2
1 714 436 270 232 73 47 2
1 714 437 270 232 73 47 2
1 714 438 270 232 73 47 2
1 714 439 270 232 73 47 2
1 714 440 270 232 73 47 2
1 714 441 270 232 73 47 2
1 714 442 270 232 73 47 2
1 714 443 270 232 73 47 2
1 714 444 270 232 73 47 2
1 714 445 270 232 73 47 2
1 714 446 270 232 73 47 2
1 714 447 270 232 73 47 2
1 714 448 270 232 73 47 2
1 714 449 270 232 73 47 2
1 714 450 270 232 74 47 2
1 714 451 270 232 74 47 2
1 714 452 270 232 74 47 2
1 714 453 270 232 74 47 2
1 714 454 270 232 74 47 2
1 714 455 270 232 74 47 2
1 714 456 270 232 74 47 2
1 714 457 270 232 74 47 2
1 714 458 270 232 74 47 2
1 714 459 270 232 74 47 2
1 714 460 270 232 74 47 2
1 714 461 270 232 74 47 2
1 714 462 270 232 74 47 2
1 714 463 270 232 74 47 2
1 714 464 270 232 74 47 2
1 714 465 270 232 74 47 2
1 714 466 270 232 74 47 2
1 714 467 270 232 74 47 2
1 714 468 270 232 74 47 2
1 714 469 270 232 74 47 2
1 714 470 270 232 74 47 2
1 714 471 270 232 74 47 2
1 714 472 270 232 74 47 2
1 714 473 270 232 74 47 2
1 714 474 270 232 74 47 2
1 714 475 270 232 74 47 2
1 714 476 270 232 74 47 2
1 714 477 270 232 74 47 2
1 714 478 270 232 74 47 2
1 714 479 270 232 74 47 2
1 714 480 272 232 72 47 2
1 714 481 272 232 72 47 2
1 714 482 272 232 72 47 2
1 714 483 272 232 72 47 2
1 714 484 272 232 72 47 2
1 714 485 272 232 72 47 2
1 714 486 272 232 72 47 2
1 714 487 272 232 72 47 2
1 714 488 272 232 72 47 2
1 714 489 272 232 72 47 2
1 714 490 272 232 72 47 2
1 714 491 272 232 72 47 2
1 714 492 272 232 72 47 2
1 714 493 272 232 72 47 2
1 714 494 272 232 72 47 2
1 714 495 272 232 72 47 2
1 714 496 272 232 72 47 2
1 714 497 272 232 72 47 2
1 714 498 272 232 72 47 2
1 714 499 272 232 72 47 2
1 714 500 272 232 72 47 2
1 714 501 272 232 72 47 2
1 714 502 272 232 72 47 2
1 714 503 272 232 72 47 2
1 714 504 272 232 72 47 2
1 714 505 272 232 72 47 2
1 714 506 272 232 72 47 2
1 714 507 272 232 72 47 2
1 714 508 272 232 72 47 2
1 714 509 272 232 72 47 2
1 714 510 272 232 72 47 2
1 714 511 272 232 72 47 2
1 714 512 272 232 72 47 2
1 714 513 272 232 72 47 2
1 714 514 272 232 72 47 2
1 714 515 272 232 72 47 2
1 714 516 272 232 72 47 2
1 714 517 272 232 72 47 2
1 714 518 272 232 72 47 2
1 714 519 272 232 72 47 2
1 714 520 272 232 72 47 2
1 714 521 272 232 72 47 2
1 714 522 272 232 72 47 2
1 714 523 272 232 72 47 2
1 714 524 272 232 72 47 2
1 714 525 272 232 72 47 2
1 714 526 272 232 72 47 2
1 714 527 272 232 72 47 2
1 714 528 272 232 72 47 2
1 714 529 272 232 72 47 2
1 714 530 272 232 72 47 2
1 714 531 272 232 72 47 2
1 714 532 272 232 72 47 2
1 714 533 272 232 72 47 2
1 714 534 272 232 72 47 2
1 714 535 272 232 72 47 2
1 714 536 272 232 72 47 2
1 714 537 272 232 72 47 2
1 714 538 272 232 72 47 2
1 714 539 272 232 72 47 2
1 714 540 273 232 71 47 2
1 714 541 273 232 71 47 2
1 714 542 273 232 71 47 2
1 714 543 273 232 71 47 2
1 714 544 273 232 71 47 2
1 714 545 273 232 71 47 2
1 714 546 273 232 71 47 2
1 714 547 273 232 71 47 2
1 714 548 273 232 71 47 2
1 714 549 273 232 71 47 2
1 714 550 273 232 71 47 2
1 714 551 273 232 71 47 2
1 714 552 273 232 71 47 2
1 714 553 273 232 71 47 2
1 714 554 273 232 71 47 2
1 714 555 273 232 71 47 2
1 714 556 273 232 71 47 2
1 714 557 273 232 71 47 2
1 714 558 273 232 71 47 2
1 714 559 273 232 71 47 2
1 714 560 273 232 71 47 2
1 714 561 273 232 71 47 2
1 714 562 273 232 71 47 2
1 714 563 273 232 71 47 2
1 714 564 273 232 71 47 2
1 714 565 273 232 71 47 2
1 714 566 273 232 71 47 2
1 714 567 273 232 71 47 2
1 714 568 273 232 71 47 2
1 714 569 273 232 71 47 2
1 714 570 273 232 71 47 2
1 714 571 273 232 71 47 2
1 714 572 273 232 71 47 2
1 714 573 273 232 71 47 2
1 714 574 273 232 71 47 2
1 714 575 273 232 71 47 2
1 714 576 273 232 71 47 2
1 714 577 273 232 71 47 2
1 714 578 273 232 71 47 2
1 714 579 273 232 71 47 2
1 714 580 273 232 71 47 2
1 714 581 273 232 71 47 2
1 714 582 273 232 71 47 2
1 714 583 273 232 71 47 2
1 714 584 273 232 71 47 2
1 714 585 273 232 71 47 2
1 714 586 273 232 71 47 2
1 714 587 273 232 71 47 2
1 714 588 273 232 71 47 2
1 714 589 273 232 71 47 2
1 714 590 273 232 71 47 2
1 714 591 273 232 71 47 2
1 714 592 273 232 71 47 2
1 714 593 273 232 71 47 2
1 714 594 273 232 71 47 2
1 714 595 273 232 71 47 2
1 714 596 273 232 71 47 2
1 714 597 273 232 71 47 2
1 714 598 273 232 71 47 2
1 714 599 273 232 71 47 2
1 714 600 275 232 71 47 2
1 714 601 275 231 71 48 2
1 714 602 275 231 71 48 2
1 714 603 275 231 71 48 2
1 714 604 275 231 71 48 2
1 714 605 275 231 71 48 2
1 714 606 275 231 71 48 2
1 714 607 275 231 71 48 2
1 714 608 275 231 71 48 2
1 714 609 275 231 71 48 2
1 714 610 275 231 71 48 2
1 714 611 275 231 71 48 2
1 714 612 275 231 71 48 2
1 714 613 275 231 71 48 2
1 714 614 275 231 71 48 2
1 714 615 275 231 71 48 2
1 714 616 275 231 71 48 2
1 714 617 275 229 71 50 2
1 714 618 275 229 71 50 2
1 714 619 275 229 71 50 2
1 714 620 275 229 71 50 2
1 714 621 275 229 71 50 2
1 714 622 275 229 71 50 2
1 714 623 275 229 73 50 2
1 714 624 275 229 73 50 2
1 714 625 275 229 73 50 2
1 714 626 275 229 73 50 2
1 714 627 275 229 73 50 2
1 714 628 275 229 73 50 2
1 714 629 275 229 73 50 2
1 714 630 275 229 73 50 2
1 714 631 275 229 73 50 2
1 714 632 275 229 73 50 2
1 714 633 275 227 73 52 2
1 714 634 275 227 73 52 2
1 714 635 275 227 73 52 2
1 714 636 275 227 73 52 2
1 714 637 275 227 73 52 2
1 714 638 275 227 73 52 2
1 714 639 275 227 73 52 2
1 714 640 275 227 73 52 2
1 714 641 275 227 73 52 2
1 714 642 275 227 73 52 2
1 714 643 275 227 73 52 2
1 714 644 275 227 73 52 2
1 714 645 275 227 73 52 2
1 714 646 275 227 75 52 2
1 714 647 275 227 75 52 2
1 714 648 275 227 75 52 2
1 714 649 275 225 75 54 2
1 714 650 275 225 75 54 2
1 714 651 275 225 75 54 2
1 714 652 275 225 75 54 2
1 714 653 275 225 75 54 2
1 714 654 275 225 75 54 2
1 714 655 275 225 75 54 2
1 714 656 275 225 75 54 2
1 714 657 275 225 75 55 2
1 714 658 275 225 75 55 2
1 714 659 275 225 75 55 2
1 714 660 275 225 75 55 2
1 714 661 275 225 75 55 2
1 714 662 275 225 75 55 2
1 714 663 275 225 75 55 2
1 714 664 275 225 75 55 2
1 714 665 275 224 75 56 2
1 714 666 275 224 75 56 2
1 714 667 275 224 75 56 2
1 714 668 275 224 77 56 2
1 714 669 275 224 77 56 2
1 714 670 275 224 77 56 2
1 714 671 275 224 77 56 2
1 714 672 275 224 77 56 2
1 714 673 275 224 77 56 2
1 714 674 275 224 77 56 2
1 714 675 275 224 77 56 2
1 714 676 275 224 77 56 2
1 714 677 275 224 77 56 2
1 714 678 275 224 77 56 2
1 714 679 275 224 77 56 2
1 714 680 275 224 77 56 2
1 714 681 275 222 77 58 2
1 714 682 275 222 77 58 2
1 714 683 275 222 77 58 2
1 714 684 275 222 77 58 2
1 714 685 275 222 77 58 2
1 714 686 275 222 77 58 2
1 714 687 275 222 77 58 2
1 714 688 275 222 77 58 2
1 714 689 275 222 77 58 2
1 714 690 275 222 77 58 2
1 714 691 275 222 78 58 2
1 714 692 275 222 78 58 2
1 714 693 275 222 78 58 2
1 714 694 275 222 78 58 2
1 714 695 275 222 78 58 2
1 714 696 275 222 78 58 2
1 714 697 275 220 78 60 2
1 714 698 275 220 78 60 2
1 714 699 275 220 78 60 2
1 714 700 275 220 78 60 2
1 714 701 275 220 78 60 2
1 714 702 275 220 78 60 2
1 714 703 275 220 78 60 2
1 714 704 275 220 78 60 2
1 714 705 275 220 78 60 2
1 714 706 275 220 78 60 2
1 714 707 275 220 78 60 2
1 714 708 275 220 78 60 2
1 714 709 275 220 78 60 2
1 714 710 275 220 78 60 2
1 714 711 275 220 78 60 2
1 714 712 275 220 78 60 2
1 714 713 277 220 78 62 2
2 23 299 3 300 50 52 1
2 23 300 7 298 49 52 1
2 23 301 12 298 50 52 1
2 23 302 16 296 49 52 1
2 23 303 21 296 50 52 1
2 23 304 26 295 50 51 1
2 23 305 30 295 50 51 1
2 23 306 35 295 50 51 1
2 23 307 40 293 50 51 1
2 23 308 44 293 50 51 1
2 23 309 49 291 50 52 1
2 23 310 55 291 49 52 1
2 23 311 58 291 50 52 1
2 23 312 64 289 49 52 1
2 23 313 67 289 50 52 1
2 23 314 72 288 50 51 1
2 23 315 78 288 50 51 1
2 23 316 81 288 50 51 1
2 23 317 87 286 49 51 1
2 23 318 92 286 50 51 1
2 23 319 96 284 49 52 1
2 23 320 101 284 50 52 1
2 23 321 106 284 50 52 1
3 260 454 1118 680 57 38 1
3 260 455 1109 677 57 41 1
3 260 456 1100 675 57 43 1
3 260 457 1091 673 59 45 1
3 260 458 1082 672 59 46 1
3 260 459 1073 670 59 48 1
3 260 460 1064 668 61 50 1
3 260 461 1056 666 60 52 1
3 260 462 1047 664 60 54 1
3 260 463 1038 663 62 55 1
3 260 464 1029 661 62 57 1
3 260 465 1020 659 64 59 1
3 260 466 1011 656 66 62 1
3 260 467 1004 654 66 64 1
3 260 468 997 652 67 66 1
3 260 469 988 650 69 68 1
3 260 470 981 648 69 70 1
3 260 471 974 645 71 73 1
3 260 472 967 643 71 75 1
3 260 473 958 641 73 77 1
3 260 474 951 640 74 78 1
3 260 475 944 638 74 80 1
3 260 476 936 634 75 84 1
3 260 477 928 632 78 86 1
3 260 478 920 631 79 87 1
3 260 479 913 629 79 89 1
3 260 480 906 627 80 91 1
3 260 481 897 624 82 92 1
3 260 482 888 622 84 94 1
3 260 483 881 618 84 98 1
3 260 484 872 616 88 100 1
3 260 485 865 615 87 101 1
3 260 486 856 611 89 105 1
3 260 487 849 609 89 107 1
3 260 488 840 608 93 108 1
3 260 489 833 604 93 112 1
3 260 490 824 602 95 114 1
3 260 491 817 600 96 116 1
3 260 492 812 597 94 119 1
3 260 493 807 595 94 121 1
3 260 494 801 593 93 123 1
3 260 495 796 590 92 126 1
3 260 496 791 588 90 128 1
3 260 497 785 586 91 130 1
3 260 498 780 584 91 134 1
3 260 499 775 583 90 133 1
3 260 500 769 581 91 135 1
3 260 501 764 579 92 137 1
3 260 502 760 577 91 139 1
3 260 503 755 576 91 140 1
3 260 504 750 574 92 142 1
3 260 505 744 572 93 144 1
3 260 506 741 570 91 146 1
3 260 507 736 568 92 148 1
3 260 508 730 567 93 149 1
3 260 509 725 565 92 151 1
3 260 510 721 563 93 153 1
3 260 511 716 561 92 155 1
3 260 512 711 560 92 156 1
3 260 513 705 558 95 158 1
3 260 514 702 556 92 160 1
3 260 515 696 554 93 162 1
3 260 516 691 552 94 164 1
3 260 517 686 551 94 165 1
3 260 518 682 549 93 167 1
3 260 519 677 547 94 169 1
3 260 520 672 545 94 171 1
3 260 521 668 544 94 172 1
3 260 522 664 540 93 176 1
3 260 523 661 536 91 180 1
3 260 524 657 535 89 181 1
3 260 525 656 531 87 185 1
3 260 526 652 528 85 188 1
3 260 527 648 526 84 190 1
3 260 528 645 522 82 194 1
3 260 529 643 520 80 196 1
3 260 530 634 520 86 196 1
3 260 531 625 522 91 194 1
3 260 532 616 524 96 192 1
3 260 533 613 522 94 194 1
3 260 534 609 520 93 196 1
3 260 535 606 519 92 197 1
3 260 536 602 517 91 199 1
3 260 537 599 515 90 201 1
3 260 538 595 513 89 203 1
3 260 539 592 512 88 204 1
3 260 540 588 510 87 206 1
3 260 541 584 508 88 208 1
3 260 542 581 506 85 210 1
3 260 543 577 504 86 212 1
3 260 544 574 503 83 213 1
3 260 545 570 501 84 215 1
3 260 546 567 499 81 217 1
3 260 547 563 499 82 219 1
3 260 548 560 497 81 217 1
3 260 549 558 496 80 216 1
3 260 550 554 494 80 215 1
3 260 551 552 494 80 213 1
3 260 552 549 492 80 213 1
3 260 553 547 490 78 212 1
3 260 554 544 488 78 212 1
3 260 555 542 488 78 208 1
3 260 556 538 487 78 208 1
3 260 557 536 485 77 208 1
3 260 558 533 483 76 206 1
3 260 559 531 483 77 205 1
3 260 560 528 481 76 203 1
3 260 561 526 480 74 202 1
3 260 562 522 478 75 202 1
3 260 563 520 478 75 199 1
3 260 564 517 476 75 199 1
3 260 565 515 474 73 198 1
3 260 566 512 472 72 198 1
3 260 567 510 472 73 196 1
3 260 568 506 471 73 195 1
3 260 569 503 469 73 195 1
3 260 570 499 467 73 196 1
3 260 571 496 467 72 194 1
3 260 572 494 465 71 194 1
3 260 573 490 464 71 193 1
3 260 574 487 464 71 192 1
3 260 575 483 462 71 192 1
3 260 576 481 460 70 192 1
3 260 577 478 460 69 190 1
3 260 578 474 458 70 190 1
3 260 579 471 456 69 191 1
3 260 580 469 456 69 191 1
3 260 581 465 455 70 190 1
3 260 582 462 453 69 190 1
3 260 583 458 453 70 188 1
3 260 584 456 451 70 189 1
3 260 585 453 451 69 187 1
3 260 586 449 449 70 187 1
3 260 587 446 449 69 187 1
3 260 588 444 448 69 186 1
3 260 589 440 448 70 184 1
3 260 590 437 446 69 185 1
3 260 591 433 444 70 185 1
3 260 592 432 444 69 183 1
3 260 593 428 442 69 183 1
3 260 594 424 442 70 183 1
3 260 595 421 440 69 184 1
3 260 596 419 440 69 182 1
3 260 597 416 439 69 181 1
3 260 598 412 439 69 179 1
3 260 599 408 437 70 179 1
3 260 600 407 437 69 179 1
3 260 601 403 435 69 180 1
3 260 602 400 433 71 182 1
3 260 603 396 432 71 181 1
3 260 604 392 432 73 181 1
3 260 605 391 430 71 181 1
3 260 606 387 428 73 183 1
3 260 607 384 428 74 181 1
3 260 608 380 426 75 183 1
3 260 609 378 424 75 184 1
3 260 610 375 423 74 185 1
3 260 611 371 423 77 183 1
3 260 612 368 421 78 185 1
3 260 613 364 419 78 185 1
3 260 614 362 419 78 185 1
3 260 615 359 417 78 185 1
3 260 616 355 416 80 186 1
3 260 617 352 416 81 184 1
3 260 618 350 414 80 186 1
3 260 619 346 412 82 187 1
3 260 620 343 410 81 189 1
3 260 621 339 410 84 187 1
3 260 622 336 408 85 189 1
3 260 623 334 407 83 188 1
3 260 624 330 407 86 188 1
3 260 625 327 405 85 188 1
3 260 626 323 403 87 190 1
3 260 627 321 403 87 190 1
3 260 628 320 401 85 191 1
3 260 629 318 401 85 189 1
3 260 630 316 400 85 188 1
3 260 631 314 400 86 188 1
3 260 632 312 398 86 188 1
3 260 633 311 398 85 186 1
3 260 634 309 398 85 186 1
3 260 635 307 396 85 187 1
3 260 636 307 396 82 185 1
3 260 637 305 394 82 187 1
3 260 638 304 394 81 185 1
3 260 639 302 394 82 183 1
3 260 640 300 392 82 185 1
3 260 641 298 392 82 184 1
3 260 642 296 391 82 183 1
3 260 643 295 391 81 183 1
3 260 644 293 391 82 181 1
3 260 645 293 389 78 181 1
3 260 646 291 389 78 181 1
3 260 647 289 387 79 181 1
3 260 648 288 387 78 180 1
3 260 649 286 387 78 180 1
3 260 650 284 385 78 180 1
3 260 651 282 385 78 178 1
3 260 652 280 384 79 177 1
3 260 653 279 384 78 177 1
3 260 654 279 382 74 178 1
3 260 655 277 382 75 176 1
3 260 656 275 382 75 176 1
3 260 657 273 380 75 176 1
3 260 658 272 380 74 174 1
3 260 659 270 378 74 176 1
3 260 660 268 378 75 174 1
3 260 661 266 378 75 173 1
3 260 662 264 376 75 175 1
3 260 663 264 376 72 173 1
3 260 664 263 375 71 172 1
3 260 665 261 375 71 172 1
3 260 666 259 375 71 170 1
3 260 667 257 373 71 171 1
3 260 668 256 373 71 171 1
3 260 669 254 371 71 171 1
3 260 670 252 371 71 169 1
3 260 671 252 371 69 169 1
3 260 672 250 369 70 169 1
3 260 673 248 369 70 167 1
3 260 674 247 369 69 167 1
3 260 675 245 368 69 167 1
3 260 676 243 368 69 167 1
3 260 677 241 368 70 165 1
3 260 678 241 368 70 163 1
3 260 679 240 366 69 165 1
3 260 680 238 366 69 163 1
3 260 681 236 366 69 163 1
3 260 682 234 366 70 162 1
3 260 683 232 364 70 162 1
3 260 684 231 364 69 162 1
3 260 685 231 364 69 160 1
3 260 686 229 364 69 160 1
3 260 687 227 362 69 160 1
3 260 688 225 362 70 158 1
3 260 689 224 362 69 158 1
3 260 690 222 362 69 157 1
3 260 691 220 360 69 159 1
3 260 692 220 360 69 157 1
3 260 693 218 360 70 155 1
3 260 694 216 360 70 155 1
3 260 695 215 359 69 154 1
3 260 696 213 359 69 154 1
3 260 697 211 359 69 153 1
3 260 698 211 359 69 153 1
3 260 699 209 357 70 153 1
3 260 700 208 357 69 151 1
3 260 701 208 357 69 151 1
3 260 702 206 357 69 149 1
3 260 703 206 357 69 149 1
3 260 704 204 357 69 147 1
3 260 705 202 357 70 147 1
3 260 706 202 355 70 148 1
3 260 707 200 355 70 148 1
3 260 708 200 355 70 146 1
3 260 709 199 355 69 146 1
3 260 710 197 355 69 144 1
3 260 711 197 355 69 144 1
3 260 712 195 355 69 142 1
3 260 713 195 355 69 142 1
4 540 174 1205 536 69 180 1
4 540 175 1200 535 71 181 1
4 540 176 1194 535 73 181 1
4 540 177 1191 533 73 183 1
4 540 178 1185 533 75 183 1
4 540 179 1182 531 74 185 1
4 540 180 1176 531 77 185 1
4 540 181 1173 529 76 187 1
4 540 182 1168 529 80 187 1
4 540 183 1162 528 82 188 1
4 540 184 1159 528 81 188 1
4 540 185 1153 526 84 190 1
4 540 186 1150 526 83 190 1
4 540 187 1144 524 86 192 1
4 540 188 1141 524 85 192 1
4 540 189 1136 522 87 194 1
4 540 190 1132 522 89 196 1
4 540 191 1128 520 89 194 1
4 540 192 1125 519 89 193 1
4 540 193 1121 517 89 194 1
4 540 194 1118 515 89 194 1
4 540 195 1114 513 89 194 1
4 540 196 1112 513 88 192 1
4 540 197 1109 512 87 192 1
4 540 198 1105 510 87 192 1
4 540 199 1102 508 87 192 1
4 540 200 1098 506 87 192 1
4 540 201 1096 506 86 189 1
4 540 202 1093 504 85 189 1
4 540 203 1089 503 86 188 1
4 540 204 1086 501 85 188 1
4 540 205 1082 499 86 189 1
4 540 206 1080 499 86 187 1
4 540 207 1077 497 85 187 1
4 540 208 1073 496 86 186 1
4 540 209 1070 494 85 186 1
4 540 210 1066 492 86 187 1
4 540 211 1063 490 85 187 1
4 540 212 1061 490 83 183 1
4 540 213 1057 488 84 184 1
4 540 214 1054 487 83 183 1
4 540 215 1050 485 84 183 1
4 540 216 1047 483 83 183 1
4 540 217 1045 483 82 181 1
4 540 218 1041 481 82 182 1
4 540 219 1038 480 82 181 1
4 540 220 1034 478 82 181 1
4 540 221 1031 476 81 181 1
4 540 222 1029 476 82 180 1
4 540 223 1025 474 82 180 1
4 540 224 1024 472 81 180 1
4 540 225 1022 472 80 178 1
4 540 226 1018 471 82 177 1
4 540 227 1016 469 80 178 1
4 540 228 1015 469 80 176 1
4 540 229 1011 467 80 176 1
4 540 230 1009 467 80 176 1
4 540 231 1008 465 78 176 1
4 540 232 1004 464 80 176 1
4 540 233 1002 464 80 174 1
4 540 234 1000 462 79 174 1
4 540 235 997 462 80 172 1
4 540 236 995 460 78 172 1
4 540 237 993 458 79 173 1
4 540 238 990 458 78 173 1
4 540 239 988 456 78 173 1
4 540 240 986 456 77 171 1
4 540 241 984 455 77 170 1
4 540 242 981 453 78 171 1
4 540 243 979 453 77 169 1
4 540 244 977 451 77 169 1
4 540 245 974 451 76 169 1
4 540 246 972 449 76 169 1
4 540 247 970 448 75 168 1
4 540 248 967 448 76 167 1
4 540 249 965 446 75 167 1
4 540 250 963 446 75 165 1
4 540 251 960 444 76 165 1
4 540 252 958 442 74 166 1
4 540 253 956 442 75 166 1
4 540 254 952 440 75 166 1
4 540 255 951 440 74 164 1
4 540 256 949 439 73 163 1
4 540 257 945 437 75 163 1
4 540 258 944 437 72 162 1
4 540 259 942 435 73 162 1
4 540 260 940 435 73 162 1
4 540 261 936 433 73 162 1
4 540 262 935 433 73 160 1
4 540 263 933 432 71 160 1
4 540 264 931 432 71 160 1
4 540 265 928 430 72 160 1
4 540 266 926 430 71 158 1
4 540 267 924 430 71 158 1
4 540 268 922 428 71 158 1
4 540 269 919 428 71 156 1
4 540 270 917 426 71 158 1
4 540 271 915 426 71 157 1
4 540 272 913 424 70 157 1
4 540 273 910 424 71 157 1
4 540 274 908 424 71 155 1
4 540 275 906 423 70 154 1
4 540 276 904 423 70 154 1
4 540 277 901 421 71 155 1
4 540 278 899 421 69 153 1
4 540 279 897 419 70 155 1
4 540 280 896 419 69 153 1
4 540 281 892 419 69 151 1
4 540 282 890 417 70 153 1
4 540 283 888 417 68 151 1
4 540 284 887 416 67 151 1
4 540 285 883 416 69 151 1
4 540 286 881 414 68 151 1
4 540 287 880 414 67 149 1
4 540 288 878 414 67 149 1
4 540 289 874 412 68 149 1
4 540 290 872 412 68 148 1
4 540 291 871 410 67 150 1
4 540 292 869 410 66 148 1
4 540 293 865 408 68 148 1
4 540 294 864 408 67 148 1
4 540 295 862 408 66 146 1
4 540 296 860 407 66 145 1
4 540 297 856 407 68 145 1
4 540 298 855 405 65 146 1
4 540 299 853 405 66 144 1
4 540 300 851 405 66 144 1
4 540 301 848 403 65 144 1
4 540 302 846 403 66 142 1
4 540 303 844 403 66 142 1
4 540 304 842 401 66 143 1
4 540 305 840 401 64 143 1
4 540 306 837 401 66 141 1
4 540 307 835 400 66 142 1
4 540 308 833 400 66 140 1
4 540 309 832 400 65 140 1
4 540 310 830 398 64 140 1
4 540 311 828 398 64 140 1
4 540 312 824 398 66 138 1
4 540 313 823 398 65 138 1
4 540 314 821 396 66 139 1
4 540 315 819 396 64 139 1
4 540 316 817 396 64 137 1
4 540 317 814 394 66 139 1
4 540 318 812 394 66 137 1
4 540 319 810 394 64 137 1
4 540 320 808 392 64 137 1
4 540 321 807 392 64 137 1
4 540 322 805 392 64 136 1
4 540 323 801 392 66 136 1
4 540 324 800 391 64 135 1
4 540 325 798 391 64 135 1
4 540 326 796 391 64 133 1
4 540 327 794 389 64 135 1
4 540 328 791 389 65 133 1
4 540 329 789 389 64 133 1
4 540 330 787 387 64 133 1
4 540 331 785 387 64 133 1
4 540 332 784 387 64 132 1
4 540 333 782 387 64 132 1
4 540 334 778 385 64 132 1
4 540 335 776 385 64 132 1
4 540 336 775 385 64 130 1
4 540 337 773 384 64 131 1
4 540 338 771 384 64 131 1
4 540 339 769 384 64 129 1
4 540 340 768 384 64 129 1
4 540 341 766 382 62 131 1
4 540 342 764 382 62 130 1
4 540 343 762 382 62 130 1
4 540 344 760 380 63 132 1
4 540 345 759 380 62 130 1
4 540 346 757 380 62 130 1
4 540 347 755 380 62 130 1
4 540 348 752 378 62 130 1
4 540 349 750 378 62 130 1
4 540 350 748 378 62 128 1
4 540 351 746 376 62 130 1
4 540 352 744 376 63 130 1
4 540 353 743 376 62 128 1
4 540 354 741 376 62 128 1
4 540 355 739 375 61 129 1
4 540 356 737 375 61 128 1
4 540 357 736 375 60 128 1
4 540 358 734 373 60 130 1
4 540 359 732 373 60 128 1
4 540 360 730 373 61 128 1
4 540 361 728 373 61 128 1
4 540 362 727 371 60 128 1
4 540 363 725 371 60 128 1
4 540 364 725 371 59 126 1
4 540 365 723 369 59 128 1
4 540 366 721 369 61 127 1
4 540 367 721 369 59 127 1
4 540 368 720 369 58 125 1
4 540 369 720 368 56 126 1
4 540 370 718 368 57 124 1
4 540 371 716 368 59 124 1
4 540 372 716 366 57 126 1
4 540 373 714 366 57 124 1
4 540 374 712 366 57 124 1
4 540 375 712 366 56 122 1
4 540 376 711 364 57 124 1
4 540 377 711 364 55 123 1
4 540 378 709 364 55 123 1
4 540 379 707 364 55 121 1
4 540 380 707 362 53 123 1
4 540 381 705 362 55 123 1
4 540 382 704 362 55 121 1
4 540 383 704 360 53 123 1
4 540 384 702 360 53 121 1
4 540 385 702 360 51 121 1
4 540 386 700 360 53 120 1
4 540 387 698 359 54 121 1
4 540 388 698 359 52 119 1
4 540 389 696 359 52 119 1
4 540 390 696 359 52 119 1
4 540 391 695 357 51 119 1
4 540 392 693 357 51 119 1
4 540 393 693 357 51 117 1
4 540 394 691 355 52 119 1
4 540 395 691 355 52 119 1
4 540 396 689 355 52 117 1
4 540 397 689 355 50 117 1
4 540 398 688 353 51 119 1
4 540 399 688 353 49 118 1
4 540 400 686 353 51 118 1
4 540 401 686 353 50 118 1
4 540 402 684 352 52 117 1
4 540 403 684 352 50 117 1
4 540 404 682 352 50 117 1
4 540 405 682 352 50 115 1
4 540 406 680 350 50 117 1
4 540 407 680 350 50 115 1
4 540 408 679 350 49 115 1
4 540 409 679 350 49 115 1
4 540 410 677 348 50 116 1
4 540 411 675 348 50 116 1
4 540 412 675 348 50 116 1
4 540 413 673 348 50 114 1
4 540 414 673 346 50 116 1
4 540 415 672 346 49 116 1
4 540 416 672 346 49 114 1
4 540 417 670 346 50 114 1
4 540 418 670 344 48 116 1
4 540 419 668 344 50 114 1
4 540 420 668 344 48 114 1
4 540 421 666 344 50 112 1
4 540 422 666 343 48 113 1
4 540 423 664 343 48 113 1
4 540 424 664 343 48 112 1
4 540 425 663 343 48 112 1
4 540 426 663 341 48 114 1
4 540 427 661 341 48 112 1
4 540 428 661 341 48 112 1
4 540 429 659 341 48 112 1
4 540 430 657 339 48 112 1
4 540 431 657 339 48 112 1
4 540 432 656 339 48 112 1
4 540 433 656 339 48 110 1
4 540 434 654 337 48 112 1
4 540 435 654 337 48 111 1
4 540 436 652 337 48 111 1
4 540 437 652 337 46 111 1
4 540 438 650 336 48 110 1
4 540 439 650 336 46 110 1
4 540 440 648 336 48 110 1
4 540 441 648 336 47 108 1
4 540 442 647 334 48 110 1
4 540 443 647 334 46 110 1
4 540 444 645 334 46 108 1
4 540 445 645 334 46 108 1
4 540 446 643 332 46 110 1
4 540 447 643 332 46 108 1
4 540 448 641 332 47 108 1
4 540 449 641 332 47 108 1
4 540 450 640 330 46 109 1
4 540 451 638 330 46 109 1
4 540 452 638 330 46 109 1
4 540 453 636 330 46 107 1
4 540 454 636 330 46 107 1
4 540 455 634 328 46 109 1
4 540 456 634 328 45 107 1
4 540 457 632 328 47 107 1
4 540 458 631 328 46 107 1
4 540 459 631 328 46 107 1
4 540 460 629 327 46 106 1
4 540 461 629 327 46 106 1
4 540 462 627 327 46 106 1
4 540 463 627 327 45 105 1
4 540 464 625 327 47 105 1
4 540 465 624 325 46 107 1
4 540 466 624 325 46 107 1
4 540 467 622 325 46 105 1
4 540 468 622 325 44 105 1
4 540 469 620 325 46 105 1
4 540 470 620 323 44 105 1
4 540 471 618 323 46 105 1
4 540 472 618 323 45 105 1
4 540 473 616 323 47 105 1
4 540 474 615 323 46 103 1
4 540 475 615 321 44 105 1
4 540 476 613 321 46 105 1
4 540 477 613 321 44 103 1
4 540 478 611 321 46 103 1
4 540 479 611 321 45 103 1
4 540 480 609 320 45 103 1
4 540 481 608 320 46 103 1
4 540 482 608 320 44 103 1
4 540 483 606 320 46 103 1
4 540 484 606 320 44 101 1
4 540 485 604 318 46 103 1
4 540 486 604 318 44 103 1
4 540 487 602 318 45 101 1
4 540 488 602 318 45 101 1
4 540 489 600 318 45 101 1
4 540 490 599 316 46 103 1
4 540 491 599 316 44 101 1
4 540 492 597 316 44 101 1
4 540 493 597 316 44 101 1
4 540 494 595 316 45 100 1
4 540 495 595 314 45 102 1
4 540 496 593 314 45 102 1
4 540 497 592 314 46 102 1
4 540 498 592 314 44 100 1
4 540 499 590 314 44 100 1
4 540 500 590 312 44 102 1
4 540 501 588 312 44 100 1
4 540 502 588 312 44 100 1
4 540 503 586 312 45 100 1
4 540 504 586 312 45 100 1
4 540 505 584 311 45 99 1
4 540 506 584 311 45 99 1
4 540 507 583 311 44 99 1
4 540 508 583 311 44 99 1
4 540 509 581 311 44 97 1
4 540 510 581 311 44 97 1
4 540 511 581 311 43 97 1
4 540 512 579 309 45 99 1
4 540 513 579 309 43 99 1
4 540 514 577 309 45 98 1
4 540 515 577 309 43 98 1
4 540 516 576 309 44 98 1
4 540 517 576 309 42 98 1
4 540 518 576 309 42 96 1
4 540 519 574 307 42 98 1
4 540 520 574 307 42 98 1
4 540 521 572 307 43 98 1
4 540 522 572 307 43 98 1
4 540 523 572 307 41 96 1
4 540 524 570 307 43 96 1
4 540 525 570 307 41 96 1
4 540 526 568 307 43 96 1
4 540 527 568 305 41 98 1
4 540 528 567 305 42 96 1
4 540 529 567 305 41 96 1
4 540 530 567 305 41 96 1
4 540 531 565 305 41 96 1
4 540 532 565 305 41 95 1
4 540 533 563 305 41 95 1
4 540 534 563 304 41 96 1
4 540 535 561 304 41 96 1
4 540 536 561 304 41 96 1
4 540 537 561 304 39 94 1
4 540 538 560 304 40 94 1
4 540 539 560 304 39 94 1
4 540 540 558 304 41 94 1
4 540 541 558 302 39 96 1
4 540 542 558 302 39 94 1
4 540 543 556 302 39 94 1
4 540 544 556 302 39 94 1
4 540 545 554 302 39 94 1
4 540 546 554 302 39 92 1
4 540 547 552 302 40 92 1
4 540 548 552 302 40 92 1
4 540 549 552 300 40 94 1
4 540 550 551 300 39 94 1
4 540 551 551 300 39 92 1
4 540 552 549 300 39 92 1
4 540 553 549 300 39 92 1
4 540 554 547 300 39 92 1
4 540 555 547 300 39 91 1
4 540 556 547 298 37 93 1
4 540 557 545 298 39 93 1
4 540 558 545 298 38 93 1
4 540 559 544 298 39 93 1
4 540 560 544 298 37 91 1
4 540 561 544 298 37 91 1
4 540 562 542 298 37 91 1
4 540 563 542 296 37 93 1
4 540 564 540 296 37 93 1
4 540 565 540 296 37 91 1
4 540 566 538 296 38 91 1
4 540 567 538 296 38 91 1
4 540 568 538 296 36 91 1
4 540 569 536 296 38 89 1
4 540 570 536 296 36 89 1
4 540 571 535 295 37 90 1
4 540 572 535 295 35 90 1
4 540 573 533 295 37 90 1
4 540 574 533 295 35 89 1
4 540 575 533 295 35 89 1
4 540 576 531 295 36 89 1
4 540 577 531 295 36 89 1
4 540 578 529 293 36 91 1
4 540 579 529 293 36 89 1
4 540 580 529 293 34 89 1
4 540 581 528 293 35 89 1
4 540 582 528 293 33 89 1
4 540 583 526 293 35 87 1
4 540 584 526 293 34 87 1
4 540 585 524 291 36 89 1
4 540 586 524 291 34 89 1
4 540 587 524 291 34 89 1
4 540 588 522 291 34 87 1
4 540 589 522 291 34 87 1
4 540 590 520 291 34 87 1
4 540 591 520 291 34 87 1
4 540 592 520 291 34 87 1
4 540 593 519 289 33 87 1
4 540 594 517 289 34 87 1
4 540 595 517 289 34 87 1
4 540 596 515 289 34 87 1
4 540 597 513 289 34 86 1
4 540 598 513 289 34 86 1
4 540 599 512 289 33 86 1
4 540 600 512 289 33 86 1
4 540 601 510 288 34 85 1
4 540 602 508 288 36 85 1
4 540 603 508 288 36 85 1
4 540 604 506 288 36 85 1
4 540 605 506 288 36 85 1
4 540 606 504 286 38 87 1
4 540 607 504 286 38 85 1
4 540 608 503 286 37 85 1
4 540 609 503 286 37 85 1
4 540 610 501 286 39 85 1
4 540 611 501 286 39 85 1
4 540 612 499 284 39 87 1
4 540 613 499 284 39 85 1
4 540 614 497 284 41 85 1
4 540 615 497 284 39 85 1
4 540 616 496 284 40 85 1
4 540 617 496 282 40 87 1
4 540 618 494 282 42 87 1
4 540 619 494 282 41 86 1
4 540 620 492 282 43 86 1
4 540 621 492 282 43 86 1
4 540 622 490 282 45 86 1
4 540 623 488 280 45 88 1
4 540 624 488 280 45 88 1
4 540 625 487 280 46 88 1
4 540 626 487 280 44 86 1
4 540 627 485 280 46 86 1
4 540 628 485 279 46 87 1
4 540 629 483 279 48 87 1
4 540 630 483 279 46 87 1
4 540 631 481 279 48 87 1
4 540 632 481 279 48 85 1
4 540 633 480 279 49 85 1
4 540 634 480 277 48 87 1
4 540 635 478 277 50 87 1
4 540 636 478 277 50 87 1
4 540 637 476 277 50 87 1
4 540 638 476 277 50 85 1
4 540 639 474 275 52 87 1
4 540 640 474 275 52 87 1
4 540 641 472 275 52 87 1
4 540 642 472 275 52 87 1
4 540 643 471 275 53 87 1
4 540 644 471 275 53 87 1
4 540 645 469 273 53 87 1
4 540 646 469 273 53 87 1
4 540 647 469 273 53 87 1
4 540 648 469 273 53 87 1
4 540 649 467 273 53 87 1
4 540 650 467 273 53 87 1
4 540 651 467 273 53 87 1
4 540 652 467 273 53 87 1
4 540 653 465 273 54 87 1
4 540 654 465 273 54 87 1
4 540 655 465 273 54 87 1
4 540 656 465 273 54 87 1
4 540 657 464 272 53 87 1
4 540 658 464 272 53 87 1
4 540 659 464 272 53 87 1
4 540 660 464 272 53 87 1
4 540 661 462 272 53 87 1
4 540 662 462 272 53 87 1
4 540 663 462 272 53 87 1
4 540 664 462 272 53 87 1
4 540 665 460 272 53 87 1
4 540 666 460 272 53 87 1
4 540 667 460 272 53 87 1
4 540 668 460 272 53 87 1
4 540 669 458 270 54 87 1
4 540 670 458 270 54 87 1
4 540 671 458 270 54 87 1
4 540 672 458 270 54 87 1
4 540 673 456 270 54 87 1
4 540 674 456 270 54 87 1
4 540 675 456 270 54 87 1
4 540 676 456 270 54 87 1
4 540 677 455 270 53 87 1
4 540 678 455 270 53 87 1
4 540 679 455 270 53 87 1
4 540 680 455 270 53 87 1
4 540 681 453 268 53 87 1
4 540 682 453 268 53 87 1
4 540 683 453 268 53 87 1
4 540 684 453 268 53 87 1
4 540 685 451 268 53 87 1
4 540 686 451 268 53 87 1
4 540 687 451 268 53 87 1
4 540 688 451 268 53 87 1
4 540 689 449 268 54 87 1
4 540 690 449 268 54 87 1
4 540 691 449 268 54 87 1
4 540 692 449 268 54 87 1
4 540 693 449 268 54 87 1
4 540 694 449 268 54 87 1
4 540 695 449 268 54 87 1
4 540 696 449 268 54 87 1
4 540 697 449 268 54 87 1
4 540 698 449 268 54 87 1
4 540 699 449 268 54 87 1
4 540 700 449 268 54 87 1
4 540 701 449 268 54 87 1
4 540 702 449 268 54 87 1
4 540 703 449 268 54 87 1
4 540 704 449 268 54 87 1
4 540 705 449 268 54 87 1
4 540 706 449 268 54 87 1
4 540 707 449 268 54 87 1
4 540 708 449 268 54 87 1
4 540 709 449 268 54 87 1
4 540 710 449 268 54 87 1
4 540 711 449 268 54 87 1
4 540 712 449 268 54 87 1
4 540 713 449 268 54 87 1
5 414 300 0 284 71 69 5
5 414 301 5 282 69 68 5
5 414 302 10 282 68 66 5
5 414 303 16 282 67 64 5
5 414 304 21 282 66 62 5
5 414 305 26 282 66 61 5
5 414 306 32 282 64 59 5
5 414 307 37 282 62 57 5
5 414 308 42 282 62 55 5
5 414 309 48 282 60 54 5
5 414 310 55 282 58 52 5
5 414 311 58 280 59 52 5
5 414 312 62 280 58 52 5
5 414 313 67 280 57 52 5
5 414 314 71 280 57 52 5
5 414 315 76 280 57 52 5
5 414 316 80 280 56 52 5
5 414 317 83 280 57 52 5
5 414 318 88 280 56 52 5
5 414 319 92 280 55 52 5
5 414 320 97 280 55 52 5
5 414 321 101 280 55 52 5
5 414 322 104 280 56 52 5
5 414 323 110 280 53 52 5
5 414 324 113 280 54 52 5
5 414 325 119 280 53 52 5
5 414 326 122 280 54 52 5
5 414 327 126 280 53 52 5
5 414 328 131 280 52 52 5
5 414 329 135 280 51 52 5
5 414 330 140 280 52 52 5
5 414 331 144 280 51 52 5
5 414 332 147 280 52 52 5
5 414 333 152 280 50 52 5
5 414 334 156 280 50 52 5
5 414 335 161 280 50 52 5
5 414 336 163 279 52 53 5
5 414 337 167 279 53 53 5
5 414 338 170 279 55 55 5
5 414 339 174 279 55 55 5
5 414 340 177 279 57 55 5
5 414 341 181 279 59 57 5
5 414 342 184 279 61 57 5
5 414 343 188 277 60 59 5
5 414 344 192 277 62 60 5
5 414 345 195 277 64 60 5
5 414 346 199 277 65 60 5
5 414 347 202 277 66 62 5
5 414 348 206 277 67 62 5
5 414 349 209 277 70 62 5
5 414 350 213 277 71 64 5
5 414 351 216 275 70 64 5
5 414 352 220 275 69 64 5
5 414 353 224 275 67 64 5
5 414 354 227 275 68 64 5
5 414 355 231 275 65 64 5
5 414 356 236 275 64 64 5
5 414 357 240 275 64 64 5
5 414 358 243 275 62 64 5
5 414 359 247 275 62 64 5
5 414 360 250 275 61 64 5
5 414 361 254 275 60 64 5
5 414 362 259 275 59 64 5
5 414 363 263 273 57 64 5
5 414 364 266 273 57 64 5
5 414 365 270 273 55 64 5
5 414 366 273 273 55 64 5
5 414 367 277 273 53 64 5
5 414 368 282 273 52 64 5
5 414 369 286 273 51 64 5
5 414 370 289 273 50 64 5
5 414 371 293 273 50 64 5
5 414 372 296 273 48 64 5
5 414 373 300 273 48 64 5
5 414 374 305 273 47 64 5
5 414 375 307 273 45 63 5
5 414 376 309 273 44 63 5
5 414 377 311 273 44 63 5
5 414 378 312 273 43 63 5
5 414 379 314 273 43 63 5
5 414 380 316 273 43 61 5
5 414 381 318 273 41 61 5
5 414 382 320 273 40 61 5
5 414 383 323 273 39 61 5
5 414 384 325 273 39 61 5
5 414 385 327 273 37 61 5
5 414 386 328 273 38 59 5
5 414 387 330 273 38 59 5
5 414 388 332 273 36 59 5
5 414 389 334 273 35 59 5
5 414 390 336 273 35 59 5
5 414 391 339 273 34 59 5
5 414 392 339 272 34 58 5
5 414 393 339 272 34 58 5
5 414 394 341 272 32 58 5
5 414 395 341 272 34 58 5
5 414 396 341 272 34 58 5
5 414 397 343 272 32 56 5
5 414 398 343 270 32 58 5
5 414 399 343 270 33 58 5
5 414 400 344 270 32 58 5
5 414 401 344 270 32 58 5
5 414 402 344 270 32 57 5
5 414 403 346 270 32 57 5
5 414 404 346 268 32 59 5
5 414 405 346 268 32 59 5
5 414 406 348 268 32 59 5
5 414 407 348 268 32 57 5
5 414 408 348 268 32 57 5
5 414 409 350 268 30 57 5
5 414 410 350 266 32 59 5
5 414 411 350 266 32 59 5
5 414 412 352 266 30 57 5
5 414 413 352 266 30 57 5
5 414 414 352 266 32 57 5
5 414 415 353 266 31 57 5
5 414 416 353 264 31 59 5
5 414 417 353 264 31 57 5
5 414 418 355 264 30 57 5
5 414 419 355 264 30 57 5
5 414 420 355 264 30 57 5
5 414 421 357 264 30 57 5
5 414 422 355 263 30 57 5
5 414 423 355 263 30 57 5
5 414 424 355 263 30 57 5
5 414 425 355 263 30 57 5
5 414 426 353 263 31 57 5
5 414 427 353 263 31 55 5
5 414 428 353 263 31 55 5
5 414 429 353 261 31 57 5
5 414 430 352 261 30 57 5
5 414 431 352 261 30 57 5
5 414 432 352 261 30 57 5
5 414 433 352 261 30 55 5
5 414 434 352 261 30 55 5
5 414 435 350 261 30 55 5
5 414 436 350 259 30 57 5
5 414 437 350 259 30 57 5
5 414 438 350 259 30 57 5
5 414 439 348 259 30 55 5
5 414 440 348 259 30 55 5
5 414 441 348 259 30 55 5
5 414 442 348 259 30 55 5
5 414 443 346 257 30 57 5
5 414 444 346 257 30 57 5
5 414 445 346 257 30 55 5
5 414 446 346 257 30 55 5
5 414 447 346 257 30 55 5
5 414 448 344 257 31 55 5
5 414 449 344 257 31 55 5
5 414 450 344 256 31 56 5
5 414 451 344 256 31 55 5
5 414 452 343 256 30 55 5
5 414 453 343 256 30 55 5
5 414 454 343 256 30 55 5
5 414 455 343 256 30 55 5
5 414 456 343 256 30 55 5
5 414 457 341 254 30 55 5
5 414 458 341 254 30 55 5
5 414 459 339 254 30 55 5
5 414 460 339 254 30 55 5
5 414 461 337 254 31 55 5
5 414 462 337 254 31 53 5
5 414 463 336 254 30 53 5
5 414 464 336 254 30 53 5
5 414 465 334 254 30 53 5
5 414 466 334 254 30 53 5
5 414 467 332 254 30 53 5
5 414 468 332 254 30 51 5
5 414 469 330 254 30 51 5
5 414 470 330 254 30 51 5
5 414 471 328 254 31 51 5
5 414 472 328 254 31 51 5
5 414 473 328 254 29 51 5
5 414 474 327 252 30 52 5
5 414 475 327 252 28 52 5
5 414 476 325 252 30 52 5
5 414 477 325 252 28 52 5
5 414 478 323 252 30 52 5
5 414 479 323 252 29 50 5
5 414 480 321 252 31 50 5
5 414 481 321 252 29 50 5
5 414 482 320 252 30 50 5
5 414 483 320 252 28 50 5
5 414 484 318 252 30 50 5
5 414 485 318 252 28 48 5
5 414 486 316 252 30 48 5
5 414 487 316 252 28 48 5
5 414 488 314 252 30 48 5
5 414 489 314 252 29 48 5
5 414 490 314 252 29 48 5
5 414 491 312 250 29 48 5
5 414 492 311 250 28 48 5
5 414 493 311 250 28 48 5
5 414 494 309 250 28 48 5
5 414 495 309 250 28 48 5
5 414 496 307 250 29 48 5
5 414 497 307 250 29 48 5
5 414 498 305 250 29 48 5
5 414 499 305 250 29 48 5
5 414 500 304 250 28 48 5
5 414 501 304 250 28 46 5
5 414 502 302 250 28 46 5
5 414 503 302 250 28 46 5
5 414 504 300 248 28 48 5
5 414 505 300 248 28 48 5
5 414 506 298 248 29 48 5
5 414 507 298 248 29 48 5
5 414 508 296 248 29 48 5
5 414 509 296 248 29 48 5
5 414 510 295 248 28 48 5
5 414 511 293 248 28 47 5
5 414 512 293 248 28 47 5
5 414 513 291 248 29 47 5
5 414 514 291 248 29 47 5
5 414 515 289 248 29 47 5
5 414 516 289 248 29 47 5
5 414 517 288 247 28 48 5
5 414 518 288 247 28 48 5
5 414 519 286 247 28 48 5
5 414 520 286 247 28 48 5
5 414 521 284 247 28 46 5
5 414 522 284 247 28 46 5
5 414 523 282 247 29 46 5
5 414 524 282 247 29 46 5
5 414 525 280 247 29 46 5
5 414 526 280 247 29 46 5
5 414 527 279 247 28 46 5
5 414 528 279 247 28 46 5
5 414 529 277 247 28 46 5
5 414 530 277 247 28 46 5
5 414 531 275 245 29 46 5
5 414 532 275 245 29 46 5
5 414 533 273 245 29 46 5
5 414 534 273 245 29 46 5
5 414 535 273 245 27 46 5
5 414 536 272 245 28 46 5
5 414 537 272 245 28 46 5
5 414 538 270 245 28 46 5
5 414 539 270 245 28 46 5
5 414 540 270 243 26 46 5
5 414 541 268 243 28 46 5
5 414 542 268 243 28 46 5
5 414 543 268 243 27 46 5
5 414 544 266 243 29 46 5
5 414 545 266 243 27 46 5
5 414 546 264 243 29 46 5
5 414 547 264 243 29 46 5
5 414 548 264 243 27 46 5
5 414 549 263 241 28 47 5
5 414 550 263 241 26 47 5
5 414 551 263 241 26 47 5
5 414 552 261 241 28 47 5
5 414 553 261 241 27 47 5
5 414 554 259 241 29 47 5
5 414 555 259 241 27 47 5
5 414 556 259 241 27 47 5
5 414 557 257 241 29 47 5
5 414 558 257 240 27 46 5
5 414 559 257 240 27 46 5
5 414 560 256 240 26 46 5
5 414 561 256 240 26 46 5
5 414 562 254 240 28 46 5
5 414 563 254 240 26 46 5
5 414 564 254 240 26 46 5
5 414 565 252 240 27 46 5
5 414 566 252 240 27 46 5
5 414 567 252 240 27 46 5
5 414 568 250 238 27 46 5
5 414 569 250 238 27 46 5
5 414 570 250 238 27 46 5
5 414 571 250 238 27 46 5
5 414 572 250 238 27 46 5
5 414 573 250 238 27 46 5
5 414 574 250 238 25 46 5
5 414 575 250 238 25 46 5
5 414 576 248 238 27 44 5
5 414 577 248 238 27 44 5
5 414 578 248 238 27 44 5
5 414 579 248 238 27 44 5
5 414 580 248 238 27 44 5
5 414 581 248 238 25 44 5
5 414 582 248 238 25 44 5
5 414 583 248 238 25 44 5
5 414 584 247 236 26 44 5
5 414 585 247 236 26 44 5
5 414 586 247 236 26 44 5
5 414 587 247 236 25 44 5
5 414 588 247 236 25 44 5
5 414 589 247 236 25 44 5
5 414 590 247 236 25 44 5
5 414 591 247 236 25 44 5
5 414 592 245 236 27 43 5
5 414 593 245 236 27 43 5
5 414 594 245 236 25 43 5
5 414 595 245 236 25 43 5
5 414 596 245 236 25 43 5
5 414 597 245 236 25 43 5
5 414 598 245 236 25 43 5
5 414 599 245 236 25 43 5
5 414 600 245 236 25 43 5
5 414 601 243 234 25 43 5
5 414 602 243 234 25 43 5
5 414 603 243 234 25 43 5
5 414 604 243 234 25 43 5
5 414 605 243 234 25 43 5
5 414 606 243 234 25 43 5
5 414 607 243 234 25 43 5
5 414 608 243 234 25 43 5
5 414 609 243 234 25 43 5
5 414 610 243 234 25 43 5
5 414 611 241 234 27 43 5
5 414 612 241 234 27 43 5
5 414 613 241 232 27 45 5
5 414 614 241 232 27 45 5
5 414 615 241 232 27 45 5
5 414 616 241 232 25 43 5
5 414 617 241 232 25 43 5
5 414 618 241 232 25 43 5
5 414 619 241 232 25 43 5
5 414 620 241 232 25 43 5
5 414 621 240 232 26 43 5
5 414 622 240 232 26 43 5
5 414 623 240 232 26 43 5
5 414 624 240 232 26 43 5
5 414 625 240 231 26 44 5
5 414 626 240 231 26 44 5
5 414 627 240 231 26 44 5
5 414 628 240 231 26 44 5
5 414 629 240 231 26 44 5
5 414 630 240 231 26 44 5
5 414 631 238 231 26 42 5
5 414 632 238 231 26 42 5
5 414 633 238 231 26 42 5
5 414 634 238 231 26 42 5
5 414 635 238 231 26 42 5
5 414 636 238 231 26 42 5
5 414 637 238 229 26 44 5
5 414 638 238 229 26 44 5
5 414 639 238 229 26 44 5
5 414 640 238 229 26 44 5
5 414 641 236 229 28 44 5
5 414 642 236 229 28 44 5
5 414 643 236 229 28 44 5
5 414 644 236 229 28 44 5
5 414 645 236 229 28 44 5
5 414 646 236 229 27 43 5
5 414 647 236 229 27 43 5
5 414 648 236 229 27 43 5
5 414 649 236 227 27 45 5
5 414 650 236 227 27 45 5
5 414 651 234 227 29 45 5
5 414 652 234 227 29 45 5
5 414 653 234 227 29 45 5
5 414 654 234 227 29 45 5
5 414 655 234 227 29 45 5
5 414 656 234 227 29 45 5
5 414 657 234 227 29 45 5
5 414 658 234 227 29 45 5
5 414 659 234 227 29 45 5
5 414 660 234 227 29 45 5
5 414 661 234 227 29 45 5
5 414 662 232 225 29 45 5
5 414 663 232 225 29 45 5
5 414 664 232 225 29 45 5
5 414 665 232 225 29 45 5
5 414 666 232 225 29 45 5
5 414 667 232 225 29 45 5
5 414 668 232 225 29 45 5
5 414 669 232 225 29 45 5
5 414 670 232 225 29 45 5
5 414 671 232 225 29 45 5
5 414 672 232 225 29 45 5
5 414 673 232 225 29 45 5
5 414 674 232 225 29 45 5
5 414 675 232 225 29 45 5
5 414 676 232 225 29 45 5
5 414 677 232 225 29 45 5
5 414 678 232 225 29 45 5
5 414 679 231 224 28 44 5
5 414 680 231 224 28 44 5
5 414 681 231 224 28 44 5
5 414 682 231 224 28 44 5
5 414 683 231 224 28 44 5
5 414 684 231 224 28 44 5
5 414 685 231 224 28 44 5
5 414 686 231 224 28 44 5
5 414 687 231 224 28 44 5
5 414 688 231 224 28 44 5
5 414 689 231 224 28 44 5
5 414 690 231 224 28 44 5
5 414 691 231 224 28 44 5
5 414 692 231 224 28 44 5
5 414 693 231 224 28 44 5
5 414 694 231 224 28 44 5
5 414 695 231 224 28 44 5
5 414 696 229 222 28 44 5
5 414 697 229 222 28 44 5
5 414 698 229 222 28 44 5
5 414 699 229 222 28 44 5
5 414 700 229 222 28 44 5
5 414 701 229 222 28 44 5
5 414 702 229 222 28 44 5
5 414 703 229 222 28 44 5
5 414 704 229 222 28 44 5
5 414 705 229 222 28 44 5
5 414 706 229 222 28 44 5
5 414 707 229 222 28 44 5
5 414 708 229 222 28 44 5
5 414 709 229 222 28 44 5
5 414 710 229 222 28 44 5
5 414 711 229 222 28 44 5
5 414 712 229 222 28 44 5
5 414 713 229 222 28 44 5
6 622 0 264 248 16 45 1
6 622 1 263 247 16 44 1
6 622 2 263 247 16 44 1
6 622 3 263 247 16 44 1
6 622 4 263 247 16 44 1
6 622 5 263 247 16 44 1
6 622 6 263 247 16 44 1
6 622 7 263 247 16 44 1
6 622 8 263 247 16 44 1
6 622 9 263 247 16 44 1
6 622 10 263 247 16 44 1
6 622 11 263 247 16 44 1
6 622 12 263 247 16 44 1
6 622 13 261 247 16 44 1
6 622 14 261 247 16 42 1
6 622 15 261 247 16 42 1
6 622 16 261 247 16 42 1
6 622 17 261 247 16 42 1
6 622 18 261 245 16 44 1
6 622 19 261 245 16 44 1
6 622 20 261 245 16 44 1
6 622 21 261 245 16 44 1
6 622 22 261 245 16 44 1
6 622 23 261 245 16 44 1
6 622 24 261 245 16 44 1
6 622 25 259 245 16 44 1
6 622 26 259 245 16 44 1
6 622 27 259 245 16 44 1
6 622 28 259 245 16 43 1
6 622 29 259 245 16 43 1
6 622 30 259 245 16 43 1
6 622 31 259 245 16 43 1
6 622 32 259 245 16 43 1
6 622 33 259 245 16 43 1
6 622 34 259 245 16 43 1
6 622 35 259 245 16 43 1
6 622 36 259 243 16 45 1
6 622 37 257 243 16 45 1
6 622 38 257 243 16 45 1
6 622 39 257 243 16 45 1
6 622 40 257 243 16 45 1
6 622 41 257 243 16 45 1
6 622 42 257 243 16 43 1
6 622 43 257 243 16 43 1
6 622 44 257 243 16 43 1
6 622 45 257 243 16 43 1
6 622 46 257 243 16 43 1
6 622 47 257 243 16 43 1
6 622 48 257 243 16 43 1
6 622 49 257 243 16 43 1
6 622 50 256 243 16 43 1
6 622 51 256 243 16 43 1
6 622 52 256 243 16 43 1
6 622 53 256 241 16 45 1
6 622 54 256 241 16 45 1
6 622 55 256 241 16 43 1
6 622 56 256 241 16 43 1
6 622 57 256 241 16 43 1
6 622 58 256 241 16 43 1
6 622 59 256 241 16 43 1
6 622 60 256 241 16 43 1
6 622 61 256 241 16 43 1
6 622 62 254 241 16 43 1
6 622 63 254 241 16 43 1
6 622 64 254 241 16 43 1
6 622 65 254 241 16 43 1
6 622 66 254 241 16 43 1
6 622 67 254 241 16 43 1
6 622 68 254 241 16 43 1
6 622 69 254 241 16 41 1
6 622 70 254 241 16 41 1
6 622 71 254 240 16 42 1
6 622 72 254 240 16 42 1
6 622 73 254 240 16 42 1
6 622 74 252 240 16 42 1
6 622 75 252 240 16 42 1
6 622 76 252 240 16 42 1
6 622 77 252 240 16 42 1
6 622 78 252 240 16 42 1
6 622 79 252 240 16 42 1
6 622 80 252 240 16 42 1
6 622 81 252 240 16 42 1
6 622 82 252 240 16 42 1
6 622 83 252 240 16 40 1
6 622 84 252 240 16 40 1
6 622 85 252 240 16 40 1
6 622 86 252 240 16 40 1
6 622 87 250 240 16 40 1
6 622 88 250 238 16 42 1
6 622 89 250 238 16 42 1
6 622 90 250 238 16 42 1
6 622 91 250 238 16 42 1
6 622 92 250 238 16 42 1
6 622 93 250 238 16 42 1
6 622 94 250 238 16 42 1
6 622 95 250 238 16 42 1
6 622 96 250 238 16 41 1
6 622 97 250 238 16 41 1
6 622 98 250 238 16 41 1
6 622 99 248 238 16 41 1
6 622 100 248 238 16 41 1
6 622 101 248 238 16 41 1
6 622 102 248 238 16 41 1
6 622 103 248 238 16 41 1
6 622 104 248 238 16 41 1
6 622 105 248 238 16 41 1
6 622 106 248 236 16 43 1
6 622 107 248 236 16 43 1
6 622 108 248 236 16 43 1
6 622 109 248 236 16 43 1
6 622 110 248 236 16 41 1
6 622 111 247 236 16 41 1
6 622 112 247 236 16 41 1
6 622 113 247 236 16 41 1
6 622 114 247 236 16 41 1
6 622 115 247 236 16 41 1
6 622 116 247 236 16 41 1
6 622 117 247 236 16 41 1
6 622 118 247 236 16 41 1
6 622 119 247 236 16 41 1
6 622 120 247 236 16 41 1
6 622 121 247 236 16 41 1
6 622 122 247 236 16 41 1
6 622 123 247 236 16 41 1
6 622 124 245 236 16 41 1
6 622 125 245 236 16 41 1
6 622 126 245 236 16 41 1
6 622 127 245 236 16 41 1
6 622 128 245 236 16 41 1
6 622 129 243 236 18 41 1
6 622 130 243 236 18 41 1
6 622 131 243 236 18 41 1
6 622 132 243 236 18 41 1
6 622 133 243 236 18 41 1
6 622 134 243 236 16 41 1
6 622 135 241 236 18 41 1
6 622 136 241 236 18 41 1
6 622 137 241 236 18 41 1
6 622 138 241 236 18 41 1
6 622 139 241 236 18 41 1
6 622 140 241 236 18 41 1
6 622 141 240 236 19 41 1
6 622 142 240 236 19 41 1
6 622 143 240 236 19 41 1
6 622 144 240 236 17 41 1
6 622 145 240 236 17 41 1
6 622 146 238 236 19 41 1
6 622 147 238 236 19 41 1
6 622 148 238 236 19 41 1
6 622 149 238 236 19 41 1
6 622 150 238 236 19 41 1
6 622 151 238 236 19 41 1
6 622 152 236 236 21 41 1
6 622 153 236 236 21 41 1
6 622 154 236 236 20 41 1
6 622 155 236 236 20 41 1
6 622 156 236 236 20 41 1
6 622 157 236 236 20 41 1
6 622 158 234 236 22 41 1
6 622 159 234 236 22 41 1
6 622 160 234 236 22 41 1
6 622 161 234 236 22 41 1
6 622 162 234 236 22 41 1
6 622 163 232 236 24 41 1
6 622 164 232 236 22 41 1
6 622 165 232 236 22 41 1
6 622 166 232 236 22 41 1
6 622 167 232 236 22 41 1
6 622 168 232 236 22 41 1
6 622 169 231 236 23 41 1
6 622 170 231 236 23 41 1
6 622 171 231 236 23 41 1
6 622 172 231 236 23 41 1
6 622 173 231 236 23 41 1
6 622 174 231 236 23 41 1
6 622 175 229 234 23 41 1
6 622 176 229 234 23 41 1
6 622 177 229 234 23 41 1
6 622 178 229 234 23 41 1
6 622 179 229 234 23 41 1
6 622 180 229 234 23 41 1
6 622 181 229 234 23 41 1
6 622 182 229 234 23 41 1
6 622 183 229 234 23 41 1
6 622 184 229 234 23 41 1
6 622 185 229 234 23 41 1
6 622 186 229 234 23 41 1
6 622 187 229 234 23 41 1
6 622 188 229 234 23 41 1
6 622 189 229 234 23 41 1
6 622 190 229 234 23 41 1
6 622 191 229 234 23 41 1
6 622 192 229 234 23 41 1
6 622 193 229 234 23 41 1
6 622 194 229 234 23 41 1
6 622 195 229 234 23 41 1
6 622 196 229 234 23 41 1
6 622 197 229 234 23 41 1
6 622 198 229 234 23 41 1
6 622 199 229 234 23 41 1
6 622 200 229 234 23 41 1
6 622 201 229 234 23 41 1
6 622 202 229 234 23 41 1
6 622 203 229 234 23 41 1
6 622 204 229 234 23 41 1
6 622 205 229 234 23 41 1
6 622 206 227 234 23 41 1
6 622 207 227 234 23 41 1
6 622 208 227 234 23 41 1
6 622 209 227 234 23 41 1
6 622 210 227 234 23 41 1
6 622 211 227 234 23 41 1
6 622 212 227 234 23 41 1
6 622 213 227 234 23 41 1
6 622 214 227 234 23 41 1
6 622 215 227 234 23 41 1
6 622 216 227 234 23 41 1
6 622 217 227 234 23 41 1
6 622 218 227 234 23 41 1
6 622 219 227 234 23 41 1
6 622 220 227 234 23 41 1
6 622 221 227 234 23 41 1
6 622 222 227 234 23 41 1
6 622 223 227 234 23 41 1
6 622 224 227 234 23 41 1
6 622 225 227 234 23 41 1
6 622 226 227 234 23 41 1
6 622 227 227 234 23 41 1
6 622 228 227 234 23 41 1
6 622 229 227 234 23 41 1
6 622 230 227 234 23 41 1
6 622 231 227 234 23 41 1
6 622 232 227 234 23 41 1
6 622 233 227 234 23 41 1
6 622 234 227 234 23 41 1
6 622 235 227 234 23 41 1
6 622 236 227 234 23 41 1
6 622 237 227 234 23 41 1
6 622 238 225 232 23 41 1
6 622 239 225 232 23 41 1
6 622 240 225 232 23 41 1
6 622 241 225 232 23 41 1
6 622 242 225 232 23 41 1
6 622 243 225 232 23 41 1
6 622 244 225 232 23 41 1
6 622 245 225 232 23 41 1
6 622 246 225 232 23 41 1
6 622 247 225 232 23 41 1
6 622 248 225 232 23 41 1
6 622 249 225 232 23 41 1
6 622 250 225 232 23 41 1
6 622 251 225 232 23 41 1
6 622 252 225 232 23 41 1
6 622 253 225 232 23 41 1
6 622 254 225 232 23 41 1
6 622 255 225 232 23 41 1
6 622 256 225 232 23 41 1
6 622 257 225 232 23 41 1
6 622 258 225 232 23 41 1
6 622 259 225 232 23 41 1
6 622 260 225 232 23 41 1
6 622 261 225 232 23 41 1
6 622 262 225 232 23 41 1
6 622 263 225 232 23 41 1
6 622 264 225 232 23 41 1
6 622 265 225 232 23 41 1
6 622 266 225 232 23 41 1
6 622 267 225 232 23 41 1
6 622 268 225 232 23 41 1
6 622 269 224 232 23 41 1
6 622 270 224 232 23 41 1
6 622 271 224 232 23 41 1
6 622 272 224 232 23 41 1
6 622 273 224 232 23 41 1
6 622 274 224 232 23 41 1
6 622 275 224 232 23 41 1
6 622 276 224 232 23 41 1
6 622 277 224 232 23 41 1
6 622 278 224 232 23 41 1
6 622 279 224 232 23 41 1
6 622 280 224 232 23 41 1
6 622 281 224 232 23 41 1
6 622 282 224 232 23 41 1
6 622 283 224 232 23 41 1
6 622 284 224 232 23 41 1
6 622 285 224 232 23 41 1
6 622 286 224 232 23 41 1
6 622 287 224 232 23 41 1
6 622 288 224 232 23 41 1
6 622 289 224 232 23 41 1
6 622 290 224 232 23 41 1
6 622 291 224 232 23 41 1
6 622 292 224 232 23 41 1
6 622 293 224 232 23 41 1
6 622 294 224 232 23 41 1
6 622 295 224 232 23 41 1
6 622 296 224 232 23 41 1
6 622 297 224 232 23 41 1
6 622 298 224 232 23 41 1
6 622 299 224 232 23 41 1
6 622 300 224 232 23 41 1
6 622 301 224 231 21 41 1
6 622 302 224 231 21 41 1
6 622 303 224 231 21 41 1
6 622 304 224 231 21 41 1
6 622 305 224 231 21 41 1
6 622 306 224 231 21 41 1
6 622 307 224 231 21 41 1
6 622 308 224 231 21 41 1
6 622 309 224 231 21 41 1
6 622 310 224 231 21 41 1
6 622 311 224 231 21 41 1
6 622 312 224 231 21 41 1
6 622 313 224 231 21 41 1
6 622 314 224 231 21 41 1
6 622 315 224 231 21 41 1
6 622 316 224 231 21 41 1
6 622 317 224 231 21 41 1
6 622 318 224 231 21 41 1
6 622 319 224 231 21 41 1
6 622 320 224 231 21 41 1
6 622 321 224 231 21 41 1
6 622 322 224 231 21 41 1
6 622 323 224 231 21 41 1
6 622 324 224 231 21 41 1
6 622 325 224 231 21 41 1
6 622 326 224 231 21 41 1
6 622 327 224 231 21 41 1
6 622 328 224 231 21 41 1
6 622 329 224 231 19 41 1
6 622 330 224 231 19 41 1
6 622 331 224 231 19 41 1
6 622 332 224 231 19 41 1
6 622 333 224 231 19 41 1
6 622 334 224 231 19 41 1
6 622 335 224 231 19 41 1
6 622 336 224 231 19 41 1
6 622 337 224 231 19 41 1
6 622 338 224 231 19 41 1
6 622 339 224 231 19 41 1
6 622 340 224 231 19 41 1
6 622 341 224 231 19 41 1
6 622 342 224 231 19 41 1
6 622 343 224 231 19 41 1
6 622 344 224 231 19 41 1
6 622 345 224 231 19 41 1
6 622 346 224 231 19 41 1
6 622 347 224 231 19 41 1
6 622 348 224 231 19 41 1
6 622 349 224 231 19 41 1
6 622 350 224 231 19 41 1
6 622 351 224 231 19 41 1
6 622 352 224 231 19 41 1
6 622 353 224 231 19 41 1
6 622 354 224 231 19 41 1
6 622 355 224 231 19 41 1
6 622 356 224 231 19 41 1
6 622 357 224 231 17 41 1
6 622 358 224 231 17 41 1
6 622 359 224 231 17 41 1
6 622 360 224 231 17 41 1
6 622 361 224 231 17 41 1
6 622 362 224 231 17 41 1
6 622 363 224 231 17 41 1
6 622 364 224 231 17 41 1
6 622 365 224 231 17 41 1
6 622 366 224 231 17 41 1
6 622 367 224 231 17 41 1
6 622 368 224 231 17 41 1
6 622 369 224 231 17 41 1
6 622 370 224 231 17 41 1
6 622 371 224 231 17 41 1
6 622 372 224 231 17 41 1
6 622 373 224 231 17 41 1
6 622 374 224 231 17 41 1
6 622 375 224 231 17 41 1
6 622 376 224 231 17 41 1
6 622 377 224 231 17 41 1
6 622 378 224 231 17 41 1
6 622 379 224 231 17 41 1
6 622 380 224 231 17 41 1
6 622 381 224 231 17 41 1
6 622 382 224 231 17 41 1
6 622 383 224 231 17 41 1
6 622 384 225 231 16 41 1
6 622 385 224 231 16 39 1
6 622 386 224 231 16 39 1
6 622 387 224 231 16 39 1
6 622 388 224 231 16 39 1
6 622 389 224 231 16 39 1
6 622 390 224 231 16 39 1
6 622 391 224 231 16 39 1
6 622 392 224 231 16 39 1
6 622 393 224 231 16 39 1
6 622 394 224 231 16 39 1
6 622 395 224 231 16 39 1
6 622 396 222 231 16 39 1
6 622 397 222 231 16 39 1
6 622 398 222 231 16 39 1
6 622 399 222 231 16 39 1
6 622 400 222 231 16 39 1
6 622 401 222 231 16 39 1
6 622 402 222 231 16 39 1
6 622 403 222 231 16 39 1
6 622 404 222 231 16 39 1
6 622 405 222 231 16 37 1
6 622 406 222 231 16 37 1
6 622 407 222 231 16 37 1
6 622 408 220 231 16 37 1
6 622 409 220 231 16 37 1
6 622 410 220 231 16 37 1
6 622 411 220 231 16 37 1
6 622 412 220 231 16 37 1
6 622 413 220 231 16 37 1
6 622 414 220 231 16 37 1
6 622 415 220 231 16 37 1
6 622 416 220 231 16 37 1
6 622 417 220 231 16 37 1
6 622 418 220 231 16 37 1
6 622 419 220 231 16 37 1
6 622 420 218 231 16 37 1
6 622 421 218 231 16 37 1
6 622 422 218 231 16 37 1
6 622 423 218 231 16 37 1
6 622 424 218 231 16 37 1
6 622 425 218 231 16 37 1
6 622 426 218 231 16 35 1
6 622 427 218 231 16 35 1
6 622 428 218 231 16 35 1
6 622 429 218 231 16 35 1
6 622 430 218 231 16 35 1
6 622 431 216 231 16 35 1
6 622 432 216 231 16 35 1
6 622 433 216 231 16 35 1
6 622 434 216 231 16 35 1
6 622 435 216 231 16 35 1
6 622 436 216 231 16 35 1
6 622 437 216 231 16 35 1
6 622 438 216 231 16 35 1
6 622 439 216 231 16 35 1
6 622 440 216 231 16 35 1
6 622 441 216 231 16 35 1
6 622 442 216 231 16 35 1
6 622 443 215 231 16 35 1
6 622 444 215 231 16 35 1
6 622 445 215 231 16 35 1
6 622 446 215 231 16 33 1
6 622 447 215 231 16 33 1
6 622 448 215 231 16 33 1
6 622 449 215 231 16 33 1
6 622 450 215 231 16 33 1
6 622 451 215 231 16 33 1
6 622 452 215 231 16 33 1
6 622 453 215 231 16 33 1
6 622 454 215 231 16 33 1
6 622 455 213 231 16 33 1
6 622 456 213 231 16 33 1
6 622 457 213 231 16 33 1
6 622 458 213 231 16 33 1
6 622 459 213 231 16 33 1
6 622 460 213 231 16 33 1
6 622 461 213 231 16 33 1
6 622 462 213 231 16 33 1
6 622 463 213 231 16 33 1
6 622 464 213 231 16 33 1
6 622 465 213 231 16 33 1
6 622 466 213 231 16 33 1
6 622 467 211 229 16 34 1
6 622 468 211 229 16 34 1
6 622 469 211 229 16 34 1
6 622 470 211 229 16 34 1
6 622 471 211 229 16 34 1
6 622 472 211 229 16 34 1
6 622 473 211 229 16 34 1
6 622 474 211 229 16 34 1
6 622 475 211 229 16 34 1
6 622 476 211 229 16 34 1
6 622 477 211 229 16 34 1
6 622 478 211 229 16 34 1
6 622 479 209 229 16 34 1
6 622 480 209 229 16 34 1
6 622 481 209 229 16 34 1
6 622 482 209 229 16 34 1
6 622 483 209 229 16 34 1
6 622 484 209 229 16 34 1
6 622 485 209 229 16 34 1
6 622 486 209 229 16 34 1
6 622 487 209 229 16 34 1
6 622 488 209 229 16 34 1
6 622 489 209 229 16 34 1
6 622 490 209 229 16 34 1
6 622 491 209 229 16 34 1
6 622 492 208 229 16 34 1
6 622 493 208 229 16 34 1
6 622 494 208 229 16 34 1
6 622 495 208 229 16 34 1
6 622 496 208 229 16 34 1
6 622 497 208 229 16 34 1
6 622 498 208 229 16 34 1
6 622 499 208 229 16 34 1
6 622 500 208 229 16 34 1
6 622 501 208 229 16 34 1
6 622 502 208 229 16 34 1
6 622 503 208 229 16 34 1
6 622 504 208 229 16 34 1
6 622 505 206 227 16 34 1
6 622 506 206 227 16 34 1
6 622 507 206 227 16 34 1
6 622 508 206 227 16 34 1
6 622 509 206 227 16 34 1
6 622 510 206 227 16 34 1
6 622 511 206 227 16 34 1
6 622 512 206 227 16 34 1
6 622 513 206 227 16 34 1
6 622 514 206 227 16 34 1
6 622 515 206 227 16 34 1
6 622 516 206 227 16 34 1
6 622 517 206 227 16 34 1
6 622 518 204 227 16 34 1
6 622 519 204 227 16 34 1
6 622 520 204 227 16 34 1
6 622 521 204 227 16 34 1
6 622 522 204 227 16 34 1
6 622 523 204 227 16 34 1
6 622 524 204 227 16 34 1
6 622 525 204 227 16 34 1
6 622 526 204 227 16 34 1
6 622 527 204 227 16 34 1
6 622 528 204 227 16 34 1
6 622 529 204 227 16 34 1
6 622 530 204 227 16 34 1
6 622 531 202 227 16 34 1
6 622 532 202 227 16 34 1
6 622 533 202 227 16 34 1
6 622 534 202 227 16 34 1
6 622 535 202 227 16 34 1
6 622 536 202 227 16 34 1
6 622 537 202 227 16 34 1
6 622 538 202 227 16 34 1
6 622 539 202 227 16 34 1
6 622 540 202 227 16 34 1
6 622 541 202 227 16 34 1
6 622 542 202 227 16 34 1
6 622 543 202 227 16 34 1
6 622 544 200 227 16 34 1
6 622 545 200 227 16 34 1
6 622 546 200 227 16 34 1
6 622 547 200 227 16 34 1
6 622 548 200 227 16 34 1
6 622 549 200 227 16 34 1
6 622 550 200 227 16 34 1
6 622 551 200 227 16 34 1
6 622 552 200 227 16 34 1
6 622 553 200 227 16 34 1
6 622 554 200 227 16 34 1
6 622 555 200 227 16 34 1
6 622 556 200 227 16 34 1
6 622 557 200 227 16 34 1
6 622 558 200 227 16 34 1
6 622 559 200 227 16 34 1
6 622 560 200 227 16 34 1
6 622 561 200 227 16 34 1
6 622 562 200 227 16 34 1
6 622 563 200 227 16 34 1
6 622 564 200 227 16 34 1
6 622 565 200 227 16 34 1
6 622 566 200 227 16 34 1
6 622 567 200 227 16 34 1
6 622 568 200 227 16 34 1
6 622 569 200 227 16 34 1
6 622 570 199 227 16 34 1
6 622 571 199 227 16 34 1
6 622 572 199 227 16 34 1
6 622 573 199 227 16 34 1
6 622 574 199 227 16 34 1
6 622 575 199 227 16 34 1
6 622 576 199 227 16 34 1
6 622 577 199 227 16 34 1
6 622 578 199 227 16 34 1
6 622 579 199 227 16 34 1
6 622 580 199 227 16 34 1
6 622 581 199 227 16 34 1
6 622 582 199 227 16 34 1
6 622 583 199 227 16 34 1
6 622 584 199 227 16 34 1
6 622 585 199 227 16 34 1
6 622 586 199 227 16 34 1
6 622 587 199 227 16 34 1
6 622 588 199 227 16 34 1
6 622 589 199 227 16 34 1
6 622 590 199 227 16 34 1
6 622 591 199 227 16 34 1
6 622 592 199 227 16 34 1
6 622 593 199 227 16 34 1
6 622 594 199 227 16 34 1
6 622 595 199 227 16 34 1
6 622 596 197 227 16 34 1
6 622 597 197 227 16 34 1
6 622 598 197 227 16 34 1
6 622 599 197 227 16 34 1
6 622 600 197 227 16 34 1
6 622 601 197 227 16 34 1
6 622 602 197 227 16 34 1
6 622 603 197 227 16 34 1
6 622 604 197 227 16 34 1
6 622 605 197 227 16 34 1
6 622 606 197 227 16 34 1
6 622 607 197 227 16 34 1
6 622 608 197 227 16 34 1
6 622 609 197 227 16 34 1
6 622 610 197 227 16 34 1
6 622 611 197 227 16 34 1
6 622 612 197 227 16 34 1
6 622 613 197 227 16 34 1
6 622 614 197 227 16 34 1
6 622 615 197 227 16 34 1
6 622 616 197 227 16 34 1
6 622 617 197 227 16 34 1
6 622 618 197 227 16 34 1
6 622 619 197 227 16 34 1
6 622 620 197 227 16 34 1
6 622 621 197 227 16 34 1
7 622 0 288 241 17 47 1
7 622 1 286 241 18 45 1
7 622 2 286 241 18 45 1
7 622 3 286 241 18 45 1
7 622 4 286 241 18 45 1
7 622 5 286 241 18 45 1
7 622 6 286 241 18 45 1
7 622 7 286 241 18 45 1
7 622 8 286 241 18 45 1
7 622 9 286 241 18 45 1
7 622 10 286 241 18 45 1
7 622 11 284 241 18 45 1
7 622 12 284 241 18 45 1
7 622 13 284 241 18 45 1
7 622 14 284 241 18 45 1
7 622 15 284 241 18 45 1
7 622 16 284 241 18 45 1
7 622 17 284 241 18 45 1
7 622 18 284 241 18 45 1
7 622 19 284 241 18 45 1
7 622 20 284 241 18 45 1
7 622 21 282 241 18 45 1
7 622 22 282 241 18 45 1
7 622 23 282 241 18 45 1
7 622 24 282 241 18 45 1
7 622 25 282 241 18 45 1
7 622 26 282 241 18 45 1
7 622 27 282 241 18 45 1
7 622 28 282 241 18 45 1
7 622 29 282 241 18 45 1
7 622 30 282 241 18 45 1
7 622 31 280 241 18 43 1
7 622 32 280 241 18 43 1
7 622 33 280 241 18 43 1
7 622 34 280 241 18 43 1
7 622 35 280 241 18 43 1
7 622 36 280 241 18 43 1
7 622 37 280 241 18 43 1
7 622 38 280 241 18 43 1
7 622 39 280 241 18 43 1
7 622 40 280 241 18 43 1
7 622 41 280 241 18 43 1
7 622 42 279 241 17 43 1
7 622 43 279 241 17 43 1
7 622 44 279 241 17 43 1
7 622 45 279 241 17 43 1
7 622 46 279 241 17 43 1
7 622 47 279 241 17 43 1
7 622 48 279 241 17 43 1
7 622 49 279 241 17 43 1
7 622 50 279 241 17 43 1
7 622 51 279 241 17 43 1
7 622 52 277 241 18 43 1
7 622 53 277 241 18 43 1
7 622 54 277 241 18 43 1
7 622 55 277 241 18 43 1
7 622 56 277 241 18 43 1
7 622 57 277 241 18 43 1
7 622 58 277 241 18 43 1
7 622 59 277 241 18 43 1
7 622 60 277 241 18 43 1
7 622 61 277 241 18 43 1
7 622 62 275 241 18 41 1
7 622 63 275 241 18 41 1
7 622 64 275 241 18 41 1
7 622 65 275 241 18 41 1
7 622 66 275 241 18 41 1
7 622 67 275 241 18 41 1
7 622 68 275 241 18 41 1
7 622 69 275 241 18 41 1
7 622 70 275 241 18 41 1
7 622 71 275 241 18 41 1
7 622 72 273 241 18 41 1
7 622 73 273 241 18 41 1
7 622 74 273 241 18 41 1
7 622 75 273 241 18 41 1
7 622 76 273 241 18 41 1
7 622 77 273 241 18 41 1
7 622 78 273 241 18 41 1
7 622 79 273 241 18 41 1
7 622 80 273 241 18 41 1
7 622 81 273 241 18 41 1
7 622 82 273 241 18 41 1
7 622 83 272 241 17 41 1
7 622 84 272 241 17 41 1
7 622 85 272 241 17 41 1
7 622 86 272 241 17 41 1
7 622 87 272 241 17 41 1
7 622 88 272 241 17 41 1
7 622 89 272 241 17 41 1
7 622 90 272 241 17 41 1
7 622 91 272 241 17 41 1
7 622 92 272 241 17 41 1
7 622 93 270 241 18 39 1
7 622 94 270 241 18 39 1
7 622 95 270 241 18 39 1
7 622 96 270 241 18 39 1
7 622 97 270 241 18 39 1
7 622 98 270 241 18 39 1
7 622 99 270 241 18 39 1
7 622 100 270 241 18 39 1
7 622 101 270 241 18 39 1
7 622 102 270 241 18 39 1
7 622 103 268 241 18 39 1
7 622 104 268 241 18 39 1
7 622 105 268 241 18 39 1
7 622 106 268 241 18 39 1
7 622 107 268 241 18 39 1
7 622 108 268 241 18 39 1
7 622 109 268 241 18 39 1
7 622 110 268 241 18 39 1
7 622 111 268 241 18 39 1
7 622 112 268 241 18 39 1
7 622 113 266 241 18 39 1
7 622 114 266 241 18 39 1
7 622 115 266 241 18 39 1
7 622 116 266 241 18 39 1
7 622 117 266 241 18 39 1
7 622 118 266 241 18 39 1
7 622 119 266 241 18 39 1
7 622 120 266 241 18 39 1
7 622 121 266 241 18 39 1
7 622 122 266 241 18 39 1
7 622 123 266 243 18 37 1
7 622 124 264 241 18 38 1
7 622 125 264 241 18 38 1
7 622 126 264 241 18 38 1
7 622 127 264 241 18 38 1
7 622 128 264 241 18 38 1
7 622 129 264 241 18 38 1
7 622 130 264 241 18 38 1
7 622 131 264 241 18 38 1
7 622 132 264 241 18 38 1
7 622 133 264 241 18 38 1
7 622 134 264 241 18 38 1
7 622 135 264 241 18 38 1
7 622 136 263 241 17 38 1
7 622 137 263 241 17 38 1
7 622 138 263 241 17 38 1
7 622 139 263 241 17 38 1
7 622 140 263 241 17 38 1
7 622 141 263 241 17 38 1
7 622 142 263 241 17 38 1
7 622 143 263 241 17 38 1
7 622 144 263 241 17 38 1
7 622 145 263 241 17 38 1
7 622 146 263 241 17 38 1
7 622 147 263 241 17 38 1
7 622 148 263 241 17 38 1
7 622 149 261 241 18 38 1
7 622 150 261 241 18 38 1
7 622 151 261 241 18 38 1
7 622 152 261 241 18 38 1
7 622 153 261 241 18 38 1
7 622 154 261 241 18 38 1
7 622 155 261 241 18 38 1
7 622 156 261 241 18 38 1
7 622 157 261 241 18 38 1
7 622 158 261 241 18 38 1
7 622 159 261 241 18 38 1
7 622 160 261 241 18 38 1
7 622 161 261 241 18 38 1
7 622 162 259 241 18 38 1
7 622 163 259 241 18 38 1
7 622 164 259 241 18 38 1
7 622 165 259 241 18 38 1
7 622 166 259 241 18 38 1
7 622 167 259 241 18 38 1
7 622 168 259 241 18 38 1
7 622 169 259 241 18 38 1
7 622 170 259 241 18 38 1
7 622 171 259 241 18 38 1
7 622 172 259 241 18 38 1
7 622 173 259 241 18 38 1
7 622 174 259 241 18 38 1
7 622 175 257 240 18 37 1
7 622 176 257 240 18 37 1
7 622 177 257 240 18 37 1
7 622 178 257 240 18 37 1
7 622 179 257 240 18 37 1
7 622 180 257 240 18 37 1
7 622 181 257 240 18 37 1
7 622 182 257 240 18 37 1
7 622 183 257 240 18 37 1
7 622 184 257 240 18 37 1
7 622 185 257 240 18 37 1
7 622 186 257 240 18 37 1
7 622 187 257 240 18 37 1
7 622 188 257 240 18 37 1
7 622 189 257 240 18 37 1
7 622 190 256 240 17 37 1
7 622 191 256 240 17 37 1
7 622 192 256 240 17 37 1
7 622 193 256 240 17 37 1
7 622 194 256 240 17 37 1
7 622 195 256 240 17 37 1
7 622 196 256 240 17 37 1
7 622 197 256 240 17 37 1
7 622 198 256 240 17 37 1
7 622 199 256 240 17 37 1
7 622 200 256 240 17 37 1
7 622 201 256 240 17 37 1
7 622 202 256 240 17 37 1
7 622 203 256 240 17 37 1
7 622 204 256 240 17 37 1
7 622 205 256 240 17 37 1
7 622 206 254 238 18 37 1
7 622 207 254 238 18 37 1
7 622 208 254 238 18 37 1
7 622 209 254 238 18 37 1
7 622 210 254 238 18 37 1
7 622 211 254 238 18 37 1
7 622 212 254 238 18 37 1
7 622 213 254 238 18 37 1
7 622 214 254 238 18 37 1
7 622 215 254 238 18 37 1
7 622 216 254 238 18 37 1
7 622 217 254 238 18 37 1
7 622 218 254 238 18 37 1
7 622 219 254 238 18 37 1
7 622 220 254 238 18 37 1
7 622 221 254 238 18 37 1
7 622 222 252 238 18 37 1
7 622 223 252 238 18 37 1
7 622 224 252 238 18 37 1
7 622 225 252 238 18 37 1
7 622 226 252 238 18 37 1
7 622 227 252 238 18 37 1
7 622 228 252 238 18 37 1
7 622 229 252 238 18 37 1
7 622 230 252 238 18 37 1
7 622 231 252 238 18 37 1
7 622 232 252 238 18 37 1
7 622 233 252 238 18 37 1
7 622 234 252 238 18 37 1
7 622 235 252 238 18 37 1
7 622 236 252 238 18 37 1
7 622 237 252 238 18 37 1
7 622 238 250 236 18 37 1
7 622 239 250 236 18 37 1
7 622 240 250 236 18 37 1
7 622 241 250 236 18 37 1
7 622 242 250 236 18 37 1
7 622 243 250 236 18 37 1
7 622 244 250 236 18 37 1
7 622 245 250 236 18 37 1
7 622 246 250 236 18 37 1
7 622 247 250 236 18 37 1
7 622 248 250 236 18 37 1
7 622 249 250 236 18 37 1
7 622 250 250 236 18 37 1
7 622 251 250 236 18 37 1
7 622 252 250 236 18 37 1
7 622 253 248 236 18 37 1
7 622 254 248 236 18 37 1
7 622 255 248 236 18 37 1
7 622 256 248 236 18 37 1
7 622 257 248 236 18 37 1
7 622 258 248 236 18 37 1
7 622 259 248 236 18 37 1
7 622 260 248 236 18 37 1
7 622 261 248 236 18 37 1
7 622 262 248 236 18 37 1
7 622 263 248 236 18 37 1
7 622 264 248 236 18 37 1
7 622 265 248 236 18 37 1
7 622 266 248 236 18 37 1
7 622 267 248 236 18 37 1
7 622 268 248 236 18 37 1
7 622 269 247 234 17 38 1
7 622 270 247 234 17 38 1
7 622 271 247 234 17 38 1
7 622 272 247 234 17 38 1
7 622 273 247 234 17 38 1
7 622 274 247 234 17 38 1
7 622 275 247 234 17 38 1
7 622 276 247 234 17 38 1
7 622 277 247 234 17 38 1
7 622 278 247 234 17 38 1
7 622 279 247 234 17 38 1
7 622 280 247 234 17 38 1
7 622 281 247 234 17 38 1
7 622 282 247 234 17 38 1
7 622 283 247 234 17 38 1
7 622 284 247 234 17 38 1
7 622 285 245 234 18 38 1
7 622 286 245 234 18 38 1
7 622 287 245 234 18 38 1
7 622 288 245 234 18 38 1
7 622 289 245 234 18 38 1
7 622 290 245 234 18 38 1
7 622 291 245 234 18 38 1
7 622 292 245 234 18 38 1
7 622 293 245 234 18 38 1
7 622 294 245 234 18 38 1
7 622 295 245 234 18 38 1
7 622 296 245 234 18 38 1
7 622 297 245 234 18 38 1
7 622 298 245 234 18 38 1
7 622 299 245 234 18 38 1
7 622 300 245 234 18 38 1
7 622 301 243 232 18 38 1
7 622 302 243 232 18 38 1
7 622 303 243 232 18 38 1
7 622 304 243 232 18 38 1
7 622 305 243 232 18 38 1
7 622 306 243 232 18 38 1
7 622 307 243 232 18 38 1
7 622 308 243 232 18 38 1
7 622 309 243 232 18 38 1
7 622 310 243 232 18 38 1
7 622 311 243 232 18 38 1
7 622 312 243 232 18 38 1
7 622 313 243 232 18 38 1
7 622 314 243 232 18 38 1
7 622 315 243 232 18 38 1
7 622 316 243 232 18 38 1
7 622 317 243 232 18 38 1
7 622 318 243 232 18 38 1
7 622 319 243 232 18 38 1
7 622 320 243 232 18 38 1
7 622 321 243 232 18 38 1
7 622 322 243 232 16 38 1
7 622 323 243 232 16 38 1
7 622 324 243 232 16 38 1
7 622 325 243 232 16 38 1
7 622 326 243 232 16 38 1
7 622 327 243 232 16 38 1
7 622 328 243 232 16 38 1
7 622 329 243 232 16 38 1
7 622 330 243 232 16 38 1
7 622 331 243 232 16 38 1
7 622 332 243 232 16 38 1
7 622 333 243 232 16 38 1
7 622 334 243 232 16 38 1
7 622 335 243 232 16 38 1
7 622 336 243 232 16 38 1
7 622 337 243 232 16 38 1
7 622 338 243 232 16 38 1
7 622 339 243 232 16 38 1
7 622 340 243 232 16 38 1
7 622 341 243 232 16 38 1
7 622 342 243 232 16 38 1
7 622 343 243 232 16 38 1
7 622 344 241 231 16 39 1
7 622 345 241 231 16 39 1
7 622 346 241 231 16 39 1
7 622 347 241 231 16 39 1
7 622 348 241 231 16 39 1
7 622 349 241 231 16 39 1
7 622 350 241 231 16 39 1
7 622 351 241 231 16 39 1
7 622 352 241 231 16 39 1
7 622 353 241 231 16 39 1
7 622 354 241 231 16 39 1
7 622 355 241 231 16 39 1
7 622 356 241 231 16 39 1
7 622 357 241 231 16 39 1
7 622 358 241 231 16 39 1
7 622 359 241 231 16 39 1
7 622 360 241 231 16 39 1
7 622 361 241 231 16 39 1
7 622 362 241 231 16 39 1
7 622 363 241 231 16 39 1
7 622 364 241 231 16 39 1
7 622 365 241 231 15 39 1
7 622 366 241 231 15 39 1
7 622 367 241 231 15 39 1
7 622 368 241 231 15 39 1
7 622 369 241 231 15 39 1
7 622 370 241 231 15 39 1
7 622 371 241 231 15 39 1
7 622 372 241 231 15 39 1
7 622 373 241 231 15 39 1
7 622 374 241 231 15 39 1
7 622 375 241 231 15 39 1
7 622 376 241 231 15 39 1
7 622 377 241 231 15 39 1
7 622 378 241 231 15 39 1
7 622 379 241 231 15 39 1
7 622 380 241 231 15 39 1
7 622 381 241 231 15 39 1
7 622 382 241 231 15 39 1
7 622 383 241 231 15 39 1
7 622 384 241 231 15 39 1
7 622 385 241 231 15 39 1
7 622 386 241 231 15 39 1
7 622 387 240 229 14 39 1
7 622 388 240 229 14 39 1
7 622 389 240 229 14 39 1
7 622 390 240 229 14 39 1
7 622 391 240 229 14 39 1
7 622 392 240 229 14 39 1
7 622 393 240 229 14 39 1
7 622 394 240 229 14 39 1
7 622 395 240 229 14 39 1
7 622 396 240 229 14 39 1
7 622 397 240 229 14 39 1
7 622 398 240 229 14 39 1
7 622 399 240 229 14 39 1
7 622 400 240 229 14 39 1
7 622 401 238 229 14 39 1
7 622 402 238 229 14 39 1
7 622 403 238 229 14 39 1
7 622 404 238 229 14 39 1
7 622 405 238 229 14 39 1
7 622 406 238 229 14 39 1
7 622 407 238 229 14 39 1
7 622 408 238 229 14 39 1
7 622 409 238 229 14 39 1
7 622 410 238 229 14 39 1
7 622 411 238 229 14 39 1
7 622 412 238 229 14 39 1
7 622 413 238 229 14 39 1
7 622 414 238 229 14 39 1
7 622 415 238 229 14 39 1
7 622 416 236 229 14 39 1
7 622 417 236 229 14 39 1
7 622 418 236 229 14 39 1
7 622 419 236 229 14 39 1
7 622 420 236 229 14 39 1
7 622 421 236 229 14 39 1
7 622 422 236 229 14 39 1
7 622 423 236 229 14 39 1
7 622 424 236 229 14 39 1
7 622 425 236 229 14 39 1
7 622 426 236 229 14 39 1
7 622 427 236 229 14 39 1
7 622 428 236 229 14 39 1
7 622 429 236 229 14 39 1
7 622 430 234 229 14 39 1
7 622 431 234 229 14 39 1
7 622 432 234 229 14 39 1
7 622 433 234 229 14 39 1
7 622 434 234 229 14 39 1
7 622 435 234 227 14 39 1
7 622 436 234 227 14 39 1
7 622 437 234 227 14 39 1
7 622 438 234 227 14 39 1
7 622 439 234 227 14 39 1
7 622 440 234 227 14 39 1
7 622 441 234 227 14 39 1
7 622 442 234 227 14 39 1
7 622 443 234 227 14 39 1
7 622 444 234 227 14 39 1
7 622 445 232 227 15 39 1
7 622 446 232 227 15 39 1
7 622 447 232 227 15 39 1
7 622 448 232 227 15 39 1
7 622 449 232 227 15 39 1
7 622 450 232 227 15 39 1
7 622 451 232 227 15 39 1
7 622 452 232 227 15 39 1
7 622 453 232 227 15 39 1
7 622 454 232 227 15 39 1
7 622 455 232 227 15 39 1
7 622 456 232 227 15 39 1
7 622 457 232 227 15 39 1
7 622 458 232 227 15 39 1
7 622 459 231 227 14 39 1
7 622 460 231 227 14 39 1
7 622 461 231 227 14 39 1
7 622 462 231 227 14 39 1
7 622 463 231 227 14 39 1
7 622 464 231 227 14 39 1
7 622 465 231 227 14 39 1
7 622 466 231 227 14 39 1
7 622 467 231 227 14 39 1
7 622 468 231 227 14 39 1
7 622 469 231 227 14 39 1
7 622 470 231 227 14 39 1
7 622 471 231 227 14 39 1
7 622 472 231 227 14 39 1
7 622 473 231 227 14 39 1
7 622 474 229 227 14 39 1
7 622 475 229 227 14 39 1
7 622 476 229 227 14 39 1
7 622 477 229 227 14 39 1
7 622 478 229 227 14 39 1
7 622 479 229 227 14 39 1
7 622 480 229 227 14 39 1
7 622 481 229 227 14 39 1
7 622 482 229 227 14 39 1
7 622 483 229 225 14 39 1
7 622 484 229 225 14 39 1
7 622 485 229 225 14 39 1
7 622 486 229 225 14 39 1
7 622 487 229 225 14 39 1
7 622 488 227 225 14 39 1
7 622 489 227 225 14 39 1
7 622 490 227 225 14 39 1
7 622 491 227 225 14 39 1
7 622 492 227 225 14 39 1
7 622 493 227 225 14 39 1
7 622 494 227 225 14 39 1
7 622 495 227 225 14 39 1
7 622 496 227 225 14 39 1
7 622 497 227 225 14 39 1
7 622 498 227 225 14 39 1
7 622 499 227 225 14 39 1
7 622 500 227 225 14 39 1
7 622 501 227 225 14 39 1
7 622 502 227 225 14 39 1
7 622 503 225 225 15 39 1
7 622 504 225 225 15 39 1
7 622 505 225 225 15 39 1
7 622 506 225 225 15 39 1
7 622 507 225 225 15 39 1
7 622 508 225 225 15 39 1
7 622 509 225 225 15 39 1
7 622 510 225 225 15 39 1
7 622 511 225 225 15 39 1
7 622 512 225 225 15 39 1
7 622 513 225 225 15 39 1
7 622 514 225 225 15 39 1
7 622 515 225 225 15 39 1
7 622 516 225 225 15 39 1
7 622 517 224 225 14 39 1
7 622 518 224 225 14 39 1
7 622 519 224 225 14 39 1
7 622 520 224 225 14 39 1
7 622 521 224 225 14 39 1
7 622 522 224 225 14 39 1
7 622 523 224 225 14 39 1
7 622 524 224 225 14 39 1
7 622 525 224 225 14 39 1
7 622 526 224 225 14 39 1
7 622 527 224 225 14 39 1
7 622 528 224 225 14 39 1
7 622 529 224 225 14 39 1
7 622 530 224 225 14 39 1
7 622 531 224 225 14 39 1
7 622 532 222 225 14 38 1
7 622 533 222 225 14 38 1
7 622 534 222 225 14 38 1
7 622 535 222 225 14 38 1
7 622 536 222 225 14 38 1
7 622 537 222 225 14 38 1
7 622 538 222 225 14 38 1
7 622 539 222 225 14 38 1
7 622 540 222 225 14 38 1
7 622 541 222 225 14 38 1
7 622 542 222 225 14 38 1
7 622 543 222 225 14 38 1
7 622 544 222 225 14 38 1
7 622 545 222 225 14 38 1
7 622 546 222 225 14 38 1
7 622 547 220 225 14 38 1
7 622 548 220 225 14 38 1
7 622 549 220 225 14 38 1
7 622 550 220 225 14 38 1
7 622 551 220 225 14 38 1
7 622 552 220 225 14 38 1
7 622 553 220 225 14 38 1
7 622 554 220 225 14 38 1
7 622 555 220 225 14 38 1
7 622 556 220 225 14 38 1
7 622 557 220 225 14 38 1
7 622 558 220 225 14 38 1
7 622 559 220 225 14 38 1
7 622 560 220 225 14 38 1
7 622 561 220 225 14 38 1
7 622 562 218 225 14 38 1
7 622 563 218 225 14 38 1
7 622 564 218 225 14 38 1
7 622 565 218 225 14 38 1
7 622 566 218 225 14 38 1
7 622 567 218 225 14 38 1
7 622 568 218 225 14 38 1
7 622 569 218 225 14 38 1
7 622 570 218 225 14 38 1
7 622 571 218 225 14 38 1
7 622 572 218 225 14 38 1
7 622 573 218 225 14 38 1
7 622 574 218 225 14 38 1
7 622 575 218 225 14 38 1
7 622 576 218 225 14 38 1
7 622 577 216 225 15 36 1
7 622 578 216 225 15 36 1
7 622 579 216 225 15 36 1
7 622 580 216 225 15 36 1
7 622 581 216 225 15 36 1
7 622 582 216 225 15 36 1
7 622 583 216 225 15 36 1
7 622 584 216 225 15 36 1
7 622 585 216 225 15 36 1
7 622 586 216 225 15 36 1
7 622 587 216 225 15 36 1
7 622 588 216 225 15 36 1
7 622 589 216 225 15 36 1
7 622 590 216 225 15 36 1
7 622 591 216 225 15 36 1
7 622 592 215 225 14 36 1
7 622 593 215 225 14 36 1
7 622 594 215 225 14 36 1
7 622 595 215 225 14 36 1
7 622 596 215 225 14 36 1
7 622 597 215 225 14 36 1
7 622 598 215 225 14 36 1
7 622 599 215 225 14 36 1
7 622 600 215 225 14 36 1
7 622 601 215 225 14 36 1
7 622 602 215 225 14 36 1
7 622 603 215 225 14 36 1
7 622 604 215 225 14 36 1
7 622 605 215 225 14 36 1
7 622 606 215 225 14 36 1
7 622 607 213 225 14 36 1
7 622 608 213 225 14 36 1
7 622 609 213 225 14 36 1
7 622 610 213 225 14 36 1
7 622 611 213 225 14 36 1
7 622 612 213 225 14 36 1
7 622 613 213 225 14 36 1
7 622 614 213 225 14 36 1
7 622 615 213 225 14 36 1
7 622 616 213 225 14 36 1
7 622 617 213 225 14 36 1
7 622 618 213 225 14 36 1
7 622 619 213 225 14 36 1
7 622 620 213 225 14 36 1
7 622 621 213 225 14 36 1
