0 71 499 60 227 23 36 1
0 71 500 62 227 21 36 1
0 71 501 64 227 21 37 1
0 71 502 65 227 20 37 1
0 71 503 67 227 20 39 1
0 71 504 69 225 21 45 1
0 71 505 71 225 23 50 1
0 71 506 72 225 25 55 1
0 71 507 74 225 27 55 1
0 71 508 76 225 28 55 1
0 71 509 78 225 30 57 1
0 71 510 80 225 24 57 1
0 71 511 81 225 20 57 1
0 71 512 83 224 20 56 1
0 71 513 85 224 21 56 1
0 71 514 87 224 23 56 1
0 71 515 88 224 25 56 1
0 71 516 90 224 27 56 1
0 71 517 92 224 28 56 1
0 71 518 92 224 28 56 1
0 71 519 94 224 28 56 1
0 71 520 94 224 28 56 1
0 71 521 96 224 28 56 1
0 71 522 96 224 28 56 1
0 71 523 97 224 29 56 1
0 71 524 99 224 29 56 1
0 71 525 101 224 28 56 1
0 71 526 103 224 28 56 1
0 71 527 104 224 29 56 1
0 71 528 106 224 29 56 1
0 71 529 108 224 28 56 1
0 71 530 110 224 28 56 1
0 71 531 112 224 30 56 1
0 71 532 113 224 32 56 1
0 71 533 113 224 32 56 1
0 71 534 115 224 32 56 1
0 71 535 117 224 32 56 1
0 71 536 119 224 32 56 1
0 71 537 120 224 32 56 1
0 71 538 120 224 32 56 1
0 71 539 122 224 32 56 1
0 71 540 124 224 32 56 1
0 71 541 126 224 32 56 1
0 71 542 128 224 32 56 1
0 71 543 129 224 32 56 1
0 71 544 131 224 32 56 1
0 71 545 133 224 32 56 1
0 71 546 135 224 32 56 1
0 71 547 136 224 32 56 1
0 71 548 138 224 32 56 1
0 71 549 138 224 32 56 1
0 71 550 140 224 32 56 1
0 71 551 142 224 32 56 1
0 71 552 144 224 32 56 1
0 71 553 145 224 32 56 1
0 71 554 145 224 32 56 1
0 71 555 147 224 32 56 1
0 71 556 149 224 32 56 1
0 71 557 151 224 32 56 1
0 71 558 152 224 32 56 1
0 71 559 154 224 32 56 1
0 71 560 156 224 32 56 1
0 71 561 158 224 32 56 1
0 71 562 160 225 32 57 1
0 71 563 160 225 32 57 1
0 71 564 161 225 32 57 1
0 71 565 163 225 32 57 1
0 71 566 165 225 32 57 1
0 71 567 167 225 32 57 1
0 71 568 168 225 32 57 1
0 71 569 170 225 32 57 1
1 37 533 17 400 36 72 1
1 37 534 19 400 34 72 1
1 37 535 21 400 34 72 1
1 37 536 24 400 32 72 1
1 37 537 26 400 32 72 1
1 37 538 28 400 32 72 1
1 37 539 32 400 28 72 1
1 37 540 33 400 29 72 1
1 37 541 35 400 29 72 1
1 37 542 39 400 26 72 1
1 37 543 40 400 27 72 1
1 37 544 44 400 25 72 1
1 37 545 46 398 25 73 1
1 37 546 48 398 24 73 1
1 37 547 49 398 25 73 1
1 37 548 51 398 25 73 1
1 37 549 53 396 25 73 1
1 37 550 55 396 25 73 1
1 37 551 56 396 25 73 1
1 37 552 58 396 25 73 1
1 37 553 60 396 25 73 1
1 37 554 62 394 25 73 1
1 37 555 64 394 24 73 1
1 37 556 65 392 25 73 1
1 37 557 67 392 25 73 1
1 37 558 69 391 25 73 1
1 37 559 71 391 25 73 1
1 37 560 72 391 25 73 1
1 37 561 72 391 27 73 1
1 37 562 72 391 31 73 1
1 37 563 74 391 32 73 1
1 37 564 74 391 36 73 1
1 37 565 76 391 37 73 1
1 37 566 76 391 41 73 1
1 37 567 78 391 42 73 1
1 37 568 80 391 40 73 1
1 37 569 81 391 39 73 1
2 171 0 778 215 18 41 1
2 171 1 778 215 18 41 1
2 171 2 778 215 18 41 1
2 171 3 778 215 18 41 1
2 171 4 778 215 18 41 1
2 171 5 778 215 18 41 1
2 171 6 780 215 18 41 1
2 171 7 780 215 18 41 1
2 171 8 780 215 18 41 1
2 171 9 780 215 18 41 1
2 171 10 780 215 18 41 1
2 171 11 782 215 18 41 1
2 171 12 782 215 18 41 1
2 171 13 784 215 17 41 1
2 171 14 784 215 17 41 1
2 171 15 785 215 18 41 1
2 171 16 785 215 18 41 1
2 171 17 787 215 18 41 1
2 171 18 789 215 18 41 1
2 171 19 789 215 18 41 1
2 171 20 791 215 17 41 1
2 171 21 791 215 17 41 1
2 171 22 792 215 18 41 1
2 171 23 792 215 18 41 1
2 171 24 794 215 18 41 1
2 171 25 796 215 18 41 1
2 171 26 796 215 18 41 1
2 171 27 798 215 18 41 1
2 171 28 798 215 18 41 1
2 171 29 800 215 17 41 1
2 171 30 801 216 18 41 1
2 171 31 801 216 18 41 1
2 171 32 803 216 18 41 1
2 171 33 803 216 18 41 1
2 171 34 805 216 18 41 1
2 171 35 805 216 18 41 1
2 171 36 807 216 17 41 1
2 171 37 807 216 17 41 1
2 171 38 808 216 18 41 1
2 171 39 808 216 18 41 1
2 171 40 810 216 18 41 1
2 171 41 812 216 18 41 1
2 171 42 812 216 18 41 1
2 171 43 814 216 18 41 1
2 171 44 814 216 18 41 1
2 171 45 816 216 17 41 1
2 171 46 816 216 17 41 1
2 171 47 817 216 18 41 1
2 171 48 817 216 18 41 1
2 171 49 819 216 18 41 1
2 171 50 819 216 18 41 1
2 171 51 821 216 18 41 1
2 171 52 823 216 17 41 1
2 171 53 823 216 17 41 1
2 171 54 823 216 17 41 1
2 171 55 824 216 18 41 1
2 171 56 824 216 18 41 1
2 171 57 826 216 18 41 1
2 171 58 826 216 18 41 1
2 171 59 828 216 18 41 1
2 171 60 828 216 18 41 1
2 171 61 830 216 18 41 1
2 171 62 830 216 18 41 1
2 171 63 832 216 17 41 1
2 171 64 832 216 17 41 1
2 171 65 832 216 17 41 1
2 171 66 833 216 18 41 1
2 171 67 833 216 18 41 1
2 171 68 835 216 18 41 1
2 171 69 835 216 18 41 1
2 171 70 837 216 18 41 1
2 171 71 837 216 18 41 1
2 171 72 839 216 17 41 1
2 171 73 839 216 17 41 1
2 171 74 840 216 18 41 1
2 171 75 840 216 18 41 1
2 171 76 842 216 18 41 1
2 171 77 842 215 18 41 1
2 171 78 842 215 18 41 1
2 171 79 842 215 18 41 1
2 171 80 842 215 18 41 1
2 171 81 844 215 18 41 1
2 171 82 844 213 18 41 1
2 171 83 844 213 18 41 1
2 171 84 844 213 18 41 1
2 171 85 844 213 18 41 1
2 171 86 846 213 18 41 1
2 171 87 846 213 18 40 1
2 171 88 846 213 18 40 1
2 171 89 846 213 18 40 1
2 171 90 846 213 19 40 1
2 171 91 846 213 19 40 1
2 171 92 846 213 19 40 1
2 171 93 847 213 18 39 1
2 171 94 847 213 19 39 1
2 171 95 847 213 19 39 1
2 171 96 847 213 19 39 1
2 171 97 847 213 19 39 1
2 171 98 847 213 20 39 1
2 171 99 848 214 19 37 1
2 171 100 848 214 19 37 1
2 171 101 848 214 20 37 1
2 171 102 848 214 20 37 1
2 171 103 848 214 20 37 1
2 171 104 848 214 20 37 1
2 171 105 849 214 20 36 1
2 171 106 849 214 20 36 1
2 171 107 849 214 20 36 1
2 171 108 849 214 20 36 1
2 171 109 849 214 21 36 1
2 171 110 849 214 21 36 1
2 171 111 850 215 20 34 1
2 171 112 850 215 21 34 1
2 171 113 850 215 21 34 1
2 171 114 850 215 21 34 1
2 171 115 850 215 21 34 1
2 171 116 850 215 22 34 1
2 171 117 851 215 21 33 1
2 171 118 851 215 21 33 1
2 171 119 851 215 21 33 1
2 171 120 851 215 22 33 1
2 171 121 851 215 22 33 1
2 171 122 851 215 22 33 1
2 171 123 852 216 22 31 1
2 171 124 852 216 22 31 1
2 171 125 852 216 22 31 1
2 171 126 852 216 22 31 1
2 171 127 852 216 22 31 1
2 171 128 852 216 22 31 1
2 171 129 853 216 22 31 1
2 171 130 853 216 22 31 1
2 171 131 853 216 22 31 1
2 171 132 853 216 22 31 1
2 171 133 853 216 22 31 1
2 171 134 853 216 22 31 1
2 171 135 854 216 22 31 1
2 171 136 854 216 22 31 1
2 171 137 854 216 22 31 1
2 171 138 854 216 22 31 1
2 171 139 854 216 22 31 1
2 171 140 854 216 22 31 1
2 171 141 855 216 22 31 1
2 171 142 855 216 22 31 1
2 171 143 855 216 22 31 1
2 171 144 855 216 22 31 1
2 171 145 855 216 22 31 1
2 171 146 855 216 22 31 1
2 171 147 856 216 22 31 1
2 171 148 856 216 22 31 1
2 171 149 856 216 22 31 1
2 171 150 856 216 22 31 1
2 171 151 856 216 22 31 1
2 171 152 856 216 22 31 1
2 171 153 857 216 22 31 1
2 171 154 857 216 22 31 1
2 171 155 857 216 22 31 1
2 171 156 857 216 22 31 1
2 171 157 857 216 22 31 1
2 171 158 857 216 22 31 1
2 171 159 858 216 22 31 1
2 171 160 858 216 22 31 1
2 171 161 858 216 22 31 1
2 171 162 858 216 22 31 1
2 171 163 858 216 22 31 1
2 171 164 858 216 22 31 1
2 171 165 859 216 22 31 1
2 171 166 859 216 22 31 1
2 171 167 859 216 22 31 1
2 171 168 859 216 22 31 1
2 171 169 859 216 22 31 1
2 171 170 860 216 22 32 1
3 322 0 840 208 20 37 1
3 322 1 839 208 19 37 1
3 322 2 839 208 19 37 1
3 322 3 839 208 19 37 1
3 322 4 839 208 19 37 1
3 322 5 839 208 19 37 1
3 322 6 837 208 19 37 1
3 322 7 837 208 19 37 1
3 322 8 837 208 19 37 1
3 322 9 837 208 19 37 1
3 322 10 837 208 19 37 1
3 322 11 837 208 19 37 1
3 322 12 835 208 20 37 1
3 322 13 835 208 20 37 1
3 322 14 835 208 20 37 1
3 322 15 835 208 20 37 1
3 322 16 835 208 20 37 1
3 322 17 835 208 20 37 1
3 322 18 835 208 20 37 1
3 322 19 835 208 20 37 1
3 322 20 835 208 20 37 1
3 322 21 833 208 20 37 1
3 322 22 833 208 20 37 1
3 322 23 833 208 20 37 1
3 322 24 833 208 20 37 1
3 322 25 833 208 20 37 1
3 322 26 833 208 20 37 1
3 322 27 833 208 20 37 1
3 322 28 833 208 20 37 1
3 322 29 833 208 20 37 1
3 322 30 833 208 20 37 1
3 322 31 832 208 19 37 1
3 322 32 832 208 19 37 1
3 322 33 832 208 19 37 1
3 322 34 832 208 19 37 1
3 322 35 832 208 19 37 1
3 322 36 832 208 19 37 1
3 322 37 832 208 19 37 1
3 322 38 832 208 19 37 1
3 322 39 832 208 19 37 1
3 322 40 832 208 19 37 1
3 322 41 832 209 19 38 1
3 322 42 832 209 19 38 1
3 322 43 832 209 19 38 1
3 322 44 832 209 19 38 1
3 322 45 832 209 19 38 1
3 322 46 832 209 19 38 1
3 322 47 832 209 19 38 1
3 322 48 832 209 19 38 1
3 322 49 832 209 19 38 1
3 322 50 832 209 19 38 1
3 322 51 832 209 19 38 1
3 322 52 832 211 19 37 1
3 322 53 830 211 19 37 1
3 322 54 830 211 19 37 1
3 322 55 830 211 19 37 1
3 322 56 830 211 19 37 1
3 322 57 830 211 19 37 1
3 322 58 830 211 19 37 1
3 322 59 828 211 20 37 1
3 322 60 828 211 20 37 1
3 322 61 828 211 20 37 1
3 322 62 828 211 20 37 1
3 322 63 828 211 20 37 1
3 322 64 828 211 20 37 1
3 322 65 828 211 20 37 1
3 322 66 826 211 20 37 1
3 322 67 826 211 20 37 1
3 322 68 826 211 20 37 1
3 322 69 826 211 20 37 1
3 322 70 826 211 20 37 1
3 322 71 826 211 20 37 1
3 322 72 824 211 20 37 1
3 322 73 824 211 20 37 1
3 322 74 824 211 20 37 1
3 322 75 824 211 20 37 1
3 322 76 824 211 20 37 1
3 322 77 824 211 20 37 1
3 322 78 824 211 20 37 1
3 322 79 823 211 19 37 1
3 322 80 823 211 19 37 1
3 322 81 823 211 19 37 1
3 322 82 823 211 19 37 1
3 322 83 823 211 19 37 1
3 322 84 823 211 19 37 1
3 322 85 821 211 19 37 1
3 322 86 821 211 19 37 1
3 322 87 821 211 19 37 1
3 322 88 821 211 19 37 1
3 322 89 821 211 19 37 1
3 322 90 821 211 19 37 1
3 322 91 821 211 19 37 1
3 322 92 819 211 20 37 1
3 322 93 819 211 20 37 1
3 322 94 819 211 20 37 1
3 322 95 819 211 20 37 1
3 322 96 819 211 20 37 1
3 322 97 819 211 20 37 1
3 322 98 819 213 20 37 1
3 322 99 819 213 20 37 1
3 322 100 819 213 20 37 1
3 322 101 819 213 20 37 1
3 322 102 819 213 20 37 1
3 322 103 819 213 20 37 1
3 322 104 819 213 20 37 1
3 322 105 819 213 20 37 1
3 322 106 819 213 20 37 1
3 322 107 821 213 19 37 1
3 322 108 821 213 19 37 1
3 322 109 821 213 19 37 1
3 322 110 821 213 19 37 1
3 322 111 821 213 19 37 1
3 322 112 821 213 19 37 1
3 322 113 821 213 19 37 1
3 322 114 821 213 19 37 1
3 322 115 821 213 19 37 1
3 322 116 823 213 19 37 1
3 322 117 823 213 19 37 1
3 322 118 823 213 19 37 1
3 322 119 823 213 19 37 1
3 322 120 823 213 19 37 1
3 322 121 823 213 19 37 1
3 322 122 823 213 19 37 1
3 322 123 823 213 19 37 1
3 322 124 823 213 19 37 1
3 322 125 824 213 20 37 1
3 322 126 824 213 20 37 1
3 322 127 824 213 20 37 1
3 322 128 824 213 20 37 1
3 322 129 824 213 20 37 1
3 322 130 824 213 20 37 1
3 322 131 824 213 20 37 1
3 322 132 824 213 20 37 1
3 322 133 824 213 20 37 1
3 322 134 826 213 20 37 1
3 322 135 826 213 20 37 1
3 322 136 826 213 20 37 1
3 322 137 826 213 20 37 1
3 322 138 826 213 20 37 1
3 322 139 826 213 20 37 1
3 322 140 826 213 20 37 1
3 322 141 826 213 20 37 1
3 322 142 826 213 20 37 1
3 322 143 828 213 20 37 1
3 322 144 828 213 20 37 1
3 322 145 828 213 20 37 1
3 322 146 828 213 20 37 1
3 322 147 828 213 20 37 1
3 322 148 828 213 20 37 1
3 322 149 828 213 20 37 1
3 322 150 828 213 20 37 1
3 322 151 828 213 20 37 1
3 322 152 830 213 19 37 1
3 322 153 830 213 19 37 1
3 322 154 830 213 19 37 1
3 322 155 830 213 19 37 1
3 322 156 830 213 19 37 1
3 322 157 830 213 19 37 1
3 322 158 830 213 19 37 1
3 322 159 830 213 19 37 1
3 322 160 830 213 19 37 1
3 322 161 832 213 19 37 1
3 322 162 832 213 19 37 1
3 322 163 832 213 19 37 1
3 322 164 832 213 19 37 1
3 322 165 832 213 19 37 1
3 322 166 832 213 19 37 1
3 322 167 832 213 19 37 1
3 322 168 832 213 19 37 1
3 322 169 832 213 19 37 1
3 322 170 833 213 20 37 1
3 322 171 833 213 20 37 1
3 322 172 833 213 20 37 1
3 322 173 833 213 20 37 1
3 322 174 835 213 20 37 1
3 322 175 835 213 20 37 1
3 322 176 835 213 20 37 1
3 322 177 835 213 20 37 1
3 322 178 837 213 19 37 1
3 322 179 837 213 19 37 1
3 322 180 837 213 19 37 1
3 322 181 837 213 19 37 1
3 322 182 839 213 19 37 1
3 322 183 839 213 19 37 1
3 322 184 839 213 19 37 1
3 322 185 839 213 19 37 1
3 322 186 840 213 20 37 1
3 322 187 840 213 20 37 1
3 322 188 840 213 20 37 1
3 322 189 840 213 20 37 1
3 322 190 842 213 20 37 1
3 322 191 842 213 20 37 1
3 322 192 842 213 20 37 1
3 322 193 842 213 20 37 1
3 322 194 844 213 20 37 1
3 322 195 844 213 20 37 1
3 322 196 844 213 20 37 1
3 322 197 846 213 19 37 1
3 322 198 846 213 19 37 1
3 322 199 846 213 19 37 1
3 322 200 846 213 19 37 1
3 322 201 846 213 19 37 1
3 322 202 848 213 19 37 1
3 322 203 848 213 19 37 1
3 322 204 848 213 19 37 1
3 322 205 848 213 19 37 1
3 322 206 848 213 19 37 1
3 322 207 849 213 20 37 1
3 322 208 849 213 20 37 1
3 322 209 849 213 20 37 1
3 322 210 849 213 20 37 1
3 322 211 849 213 20 37 1
3 322 212 851 213 20 37 1
3 322 213 851 213 20 37 1
3 322 214 851 213 20 37 1
3 322 215 851 213 20 37 1
3 322 216 851 213 20 37 1
3 322 217 853 213 19 37 1
3 322 218 853 213 19 37 1
3 322 219 853 213 19 37 1
3 322 220 853 213 19 37 1
3 322 221 853 213 19 37 1
3 322 222 855 213 19 37 1
3 322 223 855 213 19 37 1
3 322 224 855 213 19 37 1
3 322 225 855 213 19 37 1
3 322 226 856 213 20 37 1
3 322 227 856 213 20 37 1
3 322 228 856 213 20 37 1
3 322 229 856 213 20 37 1
3 322 230 856 213 20 37 1
3 322 231 858 213 20 37 1
3 322 232 858 213 20 37 1
3 322 233 858 213 20 37 1
3 322 234 858 213 20 37 1
3 322 235 858 213 20 37 1
3 322 236 860 213 20 37 1
3 322 237 860 213 20 37 1
3 322 238 860 213 20 37 1
3 322 239 860 213 20 37 1
3 322 240 860 213 20 37 1
3 322 241 862 213 19 37 1
3 322 242 862 213 19 37 1
3 322 243 862 213 19 37 1
3 322 244 862 213 19 37 1
3 322 245 862 213 19 37 1
3 322 246 864 213 19 37 1
3 322 247 864 213 19 37 1
3 322 248 864 213 19 37 1
3 322 249 864 213 19 37 1
3 322 250 864 213 19 37 1
3 322 251 865 213 20 37 1
3 322 252 865 213 20 37 1
3 322 253 865 213 20 37 1
3 322 254 865 213 20 37 1
3 322 255 867 213 20 37 1
3 322 256 867 213 20 37 1
3 322 257 867 213 20 37 1
3 322 258 867 213 20 37 1
3 322 259 867 213 20 37 1
3 322 260 867 213 20 37 1
3 322 261 867 213 20 37 1
3 322 262 867 213 20 37 1
3 322 263 867 213 20 37 1
3 322 264 867 213 20 37 1
3 322 265 867 213 20 37 1
3 322 266 867 213 20 37 1
3 322 267 867 213 20 37 1
3 322 268 867 213 20 37 1
3 322 269 867 213 20 37 1
3 322 270 867 213 20 37 1
3 322 271 867 213 20 37 1
3 322 272 867 213 20 37 1
3 322 273 867 213 20 37 1
3 322 274 867 213 20 37 1
3 322 275 867 213 20 37 1
3 322 276 867 213 20 37 1
3 322 277 867 213 20 37 1
3 322 278 867 213 20 37 1
3 322 279 867 213 20 37 1
3 322 321 819 213 20 37 1
4 280 0 814 202 23 48 1
4 280 1 814 202 23 48 1
4 280 2 814 202 23 48 1
4 280 3 814 202 23 48 1
4 280 4 814 202 23 48 1
4 280 5 814 202 23 48 1
4 280 6 814 202 23 48 1
4 280 7 814 202 23 48 1
4 280 8 814 202 23 48 1
4 280 9 814 202 23 48 1
4 280 10 814 202 23 48 1
4 280 11 814 202 23 48 1
4 280 12 814 202 23 48 1
4 280 13 814 202 23 48 1
4 280 14 814 202 23 48 1
4 280 15 814 202 23 48 1
4 280 16 814 202 23 48 1
4 280 17 814 202 23 48 1
4 280 18 814 202 23 48 1
4 280 19 814 202 23 48 1
4 280 20 814 202 23 48 1
4 280 21 814 202 23 48 1
4 280 22 814 202 23 48 1
4 280 23 814 202 23 48 1
4 280 24 814 202 23 48 1
4 280 25 814 202 23 48 1
4 280 26 814 202 23 48 1
4 280 27 814 202 23 48 1
4 280 28 814 202 23 48 1
4 280 29 814 202 23 48 1
4 280 30 814 202 23 48 1
4 280 31 814 202 23 48 1
4 280 32 814 202 23 48 1
4 280 33 814 202 23 48 1
4 280 34 816 202 23 48 1
4 280 35 816 202 23 48 1
4 280 36 816 202 23 48 1
4 280 37 816 202 23 48 1
4 280 38 816 202 23 48 1
4 280 39 816 202 23 48 1
4 280 40 816 202 23 48 1
4 280 41 816 202 23 48 1
4 280 42 816 202 23 48 1
4 280 43 816 202 23 48 1
4 280 44 816 202 23 48 1
4 280 45 816 202 23 48 1
4 280 46 816 202 23 48 1
4 280 47 816 202 23 48 1
4 280 48 816 202 23 48 1
4 280 49 816 202 23 48 1
4 280 50 816 202 23 48 1
4 280 51 816 202 23 48 1
4 280 52 816 202 23 48 1
4 280 53 816 202 23 48 1
4 280 54 816 202 23 48 1
4 280 55 816 202 23 48 1
4 280 56 816 202 23 48 1
4 280 57 816 202 23 48 1
4 280 76 819 204 23 48 1
4 280 165 810 204 25 48 1
4 280 166 810 204 25 48 1
4 280 167 810 204 25 48 1
4 280 168 810 204 25 48 1
4 280 169 812 204 25 48 1
4 280 170 812 204 25 48 1
4 280 171 812 204 25 48 1
4 280 172 812 204 25 48 1
4 280 173 814 204 25 48 1
4 280 174 814 204 25 48 1
4 280 175 814 204 25 48 1
4 280 176 814 204 25 48 1
4 280 177 816 204 24 48 1
4 280 178 816 204 24 48 1
4 280 179 816 204 24 48 1
4 280 180 816 204 24 48 1
4 280 181 816 204 24 48 1
4 280 182 817 204 25 48 1
4 280 183 817 204 25 48 1
4 280 184 817 204 25 48 1
4 280 185 817 204 25 48 1
4 280 186 817 204 25 48 1
4 280 187 819 206 25 48 1
4 280 188 821 206 23 48 1
4 280 189 821 204 23 48 1
4 280 190 823 204 23 48 1
4 280 191 823 204 23 48 1
4 280 192 823 204 23 48 1
4 280 193 824 204 24 48 1
4 280 194 824 204 24 48 1
4 280 195 826 204 23 48 1
4 280 196 826 204 23 48 1
4 280 197 828 206 23 48 1
4 280 198 828 206 23 48 1
4 280 199 828 206 23 48 1
4 280 200 828 206 23 48 1
4 280 201 830 206 23 48 1
4 280 202 830 206 23 48 1
4 280 203 830 206 23 48 1
4 280 204 832 206 23 48 1
4 280 205 832 206 23 48 1
4 280 206 832 206 23 48 1
4 280 207 832 206 23 48 1
4 280 208 833 206 23 48 1
4 280 209 833 206 23 48 1
4 280 210 833 206 23 48 1
4 280 211 835 206 23 48 1
4 280 212 835 204 23 48 1
4 280 213 835 204 23 48 1
4 280 214 835 204 23 48 1
4 280 215 837 204 23 48 1
4 280 216 837 204 23 48 1
4 280 217 837 204 23 48 1
4 280 218 839 204 23 48 1
4 280 219 839 204 23 48 1
4 280 220 839 204 23 48 1
4 280 221 839 204 23 48 1
4 280 222 840 202 24 48 1
4 280 223 840 202 24 48 1
4 280 224 840 202 24 48 1
4 280 225 842 202 23 48 1
4 280 226 842 202 23 48 1
4 280 227 842 202 23 48 1
4 280 228 842 202 23 48 1
4 280 229 844 202 23 48 1
4 280 230 844 202 23 48 1
4 280 231 844 202 23 48 1
4 280 232 846 202 23 48 1
4 280 233 846 202 23 48 1
4 280 234 846 202 23 48 1
4 280 235 846 202 23 48 1
4 280 236 846 202 23 48 1
4 280 237 846 202 23 48 1
4 280 238 846 202 23 48 1
4 280 239 846 202 23 48 1
4 280 240 848 202 23 48 1
4 280 241 848 202 23 48 1
4 280 242 848 202 23 48 1
4 280 243 848 202 23 48 1
4 280 244 848 202 23 48 1
4 280 245 848 202 23 48 1
4 280 246 848 202 23 48 1
4 280 247 848 202 23 48 1
4 280 248 849 202 23 48 1
4 280 249 849 202 23 48 1
4 280 250 849 202 23 48 1
4 280 251 849 202 23 48 1
4 280 252 849 202 23 48 1
4 280 253 849 202 23 48 1
4 280 254 849 202 23 48 1
4 280 255 851 202 23 48 1
4 280 256 851 202 23 48 1
4 280 257 851 202 23 48 1
4 280 258 851 202 23 48 1
4 280 259 851 202 23 48 1
4 280 260 851 202 23 48 1
4 280 261 851 202 23 48 1
4 280 262 851 202 23 48 1
4 280 263 851 202 23 48 1
4 280 264 851 202 23 48 1
4 280 265 851 202 23 48 1
4 280 266 851 202 23 48 1
4 280 267 851 202 23 48 1
4 280 268 851 202 23 48 1
4 280 269 851 202 23 48 1
4 280 270 851 202 23 48 1
4 280 271 851 202 23 48 1
4 280 272 851 202 23 48 1
4 280 273 851 202 23 48 1
4 280 274 851 202 23 48 1
4 280 275 851 202 23 48 1
4 280 276 851 202 23 48 1
4 280 277 851 202 23 48 1
4 280 278 851 202 23 48 1
4 280 279 851 202 23 48 1
