0 322 0 282 240 22 49 1
0 322 1 280 238 22 50 1
0 322 2 280 238 22 50 1
0 322 3 280 238 22 50 1
0 322 4 280 238 22 50 1
0 322 5 280 238 22 50 1
0 322 6 280 238 22 50 1
0 322 7 280 238 22 50 1
0 322 8 280 238 22 50 1
0 322 9 280 238 22 50 1
0 322 10 280 238 22 50 1
0 322 11 280 238 22 50 1
0 322 12 280 238 22 50 1
0 322 13 280 238 22 50 1
0 322 14 279 238 21 50 1
0 322 15 279 238 21 50 1
0 322 16 279 238 21 50 1
0 322 17 279 238 21 50 1
0 322 18 279 238 21 50 1
0 322 19 279 238 21 50 1
0 322 20 279 238 21 50 1
0 322 21 279 238 21 50 1
0 322 22 279 236 21 50 1
0 322 23 279 236 21 50 1
0 322 24 279 236 21 50 1
0 322 25 279 236 21 50 1
0 322 26 279 236 21 50 1
0 322 27 277 236 21 50 1
0 322 28 277 236 21 50 1
0 322 29 277 236 21 50 1
0 322 30 277 236 21 50 1
0 322 31 277 236 21 50 1
0 322 32 277 236 21 50 1
0 322 33 277 236 21 50 1
0 322 34 277 236 21 50 1
0 322 35 277 236 21 50 1
0 322 36 277 236 21 50 1
0 322 37 277 236 21 50 1
0 322 38 277 236 21 50 1
0 322 39 277 236 21 50 1
0 322 40 275 236 21 50 1
0 322 41 275 236 21 50 1
0 322 42 275 236 21 50 1
0 322 43 275 236 21 50 1
0 322 44 275 234 21 50 1
0 322 45 275 234 21 50 1
0 322 46 275 234 21 50 1
0 322 47 275 234 21 50 1
0 322 48 275 234 21 50 1
0 322 49 275 234 21 50 1
0 322 50 275 234 21 50 1
0 322 51 275 234 21 50 1
0 322 52 275 234 21 50 1
0 322 53 273 234 22 50 1
0 322 54 273 234 22 50 1
0 322 55 273 234 22 50 1
0 322 56 273 234 22 50 1
0 322 57 273 234 22 50 1
0 322 58 273 234 22 50 1
0 322 59 273 234 22 50 1
0 322 60 273 234 22 50 1
0 322 61 273 234 22 50 1
0 322 62 273 234 22 50 1
0 322 63 273 234 22 50 1
0 322 64 273 234 22 50 1
0 322 65 273 234 22 50 1
0 322 66 272 234 21 50 1
0 322 67 272 234 21 50 1
0 322 68 272 234 21 50 1
0 322 69 272 234 21 50 1
0 322 70 272 234 21 50 1
0 322 71 272 234 21 50 1
0 322 72 272 234 21 50 1
0 322 73 272 234 21 50 1
0 322 74 272 234 21 50 1
0 322 75 272 234 21 50 1
0 322 76 270 234 21 50 1
0 322 77 270 234 21 50 1
0 322 78 270 234 21 50 1
0 322 79 270 234 21 50 1
0 322 80 270 234 21 50 1
0 322 81 270 234 21 50 1
0 322 82 270 234 21 50 1
0 322 83 270 234 21 50 1
0 322 84 270 234 21 50 1
0 322 85 270 234 21 50 1
0 322 86 270 236 21 50 1
0 322 87 270 236 21 50 1
0 322 88 270 236 21 50 1
0 322 89 270 236 21 50 1
0 322 90 270 236 21 50 1
0 322 91 270 236 21 50 1
0 322 92 270 236 21 50 1
0 322 93 270 236 21 50 1
0 322 94 270 236 21 50 1
0 322 95 270 236 21 50 1
0 322 96 270 236 21 50 1
0 322 97 270 236 21 50 1
0 322 98 270 236 21 50 1
0 322 99 270 236 21 50 1
0 322 100 270 236 21 50 1
0 322 101 270 236 21 50 1
0 322 102 270 236 21 50 1
0 322 103 268 234 21 50 1
0 322 104 268 234 21 50 1
0 322 105 268 234 21 50 1
0 322 106 268 234 21 50 1
0 322 107 268 234 21 50 1
0 322 108 268 234 21 50 1
0 322 109 268 234 21 50 1
0 322 110 268 234 21 50 1
0 322 111 268 234 21 50 1
0 322 112 268 234 21 50 1
0 322 113 268 234 21 50 1
0 322 114 268 234 21 50 1
0 322 115 268 234 21 50 1
0 322 116 268 234 21 50 1
0 322 117 268 234 21 50 1
0 322 118 268 234 21 50 1
0 322 119 268 234 21 50 1
0 322 120 268 234 21 50 1
0 322 121 268 234 21 50 1
0 322 122 268 232 21 50 1
0 322 123 268 232 21 50 1
0 322 124 268 232 21 50 1
0 322 125 268 232 21 50 1
0 322 126 268 232 21 50 1
0 322 127 268 232 21 50 1
0 322 128 268 232 21 50 1
0 322 129 268 231 21 49 1
0 322 130 268 231 21 49 1
0 322 131 268 231 21 49 1
0 322 132 268 231 21 49 1
0 322 133 268 231 21 49 1
0 322 134 270 231 21 49 1
0 322 135 270 231 21 49 1
0 322 136 270 231 21 49 1
0 322 137 270 231 21 49 1
0 322 138 270 231 21 49 1
0 322 139 272 231 21 49 1
0 322 140 272 231 21 49 1
0 322 141 272 231 21 49 1
0 322 142 272 229 21 50 1
0 322 143 272 229 21 50 1
0 322 144 273 229 22 50 1
0 322 145 273 229 22 50 1
0 322 146 273 229 22 50 1
0 322 147 273 229 22 50 1
0 322 148 273 229 22 50 1
0 322 149 275 229 21 50 1
0 322 150 275 229 21 50 1
0 322 151 275 229 21 50 1
0 322 152 275 229 21 50 1
0 322 153 275 229 21 50 1
0 322 154 277 229 21 50 1
0 322 155 277 229 21 50 1
0 322 156 277 229 21 50 1
0 322 157 277 229 21 50 1
0 322 158 279 229 21 50 1
0 322 159 279 229 21 50 1
0 322 160 279 229 21 50 1
0 322 161 279 229 21 50 1
0 322 162 280 229 22 50 1
0 322 163 280 229 22 50 1
0 322 164 280 229 22 50 1
0 322 165 282 229 22 50 1
0 322 166 282 229 22 50 1
0 322 167 282 229 22 50 1
0 322 168 282 229 22 50 1
0 322 169 284 229 21 50 1
0 322 170 284 229 21 50 1
0 322 171 284 229 21 50 1
0 322 172 286 229 21 50 1
0 322 173 286 229 21 48 1
0 322 174 286 229 21 48 1
0 322 175 286 229 21 48 1
0 322 176 286 229 21 48 1
0 322 177 286 229 21 48 1
0 322 178 286 229 21 48 1
0 322 179 286 229 23 48 1
0 322 180 286 229 23 48 1
0 322 181 286 229 23 48 1
0 322 182 286 229 23 48 1
0 322 183 288 229 21 46 1
0 322 184 288 229 21 46 1
0 322 185 288 229 21 46 1
0 322 186 288 229 23 46 1
0 322 187 288 229 23 46 1
0 322 188 288 229 23 46 1
0 322 189 288 229 23 46 1
0 322 190 288 229 23 46 1
0 322 191 288 229 23 46 1
0 322 192 288 229 23 46 1
0 322 193 289 231 23 44 1
0 322 194 288 231 23 44 1
0 322 195 288 231 23 44 1
0 322 196 288 231 23 44 1
0 322 197 288 231 23 44 1
0 322 198 288 231 23 44 1
0 322 199 288 231 23 44 1
0 322 200 288 231 23 44 1
0 322 201 288 231 23 44 1
0 322 202 288 231 23 44 1
0 322 203 288 231 23 44 1
0 322 204 288 231 23 44 1
0 322 205 288 231 23 44 1
0 322 206 288 231 23 44 1
0 322 207 288 231 23 44 1
0 322 208 288 231 23 44 1
0 322 209 288 231 23 44 1
0 322 210 288 231 23 44 1
0 322 211 288 231 23 44 1
0 322 212 288 231 23 44 1
0 322 213 288 231 23 44 1
0 322 214 288 231 23 44 1
0 322 215 288 231 23 44 1
0 322 216 288 231 23 44 1
0 322 217 288 231 23 44 1
0 322 218 286 231 23 44 1
0 322 219 286 231 23 44 1
0 322 220 286 231 23 44 1
0 322 221 286 231 23 44 1
0 322 222 286 231 23 44 1
0 322 223 286 231 23 44 1
0 322 224 286 231 23 44 1
0 322 225 286 231 23 44 1
0 322 226 286 231 23 44 1
0 322 227 286 231 23 44 1
0 322 228 286 231 23 44 1
0 322 229 286 231 23 44 1
0 322 230 286 231 23 44 1
0 322 231 286 231 23 44 1
0 322 232 286 231 23 44 1
0 322 233 286 231 23 44 1
0 322 234 286 231 23 44 1
0 322 235 286 231 23 44 1
0 322 236 286 231 23 44 1
0 322 237 286 231 23 44 1
0 322 238 286 231 23 44 1
0 322 239 286 231 23 44 1
0 322 240 286 231 23 44 1
0 322 241 286 232 23 45 1
0 322 242 286 232 23 45 1
0 322 243 286 232 23 45 1
0 322 244 286 232 23 45 1
0 322 245 288 232 23 45 1
0 322 246 288 232 23 45 1
0 322 247 288 232 23 45 1
0 322 248 288 232 23 45 1
0 322 249 289 232 23 45 1
0 322 250 289 232 23 45 1
0 322 251 289 232 23 45 1
0 322 252 289 232 23 45 1
0 322 253 291 232 23 45 1
0 322 254 291 232 23 45 1
0 322 255 291 232 23 45 1
0 322 256 291 232 23 45 1
0 322 257 293 232 23 45 1
0 322 258 293 231 21 44 1
0 322 259 293 231 21 44 1
0 322 260 293 231 19 44 1
0 322 261 293 231 19 44 1
0 322 262 293 231 19 44 1
0 322 263 293 231 18 44 1
0 322 264 293 231 18 44 1
0 322 265 295 231 16 44 1
0 322 266 295 229 16 44 1
0 322 267 296 229 16 44 1
0 322 321 270 236 21 50 1
1 322 0 199 231 17 33 1
1 322 1 197 231 18 33 1
1 322 2 197 231 18 33 1
1 322 3 197 231 18 33 1
1 322 4 197 231 18 33 1
1 322 5 197 231 18 33 1
1 322 6 197 231 18 33 1
1 322 7 197 231 18 33 1
1 322 8 197 231 18 33 1
1 322 9 197 231 18 33 1
1 322 10 197 231 18 33 1
1 322 11 197 231 18 33 1
1 322 12 197 231 18 33 1
1 322 13 197 231 18 33 1
1 322 14 197 231 18 33 1
1 322 15 197 231 18 33 1
1 322 16 197 231 18 33 1
1 322 17 197 231 18 33 1
1 322 18 197 231 18 33 1
1 322 19 197 231 18 33 1
1 322 20 197 231 18 33 1
1 322 21 197 231 18 33 1
1 322 22 197 231 18 33 1
1 322 23 197 231 18 33 1
1 322 24 197 231 18 33 1
1 322 25 197 231 18 33 1
1 322 26 197 231 18 33 1
1 322 27 197 231 18 33 1
1 322 28 197 231 18 33 1
1 322 29 197 231 18 33 1
1 322 30 197 231 18 33 1
1 322 31 197 231 18 33 1
1 322 32 197 231 18 33 1
1 322 33 195 231 18 33 1
1 322 34 195 231 18 33 1
1 322 35 195 231 18 33 1
1 322 36 195 231 18 33 1
1 322 37 195 231 18 33 1
1 322 38 195 231 18 33 1
1 322 39 195 231 18 33 1
1 322 40 195 231 18 33 1
1 322 41 195 231 18 33 1
1 322 42 195 231 18 33 1
1 322 43 195 231 18 33 1
1 322 44 195 231 18 33 1
1 322 45 195 231 18 33 1
1 322 46 195 231 18 33 1
1 322 47 195 231 18 33 1
1 322 48 195 231 18 33 1
1 322 49 195 231 18 33 1
1 322 50 195 231 18 33 1
1 322 51 195 231 18 33 1
1 322 52 195 231 18 33 1
1 322 53 195 231 18 33 1
1 322 54 195 231 18 33 1
1 322 55 195 231 18 33 1
1 322 56 195 231 18 33 1
1 322 57 195 231 18 33 1
1 322 58 195 231 18 33 1
1 322 59 195 231 18 33 1
1 322 60 195 231 18 33 1
1 322 61 195 231 18 33 1
1 322 62 195 231 18 33 1
1 322 63 195 231 18 33 1
1 322 64 195 231 18 33 1
1 322 65 195 231 18 33 1
1 322 66 193 231 18 33 1
1 322 67 193 231 18 33 1
1 322 68 193 231 18 33 1
1 322 69 193 231 18 33 1
1 322 70 193 231 18 33 1
1 322 71 193 231 18 33 1
1 322 72 193 231 18 33 1
1 322 73 193 231 18 33 1
1 322 74 193 231 18 33 1
1 322 75 193 231 18 33 1
1 322 76 193 231 18 33 1
1 322 77 193 231 18 33 1
1 322 78 193 231 18 33 1
1 322 79 193 231 18 33 1
1 322 80 193 231 18 33 1
1 322 81 193 231 18 33 1
1 322 82 193 231 18 33 1
1 322 83 193 231 18 33 1
1 322 84 193 231 18 33 1
1 322 85 193 231 18 33 1
1 322 86 193 231 18 33 1
1 322 87 193 231 18 33 1
1 322 88 193 231 18 33 1
1 322 89 193 231 18 33 1
1 322 90 193 231 18 33 1
1 322 91 193 231 18 33 1
1 322 92 193 231 18 33 1
1 322 93 193 231 18 33 1
1 322 94 193 231 18 33 1
1 322 95 193 231 18 33 1
1 322 96 193 231 18 33 1
1 322 97 193 231 18 33 1
1 322 98 193 231 18 33 1
1 322 99 192 231 17 33 1
1 322 100 192 231 17 33 1
1 322 101 192 231 17 33 1
1 322 102 192 231 17 33 1
1 322 103 192 231 17 33 1
1 322 104 192 231 17 33 1
1 322 105 192 231 17 33 1
1 322 106 192 231 17 33 1
1 322 107 192 231 17 33 1
1 322 108 192 231 17 33 1
1 322 109 192 231 17 33 1
1 322 110 192 231 17 33 1
1 322 111 192 231 17 33 1
1 322 112 192 231 17 33 1
1 322 113 192 231 17 33 1
1 322 114 192 231 17 33 1
1 322 115 192 231 17 33 1
1 322 116 192 231 17 33 1
1 322 117 192 231 17 33 1
1 322 118 192 231 17 33 1
1 322 119 192 231 17 33 1
1 322 120 192 231 17 33 1
1 322 121 192 231 17 33 1
1 322 122 192 231 17 33 1
1 322 123 192 231 17 33 1
1 322 124 192 231 17 33 1
1 322 125 192 231 17 33 1
1 322 126 192 231 17 33 1
1 322 127 192 231 17 33 1
1 322 128 192 231 17 33 1
1 322 129 192 231 17 33 1
1 322 130 192 231 17 33 1
1 322 131 192 232 17 34 1
1 322 132 190 231 18 33 1
1 322 133 190 231 18 33 1
1 322 134 190 231 18 33 1
1 322 135 190 231 18 33 1
1 322 136 190 231 18 33 1
1 322 137 190 231 18 33 1
1 322 138 190 231 18 33 1
1 322 139 190 231 18 33 1
1 322 140 190 231 18 33 1
1 322 141 190 231 18 33 1
1 322 142 190 231 18 33 1
1 322 143 190 231 18 33 1
1 322 144 190 231 18 33 1
1 322 145 190 231 18 33 1
1 322 146 190 231 18 33 1
1 322 147 190 231 18 33 1
1 322 148 190 231 18 33 1
1 322 149 190 231 18 33 1
1 322 150 190 231 18 33 1
1 322 151 190 231 18 33 1
1 322 152 188 231 18 33 1
1 322 153 188 231 18 33 1
1 322 154 188 231 18 33 1
1 322 155 188 231 18 33 1
1 322 156 188 231 18 33 1
1 322 157 188 231 18 33 1
1 322 158 188 231 18 33 1
1 322 159 188 231 18 33 1
1 322 160 188 231 18 33 1
1 322 161 188 231 18 33 1
1 322 162 188 231 18 33 1
1 322 163 188 231 18 33 1
1 322 164 188 231 18 33 1
1 322 165 188 231 18 33 1
1 322 166 188 231 18 33 1
1 322 167 188 231 18 33 1
1 322 168 188 231 18 33 1
1 322 169 188 231 18 33 1
1 322 170 188 231 18 33 1
1 322 171 188 231 18 33 1
1 322 172 186 231 18 33 1
1 322 173 186 231 18 33 1
1 322 174 186 231 18 33 1
1 322 175 186 231 18 33 1
1 322 176 186 231 18 33 1
1 322 177 186 231 18 33 1
1 322 178 186 231 18 33 1
1 322 179 186 231 18 33 1
1 322 180 186 231 18 33 1
1 322 181 186 231 18 33 1
1 322 182 186 231 18 33 1
1 322 183 186 231 18 33 1
1 322 184 186 231 18 33 1
1 322 185 186 231 18 33 1
1 322 186 186 231 18 33 1
1 322 187 186 231 18 33 1
1 322 188 186 231 18 33 1
1 322 189 186 231 18 33 1
1 322 190 186 231 18 33 1
1 322 191 186 231 18 33 1
1 322 192 186 231 18 33 1
1 322 193 184 231 18 33 1
1 322 194 184 231 18 33 1
1 322 195 184 231 18 33 1
1 322 196 184 231 18 33 1
1 322 197 184 231 18 33 1
1 322 198 184 231 18 33 1
1 322 199 184 231 18 33 1
1 322 200 184 231 18 33 1
1 322 201 184 231 18 33 1
1 322 202 184 231 18 33 1
1 322 203 184 231 18 33 1
1 322 204 184 231 18 33 1
1 322 205 184 231 18 33 1
1 322 206 184 231 18 33 1
1 322 207 184 231 18 33 1
1 322 208 184 231 18 33 1
1 322 209 184 231 18 33 1
1 322 210 184 231 18 33 1
1 322 211 184 231 18 33 1
1 322 212 184 231 18 33 1
1 322 213 183 231 17 33 1
1 322 214 183 231 17 33 1
1 322 215 183 231 17 33 1
1 322 216 183 231 17 33 1
1 322 217 183 231 17 33 1
1 322 218 183 231 17 33 1
1 322 219 183 231 17 33 1
1 322 220 183 231 17 33 1
1 322 221 183 231 17 33 1
1 322 222 183 231 17 33 1
1 322 223 183 231 17 33 1
1 322 224 183 231 17 33 1
1 322 225 183 231 17 33 1
1 322 226 183 231 17 33 1
1 322 227 183 231 17 33 1
1 322 228 183 231 17 33 1
1 322 229 183 231 17 33 1
1 322 230 183 231 17 33 1
1 322 231 183 231 17 33 1
1 322 232 183 231 17 33 1
1 322 233 183 231 17 33 1
1 322 234 181 231 18 33 1
1 322 235 181 231 18 33 1
1 322 236 181 231 18 33 1
1 322 237 181 231 18 33 1
1 322 238 181 231 18 33 1
1 322 239 181 231 18 33 1
1 322 240 181 231 18 33 1
1 322 241 181 231 18 33 1
1 322 242 181 231 18 33 1
1 322 243 181 231 18 33 1
1 322 244 181 231 18 33 1
1 322 245 181 231 18 33 1
1 322 246 181 231 18 33 1
1 322 247 181 231 18 33 1
1 322 248 181 231 18 33 1
1 322 249 181 231 18 33 1
1 322 250 181 231 18 33 1
1 322 251 181 231 18 33 1
1 322 252 181 231 18 33 1
1 322 253 181 231 18 33 1
1 322 254 181 231 18 33 1
1 322 255 181 231 18 33 1
1 322 256 181 231 18 33 1
1 322 257 181 231 18 33 1
1 322 258 181 231 18 33 1
1 322 259 179 231 18 33 1
1 322 260 179 231 18 33 1
1 322 261 179 231 18 33 1
1 322 262 179 231 18 33 1
1 322 263 179 231 18 33 1
1 322 264 179 231 18 33 1
1 322 265 179 231 18 33 1
1 322 266 179 231 18 33 1
1 322 267 179 231 18 33 1
1 322 268 179 231 18 33 1
1 322 269 179 231 18 33 1
1 322 270 179 231 18 33 1
1 322 271 179 231 18 33 1
1 322 272 179 231 18 33 1
1 322 273 179 231 18 33 1
1 322 274 179 231 18 33 1
1 322 275 179 231 18 33 1
1 322 276 179 231 18 33 1
1 322 277 179 231 18 33 1
1 322 278 179 231 18 33 1
1 322 279 179 231 18 33 1
1 322 280 179 231 18 33 1
1 322 281 179 231 18 33 1
1 322 282 179 231 18 33 1
1 322 283 179 231 18 33 1
1 322 284 177 231 18 33 1
1 322 285 177 231 18 33 1
1 322 286 177 231 18 33 1
1 322 287 177 231 18 33 1
1 322 288 177 231 18 33 1
1 322 289 177 231 18 33 1
1 322 290 177 231 18 33 1
1 322 291 177 231 18 33 1
1 322 292 177 231 18 33 1
1 322 293 177 231 18 33 1
1 322 294 177 231 18 33 1
1 322 295 177 231 18 33 1
1 322 296 177 231 18 33 1
1 322 297 177 231 18 33 1
1 322 298 177 231 18 33 1
1 322 299 177 231 18 33 1
1 322 300 177 231 18 33 1
1 322 301 177 231 18 33 1
1 322 302 177 231 18 33 1
1 322 303 177 231 18 33 1
1 322 304 177 231 18 33 1
1 322 305 177 231 18 33 1
1 322 306 177 231 18 33 1
1 322 307 177 231 18 33 1
1 322 308 177 232 18 34 1
1 322 309 177 231 18 33 1
1 322 310 177 231 18 33 1
1 322 311 177 231 18 33 1
1 322 312 177 231 18 33 1
1 322 313 177 231 18 33 1
1 322 314 177 231 18 33 1
1 322 315 177 229 18 34 1
1 322 316 177 229 18 34 1
1 322 317 177 229 18 34 1
1 322 318 177 229 18 34 1
1 322 319 177 229 18 34 1
1 322 320 177 229 18 34 1
1 322 321 179 229 18 34 1
2 389 157 3 288 27 69 1
2 389 158 14 286 26 69 1
2 389 159 24 284 27 69 1
2 389 160 28 282 27 70 1
2 389 161 33 282 27 70 1
2 389 162 39 280 26 70 1
2 389 163 44 280 27 70 1
2 389 164 51 279 27 69 1
2 389 165 60 279 27 69 1
2 389 166 69 279 27 69 1
2 389 167 74 279 27 67 1
2 389 168 81 279 25 65 1
2 389 169 87 279 25 64 1
2 389 170 94 279 25 62 1
2 389 171 101 279 25 62 1
2 389 172 108 279 25 62 1
2 389 173 115 280 25 63 1
2 389 174 120 279 25 62 1
2 389 175 128 279 24 62 1
2 389 176 133 279 25 62 1
2 389 177 140 279 25 62 1
2 389 178 147 279 25 62 1
2 389 179 156 280 25 63 1
2 389 180 163 280 25 63 1
2 389 181 172 282 25 62 1
2 389 182 176 279 26 71 1
2 389 183 181 277 28 78 1
2 389 184 186 277 29 78 1
2 389 185 192 277 28 78 1
2 389 186 197 277 28 78 1
2 389 187 204 275 32 78 1
2 389 188 211 275 36 77 1
2 389 189 215 273 35 77 1
2 389 190 220 273 36 77 1
2 389 191 224 273 35 77 1
2 389 192 229 273 35 77 1
2 389 193 234 273 36 77 1
2 389 194 240 273 35 77 1
2 389 195 245 275 35 75 1
2 389 196 250 275 36 75 1
2 389 197 257 277 34 73 1
2 389 198 261 275 34 73 1
2 389 199 264 275 34 73 1
2 389 200 270 275 34 71 1
2 389 201 273 275 34 71 1
2 389 202 277 275 34 69 1
2 389 203 282 275 34 69 1
2 389 204 286 273 34 70 1
2 389 205 289 273 34 70 1
2 389 206 293 273 34 70 1
2 389 207 296 272 34 69 1
2 389 208 300 272 34 69 1
2 389 209 304 272 33 69 1
2 389 210 307 272 34 69 1
2 389 211 309 270 34 69 1
2 389 212 312 270 34 69 1
2 389 213 314 270 34 69 1
2 389 214 318 270 34 69 1
2 389 215 320 270 33 69 1
2 389 216 323 270 34 69 1
2 389 217 327 270 33 69 1
2 389 218 327 268 33 69 1
2 389 219 328 268 34 69 1
2 389 220 330 268 34 68 1
2 389 221 332 268 32 68 1
2 389 222 332 268 34 68 1
2 389 223 334 268 34 66 1
2 389 224 336 268 32 66 1
2 389 225 337 268 32 66 1
2 389 226 337 266 34 66 1
2 389 227 339 266 32 66 1
2 389 228 341 266 32 64 1
2 389 229 343 266 32 64 1
2 389 230 343 266 32 64 1
2 389 231 344 266 32 62 1
2 389 232 346 266 32 62 1
2 389 233 348 266 32 62 1
2 389 234 346 264 32 63 1
2 389 235 346 264 32 63 1
2 389 236 346 264 32 63 1
2 389 237 346 264 32 61 1
2 389 238 346 264 32 61 1
2 389 239 346 263 32 62 1
2 389 240 346 263 32 60 1
2 389 241 346 263 32 60 1
2 389 242 346 263 32 60 1
2 389 243 346 263 32 58 1
2 389 244 346 261 32 60 1
2 389 245 346 261 32 60 1
2 389 246 346 261 32 60 1
2 389 247 344 261 32 59 1
2 389 248 344 261 32 59 1
2 389 249 344 259 32 61 1
2 389 250 344 259 32 59 1
2 389 251 344 259 32 59 1
2 389 252 344 259 32 59 1
2 389 253 344 259 32 57 1
2 389 254 344 257 32 59 1
2 389 255 344 257 32 59 1
2 389 256 344 257 32 57 1
2 389 257 344 257 32 57 1
2 389 258 344 257 32 57 1
2 389 259 344 257 32 57 1
2 389 260 343 256 32 56 1
2 389 261 343 256 32 56 1
2 389 262 343 256 30 55 1
2 389 263 341 256 32 55 1
2 389 264 341 256 30 55 1
2 389 265 341 254 30 55 1
2 389 266 339 254 30 55 1
2 389 267 339 254 30 53 1
2 389 268 339 254 29 53 1
2 389 269 337 254 31 53 1
2 389 270 337 252 29 53 1
2 389 271 337 252 29 53 1
2 389 272 336 252 28 53 1
2 389 273 336 252 28 52 1
2 389 274 336 252 26 52 1
2 389 275 334 250 28 52 1
2 389 276 334 250 26 52 1
2 389 277 334 250 26 52 1
2 389 278 332 250 27 50 1
2 389 279 332 250 27 50 1
2 389 280 332 250 27 50 1
2 389 281 330 248 27 50 1
2 389 282 328 248 27 50 1
2 389 283 328 248 27 50 1
2 389 284 327 248 26 50 1
2 389 285 327 248 26 50 1
2 389 286 325 248 27 50 1
2 389 287 323 248 27 50 1
2 389 288 323 248 27 50 1
2 389 289 321 248 27 50 1
2 389 290 321 248 27 50 1
2 389 291 320 248 26 50 1
2 389 292 320 248 26 50 1
2 389 293 318 247 26 49 1
2 389 294 316 247 27 49 1
2 389 295 314 247 27 49 1
2 389 296 314 247 25 49 1
2 389 297 312 247 25 49 1
2 389 298 311 247 25 49 1
2 389 299 309 247 25 49 1
2 389 300 309 247 23 49 1
2 389 301 307 247 23 48 1
2 389 302 305 247 23 48 1
2 389 303 305 247 23 46 1
2 389 304 304 247 23 46 1
2 389 305 304 247 21 46 1
2 389 306 302 247 23 44 1
2 389 307 300 247 23 44 1
2 389 308 300 247 21 44 1
2 389 309 298 247 23 42 1
2 389 310 298 248 22 41 1
2 389 311 296 248 22 41 1
2 389 312 295 248 23 40 1
2 389 313 295 248 21 40 1
2 389 314 293 248 21 40 1
2 389 315 293 248 21 38 1
2 389 316 291 248 21 38 1
2 389 317 289 248 22 38 1
2 389 318 289 248 22 36 1
2 389 319 288 248 21 36 1
2 389 320 288 250 21 34 1
2 389 321 286 248 21 34 1
2 389 322 284 248 21 34 1
2 389 323 284 248 21 34 1
2 389 324 282 248 22 34 1
2 389 325 282 248 22 34 1
2 389 326 280 247 22 33 1
2 389 327 279 247 21 33 1
2 389 328 279 247 21 33 1
2 389 329 277 247 21 33 1
2 389 330 277 247 21 33 1
2 389 331 275 245 21 34 1
2 389 332 273 245 22 34 1
2 389 333 273 245 22 34 1
2 389 334 272 245 21 34 1
2 389 335 272 245 21 34 1
2 389 336 270 243 21 34 1
2 389 337 268 243 21 34 1
2 389 338 268 243 21 34 1
2 389 339 266 243 22 34 1
2 389 340 266 243 22 34 1
2 389 341 264 241 22 34 1
2 389 342 263 241 21 34 1
2 389 343 263 241 21 34 1
2 389 344 261 241 21 34 1
2 389 345 261 241 21 34 1
2 389 346 259 240 21 33 1
2 389 347 257 240 22 33 1
2 389 348 257 240 22 33 1
2 389 349 256 240 21 33 1
2 389 350 256 240 21 33 1
2 389 351 254 238 21 34 1
2 389 352 254 238 21 34 1
2 389 353 254 238 21 34 1
2 389 354 254 238 21 34 1
2 389 355 252 238 21 34 1
2 389 356 252 238 21 34 1
2 389 357 252 238 21 34 1
2 389 358 252 238 21 34 1
2 389 359 252 238 21 34 1
2 389 360 250 238 22 34 1
2 389 361 250 238 22 34 1
2 389 362 250 238 22 34 1
2 389 363 250 238 22 34 1
2 389 364 250 238 22 32 1
2 389 365 248 238 22 32 1
2 389 366 248 238 22 32 1
2 389 367 248 238 22 32 1
2 389 368 248 238 22 32 1
2 389 369 247 238 21 32 1
2 389 370 247 238 21 32 1
2 389 371 247 236 21 34 1
2 389 372 247 236 21 34 1
2 389 373 247 236 21 34 1
2 389 374 245 236 21 34 1
2 389 375 245 236 21 34 1
2 389 376 245 236 21 34 1
2 389 377 245 236 21 32 1
2 389 378 245 236 21 32 1
2 389 379 243 236 21 32 1
2 389 380 243 236 21 32 1
2 389 381 243 236 21 32 1
2 389 382 243 236 21 32 1
2 389 383 241 236 22 32 1
2 389 384 241 236 22 32 1
2 389 385 241 236 22 32 1
2 389 386 241 236 22 32 1
2 389 387 241 236 22 32 1
2 389 388 240 236 21 32 1
2 389 389 240 236 21 32 1
2 389 390 240 236 21 32 1
2 389 391 240 234 21 32 1
2 389 392 240 234 21 32 1
2 389 393 238 234 21 32 1
2 389 394 238 234 21 32 1
2 389 395 238 234 21 32 1
2 389 396 238 234 21 32 1
2 389 397 238 234 21 32 1
2 389 398 236 234 21 32 1
2 389 399 236 234 21 32 1
2 389 400 236 234 21 32 1
2 389 401 236 234 21 32 1
2 389 402 234 234 22 32 1
2 389 403 234 234 22 32 1
2 389 404 234 234 22 30 1
2 389 405 234 234 22 30 1
2 389 406 234 234 22 30 1
2 389 407 232 234 22 30 1
2 389 408 232 234 22 30 1
2 389 409 232 234 22 30 1
2 389 410 232 234 22 30 1
2 389 411 232 232 22 32 1
2 389 412 231 232 21 32 1
2 389 413 231 232 21 32 1
2 389 414 231 232 21 32 1
2 389 415 231 232 21 32 1
2 389 416 229 232 21 32 1
2 389 417 229 232 21 31 1
2 389 418 229 232 21 31 1
2 389 419 229 232 21 31 1
2 389 420 229 232 21 31 1
2 389 421 227 232 21 31 1
2 389 422 227 232 21 31 1
2 389 423 227 232 21 31 1
2 389 424 227 232 21 31 1
2 389 425 227 232 21 31 1
2 389 426 225 232 22 31 1
2 389 427 225 232 22 31 1
2 389 428 225 232 22 31 1
2 389 429 225 232 22 31 1
2 389 430 225 232 22 31 1
2 389 431 224 231 21 30 1
2 389 432 224 231 21 30 1
2 389 433 224 231 21 30 1
2 389 434 222 231 21 30 1
2 389 435 222 231 21 30 1
2 389 436 222 231 21 30 1
2 389 437 220 231 21 30 1
2 389 438 220 231 21 30 1
2 389 439 220 231 21 30 1
2 389 440 218 231 23 30 1
2 389 441 218 231 22 28 1
2 389 442 218 231 22 28 1
2 389 443 216 231 24 28 1
2 389 444 216 231 22 28 1
2 389 445 216 231 22 28 1
2 389 446 215 229 23 30 1
2 389 447 215 229 21 30 1
2 389 448 215 229 21 30 1
2 389 449 213 229 23 30 1
2 389 450 213 229 23 30 1
2 389 451 213 229 21 28 1
2 389 452 211 229 23 28 1
2 389 453 211 229 23 28 1
2 389 454 211 229 21 28 1
2 389 455 209 229 23 28 1
2 389 456 209 229 23 28 1
2 389 457 209 229 22 28 1
2 389 458 208 229 23 28 1
2 389 459 208 229 23 28 1
2 389 460 208 229 23 28 1
2 389 461 206 229 23 28 1
2 389 462 206 229 23 28 1
2 389 463 206 229 23 28 1
2 389 464 206 229 23 28 1
2 389 465 204 229 23 28 1
2 389 466 204 229 23 28 1
2 389 467 204 229 23 28 1
2 389 468 204 229 23 28 1
2 389 469 204 229 23 28 1
2 389 470 202 229 23 28 1
2 389 471 202 229 23 28 1
2 389 472 202 229 23 28 1
2 389 473 202 229 23 28 1
2 389 474 202 229 23 28 1
2 389 475 200 229 24 28 1
2 389 476 200 229 24 28 1
2 389 477 200 229 24 28 1
2 389 478 200 229 24 28 1
2 389 479 199 229 23 28 1
2 389 480 199 229 23 28 1
2 389 481 199 229 23 28 1
2 389 482 199 229 23 28 1
2 389 483 199 229 23 28 1
2 389 484 197 229 23 28 1
2 389 485 197 229 23 28 1
2 389 486 197 229 23 28 1
2 389 487 197 229 23 28 1
2 389 488 197 229 23 28 1
2 389 489 195 229 23 28 1
2 389 490 195 229 23 28 1
2 389 491 195 229 23 28 1
2 389 492 195 229 23 28 1
2 389 493 193 229 23 28 1
2 389 494 193 229 23 28 1
2 389 495 193 229 23 28 1
2 389 496 193 229 23 28 1
2 389 497 193 229 23 28 1
2 389 498 192 229 23 28 1
2 389 499 192 229 23 28 1
2 389 500 192 229 23 28 1
2 389 501 192 229 23 28 1
2 389 502 192 229 23 28 1
2 389 503 190 229 23 28 1
2 389 504 190 229 23 28 1
2 389 505 190 229 23 28 1
2 389 506 190 229 23 28 1
2 389 507 188 229 23 28 1
2 389 508 188 229 23 28 1
2 389 509 188 229 23 28 1
2 389 510 188 229 23 28 1
2 389 511 188 229 23 28 1
2 389 512 186 229 23 28 1
2 389 513 186 229 23 28 1
2 389 514 186 229 23 28 1
2 389 515 186 229 23 28 1
2 389 516 186 229 23 28 1
2 389 517 184 229 24 28 1
2 389 518 184 229 24 28 1
2 389 519 184 229 24 28 1
2 389 520 184 229 24 28 1
2 389 521 183 229 23 28 1
2 389 522 183 229 23 28 1
2 389 523 183 229 23 28 1
2 389 524 183 229 23 28 1
2 389 525 183 229 23 28 1
2 389 526 181 229 23 28 1
2 389 527 181 229 23 28 1
2 389 528 181 229 23 28 1
2 389 529 181 229 23 28 1
2 389 530 181 231 23 26 1
2 389 531 181 231 23 26 1
2 389 532 181 231 23 26 1
2 389 533 181 231 23 26 1
2 389 534 181 231 23 26 1
2 389 535 181 231 23 26 1
2 389 536 181 231 23 26 1
2 389 537 181 231 23 26 1
2 389 538 181 231 23 26 1
2 389 539 181 231 23 26 1
2 389 540 181 231 23 26 1
2 389 541 181 231 23 26 1
2 389 542 181 231 23 26 1
2 389 543 181 231 23 26 1
2 389 544 181 231 23 26 1
2 389 545 181 231 23 26 1
3 546 0 142 231 14 30 1
3 546 1 140 231 14 30 1
3 546 2 140 231 14 30 1
3 546 3 140 231 14 30 1
3 546 4 140 231 14 30 1
3 546 5 140 231 14 30 1
3 546 6 140 231 14 30 1
3 546 7 140 231 14 30 1
3 546 8 140 231 14 30 1
3 546 9 140 231 14 30 1
3 546 10 140 231 14 30 1
3 546 11 140 231 14 30 1
3 546 12 140 231 14 30 1
3 546 13 140 231 14 30 1
3 546 14 140 231 14 30 1
3 546 15 140 231 14 30 1
3 546 16 140 231 14 30 1
3 546 17 140 231 14 30 1
3 546 18 140 231 14 30 1
3 546 19 140 231 14 30 1
3 546 20 140 231 14 30 1
3 546 21 140 231 14 30 1
3 546 22 140 231 14 30 1
3 546 23 140 231 14 30 1
3 546 24 140 231 14 30 1
3 546 25 140 231 14 30 1
3 546 26 140 231 14 30 1
3 546 27 140 231 14 30 1
3 546 28 140 231 14 30 1
3 546 29 140 231 14 30 1
3 546 30 140 231 14 30 1
3 546 31 140 231 14 30 1
3 546 32 140 231 14 30 1
3 546 33 140 231 14 30 1
3 546 34 140 231 14 30 1
3 546 35 140 231 14 30 1
3 546 36 140 231 14 30 1
3 546 37 140 231 14 30 1
3 546 38 140 231 14 30 1
3 546 39 140 231 14 30 1
3 546 40 140 231 14 30 1
3 546 41 140 231 14 30 1
3 546 42 140 231 14 30 1
3 546 43 140 231 14 30 1
3 546 44 140 231 14 30 1
3 546 45 140 231 14 30 1
3 546 46 140 231 14 30 1
3 546 47 140 231 14 30 1
3 546 48 140 231 14 30 1
3 546 49 140 231 14 30 1
3 546 50 140 231 14 30 1
3 546 51 140 231 14 30 1
3 546 52 140 231 14 30 1
3 546 53 140 231 14 30 1
3 546 54 140 231 14 30 1
3 546 55 140 231 14 30 1
3 546 56 140 231 14 30 1
3 546 57 138 231 14 30 1
3 546 58 138 231 14 30 1
3 546 59 138 231 14 30 1
3 546 60 138 231 14 30 1
3 546 61 138 231 14 30 1
3 546 62 138 231 14 30 1
3 546 63 138 231 14 30 1
3 546 64 138 231 14 30 1
3 546 65 138 231 14 30 1
3 546 66 138 231 14 30 1
3 546 67 138 231 14 30 1
3 546 68 138 231 14 30 1
3 546 69 138 231 14 30 1
3 546 70 138 231 14 30 1
3 546 71 138 231 14 30 1
3 546 72 138 231 14 30 1
3 546 73 138 231 14 30 1
3 546 74 138 231 14 30 1
3 546 75 138 231 14 30 1
3 546 76 138 231 14 30 1
3 546 77 138 231 14 30 1
3 546 78 138 231 14 30 1
3 546 79 138 231 14 30 1
3 546 80 138 231 14 30 1
3 546 81 138 231 14 30 1
3 546 82 138 231 14 30 1
3 546 83 138 231 14 30 1
3 546 84 138 231 14 30 1
3 546 85 138 231 14 30 1
3 546 86 138 231 14 30 1
3 546 87 138 231 14 30 1
3 546 88 138 231 14 30 1
3 546 89 138 231 14 30 1
3 546 90 138 231 14 30 1
3 546 91 138 231 14 30 1
3 546 92 138 231 14 30 1
3 546 93 138 231 14 30 1
3 546 94 138 231 14 30 1
3 546 95 138 231 14 30 1
3 546 96 138 231 14 30 1
3 546 97 138 231 14 30 1
3 546 98 138 231 14 30 1
3 546 99 138 231 14 30 1
3 546 100 138 231 14 30 1
3 546 101 138 231 14 30 1
3 546 102 138 231 14 30 1
3 546 103 138 231 14 30 1
3 546 104 138 231 14 30 1
3 546 105 138 231 14 30 1
3 546 106 138 231 14 30 1
3 546 107 138 231 14 30 1
3 546 108 138 231 14 30 1
3 546 109 138 231 14 30 1
3 546 110 138 231 14 30 1
3 546 111 138 231 14 30 1
3 546 112 138 231 14 30 1
3 546 113 138 231 14 30 1
3 546 114 138 231 14 30 1
3 546 115 138 231 14 30 1
3 546 116 138 231 14 30 1
3 546 117 138 231 14 30 1
3 546 118 138 231 14 30 1
3 546 119 138 231 14 30 1
3 546 120 138 231 14 30 1
3 546 121 138 231 14 30 1
3 546 122 138 231 14 30 1
3 546 123 138 231 14 30 1
3 546 124 138 231 14 30 1
3 546 125 138 231 14 30 1
3 546 126 138 231 14 30 1
3 546 127 138 231 14 30 1
3 546 128 138 231 14 30 1
3 546 129 138 231 14 30 1
3 546 130 138 231 14 30 1
3 546 131 138 231 14 30 1
3 546 132 138 231 14 30 1
3 546 133 138 231 14 30 1
3 546 134 138 231 14 30 1
3 546 135 138 231 14 30 1
3 546 136 138 231 14 30 1
3 546 137 138 231 14 30 1
3 546 138 138 231 14 30 1
3 546 139 138 231 14 30 1
3 546 140 138 231 14 30 1
3 546 141 138 231 14 30 1
3 546 142 138 231 14 30 1
3 546 143 138 231 14 30 1
3 546 144 138 231 14 30 1
3 546 145 138 231 14 30 1
3 546 146 138 231 14 30 1
3 546 147 138 231 14 30 1
3 546 148 138 231 14 30 1
3 546 149 138 231 14 30 1
3 546 150 138 231 14 30 1
3 546 151 138 231 14 30 1
3 546 152 138 231 14 30 1
3 546 153 138 231 14 30 1
3 546 154 138 231 14 30 1
3 546 155 138 231 14 30 1
3 546 156 138 231 14 30 1
3 546 157 138 231 14 30 1
3 546 158 138 231 14 30 1
3 546 159 138 231 14 30 1
3 546 160 138 231 14 30 1
3 546 161 138 231 14 30 1
3 546 162 138 231 14 30 1
3 546 163 138 231 14 30 1
3 546 164 138 231 14 30 1
3 546 165 138 231 14 30 1
3 546 166 138 231 14 30 1
3 546 167 138 231 14 30 1
3 546 168 138 231 14 30 1
3 546 169 138 231 14 30 1
3 546 170 138 231 14 30 1
3 546 171 138 231 14 30 1
3 546 172 138 231 14 30 1
3 546 173 138 231 14 30 1
3 546 174 138 231 14 30 1
3 546 175 138 231 14 30 1
3 546 176 138 231 14 30 1
3 546 177 138 231 14 30 1
3 546 178 138 231 14 30 1
3 546 179 138 231 14 30 1
3 546 180 138 231 14 30 1
3 546 181 138 231 14 30 1
3 546 182 138 231 14 30 1
3 546 183 138 231 14 30 1
3 546 184 138 231 14 30 1
3 546 185 138 231 14 30 1
3 546 186 138 231 14 30 1
3 546 187 138 231 14 30 1
3 546 188 138 231 14 30 1
3 546 189 138 231 14 30 1
3 546 190 138 231 14 30 1
3 546 191 138 231 14 30 1
3 546 192 138 231 14 30 1
3 546 193 140 231 14 30 1
3 546 194 140 231 14 30 1
3 546 195 140 231 14 30 1
3 546 196 140 231 14 30 1
3 546 197 140 231 14 30 1
3 546 198 140 231 14 30 1
3 546 199 140 231 14 30 1
3 546 200 140 231 14 30 1
3 546 201 140 231 14 30 1
3 546 202 142 231 14 30 1
3 546 203 142 231 14 30 1
3 546 204 142 231 14 30 1
3 546 205 142 231 14 30 1
3 546 206 142 231 14 30 1
3 546 207 142 231 14 30 1
3 546 208 142 231 14 30 1
3 546 209 142 231 14 30 1
3 546 210 142 231 14 30 1
3 546 211 144 231 14 30 1
3 546 212 144 231 14 30 1
3 546 213 144 231 14 30 1
3 546 214 144 231 14 30 1
3 546 215 144 231 14 30 1
3 546 216 144 231 14 30 1
3 546 217 144 231 14 30 1
3 546 218 144 231 14 30 1
3 546 219 144 231 14 30 1
3 546 220 145 231 15 30 1
3 546 221 145 231 15 30 1
3 546 222 145 231 15 30 1
3 546 223 145 231 15 30 1
3 546 224 145 231 15 30 1
3 546 225 145 231 15 30 1
3 546 226 145 231 15 30 1
3 546 227 145 231 15 30 1
3 546 228 145 231 15 30 1
3 546 229 145 231 15 30 1
3 546 230 145 231 15 30 1
3 546 231 145 231 15 30 1
3 546 232 145 231 15 30 1
3 546 233 145 231 15 30 1
3 546 234 147 231 14 30 1
3 546 235 147 231 14 30 1
3 546 236 147 231 14 30 1
3 546 237 147 231 14 30 1
3 546 238 147 231 14 30 1
3 546 239 147 231 14 30 1
3 546 240 147 231 14 30 1
3 546 241 147 231 14 30 1
3 546 242 147 231 14 30 1
3 546 243 147 231 14 30 1
3 546 244 147 231 14 30 1
3 546 245 147 231 14 30 1
3 546 246 147 231 14 30 1
3 546 247 147 231 14 30 1
3 546 248 149 231 14 30 1
3 546 249 149 231 14 30 1
3 546 250 149 231 14 30 1
3 546 251 149 231 14 30 1
3 546 252 149 231 14 30 1
3 546 253 149 231 14 30 1
3 546 254 149 231 14 30 1
3 546 255 149 231 14 30 1
3 546 256 149 231 14 30 1
3 546 257 149 231 14 30 1
3 546 258 149 231 14 30 1
3 546 259 149 231 14 30 1
3 546 260 149 231 14 30 1
3 546 261 149 231 14 30 1
3 546 262 151 231 14 30 1
3 546 263 151 231 14 30 1
3 546 264 151 231 14 30 1
3 546 265 151 231 14 30 1
3 546 266 151 231 14 30 1
3 546 267 151 231 14 30 1
3 546 268 151 231 14 30 1
3 546 269 151 231 14 30 1
3 546 270 151 231 14 30 1
3 546 271 151 231 14 30 1
3 546 272 151 231 14 30 1
3 546 273 151 231 14 30 1
3 546 274 151 231 14 30 1
3 546 275 151 231 14 30 1
3 546 276 152 231 15 30 1
3 546 277 152 231 15 30 1
3 546 278 152 231 15 30 1
3 546 279 152 231 15 30 1
3 546 280 152 231 15 30 1
3 546 281 152 231 15 30 1
3 546 282 152 231 15 30 1
3 546 283 152 231 15 30 1
3 546 284 152 231 15 30 1
3 546 285 152 231 15 30 1
3 546 286 152 231 15 30 1
3 546 287 152 231 15 30 1
3 546 288 152 231 15 30 1
3 546 289 152 231 15 30 1
3 546 290 152 231 15 30 1
3 546 291 152 231 15 30 1
3 546 292 152 231 15 30 1
3 546 293 152 231 15 30 1
3 546 294 152 231 15 30 1
3 546 295 152 231 15 30 1
3 546 296 152 231 15 30 1
3 546 297 152 231 15 30 1
3 546 298 152 231 15 30 1
3 546 299 152 231 15 30 1
3 546 300 154 231 14 30 1
3 546 301 154 231 14 30 1
3 546 302 154 231 14 30 1
3 546 303 154 231 14 30 1
3 546 304 154 231 14 30 1
3 546 305 154 231 14 30 1
3 546 306 154 231 14 30 1
3 546 307 154 231 14 30 1
3 546 308 154 231 14 30 1
3 546 309 154 231 14 30 1
3 546 310 154 231 14 30 1
3 546 311 154 231 14 30 1
3 546 312 154 231 14 30 1
3 546 313 154 231 14 30 1
3 546 314 154 231 14 30 1
3 546 315 154 231 14 30 1
3 546 316 154 231 14 30 1
3 546 317 154 231 14 30 1
3 546 318 154 231 14 30 1
3 546 319 154 231 14 30 1
3 546 320 154 231 14 30 1
3 546 321 154 231 14 30 1
3 546 322 154 231 14 30 1
3 546 323 154 231 14 30 1
3 546 324 154 231 14 30 1
3 546 325 154 231 16 30 1
3 546 326 154 231 16 30 1
3 546 327 154 231 16 30 1
3 546 328 154 231 16 30 1
3 546 329 154 231 16 30 1
3 546 330 154 231 16 30 1
3 546 331 154 231 16 30 1
3 546 332 154 231 16 30 1
3 546 333 154 231 16 30 1
3 546 334 154 231 16 30 1
3 546 335 156 231 14 30 1
3 546 336 156 231 14 30 1
3 546 337 156 231 14 30 1
3 546 338 156 231 14 30 1
3 546 339 156 231 14 30 1
3 546 340 156 231 14 30 1
3 546 341 156 231 14 30 1
3 546 342 156 231 14 30 1
3 546 343 156 231 14 30 1
3 546 344 156 231 14 30 1
3 546 345 156 231 14 30 1
3 546 346 156 231 14 30 1
3 546 347 156 231 14 30 1
3 546 348 156 231 14 30 1
3 546 349 156 231 16 30 1
3 546 350 156 231 16 30 1
3 546 351 156 231 16 30 1
3 546 352 156 231 16 30 1
3 546 353 156 231 16 30 1
3 546 354 156 231 16 30 1
3 546 355 156 231 16 30 1
3 546 356 156 231 16 30 1
3 546 357 156 231 16 30 1
3 546 358 156 231 16 30 1
3 546 359 156 231 16 30 1
3 546 360 156 231 16 30 1
3 546 361 156 231 16 30 1
3 546 362 156 231 16 30 1
3 546 363 156 231 16 30 1
3 546 364 156 231 16 30 1
3 546 365 156 231 16 30 1
3 546 366 156 231 16 30 1
3 546 367 156 231 16 30 1
3 546 368 156 231 16 30 1
3 546 369 156 231 16 30 1
3 546 370 158 231 14 30 1
3 546 371 158 231 14 30 1
3 546 372 158 231 14 30 1
3 546 373 158 231 14 30 1
3 546 374 158 231 16 30 1
3 546 375 158 231 16 30 1
3 546 376 158 231 16 30 1
3 546 377 158 231 16 30 1
3 546 378 158 231 16 30 1
3 546 379 158 231 16 30 1
3 546 380 158 231 16 30 1
3 546 381 158 231 16 30 1
3 546 382 158 231 16 30 1
3 546 383 158 231 16 30 1
3 546 384 158 231 16 30 1
3 546 385 158 231 16 30 1
3 546 386 158 231 16 30 1
3 546 387 158 231 16 30 1
3 546 388 158 231 16 30 1
3 546 389 158 231 16 30 1
3 546 390 158 231 16 30 1
3 546 391 158 231 16 30 1
3 546 392 158 231 16 30 1
3 546 393 158 231 16 30 1
3 546 394 158 231 16 30 1
3 546 395 158 231 16 30 1
3 546 396 158 231 16 30 1
3 546 397 158 231 16 30 1
3 546 398 158 231 18 30 1
3 546 399 158 231 18 30 1
3 546 400 158 231 18 30 1
3 546 401 158 231 18 30 1
3 546 402 158 231 18 30 1
3 546 403 158 231 18 30 1
3 546 404 158 231 18 30 1
3 546 405 160 231 16 30 1
3 546 406 160 231 16 30 1
3 546 407 160 231 16 30 1
3 546 408 160 231 16 30 1
3 546 409 160 231 16 30 1
3 546 410 160 231 16 30 1
3 546 411 160 231 16 30 1
3 546 412 160 231 16 30 1
3 546 413 160 231 16 30 1
3 546 414 160 231 16 30 1
3 546 415 160 231 16 30 1
3 546 416 160 231 16 30 1
3 546 417 160 231 16 30 1
3 546 418 160 231 16 30 1
3 546 419 160 231 16 30 1
3 546 420 160 231 16 30 1
3 546 421 160 231 16 30 1
3 546 422 160 231 16 30 1
3 546 423 160 232 17 29 1
3 546 424 160 232 17 29 1
3 546 425 160 232 17 29 1
3 546 426 160 232 17 29 1
3 546 427 160 232 17 29 1
3 546 428 160 232 17 29 1
3 546 429 160 232 17 29 1
3 546 430 160 232 17 29 1
3 546 431 160 232 17 29 1
3 546 432 160 232 17 29 1
3 546 433 160 232 17 29 1
3 546 434 160 232 17 29 1
3 546 435 160 232 17 29 1
3 546 436 160 232 17 29 1
3 546 437 160 232 17 29 1
3 546 438 160 232 17 29 1
3 546 439 160 232 17 29 1
3 546 440 161 232 16 29 1
3 546 441 161 232 16 29 1
3 546 442 161 232 16 29 1
3 546 443 161 232 16 29 1
3 546 444 161 232 16 29 1
3 546 445 161 232 16 29 1
3 546 446 161 232 16 29 1
3 546 447 161 232 18 29 1
3 546 448 161 232 18 29 1
3 546 449 161 232 18 29 1
3 546 450 161 232 18 29 1
3 546 451 161 232 18 29 1
3 546 452 161 232 18 29 1
3 546 453 161 232 18 29 1
3 546 454 161 232 18 29 1
3 546 455 161 232 18 29 1
3 546 456 161 232 18 29 1
3 546 457 161 232 18 29 1
3 546 458 161 232 18 29 1
3 546 459 161 232 18 29 1
3 546 460 161 232 18 29 1
3 546 461 161 232 18 29 1
3 546 462 161 232 18 29 1
3 546 463 161 232 18 29 1
3 546 464 161 232 18 29 1
3 546 465 161 232 18 29 1
3 546 466 161 232 18 29 1
3 546 467 161 232 18 29 1
3 546 468 161 232 18 29 1
3 546 469 161 232 18 29 1
3 546 470 161 232 18 29 1
3 546 471 161 232 18 29 1
3 546 472 161 232 20 29 1
3 546 473 161 232 20 29 1
3 546 474 161 232 20 29 1
3 546 475 163 232 18 29 1
3 546 476 163 232 18 29 1
3 546 477 163 232 18 29 1
3 546 478 163 232 18 29 1
3 546 479 163 232 18 29 1
3 546 480 163 232 18 29 1
3 546 481 163 232 18 29 1
3 546 482 163 232 18 29 1
3 546 483 163 232 18 29 1
3 546 484 163 232 18 29 1
3 546 485 163 232 18 29 1
3 546 486 163 232 18 29 1
3 546 487 163 232 18 29 1
3 546 488 163 232 18 29 1
3 546 489 163 232 18 29 1
3 546 490 163 232 18 29 1
3 546 491 163 232 18 29 1
3 546 492 163 232 18 29 1
3 546 493 163 232 18 29 1
3 546 494 163 232 18 29 1
3 546 495 163 232 18 29 1
3 546 496 163 232 20 29 1
3 546 497 163 232 20 29 1
3 546 498 163 232 20 29 1
3 546 499 163 232 20 29 1
3 546 500 163 232 20 29 1
3 546 501 163 232 20 29 1
3 546 502 163 232 20 29 1
3 546 503 163 232 20 29 1
3 546 504 163 232 20 29 1
3 546 505 163 232 20 29 1
3 546 506 163 232 20 29 1
3 546 507 163 232 20 29 1
3 546 508 163 232 20 29 1
3 546 509 163 232 20 29 1
3 546 510 165 232 18 29 1
3 546 511 165 232 18 29 1
3 546 512 165 232 18 29 1
3 546 513 165 232 18 29 1
3 546 514 165 232 18 29 1
3 546 515 165 232 18 29 1
3 546 516 165 232 18 29 1
3 546 517 165 232 18 29 1
3 546 518 165 232 18 29 1
3 546 519 165 232 18 29 1
3 546 520 165 232 18 29 1
3 546 521 165 232 19 29 1
3 546 522 165 232 19 29 1
3 546 523 165 232 19 29 1
3 546 524 165 232 19 29 1
3 546 525 165 232 19 29 1
3 546 526 165 232 19 29 1
3 546 527 165 232 19 29 1
3 546 528 165 232 19 29 1
3 546 529 165 232 19 29 1
3 546 530 165 232 19 29 1
3 546 531 165 232 19 29 1
3 546 532 165 232 19 29 1
3 546 533 165 232 19 29 1
3 546 534 165 232 19 29 1
3 546 535 165 232 19 29 1
3 546 536 165 232 19 29 1
3 546 537 165 232 19 29 1
3 546 538 165 232 19 29 1
3 546 539 165 232 19 29 1
3 546 540 165 232 19 29 1
3 546 541 165 232 19 29 1
3 546 542 165 232 19 29 1
3 546 543 165 232 19 29 1
3 546 544 165 232 19 29 1
3 546 545 167 234 19 27 1
4 344 202 248 227 16 30 1
4 344 203 247 227 16 30 1
4 344 204 245 227 16 30 1
4 344 205 245 227 16 30 1
4 344 206 243 227 16 30 1
4 344 207 243 227 16 30 1
4 344 208 241 227 16 30 1
4 344 209 241 227 16 30 1
4 344 210 241 227 16 30 1
4 344 211 240 227 16 30 1
4 344 212 240 227 16 30 1
4 344 213 238 227 16 30 1
4 344 214 238 227 16 30 1
4 344 215 238 227 16 30 1
4 344 216 236 227 16 30 1
4 344 217 236 227 16 30 1
4 344 218 234 227 16 30 1
4 344 219 234 227 16 30 1
4 344 220 234 227 16 30 1
4 344 221 232 227 16 30 1
4 344 222 232 227 16 30 1
4 344 223 231 227 16 30 1
4 344 224 231 227 16 30 1
4 344 225 231 227 16 30 1
4 344 226 229 227 16 30 1
4 344 227 229 227 16 30 1
4 344 228 227 227 16 30 1
4 344 229 227 227 16 30 1
4 344 230 227 227 16 30 1
4 344 231 225 227 16 30 1
4 344 232 225 227 16 30 1
4 344 233 225 229 16 30 1
4 344 234 224 229 16 30 1
4 344 235 224 229 16 30 1
4 344 236 222 229 16 30 1
4 344 237 222 229 16 30 1
4 344 238 222 229 16 30 1
4 344 239 220 229 16 30 1
4 344 240 220 229 16 30 1
4 344 241 218 229 16 30 1
4 344 242 218 229 16 30 1
4 344 243 218 229 16 30 1
4 344 244 216 229 16 30 1
4 344 245 216 229 16 30 1
4 344 246 216 229 16 30 1
4 344 247 215 229 16 30 1
4 344 248 215 229 16 30 1
4 344 249 213 229 16 30 1
4 344 250 213 229 16 30 1
4 344 251 213 229 16 30 1
4 344 252 211 229 16 30 1
4 344 253 211 229 16 30 1
4 344 254 209 229 16 30 1
4 344 255 209 229 16 30 1
4 344 256 209 229 16 30 1
4 344 257 208 229 16 30 1
4 344 258 208 229 16 30 1
4 344 259 206 229 16 30 1
4 344 260 206 229 16 30 1
4 344 261 206 231 16 30 1
4 344 262 204 229 16 30 1
4 344 263 204 229 16 30 1
4 344 264 202 229 16 30 1
4 344 265 202 229 16 30 1
4 344 266 202 229 16 30 1
4 344 267 200 229 16 30 1
4 344 268 200 229 16 30 1
4 344 269 200 229 16 30 1
4 344 270 199 229 16 30 1
4 344 271 199 229 16 30 1
4 344 272 199 229 16 30 1
4 344 273 197 229 16 30 1
4 344 274 197 229 16 30 1
4 344 275 197 229 16 30 1
4 344 276 195 229 16 30 1
4 344 277 195 229 16 30 1
4 344 278 195 229 16 30 1
4 344 279 193 229 16 30 1
4 344 280 193 229 16 30 1
4 344 281 193 229 16 30 1
4 344 282 193 229 16 30 1
4 344 283 192 229 16 30 1
4 344 284 192 229 16 30 1
4 344 285 192 229 16 30 1
4 344 286 192 229 16 30 1
4 344 287 190 229 16 30 1
4 344 288 190 229 16 30 1
4 344 289 190 229 16 30 1
4 344 290 190 231 16 30 1
4 344 291 188 231 16 30 1
4 344 292 188 231 16 30 1
4 344 293 188 231 16 30 1
4 344 294 186 231 16 30 1
4 344 295 186 231 16 30 1
4 344 296 186 231 16 30 1
4 344 297 184 231 16 30 1
4 344 298 184 231 16 30 1
4 344 299 184 231 16 30 1
4 344 300 184 231 16 30 1
4 344 301 183 229 16 30 1
4 344 302 183 229 16 30 1
4 344 303 183 229 16 30 1
4 344 304 183 229 16 30 1
4 344 305 183 229 16 30 1
4 344 306 183 229 16 30 1
4 344 307 183 229 16 30 1
4 344 308 183 229 16 30 1
4 344 309 183 229 16 30 1
4 344 310 183 229 16 30 1
4 344 311 183 229 16 30 1
4 344 312 183 229 16 30 1
4 344 313 183 229 16 30 1
4 344 314 183 229 16 30 1
4 344 315 183 229 16 30 1
4 344 316 183 229 16 30 1
4 344 317 183 229 16 30 1
4 344 318 181 229 18 30 1
4 344 319 181 229 16 30 1
4 344 320 181 229 16 30 1
4 344 321 181 229 16 30 1
4 344 322 181 229 16 30 1
4 344 323 181 229 16 30 1
4 344 324 181 229 16 30 1
4 344 325 181 229 16 30 1
4 344 326 181 229 16 30 1
4 344 327 181 229 16 30 1
4 344 328 181 229 16 30 1
4 344 329 181 229 16 30 1
4 344 330 181 229 16 30 1
4 344 331 181 229 16 30 1
4 344 332 181 229 16 30 1
4 344 333 181 229 16 30 1
4 344 334 181 229 16 30 1
4 344 335 181 229 16 30 1
4 344 336 179 229 18 30 1
4 344 337 179 229 18 30 1
4 344 338 179 229 16 30 1
4 344 339 179 229 16 30 1
4 344 340 179 229 16 30 1
4 344 341 179 229 16 30 1
4 344 342 179 229 16 30 1
4 344 343 179 229 16 30 1
4 344 344 179 229 16 30 1
4 344 345 179 229 16 30 1
4 344 346 179 229 16 30 1
4 344 347 179 229 16 30 1
4 344 348 179 229 16 30 1
4 344 349 179 229 16 30 1
4 344 350 179 229 16 30 1
4 344 351 179 229 16 30 1
4 344 352 179 229 16 30 1
4 344 353 177 229 18 30 1
4 344 354 177 229 18 30 1
4 344 355 177 229 18 30 1
4 344 356 177 229 18 30 1
4 344 357 177 229 16 30 1
4 344 358 177 229 16 30 1
4 344 359 177 229 16 30 1
4 344 360 177 229 16 30 1
4 344 361 177 229 16 30 1
4 344 362 177 229 16 28 1
4 344 363 177 229 16 28 1
4 344 364 177 229 16 28 1
4 344 365 177 229 16 28 1
4 344 366 177 229 16 28 1
4 344 367 177 229 16 28 1
4 344 368 177 229 16 28 1
4 344 369 177 229 16 28 1
4 344 370 177 229 16 28 1
4 344 371 176 229 17 28 1
4 344 372 176 229 17 28 1
4 344 373 176 229 17 28 1
4 344 374 176 229 17 28 1
4 344 375 176 229 17 28 1
4 344 376 176 229 16 28 1
4 344 377 176 229 16 28 1
4 344 378 176 229 16 28 1
4 344 379 176 229 16 28 1
4 344 380 176 229 16 28 1
4 344 381 176 229 16 28 1
4 344 382 176 229 16 28 1
4 344 383 176 229 16 28 1
4 344 384 176 229 16 28 1
4 344 385 176 229 16 28 1
4 344 386 176 229 16 28 1
4 344 387 176 229 16 28 1
4 344 388 174 229 18 28 1
4 344 389 174 229 18 28 1
4 344 390 174 229 18 28 1
4 344 391 174 229 18 28 1
4 344 392 174 229 18 28 1
4 344 393 174 229 18 28 1
4 344 394 174 229 18 28 1
4 344 395 174 229 16 28 1
4 344 396 174 229 16 28 1
4 344 397 174 229 16 28 1
4 344 398 174 229 16 28 1
4 344 399 174 229 16 28 1
4 344 400 174 229 16 28 1
4 344 401 174 229 16 28 1
4 344 402 174 229 16 28 1
4 344 403 174 229 16 28 1
4 344 404 174 229 16 28 1
4 344 405 174 229 16 28 1
4 344 406 172 229 18 28 1
4 344 407 172 229 18 28 1
4 344 408 172 229 18 28 1
4 344 409 172 229 18 28 1
4 344 410 172 229 18 28 1
4 344 411 172 229 18 28 1
4 344 412 172 229 18 28 1
4 344 413 172 229 18 28 1
4 344 414 172 229 16 28 1
4 344 415 172 229 16 28 1
4 344 416 172 229 16 28 1
4 344 417 172 229 16 28 1
4 344 418 172 229 16 28 1
4 344 419 172 229 16 28 1
4 344 420 172 229 16 28 1
4 344 421 172 229 16 28 1
4 344 422 172 229 16 28 1
4 344 423 170 229 18 27 1
4 344 424 170 229 18 27 1
4 344 425 170 229 18 27 1
4 344 426 170 229 18 27 1
4 344 427 170 229 18 27 1
4 344 428 170 229 18 27 1
4 344 429 170 229 18 27 1
4 344 430 170 229 18 27 1
4 344 431 170 229 18 27 1
4 344 432 170 229 16 27 1
4 344 433 170 229 16 27 1
4 344 434 170 229 16 27 1
4 344 435 170 229 16 27 1
4 344 436 170 229 16 27 1
4 344 437 170 229 16 27 1
4 344 438 170 229 16 27 1
4 344 439 170 229 16 27 1
4 344 440 170 229 16 27 1
4 344 441 168 229 18 27 1
4 344 442 168 229 18 27 1
4 344 443 168 229 18 27 1
4 344 444 168 229 18 27 1
4 344 445 168 229 18 27 1
4 344 446 168 229 18 27 1
4 344 447 168 229 18 27 1
4 344 448 168 229 18 27 1
4 344 449 168 229 18 27 1
4 344 450 168 229 18 27 1
4 344 451 168 229 16 27 1
4 344 452 168 229 16 27 1
4 344 453 168 229 16 27 1
4 344 454 168 229 16 27 1
4 344 455 168 229 16 27 1
4 344 456 168 229 16 27 1
4 344 457 168 229 16 27 1
4 344 458 167 229 17 27 1
4 344 459 167 229 17 27 1
4 344 460 167 229 17 27 1
4 344 461 167 229 17 27 1
4 344 462 167 229 17 27 1
4 344 463 167 229 17 27 1
4 344 464 167 229 17 27 1
4 344 465 167 229 17 27 1
4 344 466 167 229 17 27 1
4 344 467 167 229 17 27 1
4 344 468 167 229 17 27 1
4 344 469 167 229 17 27 1
4 344 470 167 229 16 27 1
4 344 471 167 229 16 27 1
4 344 472 167 229 16 27 1
4 344 473 167 229 16 27 1
4 344 474 167 229 16 27 1
4 344 475 167 229 16 27 1
4 344 476 165 229 18 27 1
4 344 477 165 229 18 27 1
4 344 478 165 229 18 27 1
4 344 479 165 229 18 27 1
4 344 480 165 229 18 27 1
4 344 481 165 229 18 27 1
4 344 482 165 229 18 27 1
4 344 483 165 229 18 27 1
4 344 484 165 229 18 25 1
4 344 485 165 229 18 25 1
4 344 486 165 229 18 25 1
4 344 487 165 229 18 25 1
4 344 488 165 229 18 25 1
4 344 489 165 229 16 25 1
4 344 490 165 229 16 25 1
4 344 491 165 229 16 25 1
4 344 492 165 229 16 25 1
4 344 493 163 229 18 25 1
4 344 494 163 229 18 25 1
4 344 495 163 229 18 25 1
4 344 496 163 229 18 25 1
4 344 497 163 229 18 25 1
4 344 498 163 229 18 25 1
4 344 499 163 229 18 25 1
4 344 500 163 229 18 25 1
4 344 501 163 229 18 25 1
4 344 502 163 229 18 25 1
4 344 503 163 229 18 25 1
4 344 504 163 229 18 25 1
4 344 505 163 229 18 25 1
4 344 506 163 229 18 25 1
4 344 507 163 229 18 25 1
4 344 508 163 229 16 25 1
4 344 509 163 229 16 25 1
4 344 510 163 229 16 25 1
4 344 511 161 229 18 25 1
4 344 512 161 229 18 25 1
4 344 513 161 229 18 25 1
4 344 514 161 229 18 25 1
4 344 515 161 229 18 25 1
4 344 516 161 229 18 25 1
4 344 517 161 229 18 25 1
4 344 518 161 229 18 25 1
4 344 519 161 229 18 25 1
4 344 520 161 229 18 25 1
4 344 521 161 229 18 25 1
4 344 522 161 229 18 25 1
4 344 523 161 229 18 25 1
4 344 524 161 229 18 25 1
4 344 525 161 229 18 25 1
4 344 526 161 229 18 25 1
4 344 527 161 229 16 25 1
4 344 528 160 229 17 25 1
4 344 529 160 229 17 25 1
4 344 530 160 229 17 25 1
4 344 531 160 229 17 25 1
4 344 532 160 229 17 25 1
4 344 533 160 229 17 25 1
4 344 534 160 229 17 25 1
4 344 535 160 229 17 25 1
4 344 536 160 229 17 25 1
4 344 537 160 229 17 25 1
4 344 538 160 229 17 25 1
4 344 539 160 229 17 25 1
4 344 540 160 229 17 25 1
4 344 541 160 229 17 25 1
4 344 542 160 229 17 25 1
4 344 543 160 229 17 25 1
4 344 544 160 229 17 25 1
4 344 545 160 229 17 25 1
5 70 385 213 236 18 21 1
5 70 386 211 236 18 21 1
5 70 387 211 236 18 21 1
5 70 388 211 236 18 21 1
5 70 389 209 236 18 21 1
5 70 390 209 236 18 21 1
5 70 391 209 236 18 21 1
5 70 392 208 236 17 21 1
5 70 393 208 236 17 21 1
5 70 394 208 236 17 21 1
5 70 395 206 236 18 21 1
5 70 396 206 236 18 21 1
5 70 397 206 236 18 21 1
5 70 398 204 236 18 21 1
5 70 399 204 236 18 21 1
5 70 400 204 236 18 21 1
5 70 401 202 236 18 21 1
5 70 402 202 236 18 21 1
5 70 403 202 236 18 21 1
5 70 404 200 236 18 21 1
5 70 405 200 236 18 21 1
5 70 406 200 236 18 21 1
5 70 407 199 236 17 21 1
5 70 408 199 236 17 21 1
5 70 409 199 236 17 21 1
5 70 410 199 236 17 21 1
5 70 411 197 236 18 21 1
5 70 412 197 236 18 21 1
5 70 413 197 236 18 21 1
5 70 414 195 236 18 21 1
5 70 415 195 236 18 21 1
5 70 416 195 236 18 21 1
5 70 417 193 236 18 21 1
5 70 418 193 236 18 21 1
5 70 419 193 236 18 21 1
5 70 420 192 236 17 21 1
5 70 421 192 236 17 21 1
5 70 422 192 236 17 21 1
5 70 423 190 236 18 21 1
5 70 424 190 236 18 21 1
5 70 425 190 236 18 21 1
5 70 426 188 236 18 21 1
5 70 427 188 236 18 21 1
5 70 428 188 236 18 21 1
5 70 429 186 236 18 21 1
5 70 430 186 236 18 21 1
5 70 431 186 236 18 21 1
5 70 432 184 236 18 21 1
5 70 433 184 236 18 21 1
5 70 434 184 236 18 21 1
5 70 435 184 238 18 21 1
5 70 436 184 238 18 21 1
5 70 437 184 238 18 21 1
5 70 438 184 238 18 21 1
5 70 439 184 238 18 21 1
5 70 440 184 238 18 21 1
5 70 441 184 238 18 21 1
5 70 442 184 238 18 21 1
5 70 443 184 238 18 21 1
5 70 444 184 238 18 21 1
5 70 445 184 238 18 21 1
5 70 446 184 238 18 21 1
5 70 447 184 238 18 21 1
5 70 448 184 238 18 21 1
5 70 449 184 238 18 21 1
5 70 450 184 238 18 21 1
5 70 451 184 238 18 21 1
5 70 452 184 238 18 21 1
5 70 453 184 238 18 21 1
5 70 454 184 238 18 21 1
