0 526 120 862 208 19 40 1
0 526 121 860 206 20 42 1
0 526 122 860 204 20 46 1
0 526 123 858 204 20 46 1
0 526 124 858 204 20 46 1
0 526 125 856 204 20 46 1
0 526 126 856 204 20 46 1
0 526 127 856 204 20 46 1
0 526 128 855 204 19 46 1
0 526 129 855 204 19 46 1
0 526 130 853 204 19 46 1
0 526 131 853 204 19 46 1
0 526 132 853 204 19 46 1
0 526 133 851 206 20 46 1
0 526 134 851 206 20 46 1
0 526 135 849 206 20 46 1
0 526 136 849 206 20 46 1
0 526 137 849 206 20 46 1
0 526 138 848 206 19 46 1
0 526 139 848 206 19 46 1
0 526 140 848 206 19 46 1
0 526 141 846 206 19 46 1
0 526 142 846 206 19 46 1
0 526 143 844 208 20 46 1
0 526 144 844 208 20 46 1
0 526 145 844 208 20 46 1
0 526 146 842 208 20 46 1
0 526 147 842 208 20 46 1
0 526 148 840 208 20 46 1
0 526 149 840 208 20 46 1
0 526 150 840 208 20 46 1
0 526 151 839 208 19 46 1
0 526 152 839 208 19 46 1
0 526 153 839 209 19 47 1
0 526 154 837 209 19 47 1
0 526 155 835 209 20 47 1
0 526 156 835 209 20 47 1
0 526 157 833 209 20 47 1
0 526 158 833 209 20 47 1
0 526 159 832 209 19 47 1
0 526 160 832 209 19 47 1
0 526 161 830 209 19 47 1
0 526 162 830 209 19 47 1
0 526 163 828 209 20 47 1
0 526 164 828 209 20 47 1
0 526 165 826 209 20 47 1
0 526 166 826 209 20 47 1
0 526 167 824 209 20 47 1
0 526 168 824 209 20 47 1
0 526 169 823 209 19 47 1
0 526 170 821 209 19 47 1
0 526 171 821 209 19 47 1
0 526 172 819 209 20 47 1
0 526 173 819 209 20 47 1
0 526 174 817 209 20 47 1
0 526 175 817 209 20 47 1
0 526 176 816 209 19 47 1
0 526 177 816 209 19 47 1
0 526 178 814 209 19 47 1
0 526 179 814 209 19 47 1
0 526 180 812 209 20 47 1
0 526 181 812 209 20 47 1
0 526 182 810 209 20 47 1
0 526 183 810 209 20 47 1
0 526 184 808 209 20 47 1
0 526 185 808 209 20 47 1
0 526 186 807 209 19 47 1
0 526 187 805 209 19 47 1
0 526 188 805 209 19 47 1
0 526 189 803 209 20 47 1
0 526 190 803 209 20 47 1
0 526 191 801 209 20 47 1
0 526 192 801 209 20 47 1
0 526 193 800 209 19 47 1
0 526 194 800 209 19 47 1
0 526 195 798 209 19 47 1
0 526 196 798 209 19 47 1
0 526 197 796 209 20 47 1
0 526 198 796 209 20 47 1
0 526 199 794 209 20 47 1
0 526 200 794 209 20 47 1
0 526 201 792 209 20 47 1
0 526 202 792 209 20 47 1
0 526 203 791 209 19 47 1
0 526 204 789 209 19 47 1
0 526 205 789 209 19 47 1
0 526 206 787 209 20 47 1
0 526 207 787 209 20 47 1
0 526 208 785 209 20 47 1
0 526 209 785 209 20 47 1
0 526 210 784 209 19 47 1
0 526 211 784 209 19 47 1
0 526 212 782 209 19 47 1
0 526 213 782 209 19 47 1
0 526 214 780 209 20 47 1
0 526 215 780 209 20 47 1
0 526 216 778 209 20 47 1
0 526 217 778 209 20 47 1
0 526 218 776 209 20 47 1
0 526 219 775 209 19 47 1
0 526 220 775 209 19 47 1
0 526 221 773 209 19 47 1
0 526 222 773 209 19 47 1
0 526 223 771 209 20 47 1
0 526 224 771 209 20 47 1
0 526 225 769 209 20 47 1
0 526 226 769 209 20 47 1
0 526 227 768 209 19 47 1
0 526 228 768 209 19 47 1
0 526 229 766 209 19 47 1
0 526 230 766 209 19 47 1
0 526 231 764 209 20 47 1
0 526 232 764 209 20 47 1
0 526 233 762 209 20 47 1
0 526 234 762 209 20 47 1
0 526 235 760 209 20 47 1
0 526 236 759 209 19 47 1
0 526 237 759 209 19 47 1
0 526 238 757 209 19 47 1
0 526 239 757 209 19 47 1
0 526 240 755 209 20 47 1
0 526 241 755 209 20 47 1
0 526 242 753 209 20 47 1
0 526 243 753 209 20 47 1
0 526 244 752 209 19 47 1
0 526 245 752 209 19 47 1
0 526 246 750 209 19 47 1
0 526 247 750 209 19 47 1
0 526 248 748 209 20 47 1
0 526 249 748 209 20 47 1
0 526 250 746 209 20 47 1
0 526 251 746 209 20 47 1
0 526 252 744 209 20 47 1
0 526 253 743 209 19 47 1
0 526 254 743 209 19 47 1
0 526 255 741 209 19 47 1
0 526 256 741 209 19 47 1
0 526 257 739 209 20 47 1
0 526 258 739 209 20 47 1
0 526 259 737 209 20 47 1
0 526 260 737 209 20 47 1
0 526 261 736 209 19 47 1
0 526 262 736 209 19 47 1
0 526 263 734 209 19 47 1
0 526 264 734 209 19 47 1
0 526 265 732 209 20 47 1
0 526 266 732 209 20 47 1
0 526 267 730 209 20 47 1
0 526 268 728 209 20 47 1
0 526 269 728 209 20 47 1
0 526 270 727 209 19 47 1
0 526 271 727 209 19 47 1
0 526 272 725 209 19 47 1
0 526 273 725 209 19 47 1
0 526 274 723 209 20 47 1
0 526 275 723 209 20 47 1
0 526 276 721 209 20 47 1
0 526 277 721 209 20 47 1
0 526 278 720 209 19 47 1
0 526 279 720 209 19 47 1
0 526 280 718 209 19 47 1
0 526 281 718 209 19 47 1
0 526 282 716 209 20 47 1
0 526 283 716 209 20 47 1
0 526 284 714 209 20 47 1
0 526 285 712 209 20 47 1
0 526 286 712 209 20 47 1
0 526 287 711 209 19 47 1
0 526 288 711 209 19 47 1
0 526 289 709 209 19 47 1
0 526 290 709 209 19 47 1
0 526 291 707 209 20 47 1
0 526 292 707 209 20 47 1
0 526 293 705 209 20 47 1
0 526 294 705 209 20 47 1
0 526 295 704 209 19 47 1
0 526 296 704 209 19 47 1
0 526 297 702 209 19 47 1
0 526 298 702 209 19 47 1
0 526 299 700 209 20 47 1
0 526 300 700 211 20 46 1
0 526 301 698 211 20 46 1
0 526 302 696 211 22 48 1
0 526 303 695 211 23 48 1
0 526 304 695 211 21 50 1
0 526 305 693 211 23 50 1
0 526 306 691 211 25 52 1
0 526 307 691 211 23 52 1
0 526 308 689 211 25 53 1
0 526 309 688 211 26 53 1
0 526 310 688 211 26 55 1
0 526 311 686 211 26 55 1
0 526 312 686 211 26 55 1
0 526 313 684 211 27 55 1
0 526 314 684 211 27 55 1
0 526 315 684 211 27 55 1
0 526 316 682 211 27 55 1
0 526 317 682 211 27 55 1
0 526 318 680 211 27 55 1
0 526 319 680 211 27 55 1
0 526 320 680 211 27 55 1
0 526 321 679 211 26 55 1
0 526 322 677 211 27 55 1
0 526 323 677 211 27 55 1
0 526 324 675 211 27 55 1
0 526 325 675 211 27 55 1
0 526 326 673 211 27 55 1
0 526 327 672 211 26 55 1
0 526 328 672 211 26 55 1
0 526 329 670 211 26 55 1
0 526 330 670 211 26 55 1
0 526 331 668 211 27 55 1
0 526 332 668 211 27 55 1
0 526 333 666 211 27 55 1
0 526 334 666 211 27 55 1
0 526 335 664 211 27 55 1
0 526 336 664 211 27 55 1
0 526 337 663 211 26 55 1
0 526 338 663 211 26 55 1
0 526 339 661 211 27 55 1
0 526 340 661 211 27 55 1
0 526 341 659 211 27 55 1
0 526 342 659 211 27 55 1
0 526 343 657 211 27 55 1
0 526 344 657 211 27 55 1
0 526 345 656 211 26 55 1
0 526 346 656 211 26 55 1
0 526 347 654 211 26 55 1
0 526 348 654 211 26 55 1
0 526 349 652 211 27 55 1
0 526 350 652 211 27 55 1
0 526 351 650 211 27 55 1
0 526 352 648 211 27 55 1
0 526 353 647 211 26 55 1
0 526 354 645 211 27 55 1
0 526 355 645 211 27 55 1
0 526 356 643 211 27 55 1
0 526 357 641 211 27 55 1
0 526 358 640 211 26 55 1
0 526 359 638 211 26 55 1
0 526 360 638 211 26 55 1
0 526 361 636 211 27 55 1
0 526 362 636 211 27 55 1
0 526 363 634 211 27 55 1
0 526 364 634 211 27 55 1
0 526 365 634 211 27 55 1
0 526 366 632 211 27 55 1
0 526 367 632 211 27 55 1
0 526 368 631 211 26 55 1
0 526 369 631 211 26 55 1
0 526 370 631 211 26 55 1
0 526 371 629 211 27 55 1
0 526 372 629 211 27 55 1
0 526 373 627 211 27 55 1
0 526 374 627 211 27 55 1
0 526 375 625 211 27 55 1
0 526 376 625 211 27 55 1
0 526 377 624 211 26 55 1
0 526 378 624 211 26 55 1
0 526 379 622 211 26 55 1
0 526 380 622 211 26 55 1
0 526 381 620 211 27 55 1
0 526 382 618 211 27 55 1
0 526 383 616 211 27 55 1
0 526 384 615 211 26 55 1
0 526 385 615 211 26 55 1
0 526 386 613 211 27 55 1
0 526 387 611 211 27 55 1
0 526 388 609 211 27 55 1
0 526 389 608 211 26 55 1
0 526 390 608 211 26 55 1
0 526 391 606 211 26 55 1
0 526 392 606 211 26 55 1
0 526 393 604 211 27 55 1
0 526 394 604 211 27 55 1
0 526 395 604 211 27 55 1
0 526 396 602 211 27 55 1
0 526 397 602 211 27 55 1
0 526 398 600 211 27 55 1
0 526 399 600 211 27 55 1
0 526 400 600 211 27 55 1
0 526 401 599 211 26 55 1
0 526 402 597 211 27 55 1
0 526 403 595 211 27 55 1
0 526 404 593 211 27 55 1
0 526 405 593 211 27 55 1
0 526 406 592 211 26 55 1
0 526 407 590 211 26 55 1
0 526 408 588 211 27 55 1
0 526 409 586 211 27 55 1
0 526 410 586 211 27 55 1
0 526 411 586 211 27 55 1
0 526 412 586 211 27 55 1
0 526 413 586 211 27 55 1
0 526 414 586 211 27 55 1
0 526 415 586 211 27 55 1
0 526 416 586 211 27 55 1
0 526 417 586 211 27 55 1
0 526 418 586 211 27 55 1
0 526 419 586 211 27 55 1
0 526 420 586 211 27 55 1
0 526 421 584 211 27 55 1
0 526 422 583 211 26 55 1
0 526 423 581 211 27 55 1
0 526 424 579 211 27 55 1
0 526 425 577 211 27 55 1
0 526 426 576 211 26 55 1
0 526 427 574 211 26 55 1
0 526 428 572 211 27 55 1
0 526 429 570 211 27 55 1
0 526 430 568 213 27 55 1
0 526 431 567 213 26 55 1
0 526 432 567 213 26 55 1
0 526 433 565 213 27 55 1
0 526 434 565 213 27 55 1
0 526 435 565 213 27 55 1
0 526 436 563 213 27 55 1
0 526 437 563 213 27 55 1
0 526 438 561 213 27 55 1
0 526 439 561 213 27 55 1
0 526 440 561 213 27 55 1
0 526 441 560 213 26 55 1
0 526 442 560 213 26 55 1
0 526 443 560 213 26 55 1
0 526 444 558 213 26 55 1
0 526 445 558 213 26 55 1
0 526 446 558 213 26 55 1
0 526 447 556 213 27 55 1
0 526 448 556 213 27 55 1
0 526 449 556 213 27 55 1
0 526 450 556 213 27 55 1
0 526 451 554 213 27 55 1
0 526 452 554 213 27 55 1
0 526 453 552 213 27 55 1
0 526 454 552 213 27 55 1
0 526 455 551 213 28 55 1
0 526 456 551 213 26 55 1
0 526 457 549 213 28 55 1
0 526 458 549 213 27 55 1
0 526 459 547 213 29 55 1
0 526 460 547 215 29 55 1
0 526 461 545 215 29 55 1
0 526 462 544 215 28 55 1
0 526 463 542 215 28 55 1
0 526 464 542 215 28 55 1
0 526 465 540 215 28 55 1
0 526 466 538 215 29 55 1
0 526 467 538 215 29 55 1
0 526 468 536 215 29 55 1
0 526 469 535 215 28 55 1
0 526 470 535 215 28 55 1
0 526 471 533 215 28 55 1
0 526 472 531 215 29 55 1
0 526 473 529 215 29 55 1
0 526 474 528 215 28 55 1
0 526 475 528 215 28 55 1
0 526 476 526 215 28 55 1
0 526 477 524 215 28 55 1
0 526 478 522 215 29 55 1
0 526 479 520 215 29 55 1
0 526 480 520 215 29 55 1
0 526 481 519 215 28 55 1
0 526 482 519 215 28 55 1
0 526 483 517 215 28 55 1
0 526 484 517 215 28 55 1
0 526 485 517 215 28 55 1
0 526 486 515 215 29 55 1
0 526 487 515 215 29 55 1
0 526 488 513 215 29 55 1
0 526 489 513 215 29 55 1
0 526 490 513 215 29 55 1
0 526 491 512 215 28 55 1
0 526 492 510 215 28 55 1
0 526 493 508 215 28 55 1
0 526 494 508 215 28 55 1
0 526 495 506 215 29 55 1
0 526 496 504 215 29 55 1
0 526 497 504 215 29 55 1
0 526 498 503 215 28 55 1
0 526 499 501 215 28 55 1
0 526 500 501 215 28 55 1
0 526 501 499 215 29 55 1
0 526 502 497 215 29 55 1
0 526 503 496 215 28 55 1
0 526 504 494 215 28 55 1
0 526 505 492 215 30 55 1
0 526 506 490 215 30 55 1
0 526 507 488 215 31 55 1
0 526 508 487 215 30 55 1
0 526 509 485 215 30 55 1
0 526 510 485 215 30 55 1
0 526 511 483 215 30 55 1
0 526 512 483 215 30 55 1
0 526 513 481 215 31 55 1
0 526 514 481 215 31 55 1
0 526 515 481 215 31 55 1
0 526 516 480 215 30 55 1
0 526 517 480 215 30 55 1
0 526 518 478 215 30 55 1
0 526 519 478 215 30 55 1
0 526 520 478 215 30 55 1
0 526 521 476 215 30 55 1
0 526 522 474 215 30 55 1
0 526 523 472 215 31 55 1
0 526 524 472 215 31 55 1
0 526 525 471 215 30 55 1
0 526 526 469 215 30 55 1
0 526 527 469 215 30 55 1
0 526 528 467 215 30 55 1
0 526 529 465 215 31 55 1
0 526 530 465 215 31 55 1
0 526 531 464 215 30 55 1
0 526 532 462 215 30 55 1
0 526 533 460 215 30 55 1
0 526 534 458 215 30 55 1
0 526 535 458 215 30 55 1
0 526 536 456 215 31 55 1
0 526 537 455 215 30 55 1
0 526 538 453 215 30 55 1
0 526 539 451 215 30 55 1
0 526 540 451 215 30 55 1
0 526 541 449 215 31 55 1
0 526 542 448 215 30 55 1
0 526 543 446 215 30 55 1
0 526 544 444 215 30 55 1
0 526 545 444 215 30 55 1
0 526 546 442 215 30 55 1
0 526 547 440 215 31 55 1
0 526 548 439 215 30 55 1
0 526 549 437 215 30 55 1
0 526 550 437 215 30 55 1
0 526 551 435 215 30 55 1
0 526 552 433 215 31 55 1
0 526 553 432 215 30 55 1
0 526 554 432 215 30 55 1
0 526 555 430 215 30 55 1
0 526 556 428 215 30 55 1
0 526 557 428 215 30 55 1
0 526 558 426 215 30 55 1
0 526 559 424 215 31 55 1
0 526 560 424 215 31 55 1
0 526 561 423 215 30 55 1
0 526 562 423 215 30 55 1
0 526 563 421 215 30 55 1
0 526 564 421 215 30 55 1
0 526 565 421 215 30 55 1
0 526 566 419 215 30 55 1
0 526 567 419 215 30 55 1
0 526 568 417 215 31 55 1
0 526 569 417 215 31 55 1
0 526 570 417 215 31 55 1
0 526 571 416 215 30 55 1
0 526 572 414 215 30 55 1
0 526 573 412 215 30 55 1
0 526 574 412 215 30 55 1
0 526 575 410 215 30 55 1
0 526 576 408 215 31 55 1
0 526 577 408 215 31 55 1
0 526 578 407 215 30 55 1
0 526 579 405 215 30 55 1
0 526 580 405 215 30 55 1
0 526 581 403 215 30 55 1
0 526 582 403 215 29 55 1
0 526 583 401 215 29 55 1
0 526 584 401 215 29 55 1
0 526 585 400 215 28 55 1
0 526 586 400 215 26 55 1
0 526 587 398 215 28 55 1
0 526 588 398 215 26 55 1
0 526 589 396 215 27 55 1
0 526 590 396 215 27 55 1
0 526 591 394 215 27 55 1
0 526 592 394 215 27 55 1
0 526 593 392 215 27 55 1
0 526 594 392 215 27 55 1
0 526 595 391 215 26 55 1
0 526 596 391 215 26 55 1
0 526 597 389 215 27 55 1
0 526 598 389 215 27 55 1
0 526 599 387 215 27 55 1
0 526 600 387 215 27 55 1
0 526 601 385 215 27 53 1
0 526 602 384 215 26 53 1
0 526 603 384 215 26 53 1
0 526 604 382 215 26 53 1
0 526 605 382 215 26 53 1
0 526 606 380 215 27 53 1
0 526 607 380 216 25 52 1
0 526 608 378 216 27 52 1
0 526 609 378 216 25 52 1
0 526 610 376 216 27 52 1
0 526 611 376 216 25 52 1
0 526 612 375 216 25 52 1
0 526 613 375 218 25 50 1
0 526 614 373 218 25 50 1
0 526 615 373 218 25 50 1
0 526 616 371 218 25 50 1
0 526 617 369 218 25 50 1
0 526 618 369 218 25 50 1
0 526 619 368 218 24 50 1
0 526 620 368 220 24 48 1
0 526 621 366 220 25 48 1
0 526 622 366 220 23 48 1
0 526 623 364 220 25 48 1
0 526 624 364 220 23 48 1
0 526 625 362 220 25 48 1
0 526 626 362 222 23 46 1
0 526 627 360 222 24 46 1
0 526 628 360 222 24 46 1
0 526 629 359 222 23 46 1
0 526 630 359 222 23 46 1
0 526 631 357 222 23 46 1
0 526 632 355 222 23 46 1
0 526 633 355 224 23 44 1
0 526 634 353 224 23 44 1
0 526 635 353 224 23 44 1
0 526 636 352 224 23 44 1
0 526 637 352 224 21 44 1
0 526 638 350 224 23 44 1
0 526 639 350 225 21 43 1
0 526 640 348 225 23 43 1
0 526 641 348 225 21 43 1
0 526 642 346 225 22 43 1
0 526 643 346 225 22 43 1
0 526 644 344 225 22 43 1
0 526 645 344 227 22 41 1
1 46 600 668 209 23 45 1
1 46 601 668 209 23 45 1
1 46 602 668 209 23 45 1
1 46 603 668 209 23 45 1
1 46 604 668 209 23 45 1
1 46 605 668 209 23 45 1
1 46 606 668 209 23 45 1
1 46 607 668 209 23 45 1
1 46 608 668 209 23 45 1
1 46 609 668 209 23 45 1
1 46 610 668 209 23 45 1
1 46 611 668 209 23 45 1
1 46 612 668 209 23 45 1
1 46 613 668 209 23 45 1
1 46 614 668 209 23 45 1
1 46 615 668 209 23 45 1
1 46 616 668 209 23 45 1
1 46 617 668 209 23 45 1
1 46 618 668 209 23 45 1
1 46 619 668 209 23 45 1
1 46 620 668 209 23 45 1
1 46 621 668 209 23 45 1
1 46 622 668 209 23 45 1
1 46 623 668 209 23 45 1
1 46 624 668 209 23 45 1
1 46 625 668 209 23 45 1
1 46 626 668 209 23 45 1
1 46 627 668 209 23 45 1
1 46 628 668 209 23 45 1
1 46 629 668 209 23 45 1
1 46 630 668 209 23 45 1
1 46 631 668 209 23 45 1
1 46 632 668 209 23 45 1
1 46 633 668 209 23 45 1
1 46 634 668 209 23 45 1
1 46 635 668 209 23 45 1
1 46 636 668 209 23 45 1
1 46 637 668 209 23 45 1
1 46 638 668 209 23 45 1
1 46 639 668 209 23 45 1
1 46 640 668 209 23 45 1
1 46 641 668 209 23 45 1
1 46 642 668 209 23 45 1
1 46 643 668 209 23 45 1
1 46 644 668 209 23 45 1
1 46 645 668 209 23 45 1
2 346 300 842 197 25 50 1
2 346 301 840 197 25 50 1
2 346 302 840 197 25 50 1
2 346 303 840 197 25 50 1
2 346 304 840 197 25 50 1
2 346 305 840 197 25 50 1
2 346 306 840 197 25 50 1
2 346 307 839 197 25 50 1
2 346 308 839 197 25 50 1
2 346 309 839 197 25 50 1
2 346 310 839 197 25 50 1
2 346 311 839 197 25 50 1
2 346 312 839 197 25 50 1
2 346 313 839 197 25 50 1
2 346 314 837 197 25 50 1
2 346 315 837 197 25 50 1
2 346 316 837 197 25 50 1
2 346 317 837 197 25 50 1
2 346 318 837 197 25 50 1
2 346 319 837 197 25 50 1
2 346 320 837 197 25 50 1
2 346 321 835 197 25 50 1
2 346 322 835 197 25 50 1
2 346 323 833 197 25 50 1
2 346 324 833 197 25 50 1
2 346 325 832 197 24 50 1
2 346 326 832 197 24 50 1
2 346 327 830 197 25 50 1
2 346 328 830 197 25 50 1
2 346 329 828 197 25 50 1
2 346 330 828 197 25 50 1
2 346 331 826 197 25 50 1
2 346 332 826 197 25 50 1
2 346 333 826 197 25 50 1
2 346 334 826 197 25 50 1
2 346 335 824 197 25 50 1
2 346 336 824 197 25 50 1
2 346 337 824 197 25 50 1
2 346 338 824 197 25 50 1
2 346 339 823 197 25 50 1
2 346 340 823 197 25 50 1
2 346 341 823 197 25 50 1
2 346 342 823 197 25 50 1
2 346 343 821 197 25 50 1
2 346 344 821 197 25 50 1
2 346 345 821 197 25 50 1
2 346 346 821 197 25 50 1
2 346 347 819 197 25 50 1
2 346 348 819 197 25 50 1
2 346 349 819 197 25 50 1
2 346 350 819 197 25 50 1
2 346 351 817 197 25 50 1
2 346 352 817 197 25 50 1
2 346 353 817 197 25 50 1
2 346 354 817 197 25 50 1
2 346 355 816 197 24 50 1
2 346 356 816 197 24 50 1
2 346 357 816 197 24 50 1
2 346 358 816 197 24 50 1
2 346 359 814 197 25 50 1
2 346 360 814 197 25 50 1
2 346 361 814 197 25 50 1
2 346 362 814 197 25 50 1
2 346 363 812 197 25 50 1
2 346 364 812 197 25 50 1
2 346 365 812 197 25 50 1
2 346 366 812 197 25 50 1
2 346 367 812 197 25 50 1
2 346 368 810 197 25 50 1
2 346 369 810 197 25 50 1
2 346 370 810 197 25 50 1
2 346 371 810 197 25 50 1
2 346 372 808 197 25 50 1
2 346 373 808 197 25 50 1
2 346 374 808 197 25 50 1
2 346 375 808 197 25 50 1
2 346 376 807 197 25 50 1
2 346 377 807 197 25 50 1
2 346 378 807 197 25 50 1
2 346 379 807 197 25 50 1
2 346 380 807 197 25 50 1
2 346 381 807 197 25 50 1
2 346 382 807 197 25 50 1
2 346 383 807 197 25 50 1
2 346 384 807 197 25 50 1
2 346 385 807 197 25 50 1
2 346 386 807 197 25 50 1
2 346 387 807 197 25 50 1
2 346 388 807 197 25 50 1
2 346 389 807 197 25 50 1
2 346 400 794 197 25 50 1
2 346 401 792 197 25 50 1
2 346 402 792 197 25 50 1
2 346 403 792 197 25 50 1
2 346 404 792 197 25 50 1
2 346 405 792 197 25 50 1
2 346 406 791 197 25 50 1
2 346 407 791 197 25 50 1
2 346 408 791 197 25 50 1
2 346 409 791 197 25 50 1
2 346 410 791 197 25 50 1
2 346 411 789 197 25 50 1
2 346 412 789 197 25 50 1
2 346 413 789 197 25 50 1
2 346 414 789 197 25 50 1
2 346 415 789 197 25 50 1
2 346 416 789 197 25 50 1
2 346 417 789 197 25 50 1
2 346 418 789 197 25 50 1
2 346 419 789 197 25 50 1
2 346 420 789 197 25 50 1
2 346 421 787 197 25 50 1
2 346 422 787 197 25 50 1
2 346 423 787 197 25 50 1
2 346 424 787 197 25 50 1
2 346 425 787 197 25 50 1
2 346 426 787 197 25 50 1
2 346 427 787 197 25 50 1
2 346 428 787 197 25 50 1
2 346 429 787 197 25 50 1
2 346 430 787 197 25 50 1
2 346 431 785 197 25 50 1
2 346 432 785 197 25 50 1
2 346 433 785 197 25 50 1
2 346 434 785 197 25 50 1
2 346 435 785 197 25 50 1
2 346 436 784 197 24 50 1
2 346 437 784 197 24 50 1
2 346 438 784 197 24 50 1
2 346 439 784 197 24 50 1
2 346 440 784 197 24 50 1
2 346 441 782 197 25 50 1
2 346 442 782 197 25 50 1
2 346 443 780 197 25 50 1
2 346 444 780 197 25 50 1
2 346 445 778 197 25 50 1
2 346 446 778 197 25 50 1
2 346 447 776 197 25 50 1
2 346 448 776 197 25 50 1
2 346 449 775 197 25 50 1
2 346 450 775 197 25 50 1
2 346 451 773 197 25 50 1
2 346 452 773 197 25 50 1
2 346 453 773 197 25 50 1
2 346 454 773 197 25 50 1
2 346 455 773 197 25 50 1
2 346 456 773 197 25 50 1
2 346 457 773 197 25 50 1
2 346 458 773 197 25 50 1
2 346 459 773 197 25 50 1
2 346 460 773 197 25 50 1
2 346 461 773 197 25 50 1
2 346 462 773 197 25 50 1
2 346 463 773 197 25 50 1
2 346 464 773 197 25 50 1
2 346 465 773 197 25 50 1
2 346 466 773 197 25 50 1
2 346 467 773 197 25 50 1
2 346 468 773 197 25 50 1
2 346 469 773 197 25 50 1
2 346 470 773 197 25 50 1
2 346 471 771 197 25 50 1
2 346 472 771 197 25 50 1
2 346 473 771 197 25 50 1
2 346 474 771 197 25 50 1
2 346 475 771 197 25 50 1
2 346 476 769 197 25 50 1
2 346 477 769 197 25 50 1
2 346 478 769 197 25 50 1
2 346 479 769 197 25 50 1
2 346 480 769 197 25 50 1
2 346 481 768 197 24 50 1
2 346 482 768 197 24 50 1
2 346 483 768 197 24 50 1
2 346 484 768 197 24 50 1
2 346 485 768 197 24 50 1
2 346 486 766 197 25 50 1
2 346 487 766 197 25 50 1
2 346 488 766 197 25 50 1
2 346 489 766 197 25 50 1
2 346 490 766 197 25 50 1
2 346 491 764 197 25 50 1
2 346 492 764 197 25 50 1
2 346 493 762 197 25 50 1
2 346 494 762 197 25 50 1
2 346 495 760 197 25 50 1
2 346 496 760 197 25 50 1
2 346 497 759 197 25 50 1
2 346 498 759 197 25 50 1
2 346 499 757 197 25 50 1
2 346 500 757 197 25 50 1
2 346 501 757 197 25 50 1
2 346 502 757 197 25 50 1
2 346 503 757 197 25 50 1
2 346 504 757 197 25 50 1
2 346 505 757 197 25 50 1
2 346 506 757 197 25 50 1
2 346 507 757 197 25 50 1
2 346 508 757 197 25 50 1
2 346 509 757 197 25 50 1
2 346 510 757 197 25 50 1
2 346 511 755 197 25 50 1
2 346 512 755 197 25 50 1
2 346 513 753 197 25 50 1
2 346 514 753 197 25 50 1
2 346 515 752 197 24 50 1
2 346 516 752 197 24 50 1
2 346 517 750 197 25 50 1
2 346 518 750 197 25 50 1
2 346 519 748 197 25 50 1
2 346 520 748 197 25 50 1
2 346 521 746 197 25 50 1
2 346 522 746 197 25 50 1
2 346 523 746 197 25 50 1
2 346 524 746 197 25 50 1
2 346 525 746 197 25 50 1
2 346 526 746 197 25 50 1
2 346 527 746 197 25 50 1
2 346 528 744 197 25 50 1
2 346 529 744 197 25 50 1
2 346 530 744 197 25 50 1
2 346 531 744 197 25 50 1
2 346 532 744 197 25 50 1
2 346 533 744 197 25 50 1
2 346 534 744 197 25 50 1
2 346 535 744 197 25 50 1
2 346 536 743 197 25 50 1
2 346 537 743 197 25 50 1
2 346 538 743 197 25 50 1
2 346 539 743 197 25 50 1
2 346 540 743 197 25 50 1
2 346 541 743 197 25 50 1
2 346 542 743 197 25 50 1
2 346 543 741 197 25 50 1
2 346 544 741 197 25 50 1
2 346 545 741 197 25 50 1
2 346 546 741 197 25 50 1
2 346 547 741 197 25 50 1
2 346 548 741 197 25 50 1
2 346 549 741 197 25 50 1
2 346 550 741 197 25 50 1
2 346 551 739 197 25 50 1
2 346 552 739 197 25 50 1
2 346 553 737 197 25 50 1
2 346 554 737 199 25 49 1
2 346 555 737 199 25 49 1
2 346 556 736 199 24 49 1
2 346 557 736 200 24 50 1
2 346 558 734 200 25 50 1
2 346 559 734 200 25 50 1
2 346 560 734 202 25 50 1
2 346 561 732 202 25 50 1
2 346 562 732 202 25 50 1
2 346 563 732 202 25 50 1
2 346 564 730 202 25 50 1
2 346 565 730 202 25 50 1
2 346 566 730 202 25 50 1
2 346 567 728 202 25 50 1
2 346 568 728 202 25 50 1
2 346 569 728 202 25 50 1
2 346 570 728 202 25 50 1
2 346 571 727 202 25 50 1
2 346 572 727 202 25 50 1
2 346 573 727 202 25 50 1
2 346 574 725 202 25 50 1
2 346 575 725 202 25 50 1
2 346 576 725 202 25 50 1
2 346 577 723 202 25 50 1
2 346 578 723 202 25 50 1
2 346 579 723 202 25 50 1
2 346 580 723 202 25 50 1
2 346 581 721 202 25 50 1
2 346 582 721 202 25 50 1
2 346 583 721 202 25 50 1
2 346 584 721 202 25 50 1
2 346 585 721 202 25 50 1
2 346 586 721 202 25 50 1
2 346 587 721 202 25 50 1
2 346 588 721 202 25 50 1
2 346 589 721 202 25 50 1
2 346 590 721 202 25 50 1
2 346 591 720 202 24 50 1
2 346 592 720 202 24 50 1
2 346 593 720 202 24 50 1
2 346 594 718 202 25 50 1
2 346 595 718 202 25 50 1
2 346 596 718 202 25 50 1
2 346 597 716 202 25 50 1
2 346 598 716 202 25 50 1
2 346 599 716 202 25 50 1
2 346 600 716 202 25 50 1
2 346 601 714 202 25 50 1
2 346 602 714 202 25 50 1
2 346 603 714 202 25 50 1
2 346 604 714 202 23 50 1
2 346 605 712 202 25 50 1
2 346 606 712 202 25 50 1
2 346 607 712 202 24 50 1
2 346 608 712 202 24 50 1
2 346 609 712 204 24 48 1
2 346 610 711 204 23 48 1
2 346 611 711 204 23 48 1
2 346 612 711 204 23 48 1
2 346 613 711 204 21 48 1
2 346 614 709 204 23 48 1
2 346 615 709 204 23 48 1
2 346 616 709 204 23 48 1
2 346 617 709 204 21 48 1
2 346 618 709 206 21 46 1
2 346 619 707 206 23 46 1
2 346 620 707 206 21 46 1
2 346 621 707 206 21 46 1
2 346 622 707 206 21 46 1
2 346 623 705 206 22 46 1
2 346 624 705 206 22 46 1
2 346 625 705 206 22 46 1
2 346 626 705 206 20 46 1
2 346 627 705 208 20 44 1
2 346 628 704 208 21 44 1
2 346 629 704 208 19 44 1
2 346 630 704 208 19 44 1
2 346 631 704 208 19 44 1
2 346 632 702 208 21 44 1
2 346 633 702 208 19 44 1
2 346 634 702 208 19 44 1
2 346 635 702 208 19 44 1
2 346 636 702 209 18 43 1
2 346 637 700 209 20 43 1
2 346 638 700 209 20 43 1
2 346 639 700 209 18 43 1
2 346 640 700 209 18 43 1
2 346 641 698 209 20 43 1
2 346 642 698 209 18 43 1
2 346 643 698 209 18 43 1
2 346 644 698 209 18 43 1
2 346 645 698 211 18 41 1
3 622 0 1171 218 25 59 1
3 622 1 1169 216 25 61 1
3 622 2 1168 216 24 61 1
3 622 3 1166 216 25 61 1
3 622 4 1164 216 25 61 1
3 622 5 1162 216 25 61 1
3 622 6 1160 216 25 61 1
3 622 7 1159 216 25 61 1
3 622 8 1157 216 25 61 1
3 622 9 1155 216 25 61 1
3 622 10 1153 216 25 61 1
3 622 11 1152 216 24 61 1
3 622 12 1152 216 24 61 1
3 622 13 1150 216 25 61 1
3 622 14 1148 216 25 61 1
3 622 15 1146 216 25 61 1
3 622 16 1144 216 25 61 1
3 622 17 1143 216 25 61 1
3 622 18 1141 216 25 61 1
3 622 19 1139 216 25 61 1
3 622 20 1137 216 25 61 1
3 622 21 1136 216 24 61 1
3 622 22 1134 216 25 61 1
3 622 23 1132 216 25 61 1
3 622 24 1132 216 25 61 1
3 622 25 1130 216 25 61 1
3 622 26 1128 216 25 61 1
3 622 27 1127 216 25 61 1
3 622 28 1125 216 25 61 1
3 622 29 1123 216 25 61 1
3 622 30 1121 216 25 61 1
3 622 31 1120 216 24 63 1
3 622 32 1118 216 25 63 1
3 622 33 1116 216 25 63 1
3 622 34 1114 216 25 63 1
3 622 35 1114 216 25 63 1
3 622 36 1112 216 25 63 1
3 622 37 1111 216 25 63 1
3 622 38 1109 216 25 63 1
3 622 39 1107 216 25 63 1
3 622 40 1105 216 25 63 1
3 622 41 1104 216 24 63 1
3 622 42 1102 216 25 63 1
3 622 43 1100 216 25 63 1
3 622 44 1098 216 25 63 1
3 622 45 1096 216 25 63 1
3 622 46 1095 216 25 63 1
3 622 47 1095 215 25 64 1
3 622 48 1093 215 25 64 1
3 622 49 1091 215 25 64 1
3 622 50 1089 215 25 64 1
3 622 51 1088 215 24 64 1
3 622 52 1086 215 25 64 1
3 622 53 1084 215 25 64 1
3 622 54 1082 215 25 64 1
3 622 55 1080 215 25 64 1
3 622 56 1079 215 25 64 1
3 622 57 1077 215 25 64 1
3 622 58 1075 215 25 64 1
3 622 59 1075 215 25 64 1
3 622 60 1073 215 25 64 1
3 622 61 1072 215 24 64 1
3 622 62 1070 215 25 65 1
3 622 63 1068 215 25 65 1
3 622 64 1066 215 25 65 1
3 622 65 1064 215 25 65 1
3 622 66 1063 215 25 65 1
3 622 67 1061 215 25 65 1
3 622 68 1059 215 25 65 1
3 622 69 1057 215 25 65 1
3 622 70 1057 215 25 65 1
3 622 71 1056 215 24 65 1
3 622 72 1054 215 25 65 1
3 622 73 1052 215 25 65 1
3 622 74 1050 215 25 65 1
3 622 75 1048 215 25 65 1
3 622 76 1047 215 25 65 1
3 622 77 1045 215 25 65 1
3 622 78 1043 215 25 65 1
3 622 79 1041 215 25 65 1
3 622 80 1040 215 24 65 1
3 622 81 1038 215 25 65 1
3 622 82 1038 215 25 65 1
3 622 83 1036 215 25 65 1
3 622 84 1034 215 25 65 1
3 622 85 1032 215 25 65 1
3 622 86 1031 215 25 65 1
3 622 87 1029 215 25 65 1
3 622 88 1027 215 25 65 1
3 622 89 1025 215 25 65 1
3 622 90 1024 215 24 65 1
3 622 91 1022 215 25 65 1
3 622 92 1020 215 25 65 1
3 622 93 1020 215 25 67 1
3 622 94 1018 213 25 67 1
3 622 95 1016 213 25 67 1
3 622 96 1015 213 25 67 1
3 622 97 1013 213 25 67 1
3 622 98 1013 213 25 67 1
3 622 99 1011 213 25 67 1
3 622 100 1009 213 25 67 1
3 622 101 1008 213 24 67 1
3 622 102 1008 213 24 67 1
3 622 103 1006 213 25 67 1
3 622 104 1004 213 25 66 1
3 622 105 1002 213 25 66 1
3 622 106 1000 213 25 66 1
3 622 107 1000 213 25 66 1
3 622 108 999 213 25 66 1
3 622 109 997 213 25 66 1
3 622 110 995 213 25 66 1
3 622 111 995 213 25 66 1
3 622 112 993 213 25 66 1
3 622 113 992 213 24 66 1
3 622 114 990 213 25 64 1
3 622 115 990 213 25 64 1
3 622 116 988 213 25 64 1
3 622 117 986 213 25 64 1
3 622 118 984 213 25 64 1
3 622 119 983 213 25 64 1
3 622 120 983 213 25 64 1
3 622 121 981 213 25 64 1
3 622 122 979 213 25 64 1
3 622 123 977 213 25 64 1
3 622 124 977 213 25 62 1
3 622 125 976 213 24 62 1
3 622 126 974 213 25 62 1
3 622 127 972 213 25 62 1
3 622 128 972 213 25 62 1
3 622 129 970 211 25 64 1
3 622 130 968 211 25 64 1
3 622 131 967 211 25 64 1
3 622 132 965 211 25 64 1
3 622 133 965 211 25 64 1
3 622 134 963 211 25 62 1
3 622 135 961 211 25 62 1
3 622 136 960 211 24 62 1
3 622 137 960 211 24 62 1
3 622 138 958 211 25 62 1
3 622 139 956 211 25 62 1
3 622 140 954 211 25 62 1
3 622 141 952 211 25 62 1
3 622 142 952 211 25 62 1
3 622 143 951 211 25 62 1
3 622 144 949 211 25 61 1
3 622 145 947 211 25 61 1
3 622 146 947 211 25 61 1
3 622 147 945 211 25 61 1
3 622 148 944 211 24 61 1
3 622 149 942 211 25 61 1
3 622 150 942 211 25 61 1
3 622 151 940 211 25 61 1
3 622 152 938 211 25 61 1
3 622 153 936 211 25 61 1
3 622 154 935 211 25 59 1
3 622 155 935 211 25 59 1
3 622 156 933 211 25 59 1
3 622 157 931 211 25 59 1
3 622 158 929 211 25 59 1
3 622 159 929 211 25 59 1
3 622 160 928 211 24 59 1
3 622 161 926 211 25 59 1
3 622 162 924 211 25 59 1
3 622 163 924 211 25 59 1
3 622 164 922 211 25 59 1
3 622 165 920 211 25 59 1
3 622 166 919 211 25 59 1
3 622 167 919 211 25 59 1
3 622 168 917 211 25 59 1
3 622 169 915 211 25 59 1
3 622 170 915 211 25 59 1
3 622 171 913 211 25 59 1
3 622 172 912 211 24 59 1
3 622 173 910 211 25 59 1
3 622 174 910 211 25 59 1
3 622 175 908 211 25 59 1
3 622 176 906 211 25 59 1
3 622 177 906 211 25 59 1
3 622 178 904 211 25 59 1
3 622 179 903 211 25 59 1
3 622 180 903 211 25 59 1
3 622 181 901 211 25 59 1
3 622 182 899 211 25 59 1
3 622 183 897 211 25 59 1
3 622 184 897 211 25 59 1
3 622 185 896 211 24 59 1
3 622 186 894 211 25 59 1
3 622 187 894 211 25 59 1
3 622 188 892 211 25 59 1
3 622 189 890 211 25 59 1
3 622 190 890 211 25 59 1
3 622 191 888 211 25 59 1
3 622 192 887 211 25 59 1
3 622 193 885 211 25 59 1
3 622 194 885 211 25 59 1
3 622 195 883 211 25 59 1
3 622 196 881 211 25 59 1
3 622 197 881 211 25 59 1
3 622 198 880 211 24 59 1
3 622 199 878 211 25 59 1
3 622 200 878 211 25 59 1
3 622 201 876 211 25 59 1
3 622 202 874 211 25 59 1
3 622 203 872 211 25 59 1
3 622 204 872 211 25 59 1
3 622 205 871 211 25 59 1
3 622 206 869 211 25 59 1
3 622 207 869 211 25 59 1
3 622 208 867 211 25 59 1
3 622 209 865 211 25 59 1
3 622 210 865 211 25 59 1
3 622 211 864 211 24 59 1
3 622 212 862 211 25 59 1
3 622 213 860 211 25 59 1
3 622 214 860 211 25 59 1
3 622 215 858 211 25 59 1
3 622 216 856 211 25 59 1
3 622 217 856 211 25 59 1
3 622 218 855 211 25 59 1
3 622 219 853 211 25 59 1
3 622 220 853 211 25 59 1
3 622 221 851 211 25 59 1
3 622 222 849 211 25 59 1
3 622 223 848 211 24 59 1
3 622 224 848 211 24 59 1
3 622 225 846 211 25 59 1
3 622 226 844 211 25 59 1
3 622 227 844 211 25 59 1
3 622 228 842 211 25 59 1
3 622 229 840 211 25 59 1
3 622 230 840 211 25 59 1
3 622 231 839 211 25 59 1
3 622 232 837 211 25 59 1
3 622 233 835 211 25 59 1
3 622 234 835 211 25 59 1
3 622 235 833 211 25 59 1
3 622 236 832 211 24 59 1
3 622 237 832 211 24 59 1
3 622 238 830 211 25 59 1
3 622 239 828 211 25 59 1
3 622 240 828 213 25 59 1
3 622 241 826 211 25 59 1
3 622 242 826 211 25 59 1
3 622 243 824 211 25 59 1
3 622 244 824 211 25 59 1
3 622 245 823 211 25 59 1
3 622 246 823 211 25 59 1
3 622 247 821 211 25 59 1
3 622 248 821 211 25 59 1
3 622 249 819 211 25 59 1
3 622 250 819 211 25 59 1
3 622 251 817 211 25 59 1
3 622 252 817 211 25 59 1
3 622 253 816 211 24 59 1
3 622 254 816 211 24 59 1
3 622 255 816 211 24 59 1
3 622 256 814 211 25 59 1
3 622 257 814 211 25 59 1
3 622 258 812 211 25 59 1
3 622 259 812 211 25 59 1
3 622 260 810 211 25 59 1
3 622 261 810 211 25 59 1
3 622 262 808 211 25 59 1
3 622 263 808 211 25 59 1
3 622 264 807 211 25 59 1
3 622 265 807 211 25 59 1
3 622 266 805 211 25 59 1
3 622 267 805 211 25 59 1
3 622 268 803 211 25 59 1
3 622 269 803 211 25 59 1
3 622 270 803 211 25 59 1
3 622 271 801 211 25 59 1
3 622 272 801 211 25 59 1
3 622 273 800 211 24 59 1
3 622 274 800 211 24 59 1
3 622 275 798 211 25 59 1
3 622 276 798 211 25 59 1
3 622 277 796 211 25 59 1
3 622 278 796 211 25 59 1
3 622 279 794 211 25 59 1
3 622 280 794 211 25 59 1
3 622 281 792 211 25 59 1
3 622 282 792 211 25 59 1
3 622 283 791 211 25 59 1
3 622 284 791 211 25 59 1
3 622 285 791 211 25 59 1
3 622 286 789 211 25 59 1
3 622 287 789 211 25 59 1
3 622 288 787 211 25 59 1
3 622 289 787 211 25 59 1
3 622 290 785 211 25 59 1
3 622 291 785 211 25 59 1
3 622 292 784 211 24 59 1
3 622 293 784 211 24 59 1
3 622 294 782 211 25 59 1
3 622 295 782 211 25 59 1
3 622 296 780 211 25 59 1
3 622 297 780 211 25 59 1
3 622 298 778 211 25 59 1
3 622 299 778 211 25 59 1
3 622 300 778 211 25 59 1
3 622 301 776 209 25 61 1
3 622 302 776 209 25 61 1
3 622 303 775 209 26 61 1
3 622 304 775 209 25 61 1
3 622 305 773 208 27 62 1
3 622 306 773 208 27 62 1
3 622 307 771 208 27 62 1
3 622 308 771 208 27 62 1
3 622 309 769 206 29 64 1
3 622 310 769 206 29 64 1
3 622 311 769 206 27 64 1
3 622 312 768 206 28 64 1
3 622 313 768 204 28 66 1
3 622 314 766 204 28 66 1
3 622 315 766 204 28 66 1
3 622 316 764 204 30 66 1
3 622 317 764 202 28 68 1
3 622 318 762 202 30 68 1
3 622 319 762 202 30 68 1
3 622 320 762 202 30 68 1
3 622 321 760 202 31 68 1
3 622 322 759 202 30 68 1
3 622 323 757 202 30 68 1
3 622 324 757 202 30 68 1
3 622 325 755 202 30 68 1
3 622 326 753 202 31 68 1
3 622 327 753 202 31 68 1
3 622 328 752 202 30 68 1
3 622 329 750 202 30 68 1
3 622 330 750 202 30 68 1
3 622 331 748 202 30 68 1
3 622 332 748 202 30 68 1
3 622 333 748 202 30 68 1
3 622 334 746 202 30 68 1
3 622 335 746 202 30 68 1
3 622 336 746 202 30 68 1
3 622 337 744 202 31 68 1
3 622 338 744 202 31 68 1
3 622 339 744 202 31 68 1
3 622 340 744 202 31 68 1
3 622 341 743 202 30 68 1
3 622 342 741 202 30 68 1
3 622 343 739 202 30 68 1
3 622 344 739 202 30 68 1
3 622 345 737 202 31 68 1
3 622 346 736 202 30 68 1
3 622 347 736 202 30 68 1
3 622 348 734 202 30 68 1
3 622 349 732 202 30 68 1
3 622 350 732 202 30 68 1
3 622 351 730 202 30 68 1
3 622 352 730 202 30 68 1
3 622 353 730 202 30 68 1
3 622 354 728 202 31 68 1
3 622 355 728 202 31 68 1
3 622 356 728 202 31 68 1
3 622 357 727 202 30 68 1
3 622 358 727 202 30 68 1
3 622 359 727 202 30 68 1
3 622 360 727 202 30 68 1
3 622 361 725 202 30 68 1
3 622 362 725 202 30 68 1
3 622 363 725 202 30 68 1
3 622 364 723 202 30 68 1
3 622 365 723 202 30 68 1
3 622 366 723 202 30 68 1
3 622 367 721 202 31 68 1
3 622 368 721 202 31 68 1
3 622 369 721 202 31 68 1
3 622 370 721 202 31 68 1
3 622 371 720 202 30 68 1
3 622 372 720 202 30 68 1
3 622 373 718 202 30 68 1
3 622 374 718 202 30 68 1
3 622 375 718 202 30 68 1
3 622 376 716 202 30 68 1
3 622 377 716 202 30 68 1
3 622 378 714 202 30 68 1
3 622 379 714 202 30 68 1
3 622 380 714 202 30 68 1
3 622 381 712 202 31 68 1
3 622 382 712 202 31 68 1
3 622 383 711 202 30 68 1
3 622 384 711 202 30 68 1
3 622 385 711 202 30 68 1
3 622 386 709 202 30 68 1
3 622 387 709 202 30 68 1
3 622 388 707 202 30 68 1
3 622 389 707 202 30 68 1
3 622 390 707 202 30 68 1
3 622 391 705 202 31 68 1
3 622 392 705 202 31 68 1
3 622 393 704 202 30 68 1
3 622 394 704 202 30 68 1
3 622 395 702 202 30 68 1
3 622 396 702 202 30 68 1
3 622 397 700 202 30 68 1
3 622 398 700 202 30 68 1
3 622 399 698 202 30 68 1
3 622 400 698 202 30 68 1
3 622 401 696 202 31 68 1
3 622 402 696 202 31 68 1
3 622 403 696 202 31 68 1
3 622 404 696 202 31 68 1
3 622 405 696 202 31 68 1
3 622 406 696 202 31 68 1
3 622 407 695 202 30 68 1
3 622 408 695 202 30 68 1
3 622 409 695 202 30 68 1
3 622 410 695 202 30 68 1
3 622 411 695 202 30 68 1
3 622 412 695 202 30 68 1
3 622 413 695 202 30 68 1
3 622 414 693 202 30 68 1
3 622 415 693 202 30 68 1
3 622 416 693 202 30 68 1
3 622 417 693 202 30 68 1
3 622 418 693 202 30 68 1
3 622 419 693 202 30 68 1
3 622 420 693 202 30 68 1
3 622 421 691 202 30 68 1
3 622 422 691 202 30 68 1
3 622 423 691 202 30 68 1
3 622 424 691 202 30 68 1
3 622 425 691 202 30 68 1
3 622 426 691 202 30 68 1
3 622 427 691 202 30 68 1
3 622 428 691 202 30 68 1
3 622 429 689 202 31 68 1
3 622 430 689 202 31 68 1
3 622 431 689 202 31 68 1
3 622 432 689 202 31 68 1
3 622 433 689 202 31 68 1
3 622 434 689 202 31 68 1
3 622 435 689 202 31 68 1
3 622 436 689 202 31 68 1
3 622 437 688 202 30 68 1
3 622 438 688 202 30 68 1
3 622 439 688 202 30 68 1
3 622 440 688 202 30 68 1
3 622 441 688 202 30 68 1
3 622 442 688 202 30 68 1
3 622 443 688 202 30 68 1
3 622 444 688 202 30 68 1
3 622 445 686 202 30 68 1
3 622 446 686 202 30 68 1
3 622 447 686 202 30 68 1
3 622 448 686 202 30 68 1
3 622 449 686 202 30 68 1
3 622 450 686 202 30 68 1
3 622 451 686 202 30 68 1
3 622 452 686 202 30 68 1
3 622 453 684 202 30 68 1
3 622 454 684 202 30 68 1
3 622 455 684 202 30 68 1
3 622 456 684 202 30 68 1
3 622 457 684 202 30 68 1
3 622 458 684 202 30 68 1
3 622 459 684 202 30 68 1
3 622 460 684 202 30 68 1
3 622 461 684 202 30 68 1
3 622 462 684 202 30 68 1
3 622 463 684 202 30 68 1
3 622 464 684 202 30 68 1
3 622 465 684 202 30 68 1
3 622 466 684 202 30 68 1
3 622 467 684 202 30 68 1
3 622 468 684 202 30 68 1
3 622 469 684 202 30 68 1
3 622 470 684 202 30 68 1
3 622 471 684 202 30 68 1
3 622 472 684 202 30 68 1
3 622 473 684 202 30 68 1
3 622 474 684 202 30 68 1
3 622 475 684 202 30 68 1
3 622 476 684 202 30 68 1
3 622 477 684 202 30 68 1
3 622 478 684 202 30 68 1
3 622 479 684 202 30 68 1
3 622 480 684 202 30 68 1
3 622 481 682 202 30 68 1
3 622 482 682 202 30 68 1
3 622 483 682 202 30 68 1
3 622 484 682 202 30 68 1
3 622 485 680 202 31 68 1
3 622 486 680 202 31 68 1
3 622 487 680 202 31 68 1
3 622 488 680 202 31 68 1
3 622 489 679 202 30 68 1
3 622 490 679 202 30 68 1
3 622 491 679 202 30 68 1
3 622 492 679 202 30 68 1
3 622 493 677 202 30 68 1
3 622 494 677 202 30 68 1
3 622 495 677 202 30 68 1
3 622 496 677 202 30 68 1
3 622 497 675 202 30 68 1
3 622 498 675 202 30 68 1
3 622 499 675 202 30 68 1
3 622 500 675 202 30 68 1
3 622 501 673 202 31 68 1
3 622 502 673 202 31 68 1
3 622 503 673 202 31 68 1
3 622 504 673 202 31 68 1
3 622 505 673 202 31 68 1
3 622 506 673 202 31 68 1
3 622 507 673 202 31 68 1
3 622 508 673 202 31 68 1
3 622 509 673 202 31 68 1
3 622 510 673 202 31 68 1
3 622 511 673 202 31 68 1
3 622 512 673 202 31 68 1
3 622 513 673 202 31 68 1
3 622 514 673 202 31 68 1
3 622 515 673 202 31 68 1
3 622 516 673 202 31 68 1
3 622 517 673 202 31 68 1
3 622 518 673 202 31 68 1
3 622 519 673 202 31 68 1
3 622 520 673 202 31 68 1
3 622 521 672 202 30 68 1
3 622 522 672 202 30 68 1
3 622 523 672 202 30 68 1
3 622 524 672 202 30 68 1
3 622 525 672 202 30 68 1
3 622 526 672 202 30 68 1
3 622 527 672 202 30 68 1
3 622 528 672 202 30 68 1
3 622 529 672 202 30 68 1
3 622 530 672 202 30 68 1
3 622 531 672 202 30 68 1
3 622 532 672 202 30 68 1
3 622 533 672 202 30 68 1
3 622 534 672 202 30 68 1
3 622 535 672 202 30 68 1
3 622 536 672 202 30 68 1
3 622 537 672 202 30 68 1
3 622 538 672 202 30 68 1
3 622 539 672 202 30 68 1
3 622 540 672 202 30 68 1
3 622 541 670 202 30 68 1
3 622 542 670 202 30 68 1
3 622 543 670 202 30 68 1
3 622 544 670 202 30 68 1
3 622 545 670 202 30 68 1
3 622 546 670 202 30 68 1
3 622 547 670 202 30 68 1
3 622 548 670 202 30 68 1
3 622 549 670 202 30 68 1
3 622 550 670 202 30 68 1
3 622 551 670 202 30 68 1
3 622 552 670 202 30 68 1
3 622 553 670 202 30 68 1
3 622 554 670 202 30 68 1
3 622 555 670 202 30 68 1
3 622 556 670 202 30 68 1
3 622 557 670 202 30 68 1
3 622 558 670 202 30 68 1
3 622 559 670 202 30 68 1
3 622 560 670 202 30 68 1
3 622 561 670 202 30 68 1
3 622 562 670 202 30 68 1
3 622 563 670 202 30 68 1
3 622 564 670 202 30 68 1
3 622 565 670 202 30 68 1
3 622 566 670 202 30 68 1
3 622 567 670 202 30 68 1
3 622 568 670 202 30 68 1
3 622 569 670 202 30 68 1
3 622 570 670 202 30 68 1
3 622 571 670 202 30 68 1
3 622 572 670 202 30 68 1
3 622 573 670 202 30 68 1
3 622 574 670 202 30 68 1
3 622 575 670 202 30 68 1
3 622 576 670 202 30 68 1
3 622 577 670 202 30 68 1
3 622 578 670 202 30 68 1
3 622 579 670 202 30 68 1
3 622 580 670 202 30 68 1
3 622 581 670 202 30 68 1
3 622 582 670 202 30 68 1
3 622 583 670 202 30 68 1
3 622 584 670 202 30 68 1
3 622 585 670 202 30 68 1
3 622 586 670 202 30 68 1
3 622 587 670 202 30 68 1
3 622 588 670 202 30 68 1
3 622 589 670 202 30 68 1
3 622 590 670 202 30 68 1
3 622 591 670 202 30 68 1
3 622 592 670 202 30 68 1
3 622 593 670 202 30 68 1
3 622 594 670 202 30 68 1
3 622 595 670 202 30 68 1
3 622 596 670 202 30 68 1
3 622 597 670 202 30 68 1
3 622 598 670 202 30 68 1
3 622 599 670 202 30 68 1
3 622 600 670 202 30 68 1
3 622 601 670 202 30 68 1
3 622 602 670 202 30 68 1
3 622 603 670 202 30 68 1
3 622 604 670 202 30 68 1
3 622 605 670 202 30 68 1
3 622 606 670 202 30 68 1
3 622 607 670 202 30 68 1
3 622 608 670 202 30 68 1
3 622 609 670 202 30 68 1
3 622 610 670 202 30 68 1
3 622 611 670 202 30 68 1
3 622 612 670 202 30 68 1
3 622 613 670 202 30 68 1
3 622 614 670 202 30 68 1
3 622 615 670 202 30 68 1
3 622 616 670 202 30 68 1
3 622 617 670 202 30 68 1
3 622 618 670 202 30 68 1
3 622 619 670 202 30 68 1
3 622 620 670 202 30 68 1
3 622 621 670 202 30 68 1
4 276 284 1033 195 26 52 1
4 276 285 1032 195 26 52 1
4 276 286 1031 195 27 52 1
4 276 287 1030 195 27 53 1
4 276 288 1030 195 27 53 1
4 276 289 1029 195 27 53 1
4 276 290 1028 195 28 54 1
4 276 291 1028 195 28 54 1
4 276 292 1027 195 28 55 1
4 276 293 1026 195 29 55 1
4 276 294 1025 195 29 55 1
4 276 295 1026 196 28 56 1
4 276 296 1026 196 27 58 1
4 276 297 1026 196 27 60 1
4 276 298 1026 196 26 62 1
4 276 299 1026 196 26 64 1
4 276 300 1026 196 25 66 1
4 276 301 1026 196 26 65 1
4 276 302 1026 196 26 64 1
4 276 303 1025 196 28 63 1
4 276 304 1025 196 28 61 1
4 276 305 1025 196 28 60 1
4 276 306 1024 196 30 59 1
4 276 307 1024 196 30 58 1
4 276 308 1024 196 31 57 1
4 276 309 1023 196 31 57 1
4 276 310 1023 196 31 57 1
4 276 311 1023 196 31 57 1
4 276 312 1023 196 30 57 1
4 276 313 1023 196 30 58 1
4 276 314 1023 196 30 58 1
4 276 315 1022 196 30 58 1
4 276 316 1022 196 30 58 1
4 276 317 1022 196 30 59 1
4 276 318 1022 196 30 59 1
4 276 319 1022 196 29 59 1
4 276 320 1022 196 29 59 1
4 276 321 1022 196 29 60 1
4 276 322 1021 196 29 60 1
4 276 323 1021 196 29 60 1
4 276 324 1021 196 29 60 1
4 276 325 1021 196 29 61 1
4 276 326 1021 196 28 61 1
4 276 327 1021 196 28 61 1
4 276 328 1021 196 28 61 1
4 276 329 1020 196 28 61 1
4 276 330 1020 196 28 62 1
4 276 331 1020 196 28 62 1
4 276 332 1020 196 28 62 1
4 276 333 1020 196 27 62 1
4 276 334 1020 196 27 63 1
4 276 335 1020 196 27 63 1
4 276 336 1019 196 27 63 1
4 276 337 1019 196 27 63 1
4 276 338 1019 196 27 64 1
4 276 339 1019 196 27 64 1
4 276 340 1019 196 26 64 1
4 276 341 1019 196 26 64 1
4 276 342 1019 196 26 65 1
4 276 343 1018 196 26 65 1
4 276 344 1018 196 26 65 1
4 276 345 1018 196 26 65 1
4 276 346 1018 196 26 66 1
4 276 347 1018 196 25 66 1
4 276 348 1018 196 25 66 1
4 276 349 1018 196 25 66 1
4 276 350 1017 196 25 66 1
4 276 351 1018 195 25 66 1
4 276 352 1018 195 25 66 1
4 276 353 1018 195 25 66 1
4 276 354 1018 195 25 66 1
4 276 355 1018 195 25 66 1
4 276 356 1020 195 25 66 1
4 276 357 1020 195 25 66 1
4 276 358 1020 195 25 66 1
4 276 359 1020 195 25 66 1
4 276 360 1020 195 25 66 1
4 276 361 1020 195 25 66 1
4 276 362 1022 195 25 66 1
4 276 363 1022 195 25 66 1
4 276 364 1022 195 25 66 1
4 276 365 1022 195 25 66 1
4 276 366 1022 195 25 66 1
4 276 367 1022 195 25 66 1
4 276 368 1024 195 24 66 1
4 276 369 1024 195 24 66 1
4 276 370 1024 195 24 66 1
4 276 371 1024 195 24 66 1
4 276 372 1024 195 24 66 1
4 276 373 1024 195 24 66 1
4 276 374 1025 195 25 66 1
4 276 375 1025 195 25 66 1
4 276 376 1025 195 25 66 1
4 276 377 1025 195 25 66 1
4 276 378 1025 195 25 66 1
4 276 379 1025 195 25 66 1
4 276 380 1027 195 25 66 1
4 276 381 1027 195 25 66 1
4 276 382 1029 195 25 66 1
4 276 383 1029 195 25 66 1
4 276 384 1031 195 25 66 1
4 276 385 1032 195 25 66 1
4 276 386 1032 195 25 66 1
4 276 387 1034 195 25 66 1
4 276 388 1034 195 25 66 1
4 276 389 1036 195 25 66 1
4 276 390 1038 195 25 66 1
4 276 391 1038 195 25 66 1
4 276 392 1040 195 24 66 1
4 276 393 1041 195 25 66 1
4 276 394 1041 195 25 66 1
4 276 395 1043 195 25 66 1
4 276 396 1045 195 25 66 1
4 276 397 1045 195 25 66 1
4 276 398 1047 195 25 66 1
4 276 399 1048 195 25 66 1
4 276 400 1050 195 25 66 1
4 276 401 1050 195 25 66 1
4 276 402 1052 195 25 66 1
4 276 403 1052 195 27 66 1
4 276 404 1054 195 25 66 1
4 276 405 1054 195 26 66 1
4 276 406 1056 195 26 66 1
4 276 407 1056 195 26 66 1
4 276 408 1057 195 27 66 1
4 276 409 1057 195 29 66 1
4 276 410 1059 195 29 66 1
4 276 411 1061 195 27 66 1
4 276 412 1061 195 28 66 1
4 276 413 1063 195 28 66 1
4 276 414 1063 195 28 66 1
4 276 415 1064 195 29 66 1
4 276 416 1064 195 31 66 1
4 276 417 1066 195 29 66 1
4 276 418 1066 195 30 66 1
4 276 419 1068 195 30 66 1
4 276 420 1070 195 30 66 1
4 276 421 1070 195 30 66 1
4 276 422 1072 195 30 66 1
4 276 423 1072 195 30 66 1
4 276 424 1073 195 31 66 1
4 276 425 1075 195 30 66 1
4 276 426 1075 195 30 66 1
4 276 427 1077 195 30 66 1
4 276 428 1077 195 30 66 1
4 276 429 1079 195 30 66 1
4 276 430 1080 195 31 66 1
4 276 431 1080 195 31 66 1
4 276 432 1082 195 30 66 1
4 276 433 1082 195 30 66 1
4 276 434 1084 195 30 66 1
4 276 435 1086 195 30 66 1
4 276 436 1086 195 30 66 1
4 276 437 1088 195 30 66 1
4 276 438 1088 195 30 66 1
4 276 439 1089 195 31 66 1
4 276 440 1091 195 30 66 1
4 276 441 1093 195 30 66 1
4 276 442 1095 195 30 66 1
4 276 443 1096 195 31 66 1
4 276 444 1098 195 30 66 1
4 276 445 1102 195 30 66 1
4 276 446 1104 195 30 66 1
4 276 447 1105 195 31 66 1
4 276 448 1107 195 30 66 1
4 276 449 1109 195 30 66 1
4 276 450 1112 195 31 66 1
4 276 451 1112 195 31 66 1
4 276 452 1114 195 30 66 1
4 276 453 1116 195 30 66 1
4 276 454 1118 195 30 66 1
4 276 455 1120 195 30 66 1
4 276 456 1121 195 31 66 1
4 276 457 1123 195 30 66 1
4 276 458 1125 195 30 66 1
4 276 459 1127 195 30 66 1
4 276 460 1128 195 31 66 1
4 276 461 1130 195 30 66 1
4 276 462 1132 195 30 66 1
4 276 463 1134 195 30 66 1
4 276 464 1136 195 30 66 1
4 276 465 1137 195 31 66 1
4 276 466 1139 195 30 66 1
4 276 467 1141 195 30 66 1
4 276 468 1143 195 30 66 1
4 276 469 1144 195 31 66 1
4 276 470 1148 195 30 66 1
4 276 471 1148 195 30 66 1
4 276 472 1148 195 30 66 1
4 276 473 1148 195 30 66 1
4 276 474 1148 195 30 66 1
4 276 475 1148 195 30 66 1
4 276 476 1148 195 30 66 1
4 276 477 1148 195 30 66 1
4 276 478 1148 195 30 66 1
4 276 479 1148 195 30 66 1
4 276 480 1148 195 30 66 1
4 276 481 1148 193 30 66 1
4 276 482 1150 193 30 66 1
4 276 483 1152 193 30 66 1
4 276 484 1153 193 31 66 1
4 276 485 1155 193 30 66 1
4 276 486 1157 193 30 66 1
4 276 487 1159 193 30 66 1
4 276 488 1160 193 31 66 1
4 276 489 1162 193 30 66 1
4 276 490 1164 193 30 66 1
4 276 491 1166 193 30 66 1
4 276 492 1168 193 30 66 1
4 276 493 1169 193 31 66 1
4 276 494 1171 193 30 66 1
4 276 495 1173 193 30 66 1
4 276 496 1175 193 30 66 1
4 276 497 1176 193 31 66 1
4 276 498 1178 193 30 66 1
4 276 499 1180 193 30 66 1
4 276 500 1182 193 30 66 1
4 276 501 1184 193 30 66 1
4 276 502 1185 193 31 66 1
4 276 503 1187 193 30 66 1
4 276 504 1189 193 30 66 1
4 276 505 1192 193 31 66 1
4 276 506 1194 193 30 66 1
4 276 507 1196 193 30 66 1
4 276 508 1198 193 30 66 1
4 276 509 1200 193 30 66 1
4 276 510 1203 193 30 66 1
4 276 511 1205 192 30 65 1
4 276 512 1207 192 30 65 1
4 276 513 1208 192 31 65 1
4 276 514 1210 192 30 65 1
4 276 515 1212 192 30 65 1
4 276 516 1214 190 30 66 1
4 276 517 1216 190 30 66 1
4 276 518 1217 190 31 66 1
4 276 519 1219 190 30 66 1
4 276 520 1221 190 30 66 1
4 276 521 1221 190 30 66 1
4 276 522 1223 190 30 66 1
4 276 523 1223 190 30 66 1
4 276 524 1224 190 31 66 1
4 276 525 1226 190 30 66 1
4 276 526 1226 190 30 66 1
4 276 527 1228 190 30 66 1
4 276 528 1228 190 30 66 1
4 276 529 1230 190 30 66 1
4 276 530 1232 190 30 66 1
4 276 531 1232 188 30 66 1
4 276 532 1233 188 31 66 1
4 276 533 1233 188 31 66 1
4 276 534 1235 186 30 66 1
4 276 535 1237 186 30 66 1
4 276 536 1237 186 30 66 1
4 276 537 1239 184 30 66 1
4 276 538 1239 184 30 66 1
4 276 539 1240 184 31 66 1
4 276 540 1242 184 30 66 1
4 276 541 1244 184 28 66 1
4 276 542 1246 184 26 66 1
4 276 543 1248 184 24 66 1
4 276 544 1249 184 25 66 1
4 276 545 1253 184 21 66 1
4 276 546 1255 184 19 66 1
4 276 547 1256 184 20 66 1
4 276 548 1258 184 18 66 1
4 276 549 1260 184 16 66 1
4 276 550 1264 184 14 66 1
4 276 551 1264 184 14 66 1
4 276 552 1264 184 14 66 1
4 276 553 1264 184 14 66 1
4 276 554 1264 184 14 66 1
4 276 555 1264 184 14 66 1
4 276 556 1264 184 14 66 1
4 276 557 1264 184 14 66 1
4 276 558 1264 184 14 66 1
4 276 559 1264 184 14 66 1
5 322 0 240 289 35 73 1
5 322 1 238 289 35 73 1
5 322 2 236 289 36 73 1
5 322 3 236 291 36 73 1
5 322 4 234 291 36 73 1
5 322 5 234 291 34 73 1
5 322 6 232 293 36 73 1
5 322 7 232 293 34 73 1
5 322 8 231 293 35 73 1
5 322 9 229 295 35 73 1
5 322 10 229 295 34 73 1
5 322 11 227 295 36 73 1
5 322 12 227 296 34 73 1
5 322 13 225 296 36 73 1
5 322 14 225 296 34 73 1
5 322 15 224 298 33 73 1
5 322 16 224 298 33 73 1
5 322 17 222 298 34 73 1
5 322 18 220 300 36 73 1
5 322 19 220 300 34 73 1
5 322 20 218 300 34 73 1
5 322 21 218 302 34 73 1
5 322 22 216 302 34 73 1
5 322 23 216 302 32 73 1
5 322 24 215 304 33 72 1
5 322 25 215 304 32 72 1
5 322 26 213 304 34 72 1
5 322 27 211 305 34 73 1
5 322 28 211 305 32 73 1
5 322 29 209 305 34 73 1
5 322 30 209 307 32 73 1
5 322 31 208 307 33 73 1
5 322 32 208 307 32 73 1
5 322 33 206 309 32 73 1
5 322 34 206 309 32 73 1
5 322 35 204 309 32 73 1
5 322 36 202 311 34 73 1
5 322 37 202 311 32 73 1
5 322 38 200 311 32 73 1
5 322 39 200 312 32 73 1
5 322 40 199 312 32 73 1
5 322 41 199 312 30 73 1
5 322 42 197 314 32 73 1
5 322 43 195 314 32 73 1
5 322 44 195 314 32 73 1
5 322 45 193 316 32 73 1
5 322 46 193 316 31 73 1
5 322 47 192 316 32 73 1
5 322 48 192 318 30 73 1
5 322 49 190 318 32 73 1
5 322 50 190 318 30 73 1
5 322 51 188 320 30 72 1
5 322 52 186 320 32 72 1
5 322 53 186 320 30 72 1
5 322 54 184 321 32 73 1
5 322 55 184 321 31 73 1
5 322 56 183 321 30 73 1
5 322 57 183 323 30 73 1
5 322 58 181 323 30 73 1
5 322 59 181 323 28 73 1
5 322 60 179 325 30 73 1
5 322 61 177 325 31 73 1
5 322 62 177 325 31 73 1
5 322 63 176 327 30 73 1
5 322 64 176 327 28 73 1
5 322 65 174 327 30 73 1
5 322 66 174 328 28 73 1
5 322 67 172 328 30 73 1
5 322 68 172 328 28 73 1
5 322 69 170 330 29 73 1
5 322 70 168 330 31 73 1
5 322 71 168 330 29 73 1
5 322 72 167 332 30 73 1
5 322 73 167 332 28 73 1
5 322 74 165 332 28 73 1
5 322 75 165 334 28 73 1
5 322 76 163 334 29 73 1
5 322 77 163 336 29 72 1
5 322 78 161 336 29 72 1
5 322 79 160 336 28 72 1
5 322 80 160 337 28 73 1
5 322 81 158 337 28 73 1
5 322 82 156 337 30 73 1
5 322 83 156 339 28 73 1
5 322 84 154 339 29 73 1
5 322 85 152 339 31 73 1
5 322 86 152 341 29 73 1
5 322 87 151 341 30 73 1
5 322 88 149 341 30 73 1
5 322 89 149 343 28 73 1
5 322 90 147 343 30 73 1
5 322 91 145 343 31 73 1
5 322 92 145 344 31 73 1
5 322 93 144 344 30 73 1
5 322 94 142 344 30 73 1
5 322 95 142 346 30 73 1
5 322 96 140 346 30 73 1
5 322 97 138 346 32 73 1
5 322 98 138 348 30 73 1
5 322 99 136 348 31 73 1
5 322 100 135 348 32 73 1
5 322 101 135 350 30 73 1
5 322 102 133 350 32 73 1
5 322 103 131 350 32 73 1
5 322 104 131 352 30 72 1
5 322 105 129 352 32 72 1
5 322 106 128 352 32 72 1
5 322 107 128 353 32 73 1
5 322 108 126 353 32 73 1
5 322 109 124 353 32 73 1
5 322 110 124 355 32 73 1
5 322 111 122 355 32 73 1
5 322 112 120 355 34 73 1
5 322 113 120 357 32 73 1
5 322 114 119 357 32 73 1
5 322 115 117 357 34 73 1
5 322 116 117 359 32 73 1
5 322 117 115 359 34 73 1
5 322 118 113 359 34 73 1
5 322 119 113 360 32 73 1
5 322 120 112 360 33 73 1
5 322 121 110 360 34 73 1
5 322 122 110 362 34 73 1
5 322 123 108 362 34 73 1
5 322 124 106 362 34 73 1
5 322 125 106 364 34 73 1
5 322 126 104 364 34 73 1
5 322 127 103 364 35 73 1
5 322 128 103 366 33 73 1
5 322 129 101 366 34 73 1
5 322 130 99 366 36 73 1
5 322 131 99 368 34 72 1
5 322 132 97 368 36 72 1
5 322 133 96 368 35 72 1
5 322 134 96 369 33 73 1
5 322 135 94 369 35 73 1
5 322 136 92 369 36 73 1
5 322 137 92 371 36 73 1
5 322 138 90 371 36 73 1
5 322 139 88 373 36 73 1
5 322 140 87 373 35 73 1
5 322 141 85 375 35 73 1
5 322 142 83 376 36 73 1
5 322 143 83 376 36 73 1
5 322 144 81 378 36 73 1
5 322 145 80 380 35 73 1
5 322 146 78 380 35 73 1
5 322 147 76 382 36 73 1
5 322 148 74 384 36 72 1
5 322 149 74 384 36 72 1
5 322 150 72 385 36 73 1
5 322 151 71 387 35 73 1
5 322 152 69 387 35 73 1
5 322 153 67 389 36 73 1
5 322 154 67 391 36 73 1
5 322 155 64 391 35 73 1
5 322 156 62 391 35 73 1
5 322 157 60 391 34 73 1
5 322 158 56 391 36 73 1
5 322 159 55 391 35 73 1
5 322 160 53 391 34 73 1
5 322 161 49 391 36 73 1
5 322 162 48 391 33 73 1
5 322 163 46 391 34 73 1
5 322 164 42 391 36 73 1
5 322 165 40 391 34 73 1
5 322 166 39 391 33 73 1
5 322 167 35 391 36 73 1
5 322 168 33 391 34 73 1
5 322 169 32 391 33 73 1
5 322 170 30 391 32 73 1
5 322 171 26 391 34 73 1
5 322 172 24 391 34 73 1
5 322 173 23 391 32 73 1
5 322 174 19 391 34 73 1
5 322 175 17 391 34 73 1
5 322 176 16 391 32 73 1
5 322 177 12 391 34 73 1
5 322 178 10 391 32 73 1
5 322 179 8 391 32 73 1
5 322 180 5 391 34 73 1
5 322 181 3 391 32 73 1
5 322 182 1 391 32 73 1
5 322 183 0 392 32 73 1
5 322 184 0 392 28 73 1
5 322 185 0 392 24 73 1
5 322 186 0 392 23 73 1
5 322 187 0 392 19 73 1
5 322 188 0 392 17 73 1
5 322 189 0 392 17 73 1
5 322 190 0 392 17 73 1
5 322 191 0 392 17 73 1
5 322 321 163 336 29 72 1
