0 372 504 293 229 19 39 1
0 372 505 291 229 20 39 1
0 372 506 291 229 20 39 1
0 372 507 289 229 20 39 1
0 372 508 289 229 20 39 1
0 372 509 288 229 19 39 1
0 372 510 288 229 19 39 1
0 372 511 286 229 19 39 1
0 372 512 286 229 19 39 1
0 372 513 284 229 20 39 1
0 372 514 284 229 20 39 1
0 372 515 282 229 20 39 1
0 372 516 282 229 20 39 1
0 372 517 280 229 20 39 1
0 372 518 280 229 20 39 1
0 372 519 279 229 19 39 1
0 372 520 279 229 19 39 1
0 372 521 277 231 19 39 1
0 372 522 277 231 19 39 1
0 372 523 277 231 19 39 1
0 372 524 275 231 20 39 1
0 372 525 275 231 20 39 1
0 372 526 273 232 20 40 1
0 372 527 273 232 20 40 1
0 372 528 272 232 19 40 1
0 372 529 272 232 19 40 1
0 372 530 272 234 19 39 1
0 372 531 270 234 19 39 1
0 372 532 270 234 19 39 1
0 372 533 270 234 19 39 1
0 372 534 268 234 20 39 1
0 372 535 268 234 20 39 1
0 372 536 268 234 20 39 1
0 372 537 268 234 20 39 1
0 372 538 266 234 20 39 1
0 372 539 266 234 20 39 1
0 372 540 266 234 20 39 1
0 372 541 264 234 20 39 1
0 372 542 264 234 20 39 1
0 372 543 264 234 20 39 1
0 372 544 264 234 20 39 1
0 372 545 264 234 20 39 1
0 372 546 264 234 20 39 1
0 372 547 264 234 20 39 1
0 372 548 264 234 20 39 1
0 372 549 264 234 20 39 1
0 372 550 264 234 20 39 1
0 372 551 264 234 20 39 1
0 372 552 264 234 20 39 1
0 372 553 264 234 20 39 1
0 372 554 264 234 20 39 1
0 372 555 264 234 20 39 1
0 372 556 264 234 20 39 1
0 372 557 264 234 20 39 1
0 372 558 264 234 20 39 1
0 372 559 264 234 20 39 1
0 372 560 264 234 20 39 1
0 372 561 264 234 20 39 1
0 372 562 264 234 20 39 1
0 372 563 264 234 20 39 1
0 372 564 264 234 20 39 1
0 372 565 264 234 20 39 1
0 372 566 264 234 20 39 1
0 372 567 264 234 20 39 1
0 372 568 264 234 20 39 1
0 372 569 264 234 20 39 1
0 372 570 264 234 20 39 1
0 372 571 264 234 20 39 1
0 372 572 264 234 20 39 1
0 372 573 264 234 20 39 1
0 372 574 264 234 20 39 1
0 372 575 264 234 20 39 1
0 372 576 264 234 20 39 1
0 372 577 264 234 20 39 1
0 372 578 264 234 20 39 1
0 372 579 264 234 20 39 1
0 372 580 264 234 20 39 1
0 372 581 264 234 20 39 1
0 372 582 264 234 20 39 1
0 372 583 264 234 20 39 1
0 372 584 264 234 20 39 1
0 372 585 264 234 20 39 1
0 372 586 264 234 20 39 1
0 372 587 264 234 20 39 1
0 372 588 264 234 20 39 1
0 372 589 264 234 20 39 1
0 372 590 264 234 20 39 1
0 372 591 264 234 20 39 1
0 372 592 264 234 20 39 1
0 372 593 264 234 20 39 1
0 372 594 264 234 20 39 1
0 372 595 264 234 20 39 1
0 372 596 264 234 20 39 1
0 372 597 264 234 20 39 1
0 372 598 264 234 20 39 1
0 372 599 264 234 20 39 1
0 372 600 264 234 20 39 1
0 372 601 264 234 20 39 1
0 372 602 264 234 20 39 1
0 372 603 264 234 20 39 1
0 372 604 264 234 20 39 1
0 372 605 266 234 20 39 1
0 372 606 266 234 20 39 1
0 372 607 266 234 20 39 1
0 372 608 266 234 20 39 1
0 372 609 268 234 18 39 1
0 372 610 268 234 20 41 1
0 372 611 268 234 20 41 1
0 372 612 268 234 20 41 1
0 372 613 268 234 20 41 1
0 372 614 270 234 19 41 1
0 372 615 270 234 19 41 1
0 372 616 270 234 19 41 1
0 372 617 270 234 19 41 1
0 372 618 272 234 17 41 1
0 372 619 272 234 19 41 1
0 372 620 272 236 19 41 1
0 372 621 272 236 19 41 1
0 372 622 273 236 18 41 1
0 372 623 273 236 18 41 1
0 372 624 273 236 20 41 1
0 372 625 273 236 20 41 1
0 372 626 273 236 20 41 1
0 372 627 275 236 18 41 1
0 372 628 275 236 20 41 1
0 372 629 275 236 20 41 1
0 372 630 275 236 20 43 1
0 372 631 277 236 18 43 1
0 372 632 277 236 18 43 1
0 372 633 277 236 19 43 1
0 372 634 277 236 19 43 1
0 372 635 277 236 19 43 1
0 372 636 279 236 17 43 1
0 372 637 279 236 17 43 1
0 372 638 279 236 19 43 1
0 372 639 279 236 19 43 1
0 372 640 280 238 18 42 1
0 372 641 280 238 18 42 1
0 372 642 280 238 20 42 1
0 372 643 280 238 20 42 1
0 372 644 282 238 18 42 1
0 372 645 282 238 18 42 1
0 372 646 282 238 18 42 1
0 372 647 282 238 20 42 1
0 372 648 282 238 20 42 1
0 372 649 284 238 18 42 1
0 372 650 284 238 18 44 1
0 372 651 284 238 18 44 1
0 372 652 284 238 20 44 1
0 372 653 286 238 18 44 1
0 372 654 286 238 18 44 1
0 372 655 286 238 18 44 1
0 372 656 286 238 19 44 1
0 372 657 286 238 19 44 1
0 372 658 288 238 17 44 1
0 372 659 288 238 17 44 1
0 372 660 288 240 17 44 1
0 372 661 288 240 19 44 1
0 372 662 289 240 18 44 1
0 372 663 289 240 18 44 1
0 372 664 289 240 18 44 1
0 372 665 289 240 18 44 1
0 372 666 291 240 18 44 1
0 372 667 291 240 18 44 1
0 372 668 291 240 18 44 1
0 372 669 291 240 18 44 1
0 372 670 291 240 20 46 1
0 372 671 293 240 18 46 1
0 372 672 293 240 18 46 1
0 372 673 293 240 18 46 1
0 372 674 293 240 18 46 1
0 372 675 295 240 17 46 1
0 372 676 295 240 17 46 1
0 372 677 295 240 17 46 1
0 372 678 295 240 17 46 1
0 372 679 296 241 18 47 1
0 372 680 296 241 18 47 1
0 372 681 296 241 18 47 1
0 372 682 296 241 18 47 1
0 372 683 296 241 18 47 1
0 372 684 298 241 18 47 1
0 372 685 298 241 18 47 1
0 372 686 298 241 18 47 1
0 372 687 298 241 18 47 1
0 372 688 298 241 18 47 1
0 372 689 300 241 18 47 1
0 372 690 300 241 18 47 1
0 372 691 300 241 18 47 1
0 372 692 300 241 18 47 1
0 372 693 300 241 18 47 1
0 372 694 302 241 18 47 1
0 372 695 302 241 18 47 1
0 372 696 302 241 18 47 1
0 372 697 302 241 18 47 1
0 372 698 304 241 17 47 1
0 372 699 304 241 17 47 1
0 372 700 304 241 17 47 1
0 372 701 304 243 17 46 1
0 372 702 304 243 17 46 1
0 372 703 305 243 18 46 1
0 372 704 305 243 18 46 1
0 372 705 305 243 18 46 1
0 372 706 305 243 18 46 1
0 372 707 305 243 18 46 1
0 372 708 307 243 18 46 1
0 372 709 307 243 18 46 1
0 372 710 307 243 18 46 1
0 372 711 307 243 18 46 1
0 372 712 309 243 18 46 1
0 372 713 309 243 18 46 1
0 372 714 309 243 18 46 1
0 372 715 309 243 18 46 1
0 372 716 309 243 18 46 1
0 372 717 311 243 17 46 1
0 372 718 311 243 17 46 1
0 372 719 311 243 17 46 1
0 372 720 311 243 17 46 1
0 372 721 311 243 17 46 1
0 372 722 312 245 18 46 1
0 372 723 312 245 18 46 1
0 372 724 312 245 18 46 1
0 372 725 312 245 18 46 1
0 372 726 314 245 18 46 1
0 372 727 314 245 18 46 1
0 372 728 314 245 18 46 1
0 372 729 314 245 18 46 1
0 372 730 314 245 18 46 1
0 372 731 316 245 18 46 1
0 372 732 316 245 18 46 1
0 372 733 316 245 18 46 1
0 372 734 316 245 18 46 1
0 372 735 316 245 18 46 1
0 372 736 318 245 18 46 1
0 372 737 318 245 18 46 1
0 372 738 318 245 18 46 1
0 372 739 318 245 18 46 1
0 372 740 320 245 17 46 1
0 372 741 320 245 17 46 1
0 372 742 320 245 17 46 1
0 372 743 320 245 17 46 1
0 372 744 320 247 17 46 1
0 372 745 321 247 18 46 1
0 372 746 321 247 18 46 1
0 372 747 321 247 18 46 1
0 372 748 321 247 18 46 1
0 372 749 321 247 18 46 1
0 372 750 323 247 18 46 1
0 372 751 323 247 18 46 1
0 372 752 323 247 18 46 1
0 372 753 323 247 18 46 1
0 372 754 325 247 18 46 1
0 372 755 325 247 18 46 1
0 372 756 325 247 18 46 1
0 372 757 325 247 18 46 1
0 372 758 325 247 18 46 1
0 372 759 327 247 17 46 1
0 372 760 327 247 17 46 1
0 372 761 327 247 17 46 1
0 372 762 327 247 17 46 1
0 372 763 327 247 17 46 1
0 372 764 328 247 18 46 1
0 372 765 328 248 18 47 1
0 372 766 328 248 18 47 1
0 372 767 328 248 18 47 1
0 372 768 328 248 18 47 1
0 372 769 330 248 18 47 1
0 372 770 330 248 18 47 1
0 372 771 330 248 18 47 1
0 372 772 330 248 18 47 1
0 372 773 332 248 18 47 1
0 372 774 332 248 18 47 1
0 372 775 332 248 18 47 1
0 372 776 332 248 18 47 1
0 372 777 332 248 18 47 1
0 372 778 334 248 18 47 1
0 372 779 334 248 18 47 1
0 372 780 334 248 18 47 1
0 372 781 334 248 18 47 1
0 372 782 334 248 18 47 1
0 372 783 336 248 17 47 1
0 372 784 336 248 17 47 1
0 372 785 336 248 17 47 1
0 372 786 336 248 17 47 1
0 372 787 337 250 18 46 1
0 372 788 337 250 18 46 1
0 372 789 337 250 18 46 1
0 372 790 337 250 18 46 1
0 372 791 337 250 18 46 1
0 372 792 339 250 18 46 1
0 372 793 339 250 18 46 1
0 372 794 339 250 18 46 1
0 372 795 339 250 18 46 1
0 372 796 339 250 18 46 1
0 372 797 341 250 18 46 1
0 372 798 341 250 18 46 1
0 372 799 341 250 18 46 1
0 372 800 341 250 18 46 1
0 372 801 343 250 17 46 1
0 372 802 343 250 17 46 1
0 372 803 343 250 17 46 1
0 372 804 343 250 17 46 1
0 372 805 343 250 17 46 1
0 372 806 344 250 18 46 1
0 372 807 344 250 18 46 1
0 372 808 344 252 18 46 1
0 372 809 344 252 18 46 1
0 372 810 344 252 18 46 1
0 372 811 346 252 18 46 1
0 372 812 346 252 18 46 1
0 372 813 346 252 18 46 1
0 372 814 346 252 18 46 1
0 372 815 348 252 18 46 1
0 372 816 348 252 18 46 1
0 372 817 348 252 18 46 1
0 372 818 348 252 18 46 1
0 372 819 348 252 18 46 1
0 372 820 350 252 18 46 1
0 372 821 350 252 18 46 1
0 372 822 350 252 18 46 1
0 372 823 350 252 18 46 1
0 372 824 350 252 18 46 1
0 372 825 352 252 17 46 1
0 372 826 352 252 17 46 1
0 372 827 352 252 17 46 1
0 372 828 352 252 17 46 1
0 372 829 353 254 18 46 1
0 372 830 353 254 18 46 1
0 372 831 353 254 18 46 1
0 372 832 353 254 18 46 1
0 372 833 353 254 18 46 1
0 372 834 353 254 18 46 1
0 372 835 355 254 18 46 1
0 372 836 355 254 18 46 1
0 372 837 355 254 18 46 1
0 372 838 355 254 18 46 1
0 372 839 355 254 18 46 1
0 372 840 355 254 18 46 1
0 372 841 357 254 18 46 1
0 372 842 357 254 18 46 1
0 372 843 357 254 18 46 1
0 372 844 357 254 18 46 1
0 372 845 357 254 18 46 1
0 372 846 357 254 18 46 1
0 372 847 359 254 17 46 1
0 372 848 359 254 17 46 1
0 372 849 359 254 17 46 1
0 372 850 359 254 17 46 1
0 372 851 359 254 17 46 1
0 372 852 360 256 18 46 1
0 372 853 360 256 18 46 1
0 372 854 360 256 18 46 1
0 372 855 360 256 18 46 1
0 372 856 360 256 18 46 1
0 372 857 360 256 18 46 1
0 372 858 362 256 18 46 1
0 372 859 362 256 18 46 1
0 372 860 362 256 18 46 1
0 372 861 362 256 18 46 1
0 372 862 362 256 18 46 1
0 372 863 362 256 18 46 1
0 372 864 364 256 18 46 1
0 372 865 364 256 18 46 1
0 372 866 364 256 18 46 1
0 372 867 364 256 18 46 1
0 372 868 364 256 18 46 1
0 372 869 364 256 18 46 1
0 372 870 366 256 18 46 1
0 372 871 366 256 18 46 1
0 372 872 366 256 18 46 1
0 372 873 366 256 18 46 1
0 372 874 366 256 18 46 1
0 372 875 368 257 17 47 1
1 41 835 81 202 39 27 2
1 41 836 81 202 39 27 2
1 41 837 83 202 39 27 2
1 41 838 83 202 39 27 2
1 41 839 85 202 39 27 2
1 41 840 87 202 39 27 2
1 41 841 87 202 39 27 2
1 41 842 88 202 40 27 2
1 41 843 90 202 38 27 2
1 41 844 90 202 39 27 2
1 41 845 92 202 39 27 2
1 41 846 94 202 37 27 2
1 41 847 94 202 39 27 2
1 41 848 96 202 37 27 2
1 41 849 97 202 38 27 2
1 41 850 97 202 39 27 2
1 41 851 99 202 37 27 2
1 41 852 99 202 39 27 2
1 41 853 101 202 37 27 2
1 41 854 103 202 37 27 2
1 41 855 103 202 39 27 2
1 41 856 104 202 38 27 2
1 41 857 106 202 38 27 2
1 41 858 106 202 38 27 2
1 41 859 108 202 37 27 2
1 41 860 110 202 37 27 2
1 41 861 110 202 37 27 2
1 41 862 112 202 37 27 2
1 41 863 113 204 38 27 2
1 41 864 115 204 37 27 2
1 41 865 117 204 37 27 2
1 41 866 119 204 37 27 2
1 41 867 120 204 38 27 2
1 41 868 122 204 38 27 2
1 41 869 124 204 37 27 2
1 41 870 126 204 37 27 2
1 41 871 128 204 37 27 2
1 41 872 129 204 38 27 2
1 41 873 131 204 37 27 2
1 41 874 133 204 37 27 2
1 41 875 136 204 38 27 2
2 759 117 1248 643 28 75 1
2 759 118 1244 631 32 87 1
2 759 119 1230 592 46 126 1
2 759 120 1223 588 53 130 1
2 759 121 1216 584 60 134 1
2 759 122 1208 581 68 137 1
2 759 123 1201 579 75 139 1
2 759 124 1194 576 82 142 1
2 759 125 1187 572 89 146 1
2 759 126 1182 570 94 148 1
2 759 127 1175 568 94 150 1
2 759 128 1169 567 95 151 1
2 759 129 1164 565 94 153 1
2 759 130 1159 565 92 153 1
2 759 131 1152 563 94 155 1
2 759 132 1146 561 94 157 1
2 759 133 1141 561 94 157 1
2 759 134 1136 560 92 158 1
2 759 135 1130 558 93 160 1
2 759 136 1123 556 94 162 1
2 759 137 1118 556 92 162 1
2 759 138 1112 554 93 164 1
2 759 139 1107 552 93 166 1
2 759 140 1102 552 92 166 1
2 759 141 1095 549 92 169 1
2 759 142 1089 545 93 173 1
2 759 143 1084 544 92 174 1
2 759 144 1079 540 92 178 1
2 759 145 1073 536 93 182 1
2 759 146 1068 535 92 183 1
2 759 147 1063 531 92 187 1
2 759 148 1057 528 93 190 1
2 759 149 1052 526 92 192 1
2 759 150 1047 522 92 196 1
2 759 151 1041 519 93 199 1
2 759 152 1036 517 92 201 1
2 759 153 1032 515 91 201 1
2 759 154 1029 513 89 203 1
2 759 155 1025 513 89 201 1
2 759 156 1022 512 87 202 1
2 759 157 1018 512 87 200 1
2 759 158 1015 510 85 202 1
2 759 159 1011 510 85 201 1
2 759 160 1008 508 83 203 1
2 759 161 1004 506 82 203 1
2 759 162 1000 506 82 203 1
2 759 163 997 504 80 203 1
2 759 164 993 504 80 203 1
2 759 165 990 503 78 202 1
2 759 166 986 503 78 202 1
2 759 167 981 499 78 201 1
2 759 168 977 496 77 200 1
2 759 169 974 494 76 197 1
2 759 170 968 490 77 198 1
2 759 171 965 487 76 197 1
2 759 172 961 485 75 194 1
2 759 173 958 481 74 194 1
2 759 174 952 478 75 194 1
2 759 175 949 476 75 190 1
2 759 176 945 472 73 191 1
2 759 177 942 471 73 188 1
2 759 178 936 469 73 188 1
2 759 179 933 469 73 187 1
2 759 180 929 469 73 187 1
2 759 181 926 469 73 185 1
2 759 182 922 469 73 185 1
2 759 183 919 469 73 183 1
2 759 184 913 467 73 183 1
2 759 185 910 467 73 183 1
2 759 186 906 467 73 181 1
2 759 187 903 467 73 181 1
2 759 188 899 467 73 180 1
2 759 189 896 467 72 180 1
2 759 190 892 464 73 179 1
2 759 191 888 462 73 178 1
2 759 192 887 458 71 178 1
2 759 193 883 456 71 176 1
2 759 194 880 455 71 176 1
2 759 195 878 451 69 176 1
2 759 196 874 449 70 175 1
2 759 197 871 448 69 172 1
2 759 198 869 444 69 174 1
2 759 199 865 442 70 173 1
2 759 200 862 440 69 171 1
2 759 201 860 437 68 171 1
2 759 202 856 435 68 171 1
2 759 203 853 433 67 169 1
2 759 204 851 430 66 169 1
2 759 205 848 428 65 167 1
2 759 206 846 426 66 167 1
2 759 207 842 424 66 166 1
2 759 208 840 423 66 165 1
2 759 209 839 421 64 165 1
2 759 210 835 421 66 163 1
2 759 211 833 419 66 164 1
2 759 212 832 417 64 164 1
2 759 213 830 416 64 163 1
2 759 214 826 416 64 161 1
2 759 215 824 414 64 162 1
2 759 216 823 412 64 160 1
2 759 217 819 412 64 158 1
2 759 218 817 410 64 158 1
2 759 219 816 408 62 159 1
2 759 220 814 407 62 158 1
2 759 221 810 407 64 156 1
2 759 222 808 405 63 156 1
2 759 223 807 403 62 157 1
2 759 224 805 403 62 155 1
2 759 225 801 401 63 155 1
2 759 226 800 400 62 154 1
2 759 227 798 400 60 152 1
2 759 228 794 398 62 153 1
2 759 229 792 396 61 153 1
2 759 230 791 396 60 151 1
2 759 231 789 394 59 151 1
2 759 232 785 392 61 152 1
2 759 233 784 392 58 150 1
2 759 234 782 391 58 149 1
2 759 235 780 389 57 149 1
2 759 236 776 389 59 147 1
2 759 237 775 387 57 148 1
2 759 238 773 385 57 148 1
2 759 239 771 385 57 146 1
2 759 240 769 384 55 145 1
2 759 241 768 382 55 146 1
2 759 242 766 382 55 144 1
2 759 243 764 380 55 146 1
2 759 244 762 380 55 144 1
2 759 245 760 378 56 144 1
2 759 246 759 378 55 144 1
2 759 247 757 376 53 144 1
2 759 248 755 376 53 143 1
2 759 249 753 375 54 142 1
2 759 250 752 375 53 142 1
2 759 251 750 373 53 142 1
2 759 252 748 373 53 140 1
2 759 253 746 371 54 142 1
2 759 254 744 371 52 141 1
2 759 255 743 369 51 141 1
2 759 256 741 369 51 139 1
2 759 257 739 368 52 140 1
2 759 258 737 368 52 138 1
2 759 259 736 366 51 138 1
2 759 260 734 366 51 138 1
2 759 261 732 364 52 139 1
2 759 262 730 364 52 139 1
2 759 263 730 364 52 137 1
2 759 264 728 362 52 139 1
2 759 265 727 362 51 137 1
2 759 266 727 362 51 137 1
2 759 267 725 360 51 137 1
2 759 268 723 360 52 137 1
2 759 269 723 360 52 136 1
2 759 270 721 359 52 137 1
2 759 271 720 359 51 135 1
2 759 272 720 359 51 135 1
2 759 273 718 357 51 135 1
2 759 274 716 357 52 135 1
2 759 275 716 357 52 133 1
2 759 276 714 355 52 135 1
2 759 277 712 355 52 133 1
2 759 278 712 355 52 133 1
2 759 279 711 353 51 134 1
2 759 280 709 353 51 134 1
2 759 281 709 353 51 132 1
2 759 282 707 352 52 133 1
2 759 283 705 352 52 131 1
2 759 284 705 352 52 131 1
2 759 285 704 350 51 131 1
2 759 286 702 350 51 131 1
2 759 287 702 350 51 131 1
2 759 288 700 348 52 132 1
2 759 289 700 348 52 132 1
2 759 290 698 348 52 130 1
2 759 291 698 348 52 130 1
2 759 292 698 346 50 130 1
2 759 293 696 346 52 130 1
2 759 294 696 346 50 128 1
2 759 295 695 346 51 128 1
2 759 296 695 344 49 128 1
2 759 297 695 344 49 128 1
2 759 298 693 344 50 127 1
2 759 299 693 344 50 127 1
2 759 300 693 344 50 127 1
2 759 301 691 344 50 125 1
2 759 302 691 344 48 123 1
2 759 303 691 344 48 123 1
2 759 304 689 344 48 121 1
2 759 305 689 344 48 121 1
2 759 306 689 344 47 120 1
2 759 307 688 344 46 118 1
2 759 308 688 344 46 118 1
2 759 309 688 344 44 116 1
2 759 310 686 344 46 116 1
2 759 311 686 344 44 114 1
2 759 312 686 346 44 112 1
2 759 313 684 344 44 112 1
2 759 314 684 344 44 112 1
2 759 315 684 344 44 112 1
2 759 316 682 344 45 112 1
2 759 317 682 344 45 112 1
2 759 318 682 343 45 112 1
2 759 319 680 343 45 112 1
2 759 320 680 343 45 112 1
2 759 321 680 343 45 112 1
2 759 322 679 343 44 112 1
2 759 323 679 341 44 112 1
2 759 324 679 341 44 112 1
2 759 325 677 341 44 112 1
2 759 326 677 341 44 112 1
2 759 327 677 341 44 112 1
2 759 328 677 341 44 112 1
2 759 329 677 341 43 110 1
2 759 330 677 341 43 110 1
2 759 331 677 341 43 110 1
2 759 332 677 341 43 110 1
2 759 333 677 341 43 110 1
2 759 334 677 341 41 110 1
2 759 335 677 341 41 108 1
2 759 336 677 341 41 108 1
2 759 337 677 341 41 108 1
2 759 338 677 341 41 108 1
2 759 339 677 341 39 108 1
2 759 340 677 341 39 108 1
2 759 341 677 341 39 108 1
2 759 342 677 341 39 107 1
2 759 343 677 341 39 107 1
2 759 344 677 341 37 107 1
2 759 345 677 341 37 107 1
2 759 346 677 341 37 107 1
2 759 347 677 341 37 107 1
2 759 348 677 341 37 107 1
2 759 349 675 339 37 107 1
2 759 350 675 339 37 107 1
2 759 351 675 339 37 107 1
2 759 352 673 339 38 107 1
2 759 353 673 339 38 107 1
2 759 354 673 339 38 107 1
2 759 355 672 339 37 105 1
2 759 356 672 339 37 105 1
2 759 357 672 339 37 105 1
2 759 358 670 339 37 105 1
2 759 359 670 339 37 105 1
2 759 360 670 339 37 105 1
2 759 361 668 339 37 103 1
2 759 362 668 339 37 103 1
2 759 363 668 339 37 103 1
2 759 364 666 339 38 103 1
2 759 365 666 339 38 103 1
2 759 366 666 339 38 103 1
2 759 367 666 339 38 103 1
2 759 368 664 337 38 103 1
2 759 369 664 337 38 103 1
2 759 370 664 337 38 102 1
2 759 371 664 337 38 102 1
2 759 372 663 337 37 100 1
2 759 373 663 337 37 100 1
2 759 374 663 337 37 98 1
2 759 375 663 337 37 98 1
2 759 376 661 336 37 97 1
2 759 377 661 336 37 97 1
2 759 378 661 336 37 96 1
2 759 379 661 336 37 96 1
2 759 380 659 336 37 94 1
2 759 381 659 336 37 94 1
2 759 382 659 336 37 92 1
2 759 383 659 336 37 92 1
2 759 384 659 336 37 92 1
2 759 385 656 334 37 92 1
2 759 386 654 334 37 92 1
2 759 387 652 334 37 92 1
2 759 388 650 334 38 92 1
2 759 389 648 334 38 92 1
2 759 390 647 334 37 92 1
2 759 391 645 332 37 92 1
2 759 392 643 332 37 92 1
2 759 393 641 332 38 92 1
2 759 394 640 332 37 92 1
2 759 395 638 332 37 92 1
2 759 396 636 332 37 92 1
2 759 397 634 330 38 93 1
2 759 398 632 330 38 93 1
2 759 399 631 330 37 93 1
2 759 400 629 330 37 93 1
2 759 401 627 330 37 93 1
2 759 402 625 330 38 93 1
2 759 403 624 330 37 93 1
2 759 404 620 328 37 93 1
2 759 405 618 328 38 93 1
2 759 406 616 328 38 93 1
2 759 407 613 328 37 91 1
2 759 408 611 328 37 91 1
2 759 409 609 328 38 91 1
2 759 410 608 328 37 91 1
2 759 411 604 328 37 89 1
2 759 412 602 328 38 89 1
2 759 413 600 327 38 90 1
2 759 414 597 327 37 89 1
2 759 415 595 327 37 89 1
2 759 416 593 327 38 89 1
2 759 417 592 327 37 89 1
2 759 418 588 327 37 87 1
2 759 419 586 327 38 87 1
2 759 420 584 327 38 87 1
2 759 421 583 327 37 87 1
2 759 422 579 325 37 87 1
2 759 423 577 325 38 87 1
2 759 424 576 323 37 87 1
2 759 425 572 323 37 87 1
2 759 426 570 323 38 87 1
2 759 427 568 321 38 87 1
2 759 428 567 321 37 87 1
2 759 429 563 320 37 87 1
2 759 430 561 320 38 87 1
2 759 431 560 320 37 87 1
2 759 432 556 318 37 87 1
2 759 433 554 318 38 87 1
2 759 434 552 318 38 87 1
2 759 435 551 316 37 87 1
2 759 436 547 316 37 87 1
2 759 437 545 314 38 87 1
2 759 438 544 314 37 87 1
2 759 439 540 314 37 87 1
2 759 440 538 312 38 88 1
2 759 441 536 312 38 88 1
2 759 442 535 312 37 88 1
2 759 443 533 311 37 87 1
2 759 444 531 311 37 87 1
2 759 445 529 311 38 87 1
2 759 446 528 311 37 87 1
2 759 447 526 311 37 87 1
2 759 448 524 311 37 87 1
2 759 449 522 311 38 87 1
2 759 450 520 309 38 87 1
2 759 451 519 309 37 87 1
2 759 452 517 309 37 87 1
2 759 453 515 309 37 87 1
2 759 454 513 309 38 87 1
2 759 455 512 309 37 87 1
2 759 456 510 309 37 87 1
2 759 457 508 307 37 87 1
2 759 458 506 307 38 87 1
2 759 459 506 305 36 87 1
2 759 460 504 305 36 87 1
2 759 461 503 305 35 87 1
2 759 462 503 304 35 87 1
2 759 463 501 304 35 87 1
2 759 464 499 302 36 87 1
2 759 465 499 302 34 87 1
2 759 466 497 302 34 87 1
2 759 467 496 300 35 87 1
2 759 468 496 300 33 87 1
2 759 469 494 300 34 87 1
2 759 470 492 298 34 87 1
2 759 471 492 298 32 87 1
2 759 472 490 296 34 88 1
2 759 473 488 296 34 88 1
2 759 474 488 296 32 88 1
2 759 475 487 295 32 87 1
2 759 476 485 295 32 87 1
2 759 477 485 295 32 87 1
2 759 478 483 293 32 87 1
2 759 479 481 293 32 87 1
2 759 480 480 293 32 85 1
2 759 481 480 293 32 85 1
2 759 482 478 293 32 83 1
2 759 483 476 293 32 83 1
2 759 484 474 293 32 82 1
2 759 485 474 293 32 82 1
2 759 486 472 293 32 80 1
2 759 487 471 293 32 80 1
2 759 488 469 293 32 78 1
2 759 489 469 293 32 78 1
2 759 490 467 293 32 76 1
2 759 491 465 293 32 76 1
2 759 492 464 293 32 75 1
2 759 493 464 293 32 75 1
2 759 494 462 293 32 73 1
2 759 495 460 293 32 73 1
2 759 496 460 293 32 73 1
2 759 497 458 291 32 73 1
2 759 498 456 291 32 73 1
2 759 499 455 291 32 73 1
2 759 500 453 291 32 73 1
2 759 501 453 291 32 73 1
2 759 502 451 291 32 73 1
2 759 503 449 291 32 73 1
2 759 504 448 289 32 73 1
2 759 505 446 289 32 73 1
2 759 506 446 289 32 73 1
2 759 507 444 289 32 73 1
2 759 508 442 289 32 73 1
2 759 509 440 289 32 73 1
2 759 510 440 289 32 73 1
2 759 511 439 288 32 72 1
2 759 512 439 288 32 72 1
2 759 513 437 288 32 72 1
2 759 514 437 288 32 72 1
2 759 515 435 286 32 73 1
2 759 516 435 286 32 73 1
2 759 517 433 286 32 73 1
2 759 518 433 286 32 73 1
2 759 519 432 284 32 73 1
2 759 520 432 284 32 73 1
2 759 521 430 284 32 73 1
2 759 522 430 284 32 73 1
2 759 523 430 284 32 73 1
2 759 524 428 284 32 73 1
2 759 525 428 284 32 73 1
2 759 526 426 284 32 73 1
2 759 527 426 284 32 73 1
2 759 528 426 284 32 73 1
2 759 529 424 284 32 73 1
2 759 530 424 284 32 73 1
2 759 531 424 284 32 73 1
2 759 532 423 284 32 73 1
2 759 533 423 284 32 73 1
2 759 534 421 284 32 73 1
2 759 535 421 284 32 73 1
2 759 536 421 284 32 73 1
2 759 537 419 284 32 73 1
2 759 538 419 284 32 73 1
2 759 539 419 286 32 73 1
2 759 540 417 284 32 73 1
2 759 541 417 284 32 73 1
2 759 542 417 284 32 73 1
2 759 543 417 284 32 73 1
2 759 544 417 284 32 73 1
2 759 545 417 282 32 73 1
2 759 546 417 282 32 73 1
2 759 547 416 282 32 73 1
2 759 548 416 282 32 73 1
2 759 549 416 282 32 73 1
2 759 550 416 282 32 73 1
2 759 551 416 280 32 73 1
2 759 552 416 280 32 73 1
2 759 553 416 280 32 73 1
2 759 554 416 280 32 73 1
2 759 555 414 280 32 73 1
2 759 556 414 280 32 73 1
2 759 557 414 279 32 73 1
2 759 558 414 279 32 73 1
2 759 559 414 279 32 73 1
2 759 560 414 279 32 73 1
2 759 561 414 279 32 73 1
2 759 562 414 279 32 73 1
2 759 563 414 277 32 73 1
2 759 564 414 277 32 73 1
2 759 565 416 277 32 73 1
2 759 566 416 277 32 73 1
2 759 567 417 277 32 73 1
2 759 568 417 277 32 73 1
2 759 569 419 277 32 71 1
2 759 570 419 277 32 71 1
2 759 571 419 277 32 71 1
2 759 572 421 277 32 71 1
2 759 573 421 277 32 71 1
2 759 574 423 277 32 71 1
2 759 575 423 277 32 69 1
2 759 576 424 277 32 69 1
2 759 577 424 277 32 69 1
2 759 578 424 277 32 69 1
2 759 579 426 277 32 69 1
2 759 580 426 277 32 69 1
2 759 581 428 277 32 67 1
2 759 582 428 277 32 67 1
2 759 583 430 277 32 67 1
2 759 584 430 277 32 67 1
2 759 585 430 277 32 67 1
2 759 586 432 277 32 67 1
2 759 587 432 277 32 66 1
2 759 588 433 277 32 66 1
2 759 589 433 277 32 66 1
2 759 590 435 277 32 66 1
2 759 591 435 277 32 66 1
2 759 592 437 277 32 66 1
2 759 593 437 277 32 66 1
2 759 594 437 279 34 64 1
2 759 595 437 279 34 64 1
2 759 596 437 280 35 63 1
2 759 597 439 282 35 61 1
2 759 598 440 280 36 63 1
2 759 599 444 279 34 64 1
2 759 600 448 279 32 64 1
2 759 601 449 277 34 64 1
2 759 602 453 277 34 64 1
2 759 603 456 277 34 64 1
2 759 604 460 277 36 64 1
2 759 605 462 277 37 64 1
2 759 606 465 277 38 64 1
2 759 607 469 277 37 64 1
2 759 608 472 277 40 64 1
2 759 609 472 277 40 64 1
2 759 610 472 277 40 64 1
2 759 611 472 277 40 64 1
2 759 612 472 277 40 64 1
2 759 613 472 277 40 64 1
2 759 614 472 277 40 64 1
2 759 615 472 277 40 64 1
2 759 616 472 277 40 64 1
2 759 617 472 277 40 64 1
2 759 618 472 277 40 64 1
2 759 619 472 277 40 64 1
2 759 620 472 277 40 64 1
2 759 621 472 277 40 64 1
2 759 622 472 277 40 64 1
2 759 623 472 277 40 64 1
2 759 624 472 277 40 64 1
2 759 625 472 277 40 64 1
2 759 626 472 277 40 64 1
2 759 627 472 277 40 64 1
2 759 628 472 277 40 64 1
2 759 629 472 277 40 64 1
2 759 630 472 277 40 64 1
2 759 631 472 277 40 64 1
2 759 632 472 277 40 64 1
2 759 633 472 277 40 64 1
2 759 634 472 277 40 64 1
2 759 635 472 277 40 64 1
2 759 636 472 277 40 64 1
2 759 637 472 277 40 64 1
2 759 638 472 277 40 64 1
2 759 639 472 277 40 64 1
2 759 640 472 277 40 64 1
2 759 641 472 277 40 64 1
2 759 642 472 277 40 64 1
2 759 643 472 277 40 64 1
2 759 644 472 277 40 64 1
2 759 645 472 277 40 64 1
2 759 646 472 277 40 64 1
2 759 647 472 277 40 64 1
2 759 648 472 277 40 64 1
2 759 649 472 277 40 64 1
2 759 650 472 277 40 64 1
2 759 651 472 277 40 64 1
2 759 652 472 277 40 64 1
2 759 653 472 277 40 64 1
2 759 654 472 277 40 64 1
2 759 655 472 277 40 64 1
2 759 656 472 277 40 64 1
2 759 657 472 277 40 64 1
2 759 658 472 277 40 64 1
2 759 659 472 277 40 64 1
2 759 660 472 277 40 64 1
2 759 661 472 277 40 64 1
2 759 662 472 277 40 64 1
2 759 663 472 277 40 64 1
2 759 664 472 277 40 64 1
2 759 665 472 277 40 64 1
2 759 666 472 277 40 64 1
2 759 667 472 277 40 64 1
2 759 668 472 277 40 64 1
2 759 669 472 277 40 64 1
2 759 670 472 277 40 64 1
2 759 671 472 277 40 64 1
2 759 672 472 277 40 64 1
2 759 673 472 277 40 64 1
2 759 674 472 277 40 64 1
2 759 675 472 277 40 64 1
2 759 676 472 277 40 64 1
2 759 677 472 277 40 64 1
2 759 678 472 277 40 64 1
2 759 679 472 277 40 64 1
2 759 680 472 277 40 64 1
2 759 681 472 277 40 64 1
2 759 682 472 277 40 64 1
2 759 683 472 277 40 64 1
2 759 684 472 277 40 64 1
2 759 685 472 277 40 64 1
2 759 686 472 277 40 64 1
2 759 687 472 277 40 64 1
2 759 688 472 277 40 64 1
2 759 689 472 277 40 64 1
2 759 690 472 277 40 64 1
2 759 691 472 277 40 64 1
2 759 692 472 277 40 64 1
2 759 693 472 277 40 64 1
2 759 694 472 277 40 64 1
2 759 695 472 277 40 64 1
2 759 696 472 277 40 64 1
2 759 697 472 277 40 64 1
2 759 698 472 277 40 64 1
2 759 699 472 277 40 64 1
2 759 700 472 277 40 64 1
2 759 701 472 277 40 64 1
2 759 702 472 277 40 64 1
2 759 703 472 277 40 64 1
2 759 704 472 277 40 64 1
2 759 705 472 277 40 64 1
2 759 706 472 277 40 64 1
2 759 707 472 277 40 64 1
2 759 708 472 277 40 64 1
2 759 709 472 277 40 64 1
2 759 710 472 277 40 64 1
2 759 711 472 277 40 64 1
2 759 712 472 277 40 64 1
2 759 713 472 277 40 64 1
2 759 714 472 277 40 64 1
2 759 715 472 277 40 64 1
2 759 716 472 277 40 64 1
2 759 717 472 277 40 64 1
2 759 718 472 277 40 64 1
2 759 719 472 277 40 64 1
2 759 720 472 277 40 64 1
2 759 721 472 277 40 64 1
2 759 722 472 277 40 64 1
2 759 723 472 277 40 64 1
2 759 724 472 277 40 64 1
2 759 725 472 277 40 64 1
2 759 726 472 277 40 64 1
2 759 727 472 277 40 64 1
2 759 728 472 277 40 64 1
2 759 729 472 277 40 64 1
2 759 730 472 277 40 64 1
2 759 731 472 277 40 64 1
2 759 732 472 277 40 64 1
2 759 733 472 277 40 64 1
2 759 734 472 277 40 64 1
2 759 735 472 277 40 64 1
2 759 736 472 277 40 64 1
2 759 737 472 277 40 64 1
2 759 738 472 277 40 64 1
2 759 739 472 277 40 64 1
2 759 740 472 277 40 64 1
2 759 741 472 277 40 64 1
2 759 742 472 277 40 64 1
2 759 743 472 277 40 64 1
2 759 744 472 277 40 64 1
2 759 745 472 277 40 64 1
2 759 746 472 277 40 64 1
2 759 747 472 277 40 64 1
2 759 748 472 277 40 64 1
2 759 749 472 277 40 64 1
2 759 750 472 277 40 64 1
2 759 751 472 277 40 64 1
2 759 752 472 277 40 64 1
2 759 753 472 277 40 64 1
2 759 754 472 277 40 64 1
2 759 755 472 277 40 64 1
2 759 756 472 277 40 64 1
2 759 757 472 277 40 64 1
2 759 758 472 277 40 64 1
2 759 759 472 277 40 64 1
2 759 760 472 277 40 64 1
2 759 761 472 277 40 64 1
2 759 762 472 277 40 64 1
2 759 763 472 277 40 64 1
2 759 764 472 277 40 64 1
2 759 765 472 277 40 64 1
2 759 766 472 277 40 64 1
2 759 767 472 277 40 64 1
2 759 768 472 277 40 64 1
2 759 769 472 277 40 64 1
2 759 770 472 277 40 64 1
2 759 771 472 277 40 64 1
2 759 772 472 277 40 64 1
2 759 773 472 277 40 64 1
2 759 774 472 277 40 64 1
2 759 775 472 277 40 64 1
2 759 776 472 277 40 64 1
2 759 777 472 277 40 64 1
2 759 778 472 277 40 64 1
2 759 779 472 277 40 64 1
2 759 780 472 277 40 64 1
2 759 781 472 277 40 64 1
2 759 782 472 277 40 64 1
2 759 783 472 277 40 64 1
2 759 784 472 277 40 64 1
2 759 785 472 277 40 64 1
2 759 786 472 277 40 64 1
2 759 787 472 277 40 64 1
2 759 788 472 277 40 64 1
2 759 789 472 277 40 64 1
2 759 790 472 277 40 64 1
2 759 791 472 277 40 64 1
2 759 792 472 277 40 64 1
2 759 793 472 277 40 64 1
2 759 794 472 277 40 64 1
2 759 795 472 277 40 64 1
2 759 796 472 277 40 64 1
2 759 797 472 277 40 64 1
2 759 798 472 277 40 64 1
2 759 799 472 277 40 64 1
2 759 800 472 277 40 64 1
2 759 801 472 277 40 64 1
2 759 802 472 277 40 64 1
2 759 803 472 277 40 64 1
2 759 804 472 277 40 64 1
2 759 805 472 277 40 64 1
2 759 806 472 277 40 64 1
2 759 807 472 277 40 64 1
2 759 808 472 277 40 64 1
2 759 809 472 277 40 64 1
2 759 810 472 277 40 64 1
2 759 811 472 277 40 64 1
2 759 812 472 277 40 64 1
2 759 813 472 277 40 64 1
2 759 814 472 277 40 64 1
2 759 815 472 277 40 64 1
2 759 816 472 277 40 64 1
2 759 817 472 277 40 64 1
2 759 818 472 277 40 64 1
2 759 819 472 277 40 64 1
2 759 820 472 277 40 64 1
2 759 821 472 277 40 64 1
2 759 822 472 277 40 64 1
2 759 823 472 277 40 64 1
2 759 824 472 277 40 64 1
2 759 825 472 277 40 64 1
2 759 826 472 277 40 64 1
2 759 827 472 277 40 64 1
2 759 828 472 277 40 64 1
2 759 829 472 277 40 64 1
2 759 830 472 277 40 64 1
2 759 831 472 277 40 64 1
2 759 832 472 277 40 64 1
2 759 833 472 277 40 64 1
2 759 834 472 277 40 64 1
2 759 835 472 277 40 64 1
2 759 836 472 277 40 64 1
2 759 837 472 277 40 64 1
2 759 838 472 277 40 64 1
2 759 839 472 277 40 64 1
2 759 840 472 277 40 64 1
2 759 841 472 277 40 64 1
2 759 842 472 277 40 64 1
2 759 843 472 277 40 64 1
2 759 844 472 277 40 64 1
2 759 845 472 277 40 64 1
2 759 846 472 277 40 64 1
2 759 847 472 277 40 64 1
2 759 848 472 277 40 64 1
2 759 849 472 277 40 64 1
2 759 850 472 277 40 64 1
2 759 851 472 277 40 64 1
2 759 852 472 277 40 64 1
2 759 853 472 277 40 64 1
2 759 854 472 277 40 64 1
2 759 855 472 277 40 64 1
2 759 856 472 277 40 64 1
2 759 857 472 277 40 64 1
2 759 858 472 277 40 64 1
2 759 859 472 277 40 64 1
2 759 860 472 277 40 64 1
2 759 861 472 277 40 64 1
2 759 862 472 277 40 64 1
2 759 863 472 277 40 64 1
2 759 864 472 277 40 64 1
2 759 865 472 277 40 64 1
2 759 866 472 277 40 64 1
2 759 867 472 277 40 64 1
2 759 868 472 277 40 64 1
2 759 869 472 277 40 64 1
2 759 870 472 277 40 64 1
2 759 871 472 277 40 64 1
2 759 872 472 277 40 64 1
2 759 873 472 277 40 64 1
2 759 874 472 277 40 64 1
2 759 875 472 277 40 64 1
3 876 0 1121 684 41 34 1
3 876 1 1116 680 43 38 1
3 876 2 1111 679 44 39 1
3 876 3 1105 675 47 43 1
3 876 4 1102 673 48 45 1
3 876 5 1096 670 50 48 1
3 876 6 1091 668 52 50 1
3 876 7 1086 664 53 54 1
3 876 8 1082 663 55 55 1
3 876 9 1075 659 59 57 1
3 876 10 1070 657 60 59 1
3 876 11 1064 656 63 60 1
3 876 12 1059 654 64 62 1
3 876 13 1054 650 67 66 1
3 876 14 1048 648 70 68 1
3 876 15 1043 647 71 69 1
3 876 16 1036 645 75 71 1
3 876 17 1031 643 76 73 1
3 876 18 1025 640 80 76 1
3 876 19 1020 638 82 78 1
3 876 20 1015 636 83 80 1
3 876 21 1009 634 86 82 1
3 876 22 1004 632 89 84 1
3 876 23 1000 629 89 87 1
3 876 24 997 627 91 89 1
3 876 25 993 625 91 91 1
3 876 26 990 624 92 92 1
3 876 27 986 622 93 94 1
3 876 28 983 620 94 96 1
3 876 29 979 618 94 98 1
3 876 30 976 616 96 100 1
3 876 31 972 613 96 103 1
3 876 32 968 611 98 105 1
3 876 33 965 609 98 107 1
3 876 34 961 608 100 108 1
3 876 35 958 606 99 110 1
3 876 36 954 604 102 112 1
3 876 37 951 602 101 114 1
3 876 38 947 600 103 116 1
3 876 39 945 599 103 117 1
3 876 40 942 595 103 121 1
3 876 41 938 593 103 123 1
3 876 42 935 592 103 124 1
3 876 43 933 590 101 126 1
3 876 44 929 588 102 128 1
3 876 45 926 586 101 130 1
3 876 46 922 584 102 132 1
3 876 47 920 583 100 133 1
3 876 48 917 581 99 135 1
3 876 49 913 579 100 137 1
3 876 50 910 577 99 139 1
3 876 51 908 576 98 140 1
3 876 52 904 574 98 142 1
3 876 53 901 572 98 144 1
3 876 54 897 570 98 146 1
3 876 55 896 568 97 148 1
3 876 56 890 567 100 149 1
3 876 57 887 565 99 151 1
3 876 58 881 563 102 153 1
3 876 59 878 561 101 155 1
3 876 60 872 560 104 156 1
3 876 61 869 558 103 158 1
3 876 62 865 556 103 160 1
3 876 63 860 554 105 162 1
3 876 64 856 552 105 164 1
3 876 65 851 552 107 164 1
3 876 66 848 551 106 165 1
3 876 67 842 549 109 167 1
3 876 68 839 547 108 169 1
3 876 69 835 545 109 171 1
3 876 70 830 544 110 172 1
3 876 71 826 542 110 174 1
3 876 72 821 540 112 176 1
3 876 73 817 538 112 178 1
3 876 74 814 538 112 180 1
3 876 75 810 536 112 180 1
3 876 76 808 535 111 179 1
3 876 77 807 533 110 181 1
3 876 78 803 531 110 181 1
3 876 79 801 529 109 183 1
3 876 80 800 529 108 182 1
3 876 81 798 528 106 183 1
3 876 82 794 526 107 183 1
3 876 83 792 524 107 185 1
3 876 84 791 522 105 185 1
3 876 85 789 522 105 183 1
3 876 86 785 520 105 185 1
3 876 87 784 519 103 185 1
3 876 88 782 517 103 187 1
3 876 89 780 515 101 187 1
3 876 90 776 513 102 189 1
3 876 91 775 513 101 187 1
3 876 92 773 512 99 188 1
3 876 93 771 510 100 188 1
3 876 94 768 508 99 188 1
3 876 95 766 506 98 190 1
3 876 96 764 506 98 189 1
3 876 97 762 504 96 191 1
3 876 98 759 503 96 190 1
3 876 99 757 501 96 192 1
3 876 100 755 499 94 192 1
3 876 101 753 499 95 192 1
3 876 102 750 497 94 192 1
3 876 103 748 496 94 192 1
3 876 104 746 496 93 190 1
3 876 105 744 494 93 190 1
3 876 106 743 494 90 188 1
3 876 107 741 492 91 188 1
3 876 108 739 492 89 187 1
3 876 109 737 490 89 187 1
3 876 110 736 490 87 185 1
3 876 111 734 488 87 185 1
3 876 112 732 488 87 184 1
3 876 113 730 487 86 183 1
3 876 114 728 485 86 183 1
3 876 115 727 485 83 181 1
3 876 116 725 483 83 181 1
3 876 117 723 483 82 180 1
3 876 118 721 481 82 180 1
3 876 119 720 481 80 178 1
3 876 120 718 480 80 177 1
3 876 121 716 480 78 176 1
3 876 122 714 478 78 176 1
3 876 123 712 478 79 176 1
3 876 124 709 476 78 176 1
3 876 125 707 474 78 176 1
3 876 126 705 474 79 174 1
3 876 127 704 472 78 175 1
3 876 128 702 472 78 173 1
3 876 129 698 471 78 172 1
3 876 130 696 469 79 174 1
3 876 131 695 469 78 172 1
3 876 132 693 467 78 173 1
3 876 133 691 467 78 171 1
3 876 134 688 465 78 171 1
3 876 135 686 464 78 170 1
3 876 136 684 464 78 168 1
3 876 137 682 462 78 170 1
3 876 138 680 462 79 169 1
3 876 139 677 460 78 169 1
3 876 140 675 458 78 169 1
3 876 141 673 458 79 167 1
3 876 142 672 456 78 168 1
3 876 143 670 456 78 168 1
3 876 144 666 455 78 167 1
3 876 145 664 453 79 167 1
3 876 146 663 453 78 167 1
3 876 147 659 451 78 167 1
3 876 148 657 451 79 167 1
3 876 149 656 449 78 167 1
3 876 150 652 449 78 167 1
3 876 151 650 448 78 167 1
3 876 152 648 448 79 167 1
3 876 153 647 446 78 167 1
3 876 154 643 444 78 167 1
3 876 155 641 444 79 167 1
3 876 156 640 442 78 167 1
3 876 157 636 442 78 167 1
3 876 158 634 440 78 168 1
3 876 159 632 440 79 168 1
3 876 160 629 439 78 167 1
3 876 161 627 439 78 167 1
3 876 162 625 437 79 167 1
3 876 163 624 437 78 167 1
3 876 164 622 435 78 167 1
3 876 165 620 435 78 165 1
3 876 166 618 433 78 167 1
3 876 167 616 433 79 166 1
3 876 168 615 433 78 164 1
3 876 169 615 432 78 165 1
3 876 170 613 432 78 163 1
3 876 171 611 432 78 163 1
3 876 172 609 430 79 163 1
3 876 173 608 430 78 162 1
3 876 174 606 430 78 162 1
3 876 175 606 428 78 162 1
3 876 176 604 428 78 162 1
3 876 177 602 428 78 160 1
3 876 178 600 426 79 160 1
3 876 179 599 426 78 160 1
3 876 180 599 424 78 160 1
3 876 181 597 424 78 160 1
3 876 182 595 424 78 159 1
3 876 183 593 423 79 158 1
3 876 184 592 423 78 158 1
3 876 185 590 423 78 156 1
3 876 186 590 421 78 158 1
3 876 187 588 421 78 156 1
3 876 188 586 421 78 155 1
3 876 189 584 419 79 157 1
3 876 190 583 419 78 155 1
3 876 191 583 419 78 155 1
3 876 192 581 417 76 155 1
3 876 193 579 417 77 153 1
3 876 194 577 417 77 151 1
3 876 195 576 416 76 152 1
3 876 196 576 416 74 151 1
3 876 197 574 416 74 149 1
3 876 198 572 414 75 151 1
3 876 199 570 414 73 149 1
3 876 200 570 414 71 147 1
3 876 201 568 412 72 149 1
3 876 202 567 412 71 148 1
3 876 203 565 412 71 146 1
3 876 204 563 410 71 148 1
3 876 205 563 410 69 146 1
3 876 206 561 410 68 144 1
3 876 207 560 408 67 146 1
3 876 208 558 408 67 144 1
3 876 209 558 408 66 143 1
3 876 210 556 407 66 144 1
3 876 211 554 407 66 142 1
3 876 212 552 407 66 140 1
3 876 213 552 407 64 140 1
3 876 214 551 405 64 140 1
3 876 215 549 405 64 140 1
3 876 216 547 405 64 140 1
3 876 217 545 403 64 141 1
3 876 218 545 403 63 141 1
3 876 219 544 403 64 141 1
3 876 220 542 401 64 141 1
3 876 221 540 401 64 141 1
3 876 222 540 401 62 141 1
3 876 223 538 400 62 140 1
3 876 224 536 400 64 140 1
3 876 225 535 400 64 140 1
3 876 226 535 400 62 140 1
3 876 227 533 398 62 140 1
3 876 228 531 398 62 140 1
3 876 229 529 398 64 140 1
3 876 230 528 396 64 140 1
3 876 231 528 396 62 140 1
3 876 232 526 396 62 140 1
3 876 233 524 394 62 141 1
3 876 234 522 394 64 141 1
3 876 235 522 394 62 141 1
3 876 236 520 392 63 141 1
3 876 237 519 392 62 141 1
3 876 238 517 392 62 141 1
3 876 239 517 392 62 141 1
3 876 240 515 391 62 140 1
3 876 241 513 391 63 138 1
3 876 242 513 389 61 140 1
3 876 243 512 389 62 139 1
3 876 244 512 387 60 141 1
3 876 245 510 387 60 139 1
3 876 246 510 387 60 139 1
3 876 247 508 385 60 139 1
3 876 248 508 385 59 137 1
3 876 249 506 385 61 137 1
3 876 250 506 384 59 136 1
3 876 251 504 384 61 136 1
3 876 252 504 384 59 135 1
3 876 253 504 384 59 135 1
3 876 254 503 382 58 135 1
3 876 255 501 382 59 135 1
3 876 256 501 380 59 135 1
3 876 257 499 380 59 135 1
3 876 258 499 380 59 135 1
3 876 259 497 378 59 135 1
3 876 260 497 378 57 134 1
3 876 261 497 378 57 134 1
3 876 262 496 376 56 134 1
3 876 263 496 376 56 134 1
3 876 264 494 376 57 132 1
3 876 265 494 376 57 132 1
3 876 266 494 376 57 132 1
3 876 267 492 376 57 130 1
3 876 268 492 375 57 131 1
3 876 269 492 375 57 131 1
3 876 270 490 375 57 129 1
3 876 271 490 375 57 129 1
3 876 272 490 375 57 129 1
3 876 273 488 375 57 128 1
3 876 274 488 373 57 130 1
3 876 275 488 373 57 130 1
3 876 276 487 373 57 128 1
3 876 277 487 373 57 128 1
3 876 278 487 373 57 128 1
3 876 279 485 373 57 126 1
3 876 280 485 373 57 126 1
3 876 281 485 371 57 128 1
3 876 282 483 371 57 126 1
3 876 283 483 371 57 126 1
3 876 284 483 371 57 126 1
3 876 285 481 371 57 125 1
3 876 286 481 371 57 125 1
3 876 287 481 369 57 127 1
3 876 288 480 369 56 125 1
3 876 289 480 369 56 125 1
3 876 290 480 369 56 125 1
3 876 291 478 369 57 123 1
3 876 292 478 369 57 123 1
3 876 293 478 368 57 124 1
3 876 294 476 368 57 122 1
3 876 295 476 368 57 122 1
3 876 296 476 368 57 122 1
3 876 297 474 368 57 120 1
3 876 298 474 368 57 120 1
3 876 299 474 368 57 120 1
3 876 300 472 366 57 121 1
3 876 301 472 364 56 121 1
3 876 302 472 364 56 121 1
3 876 303 472 364 54 119 1
3 876 304 472 364 54 119 1
3 876 305 472 364 54 117 1
3 876 306 472 364 52 117 1
3 876 307 472 364 52 116 1
3 876 308 472 364 52 116 1
3 876 309 472 364 50 114 1
3 876 310 472 364 50 114 1
3 876 311 472 364 50 114 1
3 876 312 471 362 49 114 1
3 876 313 469 362 50 114 1
3 876 314 469 362 50 114 1
3 876 315 467 360 50 114 1
3 876 316 467 360 50 114 1
3 876 317 465 360 50 114 1
3 876 318 465 360 50 114 1
3 876 319 464 359 49 113 1
3 876 320 464 359 49 113 1
3 876 321 462 359 50 113 1
3 876 322 462 359 50 113 1
3 876 323 460 359 50 112 1
3 876 324 458 359 50 110 1
3 876 325 456 359 50 110 1
3 876 326 455 359 49 108 1
3 876 327 453 359 50 106 1
3 876 328 453 359 50 106 1
3 876 329 451 357 50 107 1
3 876 330 451 357 50 107 1
3 876 331 451 357 50 107 1
3 876 332 451 355 50 107 1
3 876 333 449 355 50 107 1
3 876 334 449 355 50 107 1
3 876 335 449 353 50 107 1
3 876 336 449 353 50 107 1
3 876 337 449 353 50 107 1
3 876 338 448 352 49 106 1
3 876 339 448 352 49 106 1
3 876 340 446 352 50 106 1
3 876 341 446 352 50 106 1
3 876 342 444 352 50 106 1
3 876 343 444 352 50 106 1
3 876 344 442 350 50 106 1
3 876 345 442 350 50 106 1
3 876 346 440 350 50 106 1
3 876 347 440 350 50 106 1
3 876 348 439 350 49 106 1
3 876 349 439 350 49 106 1
3 876 350 439 350 49 106 1
3 876 351 437 348 50 107 1
3 876 352 437 348 50 107 1
3 876 353 437 348 50 105 1
3 876 354 435 348 50 105 1
3 876 355 435 346 50 107 1
3 876 356 435 346 50 105 1
3 876 357 433 346 50 105 1
3 876 358 433 346 50 105 1
3 876 359 433 344 50 105 1
3 876 360 432 344 49 105 1
3 876 361 432 344 49 104 1
3 876 362 432 344 49 104 1
3 876 363 430 343 50 105 1
3 876 364 430 343 50 103 1
3 876 365 430 343 50 103 1
3 876 366 430 343 50 103 1
3 876 367 428 341 50 103 1
3 876 368 428 341 50 103 1
3 876 369 426 341 50 103 1
3 876 370 426 341 50 103 1
3 876 371 424 341 50 103 1
3 876 372 424 341 50 103 1
3 876 373 423 341 49 103 1
3 876 374 423 341 49 103 1
3 876 375 421 341 50 103 1
3 876 376 421 341 50 103 1
3 876 377 419 341 50 103 1
3 876 378 419 341 50 103 1
3 876 379 417 341 50 103 1
3 876 380 417 341 50 103 1
3 876 381 417 341 50 103 1
3 876 382 416 339 49 101 1
3 876 383 416 339 49 98 1
3 876 384 416 339 48 96 1
3 876 385 414 339 50 93 1
3 876 386 414 337 48 93 1
3 876 387 414 337 48 89 1
3 876 388 412 337 48 87 1
3 876 389 412 337 48 84 1
3 876 390 412 337 46 82 1
3 876 391 410 336 48 80 1
3 876 392 410 336 48 78 1
3 876 393 410 336 46 74 1
3 876 394 408 336 48 72 1
3 876 395 408 336 47 69 1
3 876 396 408 334 47 69 1
3 876 397 408 334 45 66 1
3 876 398 407 334 46 64 1
3 876 399 407 334 44 60 1
3 876 400 407 334 44 58 1
3 876 401 405 332 46 57 1
3 876 402 405 332 44 55 1
3 876 403 405 332 44 52 1
3 876 404 403 332 45 50 1
3 876 405 403 332 45 46 1
3 876 406 403 330 43 46 1
3 876 407 401 330 45 43 1
3 876 408 401 330 43 41 1
3 876 409 401 330 43 38 1
3 876 410 401 330 43 36 1
3 876 411 400 330 42 36 1
3 876 412 400 330 40 36 1
3 876 413 400 330 40 36 1
3 876 414 400 330 39 36 1
3 876 415 398 330 41 36 1
3 876 416 398 330 39 36 1
3 876 417 398 330 37 36 1
3 876 418 398 330 37 36 1
3 876 419 396 330 37 36 1
3 876 420 396 330 37 36 1
3 876 421 396 330 36 36 1
3 876 422 396 330 36 36 1
3 876 423 394 328 36 36 1
3 876 424 392 328 38 36 1
3 876 425 391 328 39 36 1
3 876 426 391 328 37 36 1
3 876 427 389 328 39 36 1
3 876 428 387 328 41 36 1
3 876 429 385 327 41 35 1
3 876 430 385 327 41 35 1
3 876 431 384 327 42 35 1
3 876 432 382 327 42 35 1
3 876 433 380 327 44 35 1
3 876 434 380 327 44 35 1
3 876 435 380 327 43 39 1
3 876 436 380 327 43 42 1
3 876 437 380 327 43 46 1
3 876 438 380 327 41 49 1
3 876 439 380 327 41 53 1
3 876 440 380 327 41 57 1
3 876 441 380 327 41 60 1
3 876 442 380 327 39 64 1
3 876 443 380 327 39 67 1
3 876 444 380 327 39 71 1
3 876 445 380 327 39 74 1
3 876 446 380 327 37 78 1
3 876 447 380 327 37 81 1
3 876 448 380 327 37 85 1
3 876 449 380 327 37 90 1
3 876 450 378 325 38 91 1
3 876 451 378 325 38 91 1
3 876 452 376 325 38 91 1
3 876 453 376 323 38 91 1
3 876 454 376 323 38 91 1
3 876 455 375 323 37 91 1
3 876 456 375 321 37 91 1
3 876 457 373 321 37 91 1
3 876 458 373 321 37 91 1
3 876 459 373 320 37 90 1
3 876 460 371 320 37 90 1
3 876 461 371 320 37 90 1
3 876 462 369 318 38 90 1
3 876 463 369 318 38 90 1
3 876 464 369 318 38 90 1
3 876 465 368 316 37 91 1
3 876 466 368 316 37 91 1
3 876 467 368 316 37 91 1
3 876 468 368 316 37 91 1
3 876 469 368 316 37 91 1
3 876 470 366 316 37 91 1
3 876 471 366 316 37 91 1
3 876 472 366 316 37 91 1
3 876 473 366 314 37 91 1
3 876 474 366 314 37 91 1
3 876 475 364 314 37 91 1
3 876 476 364 314 37 91 1
3 876 477 364 314 37 91 1
3 876 478 364 314 37 91 1
3 876 479 364 314 37 91 1
3 876 480 364 314 37 91 1
3 876 481 362 312 38 91 1
3 876 482 362 312 38 91 1
3 876 483 362 312 38 91 1
3 876 484 362 312 38 89 1
3 876 485 362 312 38 89 1
3 876 486 362 312 38 89 1
3 876 487 362 312 38 89 1
3 876 488 362 312 38 88 1
3 876 489 362 312 38 88 1
3 876 490 362 312 38 88 1
3 876 491 362 312 38 88 1
3 876 492 362 312 38 86 1
3 876 493 362 312 38 86 1
3 876 494 362 311 38 87 1
3 876 495 362 311 38 87 1
3 876 496 362 311 38 85 1
3 876 497 362 311 38 85 1
3 876 498 362 311 38 85 1
3 876 499 362 311 38 85 1
3 876 500 362 311 38 83 1
3 876 501 362 311 38 83 1
3 876 502 362 311 38 83 1
3 876 503 362 311 38 83 1
3 876 504 362 311 38 81 1
3 876 505 362 311 38 81 1
3 876 506 362 311 38 81 1
3 876 507 362 311 38 81 1
3 876 508 362 309 38 82 1
3 876 509 362 309 38 82 1
3 876 510 362 309 38 82 1
3 876 511 364 309 37 82 1
3 876 512 364 309 37 82 1
3 876 513 364 309 37 82 1
3 876 514 364 307 37 82 1
3 876 515 366 307 37 82 1
3 876 516 366 307 37 82 1
3 876 517 366 307 37 82 1
3 876 518 366 307 37 82 1
3 876 519 368 307 37 82 1
3 876 520 368 305 37 82 1
3 876 521 368 305 37 82 1
3 876 522 368 305 37 82 1
3 876 523 369 305 38 82 1
3 876 524 369 305 38 82 1
3 876 525 369 305 38 82 1
3 876 526 371 305 37 82 1
3 876 527 371 305 36 82 1
3 876 528 371 305 36 82 1
3 876 529 371 305 36 82 1
3 876 530 371 305 36 82 1
3 876 531 371 305 36 82 1
3 876 532 371 305 36 82 1
3 876 533 371 305 36 82 1
3 876 534 371 305 36 82 1
3 876 535 371 305 34 82 1
3 876 536 371 305 34 82 1
3 876 537 371 305 34 82 1
3 876 538 371 305 34 82 1
3 876 539 371 305 34 82 1
3 876 540 371 305 34 82 1
3 876 541 371 305 34 82 1
3 876 542 371 305 34 82 1
3 876 543 371 305 34 82 1
3 876 544 371 304 34 81 1
3 876 545 371 304 34 81 1
3 876 546 371 304 34 80 1
3 876 547 371 304 34 80 1
3 876 548 371 304 34 80 1
3 876 549 371 302 34 80 1
3 876 550 371 302 34 80 1
3 876 551 371 302 34 80 1
3 876 552 371 302 34 78 1
3 876 553 371 302 34 78 1
3 876 554 371 300 34 78 1
3 876 555 371 300 34 78 1
3 876 556 371 300 34 78 1
3 876 557 371 300 34 76 1
3 876 558 371 300 34 76 1
3 876 559 371 300 34 76 1
3 876 560 371 298 34 77 1
3 876 561 371 298 34 77 1
3 876 562 371 298 34 75 1
3 876 563 371 298 34 75 1
3 876 564 371 298 34 75 1
3 876 565 371 296 34 75 1
3 876 566 371 296 34 75 1
3 876 567 371 296 34 75 1
3 876 568 371 296 34 73 1
3 876 569 371 296 34 73 1
3 876 570 371 295 34 73 1
3 876 571 371 295 34 73 1
3 876 572 371 295 34 73 1
3 876 573 371 295 34 71 1
3 876 574 371 295 34 71 1
3 876 575 371 295 34 71 1
3 876 576 371 295 34 71 1
3 876 577 371 295 34 71 1
3 876 578 371 295 34 71 1
3 876 579 371 295 34 71 1
3 876 580 371 295 34 71 1
3 876 581 371 295 34 71 1
3 876 582 371 295 34 71 1
3 876 583 371 295 34 71 1
3 876 584 371 295 34 71 1
3 876 585 371 295 34 71 1
3 876 586 371 295 34 71 1
3 876 587 371 295 34 71 1
3 876 588 371 295 34 71 1
3 876 589 371 295 34 71 1
3 876 590 371 295 34 71 1
3 876 591 371 295 34 71 1
3 876 592 371 295 34 71 1
3 876 593 371 295 34 71 1
3 876 594 371 295 34 71 1
3 876 595 371 295 34 71 1
3 876 596 371 295 34 71 1
3 876 597 371 295 34 71 1
3 876 598 371 295 34 71 1
3 876 599 371 295 34 71 1
3 876 600 371 295 34 71 1
3 876 601 369 293 34 71 1
3 876 602 369 293 34 71 1
3 876 603 369 293 34 71 1
3 876 604 369 293 34 71 1
3 876 605 369 293 34 71 1
3 876 606 369 293 32 71 1
3 876 607 368 293 33 71 1
3 876 608 368 293 33 71 1
3 876 609 368 293 33 71 1
3 876 610 368 293 33 71 1
3 876 611 368 293 32 71 1
3 876 612 368 293 32 71 1
3 876 613 366 293 34 71 1
3 876 614 366 293 34 69 1
3 876 615 366 293 34 69 1
3 876 616 366 293 32 69 1
3 876 617 366 291 32 71 1
3 876 618 366 291 32 71 1
3 876 619 364 291 34 71 1
3 876 620 364 291 34 71 1
3 876 621 364 291 34 71 1
3 876 622 364 291 32 71 1
3 876 623 364 291 32 71 1
3 876 624 364 291 32 71 1
3 876 625 362 291 34 71 1
3 876 626 362 291 34 71 1
3 876 627 362 291 32 71 1
3 876 628 362 291 32 69 1
3 876 629 362 291 32 69 1
3 876 630 362 291 32 69 1
3 876 631 360 291 34 69 1
3 876 632 360 291 32 69 1
3 876 633 360 289 32 71 1
3 876 634 360 289 32 71 1
3 876 635 360 289 32 71 1
3 876 636 360 289 32 71 1
3 876 637 359 289 32 71 1
3 876 638 359 289 32 71 1
3 876 639 359 289 32 71 1
3 876 640 359 289 32 71 1
3 876 641 359 289 32 70 1
3 876 642 359 289 32 70 1
3 876 643 357 289 32 70 1
3 876 644 357 289 32 70 1
3 876 645 357 289 32 70 1
3 876 646 357 289 32 70 1
3 876 647 357 289 32 70 1
3 876 648 357 289 30 70 1
3 876 649 355 288 32 71 1
3 876 650 355 288 32 71 1
3 876 651 355 288 32 71 1
3 876 652 355 288 32 71 1
3 876 653 355 288 30 71 1
3 876 654 355 288 30 71 1
3 876 655 353 288 32 69 1
3 876 656 353 288 32 69 1
3 876 657 353 288 32 69 1
3 876 658 353 288 31 69 1
3 876 659 353 288 31 69 1
3 876 660 353 288 31 69 1
3 876 661 352 288 32 69 1
3 876 662 352 288 32 69 1
3 876 663 352 288 32 69 1
3 876 664 352 288 30 69 1
3 876 665 352 286 30 71 1
3 876 666 352 286 30 71 1
3 876 667 350 286 32 71 1
3 876 668 350 286 32 69 1
3 876 669 350 286 30 69 1
3 876 670 350 286 30 69 1
3 876 671 350 286 30 69 1
3 876 672 350 286 30 69 1
3 876 673 348 286 32 69 1
3 876 674 348 286 30 69 1
3 876 675 348 286 30 69 1
3 876 676 348 286 30 69 1
3 876 677 348 286 30 69 1
3 876 678 348 286 30 69 1
3 876 679 346 286 30 69 1
3 876 680 346 286 30 69 1
3 876 681 346 284 30 71 1
3 876 682 346 284 30 69 1
3 876 683 346 284 30 69 1
3 876 684 346 284 30 69 1
3 876 685 344 284 31 69 1
3 876 686 344 284 31 69 1
3 876 687 344 284 31 69 1
3 876 688 344 284 31 69 1
3 876 689 344 284 31 69 1
3 876 690 344 284 29 69 1
3 876 691 343 284 30 69 1
3 876 692 343 284 30 69 1
3 876 693 343 284 30 69 1
3 876 694 343 284 30 69 1
3 876 695 343 284 28 69 1
3 876 696 343 284 28 68 1
3 876 697 341 282 30 70 1
3 876 698 341 282 30 70 1
3 876 699 341 282 30 70 1
3 876 700 341 282 30 70 1
3 876 701 341 282 28 70 1
3 876 702 341 282 28 70 1
3 876 703 339 282 30 70 1
3 876 704 339 282 30 70 1
3 876 705 339 282 30 70 1
3 876 706 339 282 29 70 1
3 876 707 339 282 29 70 1
3 876 708 339 282 29 70 1
3 876 709 337 282 31 68 1
3 876 710 337 282 31 68 1
3 876 711 337 282 29 68 1
3 876 712 337 282 29 68 1
3 876 713 337 280 29 70 1
3 876 714 337 280 29 70 1
3 876 715 336 280 30 70 1
3 876 716 336 280 28 70 1
3 876 717 336 280 28 70 1
3 876 718 336 280 28 70 1
3 876 719 336 280 28 70 1
3 876 720 336 280 28 70 1
3 876 721 334 280 30 70 1
3 876 722 334 280 28 70 1
3 876 723 334 280 28 68 1
3 876 724 334 280 28 68 1
3 876 725 334 280 28 68 1
3 876 726 334 280 28 68 1
3 876 727 332 280 28 68 1
3 876 728 332 280 28 68 1
3 876 729 332 280 28 68 1
3 876 730 332 279 28 69 1
3 876 731 332 279 28 69 1
3 876 732 332 279 27 69 1
3 876 733 330 279 29 69 1
3 876 734 330 279 29 69 1
3 876 735 330 279 29 69 1
3 876 736 330 279 29 67 1
3 876 737 330 279 27 67 1
3 876 738 330 279 27 67 1
3 876 739 328 279 29 67 1
3 876 740 328 279 29 67 1
3 876 741 328 279 29 67 1
3 876 742 328 279 29 67 1
3 876 743 328 279 27 67 1
3 876 744 328 279 27 67 1
3 876 745 327 279 28 67 1
3 876 746 327 277 28 69 1
3 876 747 327 277 28 69 1
3 876 748 327 277 26 69 1
3 876 749 327 277 26 69 1
3 876 750 327 277 26 67 1
3 876 751 325 277 28 67 1
3 876 752 325 277 28 67 1
3 876 753 325 277 27 67 1
3 876 754 325 277 27 67 1
3 876 755 325 277 27 67 1
3 876 756 325 277 27 67 1
3 876 757 323 277 29 67 1
3 876 758 323 277 27 67 1
3 876 759 323 277 27 67 1
3 876 760 323 277 27 67 1
3 876 761 323 277 27 67 1
3 876 762 323 275 27 69 1
3 876 763 321 275 29 68 1
3 876 764 321 275 27 68 1
3 876 765 321 275 27 68 1
3 876 766 321 275 27 68 1
3 876 767 321 275 27 68 1
3 876 768 321 275 27 68 1
3 876 769 320 275 26 68 1
3 876 770 320 275 26 68 1
3 876 771 320 275 26 68 1
3 876 772 320 275 26 68 1
3 876 773 320 275 26 68 1
3 876 774 320 275 24 68 1
3 876 775 318 275 26 68 1
3 876 776 318 275 26 68 1
3 876 777 318 275 26 66 1
3 876 778 318 273 26 68 1
3 876 779 318 273 26 68 1
3 876 780 318 273 25 68 1
3 876 781 316 273 27 68 1
3 876 782 316 273 27 68 1
3 876 783 316 273 27 68 1
3 876 784 316 273 27 68 1
3 876 785 316 273 25 68 1
3 876 786 316 273 25 68 1
3 876 787 314 273 27 68 1
3 876 788 314 273 27 68 1
3 876 789 314 273 27 68 1
3 876 790 314 273 25 68 1
3 876 791 314 273 25 66 1
3 876 792 314 273 25 66 1
3 876 793 312 273 27 66 1
3 876 794 312 272 27 67 1
3 876 795 312 272 25 67 1
3 876 796 312 272 25 67 1
3 876 797 312 272 25 67 1
3 876 798 312 272 25 67 1
3 876 799 311 272 26 67 1
3 876 800 311 272 26 67 1
3 876 801 311 272 25 67 1
3 876 802 311 272 25 67 1
3 876 803 311 272 25 67 1
3 876 804 311 272 25 65 1
3 876 805 309 272 27 65 1
3 876 806 309 272 25 65 1
3 876 807 309 272 25 65 1
3 876 808 309 272 25 65 1
3 876 809 309 272 25 65 1
3 876 810 309 270 25 67 1
3 876 811 307 270 25 67 1
3 876 812 307 270 25 67 1
3 876 813 307 270 25 67 1
3 876 814 307 270 25 67 1
3 876 815 307 270 25 67 1
3 876 816 307 270 23 67 1
3 876 817 305 270 25 67 1
3 876 818 305 270 25 66 1
3 876 819 305 270 25 66 1
3 876 820 305 270 25 66 1
3 876 821 305 270 25 66 1
3 876 822 305 270 23 66 1
3 876 823 304 270 24 66 1
3 876 824 304 270 24 66 1
3 876 825 304 270 24 66 1
3 876 826 304 268 24 68 1
3 876 827 304 268 23 68 1
3 876 828 304 268 23 68 1
3 876 829 302 268 25 68 1
3 876 830 302 268 25 68 1
3 876 831 302 268 25 66 1
3 876 832 302 268 23 66 1
3 876 833 302 268 23 66 1
3 876 834 302 268 23 66 1
3 876 835 300 268 25 66 1
3 876 836 300 268 25 66 1
3 876 837 300 268 23 66 1
3 876 838 300 268 23 66 1
3 876 839 300 268 23 66 1
3 876 840 300 268 23 66 1
3 876 841 298 268 25 66 1
3 876 842 298 266 25 68 1
3 876 843 298 266 23 68 1
3 876 844 298 266 23 68 1
3 876 845 298 266 23 66 1
3 876 846 298 266 23 66 1
3 876 847 296 266 25 66 1
3 876 848 296 266 24 66 1
3 876 849 296 266 24 66 1
3 876 850 296 266 24 66 1
3 876 851 296 266 24 66 1
3 876 852 296 266 24 66 1
3 876 853 295 266 23 66 1
3 876 854 295 266 23 66 1
3 876 855 295 266 23 66 1
3 876 856 295 266 23 66 1
3 876 857 295 266 23 66 1
3 876 858 295 266 23 66 1
3 876 859 295 266 23 66 1
3 876 860 295 266 23 66 1
3 876 861 295 266 23 66 1
3 876 862 295 266 23 66 1
3 876 863 295 266 23 66 1
3 876 864 295 266 23 66 1
3 876 865 295 266 23 66 1
3 876 866 295 266 23 66 1
3 876 867 295 266 23 66 1
3 876 868 295 266 23 66 1
3 876 869 295 266 23 66 1
3 876 870 295 266 23 66 1
3 876 871 295 266 23 66 1
3 876 872 295 266 23 66 1
3 876 873 295 266 23 66 1
3 876 874 295 266 23 66 1
3 876 875 295 266 23 66 1
4 399 477 298 229 20 43 1
4 399 478 296 229 20 43 1
4 399 479 296 229 20 43 1
4 399 480 295 229 19 43 1
4 399 481 295 229 19 43 1
4 399 482 293 229 21 43 1
4 399 483 293 229 19 43 1
4 399 484 291 229 21 43 1
4 399 485 291 229 20 43 1
4 399 486 289 229 22 43 1
4 399 487 289 229 22 43 1
4 399 488 288 229 21 43 1
4 399 489 288 229 21 43 1
4 399 490 286 229 21 43 1
4 399 491 286 229 21 43 1
4 399 492 286 229 21 43 1
4 399 493 284 229 21 43 1
4 399 494 284 229 21 43 1
4 399 495 282 229 22 43 1
4 399 496 282 229 22 43 1
4 399 497 280 229 24 43 1
4 399 498 280 229 22 43 1
4 399 499 279 229 23 43 1
4 399 500 279 229 21 43 1
4 399 501 277 229 23 43 1
4 399 502 277 229 23 43 1
4 399 503 275 229 23 43 1
4 399 504 275 229 23 43 1
4 399 505 273 229 23 43 1
4 399 506 273 229 23 43 1
4 399 507 273 231 23 42 1
4 399 508 272 231 23 42 1
4 399 509 272 231 23 42 1
4 399 510 270 231 23 42 1
4 399 511 270 231 23 42 1
4 399 512 268 231 23 42 1
4 399 513 268 231 23 42 1
4 399 514 268 231 23 42 1
4 399 515 266 231 23 42 1
4 399 516 266 231 23 42 1
4 399 517 264 231 24 42 1
4 399 518 264 231 24 42 1
4 399 519 263 231 23 42 1
4 399 520 263 231 23 42 1
4 399 521 263 231 23 42 1
4 399 522 261 231 23 42 1
4 399 523 261 231 23 42 1
4 399 524 259 231 23 42 1
4 399 525 259 231 23 42 1
4 399 526 259 231 23 42 1
4 399 527 257 231 23 42 1
4 399 528 257 231 23 42 1
4 399 529 257 231 23 42 1
4 399 530 256 231 23 42 1
4 399 531 256 231 23 42 1
4 399 532 256 231 23 42 1
4 399 533 256 231 23 42 1
4 399 534 254 231 23 42 1
4 399 535 254 231 23 42 1
4 399 536 254 231 23 42 1
4 399 537 254 231 23 42 1
4 399 538 252 231 23 42 1
4 399 539 252 231 23 42 1
4 399 540 252 231 23 42 1
4 399 541 252 231 23 42 1
4 399 542 250 231 23 42 1
4 399 543 250 231 23 42 1
4 399 544 250 231 23 42 1
4 399 545 250 231 23 42 1
4 399 546 250 231 23 42 1
4 399 547 250 231 23 42 1
4 399 548 250 231 23 42 1
4 399 549 248 231 24 42 1
4 399 550 248 231 24 42 1
4 399 551 248 231 24 42 1
4 399 552 248 231 24 42 1
4 399 553 248 231 24 42 1
4 399 554 248 231 24 42 1
4 399 555 248 231 24 42 1
4 399 556 248 232 24 43 1
4 399 557 248 232 24 43 1
4 399 558 248 232 24 43 1
4 399 559 248 232 24 43 1
4 399 560 248 232 24 43 1
4 399 561 248 232 24 43 1
4 399 562 248 232 24 43 1
4 399 563 248 232 24 43 1
4 399 564 248 232 24 43 1
4 399 565 248 232 24 43 1
4 399 566 248 232 24 43 1
4 399 567 248 232 24 43 1
4 399 568 248 232 24 43 1
4 399 569 248 232 24 43 1
4 399 570 248 232 24 43 1
4 399 571 248 232 24 43 1
4 399 572 248 232 24 43 1
4 399 573 248 232 24 43 1
4 399 574 248 232 24 43 1
4 399 575 248 232 24 43 1
4 399 576 248 232 24 43 1
4 399 577 248 232 24 43 1
4 399 578 250 232 23 43 1
4 399 579 250 232 23 43 1
4 399 580 250 232 23 43 1
4 399 581 250 232 23 43 1
4 399 582 250 232 23 43 1
4 399 583 250 232 23 43 1
4 399 584 250 232 23 43 1
4 399 585 250 232 23 43 1
4 399 586 250 232 23 43 1
4 399 587 250 232 23 43 1
4 399 588 250 232 23 43 1
4 399 589 250 232 23 43 1
4 399 590 250 232 23 43 1
4 399 591 250 232 23 43 1
4 399 592 250 232 23 43 1
4 399 593 250 232 23 43 1
4 399 594 250 232 23 43 1
4 399 595 250 232 23 43 1
4 399 596 250 232 23 43 1
4 399 597 250 232 23 43 1
4 399 598 250 232 23 43 1
4 399 599 250 232 23 43 1
4 399 600 252 234 23 43 1
4 399 601 252 234 23 43 1
4 399 602 252 234 23 43 1
4 399 603 252 234 23 43 1
4 399 604 252 234 23 43 1
4 399 605 252 234 23 43 1
4 399 606 254 234 21 43 1
4 399 607 254 234 23 43 1
4 399 608 254 234 23 43 1
4 399 609 254 234 23 43 1
4 399 610 254 234 23 43 1
4 399 611 254 234 23 43 1
4 399 612 256 234 21 43 1
4 399 613 256 234 21 43 1
4 399 614 256 234 23 43 1
4 399 615 256 234 23 43 1
4 399 616 256 234 23 43 1
4 399 617 257 234 22 43 1
4 399 618 257 234 22 43 1
4 399 619 257 234 22 43 1
4 399 620 257 234 23 43 1
4 399 621 257 234 23 43 1
4 399 622 257 234 23 43 1
4 399 623 259 234 21 43 1
4 399 624 259 234 21 43 1
4 399 625 259 234 21 43 1
4 399 626 259 234 21 43 1
4 399 627 259 236 23 41 1
4 399 628 259 236 23 41 1
4 399 629 261 236 21 41 1
4 399 630 261 236 21 41 1
4 399 631 261 236 21 41 1
4 399 632 261 236 21 41 1
4 399 633 261 236 23 41 1
4 399 634 263 236 21 41 1
4 399 635 263 236 21 41 1
4 399 636 263 236 21 41 1
4 399 637 263 236 21 41 1
4 399 638 263 236 21 41 1
4 399 639 263 236 21 41 1
4 399 640 264 236 22 43 1
4 399 641 264 236 22 43 1
4 399 642 264 236 22 43 1
4 399 643 264 236 22 43 1
4 399 644 264 236 22 43 1
4 399 645 264 236 22 43 1
4 399 646 266 236 20 43 1
4 399 647 266 236 22 43 1
4 399 648 266 236 22 43 1
4 399 649 266 236 22 43 1
4 399 650 266 236 22 43 1
4 399 651 268 236 20 43 1
4 399 652 268 236 20 43 1
4 399 653 268 238 21 41 1
4 399 654 268 238 21 41 1
4 399 655 268 238 21 41 1
4 399 656 268 238 21 41 1
4 399 657 270 238 19 41 1
4 399 658 270 238 19 41 1
4 399 659 270 238 19 41 1
4 399 660 270 238 21 41 1
4 399 661 270 238 21 41 1
4 399 662 270 238 21 41 1
4 399 663 272 238 19 41 1
4 399 664 272 238 19 41 1
4 399 665 272 238 19 41 1
4 399 666 272 238 21 41 1
4 399 667 272 238 21 41 1
4 399 668 273 238 20 41 1
4 399 669 273 238 20 41 1
4 399 670 273 238 20 41 1
4 399 671 273 238 20 41 1
4 399 672 273 238 20 41 1
4 399 673 273 238 22 41 1
4 399 674 275 238 20 41 1
4 399 675 275 238 20 41 1
4 399 676 275 238 20 41 1
4 399 677 275 238 20 41 1
4 399 678 275 238 20 41 1
4 399 679 277 240 19 40 1
4 399 680 277 240 19 40 1
4 399 681 277 240 19 40 1
4 399 682 277 240 19 40 1
4 399 683 277 240 19 40 1
4 399 684 279 240 19 40 1
4 399 685 279 240 19 40 1
4 399 686 279 240 19 40 1
4 399 687 279 240 19 40 1
4 399 688 279 240 19 40 1
4 399 689 280 240 20 40 1
4 399 690 280 240 20 42 1
4 399 691 280 240 20 42 1
4 399 692 280 240 20 42 1
4 399 693 280 240 20 42 1
4 399 694 282 240 20 42 1
4 399 695 282 240 20 42 1
4 399 696 282 240 20 42 1
4 399 697 282 240 20 42 1
4 399 698 284 240 20 42 1
4 399 699 284 240 20 42 1
4 399 700 284 240 20 42 1
4 399 701 284 240 20 44 1
4 399 702 284 240 20 44 1
4 399 703 286 240 19 44 1
4 399 704 286 240 19 44 1
4 399 705 286 240 19 44 1
4 399 706 286 240 19 44 1
4 399 707 286 240 19 44 1
4 399 708 288 240 19 44 1
4 399 709 288 241 19 43 1
4 399 710 288 241 19 43 1
4 399 711 288 241 19 43 1
4 399 712 289 241 20 45 1
4 399 713 289 241 20 45 1
4 399 714 289 241 20 45 1
4 399 715 289 241 20 45 1
4 399 716 289 241 20 45 1
4 399 717 291 241 20 45 1
4 399 718 291 241 20 45 1
4 399 719 291 241 20 45 1
4 399 720 291 241 20 45 1
4 399 721 291 241 20 45 1
4 399 722 293 241 19 47 1
4 399 723 293 241 19 47 1
4 399 724 293 241 19 47 1
4 399 725 293 241 19 47 1
4 399 726 295 241 19 47 1
4 399 727 295 241 19 47 1
4 399 728 295 241 19 47 1
4 399 729 295 241 19 47 1
4 399 730 295 241 19 47 1
4 399 731 296 241 20 47 1
4 399 732 296 241 20 47 1
4 399 733 296 241 20 48 1
4 399 734 296 241 20 48 1
4 399 735 296 241 20 48 1
4 399 736 298 241 20 48 1
4 399 737 298 241 20 48 1
4 399 738 298 241 20 48 1
4 399 739 298 243 20 46 1
4 399 740 300 243 20 46 1
4 399 741 300 243 20 46 1
4 399 742 300 243 20 46 1
4 399 743 300 243 20 46 1
4 399 744 300 243 20 48 1
4 399 745 302 243 19 48 1
4 399 746 302 243 19 48 1
4 399 747 302 243 19 48 1
4 399 748 302 243 19 48 1
4 399 749 302 243 19 48 1
4 399 750 304 243 19 48 1
4 399 751 304 243 19 48 1
4 399 752 304 243 19 48 1
4 399 753 304 243 19 48 1
4 399 754 305 243 20 50 1
4 399 755 305 243 20 50 1
4 399 756 305 243 20 50 1
4 399 757 305 243 20 50 1
4 399 758 305 243 20 50 1
4 399 759 307 243 20 50 1
4 399 760 307 243 20 50 1
4 399 761 307 243 20 50 1
4 399 762 307 243 20 50 1
4 399 763 307 243 20 50 1
4 399 764 309 243 19 50 1
4 399 765 309 243 19 52 1
4 399 766 309 243 19 52 1
4 399 767 309 243 19 52 1
4 399 768 309 243 19 52 1
4 399 769 311 245 19 50 1
4 399 770 311 245 19 50 1
4 399 771 311 245 19 50 1
4 399 772 311 245 19 50 1
4 399 773 312 245 20 50 1
4 399 774 312 245 20 50 1
4 399 775 312 245 20 50 1
4 399 776 312 245 20 51 1
4 399 777 312 245 20 51 1
4 399 778 314 245 20 51 1
4 399 779 314 245 20 51 1
4 399 780 314 245 20 51 1
4 399 781 314 245 20 51 1
4 399 782 314 245 20 51 1
4 399 783 316 245 20 51 1
4 399 784 316 245 20 51 1
4 399 785 316 245 20 51 1
4 399 786 316 245 20 51 1
4 399 787 318 245 19 53 1
4 399 788 318 245 19 53 1
4 399 789 318 245 19 53 1
4 399 790 318 245 19 53 1
4 399 791 318 245 19 53 1
4 399 792 320 245 19 53 1
4 399 793 320 245 19 53 1
4 399 794 320 245 19 53 1
4 399 795 320 245 19 53 1
4 399 796 320 245 19 53 1
4 399 797 321 245 20 55 1
4 399 798 321 245 20 55 1
4 399 799 321 247 20 53 1
4 399 800 321 247 20 53 1
4 399 801 323 247 20 53 1
4 399 802 323 247 20 53 1
4 399 803 323 247 20 53 1
4 399 804 323 247 20 53 1
4 399 805 323 247 20 53 1
4 399 806 325 247 19 53 1
4 399 807 325 247 19 53 1
4 399 808 325 247 19 55 1
4 399 809 325 247 19 55 1
4 399 810 325 247 19 55 1
4 399 811 327 247 19 55 1
4 399 812 327 247 19 55 1
4 399 813 327 247 19 55 1
4 399 814 327 247 19 55 1
4 399 815 328 247 20 55 1
4 399 816 328 247 20 55 1
4 399 817 328 247 20 55 1
4 399 818 328 247 20 55 1
4 399 819 328 247 20 57 1
4 399 820 330 247 20 57 1
4 399 821 330 247 20 57 1
4 399 822 330 247 20 57 1
4 399 823 330 247 20 57 1
4 399 824 330 247 20 57 1
4 399 825 332 247 20 57 1
4 399 826 332 247 20 57 1
4 399 827 332 247 20 57 1
4 399 828 332 247 20 57 1
4 399 829 334 248 19 57 1
4 399 830 334 248 19 57 1
4 399 831 334 248 19 57 1
4 399 832 334 248 19 57 1
4 399 833 334 248 19 57 1
4 399 834 334 248 19 57 1
4 399 835 336 248 19 57 1
4 399 836 336 248 19 57 1
4 399 837 336 248 19 57 1
4 399 838 336 248 19 57 1
4 399 839 336 248 19 57 1
4 399 840 337 248 20 57 1
4 399 841 337 248 20 57 1
4 399 842 337 248 20 57 1
4 399 843 337 248 20 57 1
4 399 844 337 248 20 57 1
4 399 845 339 248 20 57 1
4 399 846 339 248 20 57 1
4 399 847 339 248 20 57 1
4 399 848 339 248 20 57 1
4 399 849 339 248 20 57 1
4 399 850 341 248 19 57 1
4 399 851 341 248 19 57 1
4 399 852 341 248 19 57 1
4 399 853 341 248 19 57 1
4 399 854 341 248 19 57 1
4 399 855 343 248 19 57 1
4 399 856 343 248 19 57 1
4 399 857 343 248 19 57 1
4 399 858 343 248 19 57 1
4 399 859 343 248 19 57 1
4 399 860 344 248 20 57 1
4 399 861 344 248 20 57 1
4 399 862 344 248 20 57 1
4 399 863 344 248 20 57 1
4 399 864 344 248 20 57 1
4 399 865 346 248 20 57 1
4 399 866 346 248 20 57 1
4 399 867 346 248 20 57 1
4 399 868 346 248 20 57 1
4 399 869 346 248 20 57 1
4 399 870 348 248 20 57 1
4 399 871 348 248 20 57 1
4 399 872 348 248 20 57 1
4 399 873 348 248 20 57 1
4 399 874 348 248 20 57 1
4 399 875 350 250 19 57 1
