0 558 0 906 684 34 34 1
0 558 1 906 684 34 34 1
0 558 2 906 684 34 34 1
0 558 3 906 684 34 34 1
0 558 4 906 684 34 34 1
0 558 5 906 684 34 34 1
0 558 6 906 684 34 34 1
0 558 7 906 684 34 34 1
0 558 8 906 684 34 34 1
0 558 9 906 684 34 34 1
0 558 10 906 686 34 32 1
0 558 11 906 686 34 32 1
0 558 12 906 686 34 32 1
0 558 13 906 686 34 32 1
0 558 14 906 686 34 32 1
0 558 15 906 686 34 32 1
0 558 16 906 686 34 32 1
0 558 17 906 686 34 32 1
0 558 18 906 686 34 32 1
0 558 19 906 686 34 32 1
0 558 20 908 688 34 30 1
0 558 21 908 688 34 30 1
0 558 22 908 688 34 30 1
0 558 23 908 688 34 30 1
0 558 24 908 688 34 30 1
0 558 25 908 688 34 30 1
0 558 26 908 688 34 30 1
0 558 27 908 688 34 30 1
0 558 28 908 688 34 30 1
0 558 29 908 688 34 30 1
0 558 30 908 689 34 29 1
0 558 31 908 689 34 29 1
0 558 32 908 689 34 29 1
0 558 33 908 689 34 29 1
0 558 34 908 689 34 29 1
0 558 35 908 689 34 29 1
0 558 36 908 689 34 29 1
0 558 37 908 689 34 29 1
0 558 38 908 689 34 29 1
0 558 39 910 691 34 27 1
0 558 40 912 691 33 27 1
0 558 41 913 691 34 27 1
0 558 42 915 691 34 27 1
0 558 43 917 691 34 27 1
0 558 44 919 693 33 25 1
0 558 45 920 693 34 25 1
0 558 46 922 693 34 25 1
0 558 47 924 693 34 25 1
0 558 48 926 695 34 23 1
0 558 49 928 695 33 23 1
0 558 50 929 695 34 23 1
0 558 51 931 695 34 23 1
0 558 52 933 696 34 22 1
0 558 53 931 695 34 23 1
0 558 54 931 695 34 23 1
0 558 55 929 695 34 23 1
0 558 56 929 693 34 25 1
0 558 57 928 693 33 25 1
0 558 58 928 693 33 25 1
0 558 59 926 691 34 27 1
0 558 60 926 691 34 27 1
0 558 61 924 691 34 27 1
0 558 62 924 691 34 27 1
0 558 63 922 689 34 29 1
0 558 64 922 689 34 29 1
0 558 65 920 689 34 29 1
0 558 66 920 688 34 30 1
0 558 67 919 688 33 30 1
0 558 68 919 688 33 30 1
0 558 69 917 688 34 30 1
0 558 70 917 686 34 32 1
0 558 71 915 686 34 32 1
0 558 72 915 686 34 32 1
0 558 73 913 684 34 34 1
0 558 74 913 684 34 34 1
0 558 75 912 684 33 34 1
0 558 76 912 684 33 34 1
0 558 77 910 684 34 34 1
0 558 78 910 684 34 34 1
0 558 79 910 684 34 34 1
0 558 80 910 684 34 34 1
0 558 81 910 684 34 34 1
0 558 82 910 684 34 34 1
0 558 83 910 684 34 34 1
0 558 84 910 684 34 34 1
0 558 85 910 684 34 34 1
0 558 86 910 684 34 34 1
0 558 87 910 684 34 34 1
0 558 88 910 684 34 34 1
0 558 89 910 684 34 34 1
0 558 90 910 684 34 34 1
0 558 91 910 684 34 34 1
0 558 92 910 684 34 34 1
0 558 93 910 684 34 34 1
0 558 94 910 684 34 34 1
0 558 95 910 684 34 34 1
0 558 96 910 684 34 34 1
0 558 97 910 684 34 34 1
0 558 98 910 684 34 34 1
0 558 99 910 684 34 34 1
0 558 100 910 684 34 34 1
0 558 101 910 684 34 34 1
0 558 102 910 684 34 34 1
0 558 103 910 684 34 34 1
0 558 104 910 684 34 34 1
0 558 105 910 684 34 34 1
0 558 106 910 684 34 34 1
0 558 107 910 684 34 34 1
0 558 108 910 684 34 34 1
0 558 109 910 684 34 34 1
0 558 110 910 684 34 34 1
0 558 111 910 684 34 34 1
0 558 112 910 684 34 34 1
0 558 113 910 684 34 34 1
0 558 114 910 684 34 34 1
0 558 115 910 684 34 34 1
0 558 116 910 684 34 34 1
0 558 117 910 684 34 34 1
0 558 118 910 684 34 34 1
0 558 119 910 684 34 34 1
0 558 120 910 684 34 34 1
0 558 121 910 684 34 34 1
0 558 122 910 684 34 34 1
0 558 123 910 684 34 34 1
0 558 124 910 684 34 34 1
0 558 125 910 684 34 34 1
0 558 126 910 684 34 34 1
0 558 127 910 684 34 34 1
0 558 128 910 684 34 34 1
0 558 129 910 684 34 34 1
0 558 130 910 684 34 34 1
0 558 131 910 684 34 34 1
0 558 132 910 684 34 34 1
0 558 133 908 684 34 34 1
0 558 134 908 684 34 34 1
0 558 135 908 684 34 34 1
0 558 136 908 684 34 34 1
0 558 137 908 684 34 34 1
0 558 138 908 684 34 34 1
0 558 139 908 684 34 34 1
0 558 140 908 684 34 34 1
0 558 141 908 684 34 34 1
0 558 142 908 684 34 34 1
0 558 143 908 684 34 34 1
0 558 144 908 684 34 34 1
0 558 145 908 684 34 34 1
0 558 146 908 684 34 34 1
0 558 147 908 684 34 34 1
0 558 148 908 684 34 34 1
0 558 149 908 684 34 34 1
0 558 150 908 684 34 34 1
0 558 151 908 684 34 34 1
0 558 152 908 684 34 34 1
0 558 153 908 684 34 34 1
0 558 154 908 684 34 34 1
0 558 155 908 684 34 34 1
0 558 156 908 684 34 34 1
0 558 157 908 684 34 34 1
0 558 158 908 684 34 34 1
0 558 159 908 684 34 34 1
0 558 160 908 684 34 34 1
0 558 161 908 684 34 34 1
0 558 162 908 684 34 34 1
0 558 163 908 684 34 34 1
0 558 164 908 684 34 34 1
0 558 165 908 684 34 34 1
0 558 166 908 684 34 34 1
0 558 167 908 684 34 34 1
0 558 168 908 684 34 34 1
0 558 169 908 684 34 34 1
0 558 170 908 684 34 34 1
0 558 171 908 684 34 34 1
0 558 172 908 684 34 34 1
0 558 173 908 684 34 34 1
0 558 174 908 684 34 34 1
0 558 175 908 684 34 34 1
0 558 176 908 684 34 34 1
0 558 177 908 684 34 34 1
0 558 178 908 684 34 34 1
0 558 179 908 684 34 34 1
0 558 180 908 684 34 34 1
0 558 181 908 684 34 34 1
0 558 182 908 684 34 34 1
0 558 183 908 684 34 34 1
0 558 184 908 684 34 34 1
0 558 185 908 684 34 34 1
0 558 186 908 684 34 34 1
0 558 187 908 684 34 34 1
0 558 188 908 684 34 34 1
0 558 189 906 684 34 34 1
0 558 190 906 684 34 34 1
0 558 191 906 684 34 34 1
0 558 192 906 684 34 34 1
0 558 193 906 684 34 34 1
0 558 194 906 684 34 34 1
0 558 195 906 684 34 34 1
0 558 196 906 684 34 34 1
0 558 197 906 684 34 34 1
0 558 198 906 684 34 34 1
0 558 199 906 684 34 34 1
0 558 200 906 684 34 34 1
0 558 201 906 684 34 34 1
0 558 202 906 684 34 34 1
0 558 203 906 684 34 34 1
0 558 204 906 684 34 34 1
0 558 205 906 684 34 34 1
0 558 206 906 684 34 34 1
0 558 207 906 684 34 34 1
0 558 208 906 684 34 34 1
0 558 209 906 684 34 34 1
0 558 210 906 684 34 34 1
0 558 211 906 684 34 34 1
0 558 212 906 684 34 34 1
0 558 213 906 684 34 34 1
0 558 214 906 684 34 34 1
0 558 215 906 684 34 34 1
0 558 216 906 684 34 34 1
0 558 217 906 684 34 34 1
0 558 218 906 684 34 34 1
0 558 219 906 684 34 34 1
0 558 220 906 684 34 34 1
0 558 221 906 684 34 34 1
0 558 222 906 684 34 34 1
0 558 223 906 684 34 34 1
0 558 224 906 684 34 34 1
0 558 225 906 684 34 34 1
0 558 226 906 684 34 34 1
0 558 227 906 684 34 34 1
0 558 228 906 684 34 34 1
0 558 229 906 684 34 34 1
0 558 230 906 684 34 34 1
0 558 231 906 684 34 34 1
0 558 232 906 684 34 34 1
0 558 233 906 684 34 34 1
0 558 234 906 684 34 34 1
0 558 235 906 684 34 34 1
0 558 236 906 684 34 34 1
0 558 237 906 684 34 34 1
0 558 238 906 684 34 34 1
0 558 239 906 684 34 34 1
0 558 240 906 684 34 34 1
0 558 241 906 684 34 34 1
0 558 242 906 684 34 34 1
0 558 243 906 684 34 34 1
0 558 244 906 684 34 34 1
0 558 245 904 684 34 34 1
0 558 246 904 684 34 34 1
0 558 247 904 684 34 34 1
0 558 248 904 684 34 34 1
0 558 249 904 684 34 34 1
0 558 250 904 684 34 34 1
0 558 251 904 684 34 34 1
0 558 252 904 684 34 34 1
0 558 253 904 684 34 34 1
0 558 254 904 684 34 34 1
0 558 255 904 684 34 34 1
0 558 256 904 684 34 34 1
0 558 257 904 684 34 34 1
0 558 258 904 684 34 34 1
0 558 259 904 684 34 34 1
0 558 260 904 684 34 34 1
0 558 261 904 684 34 34 1
0 558 262 904 684 34 34 1
0 558 263 904 684 34 34 1
0 558 264 904 684 34 34 1
0 558 265 904 684 34 34 1
0 558 266 904 684 34 34 1
0 558 267 904 684 34 34 1
0 558 268 904 684 34 34 1
0 558 269 904 684 34 34 1
0 558 270 904 684 34 34 1
0 558 271 904 684 34 34 1
0 558 272 904 684 34 34 1
0 558 273 904 684 34 34 1
0 558 274 904 684 34 34 1
0 558 275 904 684 34 34 1
0 558 276 904 684 34 34 1
0 558 277 904 684 34 34 1
0 558 278 904 684 34 34 1
0 558 279 904 684 34 34 1
0 558 280 904 684 34 34 1
0 558 281 904 684 34 34 1
0 558 282 904 684 34 34 1
0 558 283 904 684 34 34 1
0 558 284 904 684 34 34 1
0 558 285 904 684 34 34 1
0 558 286 904 684 34 34 1
0 558 287 904 684 34 34 1
0 558 288 904 684 34 34 1
0 558 289 904 684 34 34 1
0 558 290 904 684 34 34 1
0 558 291 904 684 34 34 1
0 558 292 904 684 34 34 1
0 558 293 904 684 34 34 1
0 558 294 904 684 34 34 1
0 558 295 904 684 34 34 1
0 558 296 904 684 34 34 1
0 558 297 904 684 34 34 1
0 558 298 904 684 34 34 1
0 558 299 904 684 34 34 1
0 558 300 904 684 34 34 1
0 558 301 903 684 35 34 1
0 558 302 903 684 35 34 1
0 558 303 903 684 35 34 1
0 558 304 903 684 35 34 1
0 558 305 903 684 35 34 1
0 558 306 903 684 35 34 1
0 558 307 903 684 35 34 1
0 558 308 903 684 35 34 1
0 558 309 903 684 35 34 1
0 558 310 903 684 35 34 1
0 558 311 903 684 35 34 1
0 558 312 903 684 35 34 1
0 558 313 903 684 35 34 1
0 558 314 903 684 35 34 1
0 558 315 903 684 35 34 1
0 558 316 903 684 35 34 1
0 558 317 903 684 35 34 1
0 558 318 903 684 35 34 1
0 558 319 903 684 35 34 1
0 558 320 903 684 35 34 1
0 558 321 903 684 35 34 1
0 558 322 903 684 35 34 1
0 558 323 903 684 35 34 1
0 558 324 903 684 35 34 1
0 558 325 903 684 35 34 1
0 558 326 903 684 35 34 1
0 558 327 903 684 35 34 1
0 558 328 903 684 35 34 1
0 558 329 903 684 35 34 1
0 558 330 903 684 35 34 1
0 558 331 903 684 35 34 1
0 558 332 903 684 35 34 1
0 558 333 903 684 37 34 1
0 558 334 903 684 37 34 1
0 558 335 903 684 37 34 1
0 558 336 903 684 37 34 1
0 558 337 903 684 37 34 1
0 558 338 903 684 37 34 1
0 558 339 903 684 37 34 1
0 558 340 903 684 37 34 1
0 558 341 903 684 37 34 1
0 558 342 903 684 37 34 1
0 558 343 903 684 37 34 1
0 558 344 903 684 37 34 1
0 558 345 903 684 37 34 1
0 558 346 903 684 37 34 1
0 558 347 903 684 37 34 1
0 558 348 903 684 37 34 1
0 558 349 903 684 37 34 1
0 558 350 903 684 37 34 1
0 558 351 903 684 37 34 1
0 558 352 901 684 39 34 1
0 558 353 901 684 39 34 1
0 558 354 901 684 39 34 1
0 558 355 901 684 39 34 1
0 558 356 901 684 39 34 1
0 558 357 901 684 39 34 1
0 558 358 901 684 39 34 1
0 558 359 901 684 39 34 1
0 558 360 901 684 39 34 1
0 558 361 901 684 39 34 1
0 558 362 901 684 39 34 1
0 558 363 901 684 39 34 1
0 558 364 901 684 39 34 1
0 558 365 901 684 41 34 1
0 558 366 901 684 41 34 1
0 558 367 901 684 41 34 1
0 558 368 901 684 41 34 1
0 558 369 901 684 41 34 1
0 558 370 901 684 41 34 1
0 558 371 901 684 41 34 1
0 558 372 901 684 41 34 1
0 558 373 901 684 41 34 1
0 558 374 901 684 41 34 1
0 558 375 901 684 41 34 1
0 558 376 901 684 41 34 1
0 558 377 901 684 41 34 1
0 558 378 901 684 41 34 1
0 558 379 901 684 41 34 1
0 558 380 901 684 41 34 1
0 558 381 901 684 41 34 1
0 558 382 901 684 41 34 1
0 558 383 901 684 41 34 1
0 558 384 901 684 41 34 1
0 558 385 901 684 41 34 1
0 558 386 901 686 41 32 1
0 558 387 901 686 41 32 1
0 558 388 901 686 41 32 1
0 558 389 901 686 41 32 1
0 558 390 901 686 41 32 1
0 558 391 901 686 41 32 1
0 558 392 901 686 41 32 1
0 558 393 901 686 41 32 1
0 558 394 901 686 41 32 1
0 558 395 901 686 41 32 1
0 558 396 901 686 41 32 1
0 558 397 901 686 43 32 1
0 558 398 901 686 43 32 1
0 558 399 901 686 43 32 1
0 558 400 901 686 43 32 1
0 558 401 901 686 43 32 1
0 558 402 901 686 43 32 1
0 558 403 899 686 45 32 1
0 558 404 899 686 45 32 1
0 558 405 899 686 45 32 1
0 558 406 899 686 45 32 1
0 558 407 899 686 45 32 1
0 558 408 899 686 45 32 1
0 558 409 899 686 45 32 1
0 558 410 899 686 45 32 1
0 558 411 899 686 45 32 1
0 558 412 899 686 45 32 1
0 558 413 899 686 45 32 1
0 558 414 899 686 45 32 1
0 558 415 899 686 45 32 1
0 558 416 899 686 45 32 1
0 558 417 899 686 45 32 1
0 558 418 899 686 45 32 1
0 558 419 899 686 45 32 1
0 558 420 899 686 45 32 1
0 558 421 899 686 45 32 1
0 558 422 899 686 45 32 1
0 558 423 899 686 45 32 1
0 558 424 899 686 45 32 1
0 558 425 899 686 45 32 1
0 558 426 899 686 45 32 1
0 558 427 899 686 45 32 1
0 558 428 899 686 45 32 1
0 558 429 899 686 46 32 1
0 558 430 899 686 46 32 1
0 558 431 899 686 46 32 1
0 558 432 899 686 46 32 1
0 558 433 899 686 46 32 1
0 558 434 899 686 46 32 1
0 558 435 899 686 46 32 1
0 558 436 899 686 46 32 1
0 558 437 899 686 46 32 1
0 558 438 899 686 46 32 1
0 558 439 899 686 46 32 1
0 558 440 899 686 46 32 1
0 558 441 899 686 46 32 1
0 558 442 899 686 46 32 1
0 558 443 899 686 46 32 1
0 558 444 899 686 46 32 1
0 558 445 899 686 46 32 1
0 558 446 899 686 46 32 1
0 558 447 899 686 46 32 1
0 558 448 899 686 46 32 1
0 558 449 899 686 46 32 1
0 558 450 899 686 46 32 1
0 558 451 899 686 46 32 1
0 558 452 899 686 46 32 1
0 558 453 899 686 46 32 1
0 558 454 899 686 46 32 1
0 558 455 897 686 48 32 1
0 558 456 897 686 48 32 1
0 558 457 897 686 48 32 1
0 558 458 897 686 48 32 1
0 558 459 897 686 48 32 1
0 558 460 897 686 48 32 1
0 558 461 897 686 50 32 1
0 558 462 897 686 50 32 1
0 558 463 897 686 50 32 1
0 558 464 897 686 50 32 1
0 558 465 897 686 50 32 1
0 558 466 897 686 50 32 1
0 558 467 897 686 50 32 1
0 558 468 897 686 50 32 1
0 558 469 897 686 50 32 1
0 558 470 897 686 50 32 1
0 558 471 897 686 50 32 1
0 558 472 897 688 50 30 1
0 558 473 897 688 50 30 1
0 558 474 897 688 50 30 1
0 558 475 897 688 50 30 1
0 558 476 897 688 50 30 1
0 558 477 897 688 50 30 1
0 558 478 897 688 50 30 1
0 558 479 897 688 50 30 1
0 558 480 897 688 50 30 1
0 558 481 897 688 50 30 1
0 558 482 897 688 50 30 1
0 558 483 897 688 50 30 1
0 558 484 897 688 50 30 1
0 558 485 897 688 50 30 1
0 558 486 897 688 50 30 1
0 558 487 897 688 50 30 1
0 558 488 897 688 50 30 1
0 558 489 897 688 50 30 1
0 558 490 897 688 50 30 1
0 558 491 897 688 50 30 1
0 558 492 897 688 50 30 1
0 558 493 897 688 52 30 1
0 558 494 897 688 52 30 1
0 558 495 897 688 52 30 1
0 558 496 897 688 52 30 1
0 558 497 897 688 52 30 1
0 558 498 897 688 52 30 1
0 558 499 897 688 52 30 1
0 558 500 897 688 52 30 1
0 558 501 897 688 52 30 1
0 558 502 897 688 52 30 1
0 558 503 897 688 52 30 1
0 558 504 897 688 52 30 1
0 558 505 897 688 52 30 1
0 558 506 896 688 53 30 1
0 558 507 896 688 53 30 1
0 558 508 896 688 53 30 1
0 558 509 896 688 53 30 1
0 558 510 896 688 53 30 1
0 558 511 896 688 53 30 1
0 558 512 896 688 53 30 1
0 558 513 896 688 53 30 1
0 558 514 896 688 53 30 1
0 558 515 896 688 53 30 1
0 558 516 896 688 53 30 1
0 558 517 896 688 53 30 1
0 558 518 896 688 53 30 1
0 558 519 896 688 53 30 1
0 558 520 896 688 53 30 1
0 558 521 896 688 53 30 1
0 558 522 896 688 53 30 1
0 558 523 896 688 53 30 1
0 558 524 896 688 53 30 1
0 558 525 896 688 55 30 1
0 558 526 896 688 55 30 1
0 558 527 896 688 55 30 1
0 558 528 896 688 55 30 1
0 558 529 896 688 55 30 1
0 558 530 896 688 55 30 1
0 558 531 896 688 55 30 1
0 558 532 896 688 55 30 1
0 558 533 896 688 55 30 1
0 558 534 896 688 55 30 1
0 558 535 896 688 55 30 1
0 558 536 896 688 55 30 1
0 558 537 896 688 55 30 1
0 558 538 896 688 55 30 1
0 558 539 896 688 55 30 1
0 558 540 896 688 55 30 1
0 558 541 896 688 55 30 1
0 558 542 896 688 55 30 1
0 558 543 896 688 55 30 1
0 558 544 896 688 55 30 1
0 558 545 896 688 55 30 1
0 558 546 896 688 55 30 1
0 558 547 896 688 55 30 1
0 558 548 896 688 55 30 1
0 558 549 896 688 55 30 1
0 558 550 896 688 55 30 1
0 558 551 896 688 55 30 1
0 558 552 896 688 55 30 1
0 558 553 896 688 55 30 1
0 558 554 896 688 55 30 1
0 558 555 896 688 55 30 1
0 558 556 896 688 55 30 1
0 558 557 896 689 56 29 1
1 484 0 464 224 24 37 1
1 484 1 462 224 25 37 1
1 484 2 460 224 25 37 1
1 484 3 460 224 25 37 1
1 484 4 458 224 25 37 1
1 484 5 458 224 25 37 1
1 484 6 456 224 25 37 1
1 484 7 456 224 24 37 1
1 484 8 455 224 25 37 1
1 484 9 453 224 25 37 1
1 484 10 453 224 25 37 1
1 484 11 451 224 25 37 1
1 484 12 451 224 23 37 1
1 484 13 449 224 25 37 1
1 484 14 449 224 23 37 1
1 484 15 448 224 24 37 1
1 484 16 446 224 25 37 1
1 484 17 446 224 25 37 1
1 484 18 444 224 25 37 1
1 484 19 444 224 23 37 1
1 484 20 442 224 25 37 1
1 484 21 442 224 23 37 1
1 484 22 440 224 25 37 1
1 484 23 439 224 25 37 1
1 484 24 439 224 23 37 1
1 484 25 437 224 25 37 1
1 484 26 437 224 23 37 1
1 484 27 435 224 25 37 1
1 484 28 435 224 23 37 1
1 484 29 433 225 25 38 1
1 484 30 432 225 24 38 1
1 484 31 432 225 23 38 1
1 484 32 430 225 25 38 1
1 484 33 430 225 23 38 1
1 484 34 428 225 25 38 1
1 484 35 428 225 23 38 1
1 484 36 426 225 23 38 1
1 484 37 424 225 25 38 1
1 484 38 424 225 24 38 1
1 484 39 423 225 25 38 1
1 484 40 423 225 23 38 1
1 484 41 421 225 23 38 1
1 484 42 421 225 23 38 1
1 484 43 419 225 23 38 1
1 484 44 417 225 25 38 1
1 484 45 417 225 23 38 1
1 484 46 416 225 24 38 1
1 484 47 416 225 23 38 1
1 484 48 414 225 23 38 1
1 484 49 414 225 23 38 1
1 484 50 412 225 23 38 1
1 484 51 410 225 25 38 1
1 484 52 410 225 23 38 1
1 484 53 408 225 24 38 1
1 484 54 408 225 24 38 1
1 484 55 407 225 23 38 1
1 484 56 407 225 23 38 1
1 484 57 405 225 23 38 1
1 484 58 405 227 23 37 1
1 484 59 403 227 23 37 1
1 484 60 401 227 23 39 1
1 484 61 400 227 23 39 1
1 484 62 398 227 23 41 1
1 484 63 396 227 23 41 1
1 484 64 394 227 23 43 1
1 484 65 394 227 23 43 1
1 484 66 392 227 24 45 1
1 484 67 391 227 23 45 1
1 484 68 389 227 23 46 1
1 484 69 387 229 23 44 1
1 484 70 385 229 23 46 1
1 484 71 384 229 23 46 1
1 484 72 384 229 23 48 1
1 484 73 382 229 23 48 1
1 484 74 380 229 23 50 1
1 484 75 378 229 23 50 1
1 484 76 376 229 24 51 1
1 484 77 375 229 23 51 1
1 484 78 373 229 23 53 1
1 484 79 373 231 23 53 1
1 484 80 371 231 23 53 1
1 484 81 369 231 23 53 1
1 484 82 369 231 23 53 1
1 484 83 368 231 23 53 1
1 484 84 368 231 23 53 1
1 484 85 366 231 23 53 1
1 484 86 366 231 23 53 1
1 484 87 364 231 23 53 1
1 484 88 364 231 23 53 1
1 484 89 362 231 23 53 1
1 484 90 362 231 23 53 1
1 484 91 360 231 24 53 1
1 484 92 360 231 24 53 1
1 484 93 359 231 23 53 1
1 484 94 359 231 23 53 1
1 484 95 357 231 23 53 1
1 484 96 357 231 23 53 1
1 484 97 355 231 23 53 1
1 484 98 355 231 23 53 1
1 484 99 353 231 23 53 1
1 484 100 353 231 23 53 1
1 484 101 353 232 23 38 1
1 484 102 352 232 23 52 1
1 484 103 350 232 23 52 1
1 484 104 350 232 23 52 1
1 484 105 348 232 23 52 1
1 484 106 348 232 23 54 1
1 484 107 348 232 23 54 1
1 484 108 346 232 23 54 1
1 484 109 346 234 23 54 1
1 484 110 346 234 23 54 1
1 484 111 344 234 24 54 1
1 484 112 344 234 24 54 1
1 484 113 344 234 24 55 1
1 484 114 343 234 23 55 1
1 484 115 343 236 23 53 1
1 484 116 343 236 23 55 1
1 484 117 341 236 23 55 1
1 484 118 341 236 23 55 1
1 484 119 339 236 23 55 1
1 484 120 339 236 23 57 1
1 484 121 339 238 23 55 1
1 484 122 337 238 23 55 1
1 484 123 337 238 23 57 1
1 484 124 337 238 23 57 1
1 484 125 336 238 23 57 1
1 484 126 336 238 23 57 1
1 484 127 336 240 23 56 1
1 484 128 334 240 23 56 1
1 484 129 334 240 23 56 1
1 484 130 334 240 23 58 1
1 484 131 332 240 23 58 1
1 484 132 332 240 23 58 1
1 484 133 332 241 23 59 1
1 484 134 330 241 23 57 1
1 484 135 330 241 23 55 1
1 484 136 330 241 23 54 1
1 484 137 328 243 24 50 1
1 484 138 328 243 24 48 1
1 484 139 328 243 24 48 1
1 484 140 328 243 24 46 1
1 484 141 327 245 23 43 1
1 484 142 327 245 23 41 1
1 484 143 327 245 23 39 1
1 484 144 327 247 23 37 1
1 484 145 325 247 23 58 1
1 484 146 323 247 23 58 1
1 484 147 321 247 23 58 1
1 484 148 321 247 23 60 1
1 484 149 320 247 23 60 1
1 484 150 320 247 23 60 1
1 484 151 318 247 23 62 1
1 484 152 318 247 23 62 1
1 484 153 316 247 23 62 1
1 484 154 316 248 23 63 1
1 484 155 314 248 23 63 1
1 484 156 312 248 24 63 1
1 484 157 312 248 24 63 1
1 484 158 311 248 23 63 1
1 484 159 311 248 23 63 1
1 484 160 309 248 23 63 1
1 484 161 307 248 23 63 1
1 484 162 307 248 23 63 1
1 484 163 305 250 23 61 1
1 484 164 305 250 23 61 1
1 484 165 304 250 23 61 1
1 484 166 304 250 23 61 1
1 484 167 302 250 23 61 1
1 484 168 300 250 23 61 1
1 484 169 300 250 23 62 1
1 484 170 298 250 23 62 1
1 484 171 298 250 23 62 1
1 484 172 296 252 24 60 1
1 484 173 295 252 23 60 1
1 484 174 295 252 23 60 1
1 484 175 293 252 23 60 1
1 484 176 293 252 23 60 1
1 484 177 291 252 23 60 1
1 484 178 291 252 23 60 1
1 484 179 289 252 23 60 1
1 484 180 288 254 23 58 1
1 484 181 288 254 23 58 1
1 484 182 286 254 23 58 1
1 484 183 286 254 23 58 1
1 484 184 284 254 23 60 1
1 484 185 282 254 23 60 1
1 484 186 282 254 23 60 1
1 484 187 280 254 24 60 1
1 484 188 280 254 24 60 1
1 484 189 279 256 23 58 1
1 484 190 279 256 23 58 1
1 484 191 277 256 23 58 1
1 484 192 275 256 23 58 1
1 484 193 275 256 23 58 1
1 484 194 273 256 23 58 1
1 484 195 273 256 23 58 1
1 484 196 272 256 23 58 1
1 484 197 270 257 23 57 1
1 484 198 270 257 23 57 1
1 484 199 268 257 23 59 1
1 484 200 268 257 23 59 1
1 484 201 266 257 23 59 1
1 484 202 266 257 23 59 1
1 484 203 264 257 24 59 1
1 484 204 263 257 23 59 1
1 484 205 263 257 23 59 1
1 484 206 261 259 23 57 1
1 484 207 261 259 23 57 1
1 484 208 259 259 23 57 1
1 484 209 257 259 23 57 1
1 484 210 257 259 23 57 1
1 484 211 256 259 23 57 1
1 484 212 256 259 23 57 1
1 484 213 254 259 23 57 1
1 484 214 254 261 23 57 1
1 484 215 252 261 23 57 1
1 484 216 252 261 23 57 1
1 484 217 250 261 23 57 1
1 484 218 250 261 23 57 1
1 484 219 248 263 24 57 1
1 484 220 248 263 24 57 1
1 484 221 247 263 23 57 1
1 484 222 247 263 23 57 1
1 484 223 245 263 23 57 1
1 484 224 245 264 23 57 1
1 484 225 243 264 23 57 1
1 484 226 243 264 23 57 1
1 484 227 241 264 23 57 1
1 484 228 241 266 23 57 1
1 484 229 240 266 23 57 1
1 484 230 240 266 23 57 1
1 484 231 238 266 23 57 1
1 484 232 238 266 23 57 1
1 484 233 236 268 23 57 1
1 484 234 236 268 23 57 1
1 484 235 234 268 23 57 1
1 484 236 234 268 23 57 1
1 484 237 232 270 24 57 1
1 484 238 232 270 24 57 1
1 484 239 231 270 23 57 1
1 484 240 231 270 23 57 1
1 484 241 229 270 23 57 1
1 484 242 229 272 23 56 1
1 484 243 227 272 23 56 1
1 484 244 227 272 23 56 1
1 484 245 225 272 23 56 1
1 484 246 225 273 23 57 1
1 484 247 224 273 23 57 1
1 484 248 224 273 23 57 1
1 484 249 222 273 23 57 1
1 484 250 222 273 23 57 1
1 484 251 220 275 23 57 1
1 484 252 220 275 23 57 1
1 484 253 218 275 23 57 1
1 484 254 218 275 23 57 1
1 484 255 216 277 24 57 1
1 484 256 216 277 24 57 1
1 484 257 215 277 23 57 1
1 484 258 215 277 23 57 1
1 484 259 213 277 23 57 1
1 484 260 213 279 23 57 1
1 484 261 211 279 23 57 1
1 484 262 211 279 23 57 1
1 484 263 209 279 23 57 1
1 484 264 209 280 23 57 1
1 484 265 208 280 23 57 1
1 484 266 208 280 23 57 1
1 484 267 206 280 23 57 1
1 484 268 206 280 23 57 1
1 484 269 204 282 23 57 1
1 484 270 204 282 23 57 1
1 484 271 202 282 23 57 1
1 484 272 202 282 23 57 1
1 484 273 200 284 24 57 1
1 484 274 200 284 24 57 1
1 484 275 199 284 23 57 1
1 484 276 199 284 23 57 1
1 484 277 197 284 23 57 1
1 484 278 197 286 23 57 1
1 484 279 195 286 23 57 1
1 484 280 195 286 23 57 1
1 484 281 193 286 23 57 1
1 484 282 193 288 23 56 1
1 484 283 192 288 23 56 1
1 484 284 192 288 23 56 1
1 484 285 190 288 23 56 1
1 484 286 190 288 23 56 1
1 484 287 188 289 23 57 1
1 484 288 188 289 23 57 1
1 484 289 186 289 23 57 1
1 484 290 186 289 23 57 1
1 484 291 184 291 24 57 1
1 484 292 184 291 24 57 1
1 484 293 183 291 23 57 1
1 484 294 183 291 23 57 1
1 484 295 181 291 23 57 1
1 484 296 181 293 23 57 1
1 484 297 179 293 23 57 1
1 484 298 179 293 23 57 1
1 484 299 177 293 23 57 1
1 484 300 177 295 23 57 1
1 484 301 176 295 23 57 1
1 484 302 176 295 23 57 1
1 484 303 174 295 23 57 1
1 484 304 174 295 23 58 1
1 484 305 172 296 23 57 1
1 484 306 172 296 23 57 1
1 484 307 170 296 23 57 1
1 484 308 170 296 23 59 1
1 484 309 168 298 24 57 1
1 484 310 168 298 24 57 1
1 484 311 167 298 25 57 1
1 484 312 167 298 23 59 1
1 484 313 165 298 25 59 1
1 484 314 165 300 23 57 1
1 484 315 163 300 25 57 1
1 484 316 163 300 23 59 1
1 484 317 161 300 25 59 1
1 484 318 161 302 23 57 1
1 484 319 160 302 24 57 1
1 484 320 160 302 24 58 1
1 484 321 158 302 25 58 1
1 484 322 158 302 25 58 1
1 484 323 156 304 25 56 1
1 484 324 156 304 25 58 1
1 484 325 154 304 25 58 1
1 484 326 154 304 25 58 1
1 484 327 152 305 25 57 1
1 484 328 152 305 25 59 1
1 484 329 151 305 25 59 1
1 484 330 151 305 25 59 1
1 484 331 149 305 27 59 1
1 484 332 149 307 25 59 1
1 484 333 147 307 27 59 1
1 484 334 147 307 25 59 1
1 484 335 145 307 27 59 1
1 484 336 145 309 25 59 1
1 484 337 144 309 26 59 1
1 484 338 144 309 24 59 1
1 484 339 142 309 26 59 1
1 484 340 142 311 26 58 1
1 484 341 140 311 27 58 1
1 484 342 138 311 27 58 1
1 484 343 138 312 27 59 1
1 484 344 136 312 27 59 1
1 484 345 136 312 27 59 1
1 484 346 135 314 26 59 1
1 484 347 135 314 26 59 1
1 484 348 133 316 27 59 1
1 484 349 133 316 27 59 1
1 484 350 131 316 27 59 1
1 484 351 129 318 27 58 1
1 484 352 129 318 27 58 1
1 484 353 128 320 26 58 1
1 484 354 128 320 26 58 1
1 484 355 126 320 26 58 1
1 484 356 126 321 26 59 1
1 484 357 124 321 27 59 1
1 484 358 124 323 27 59 1
1 484 359 122 323 27 59 1
1 484 360 120 323 27 59 1
1 484 361 120 325 27 59 1
1 484 362 119 325 26 59 1
1 484 363 119 325 26 59 1
1 484 364 117 327 27 58 1
1 484 365 117 327 27 58 1
1 484 366 115 328 27 59 1
1 484 367 115 328 27 59 1
1 484 368 113 328 27 59 1
1 484 369 112 330 26 59 1
1 484 370 112 330 26 59 1
1 484 371 110 332 26 59 1
1 484 372 110 332 26 59 1
1 484 373 108 332 27 59 1
1 484 374 108 334 27 58 1
1 484 375 106 334 27 58 1
1 484 376 106 336 27 58 1
1 484 377 104 336 27 58 1
1 484 378 103 336 26 58 1
1 484 379 101 336 27 58 1
1 484 380 101 336 27 58 1
1 484 381 99 337 27 59 1
1 484 382 97 337 27 59 1
1 484 383 96 337 26 59 1
1 484 384 96 337 26 59 1
1 484 385 94 339 26 59 1
1 484 386 92 339 27 59 1
1 484 387 92 339 27 59 1
1 484 388 90 339 27 59 1
1 484 389 88 339 27 59 1
1 484 390 87 341 26 59 1
1 484 391 87 341 26 59 1
1 484 392 85 341 27 59 1
1 484 393 83 341 27 59 1
1 484 394 81 343 27 58 1
1 484 395 81 343 27 58 1
1 484 396 80 343 26 58 1
1 484 397 78 343 26 58 1
1 484 398 78 343 26 58 1
1 484 399 76 344 27 59 1
1 484 400 74 344 27 59 1
1 484 401 72 344 27 59 1
1 484 402 72 344 27 59 1
1 484 403 71 346 26 59 1
1 484 404 69 346 27 59 1
1 484 405 67 346 27 59 1
1 484 406 67 346 27 59 1
1 484 407 65 346 27 59 1
1 484 408 64 348 26 59 1
1 484 409 64 348 26 59 1
1 484 410 62 348 26 59 1
1 484 411 60 348 27 59 1
1 484 412 58 350 27 58 1
1 484 413 58 350 27 58 1
1 484 414 56 350 27 58 1
1 484 415 55 350 26 58 1
1 484 416 55 352 26 58 1
1 484 417 53 352 27 58 1
1 484 418 51 352 27 60 1
1 484 419 51 353 27 59 1
1 484 420 49 353 27 61 1
1 484 421 49 353 27 61 1
1 484 422 48 355 26 61 1
1 484 423 48 355 26 61 1
1 484 424 46 355 26 62 1
1 484 425 44 357 27 60 1
1 484 426 44 357 27 62 1
1 484 427 42 357 27 62 1
1 484 428 42 359 27 62 1
1 484 429 40 359 27 62 1
1 484 430 40 359 27 64 1
1 484 431 39 360 26 63 1
1 484 432 39 360 26 64 1
1 484 433 37 362 27 62 1
1 484 434 35 362 27 64 1
1 484 435 35 362 27 64 1
1 484 436 33 364 27 64 1
1 484 437 33 364 27 64 1
1 484 438 32 364 26 66 1
1 484 439 32 366 26 64 1
1 484 440 30 366 26 66 1
1 484 441 30 366 26 66 1
1 484 442 28 368 27 65 1
1 484 443 26 368 27 65 1
1 484 444 26 368 27 67 1
1 484 445 24 369 27 66 1
1 484 446 24 369 27 68 1
1 484 447 23 369 26 68 1
1 484 448 23 371 26 68 1
1 484 449 21 371 27 68 1
1 484 450 21 373 27 67 1
1 484 451 19 373 27 67 1
1 484 452 17 373 27 67 1
1 484 453 17 375 27 67 1
1 484 454 16 375 26 67 1
1 484 455 16 375 24 67 1
1 484 456 14 376 26 68 1
1 484 457 14 376 25 68 1
1 484 458 12 378 25 68 1
1 484 459 10 378 27 68 1
1 484 460 10 378 25 68 1
1 484 461 8 380 25 68 1
1 484 462 8 380 25 68 1
1 484 463 7 380 25 68 1
1 484 464 7 382 23 67 1
1 484 465 5 382 25 67 1
1 484 466 3 384 25 67 1
1 484 467 3 384 23 67 1
1 484 468 1 384 25 67 1
1 484 469 1 385 23 68 1
1 484 470 0 385 23 68 1
1 484 471 0 387 23 68 1
1 484 472 0 387 21 68 1
1 484 473 0 387 19 68 1
1 484 474 0 387 17 68 1
1 484 475 0 387 16 68 1
1 484 476 0 389 16 67 1
1 484 477 0 389 14 67 1
1 484 478 0 389 12 67 1
1 484 479 0 389 10 67 1
1 484 480 0 391 10 67 1
1 484 481 0 391 10 67 1
1 484 482 0 391 10 67 1
1 484 483 0 391 10 67 1
2 558 0 604 213 27 53 1
2 558 1 602 213 27 53 1
2 558 2 602 213 27 53 1
2 558 3 600 213 27 53 1
2 558 4 600 213 27 53 1
2 558 5 600 213 27 53 1
2 558 6 599 213 26 53 1
2 558 7 599 213 26 53 1
2 558 8 597 213 27 53 1
2 558 9 597 213 27 53 1
2 558 10 597 213 27 53 1
2 558 11 595 213 27 53 1
2 558 12 595 213 27 53 1
2 558 13 595 213 25 53 1
2 558 14 593 213 27 53 1
2 558 15 593 213 27 53 1
2 558 16 592 213 26 53 1
2 558 17 592 213 26 53 1
2 558 18 592 213 24 53 1
2 558 19 590 213 26 53 1
2 558 20 590 213 26 53 1
2 558 21 590 213 25 53 1
2 558 22 588 213 27 53 1
2 558 23 588 213 25 53 1
2 558 24 586 213 27 53 1
2 558 25 586 213 27 53 1
2 558 26 586 213 25 53 1
2 558 27 584 213 27 53 1
2 558 28 584 213 25 53 1
2 558 29 584 213 25 53 1
2 558 30 583 213 26 53 1
2 558 31 583 213 25 53 1
2 558 32 581 213 27 53 1
2 558 33 581 213 25 53 1
2 558 34 581 213 25 53 1
2 558 35 579 213 27 53 1
2 558 36 579 213 25 53 1
2 558 37 577 213 27 53 1
2 558 38 577 213 25 53 1
2 558 39 577 213 25 53 1
2 558 40 576 213 26 53 1
2 558 41 576 213 24 53 1
2 558 42 576 213 24 53 1
2 558 43 574 213 25 53 1
2 558 44 574 213 25 53 1
2 558 45 572 213 27 53 1
2 558 46 572 213 25 53 1
2 558 47 572 213 25 53 1
2 558 48 570 213 25 53 1
2 558 49 570 213 25 53 1
2 558 50 570 213 25 53 1
2 558 51 568 213 25 53 1
2 558 52 568 213 25 53 1
2 558 53 567 213 25 53 1
2 558 54 567 213 25 53 1
2 558 55 567 213 25 53 1
2 558 56 565 213 25 53 1
2 558 57 565 213 25 53 1
2 558 58 565 215 25 53 1
2 558 59 563 215 25 53 1
2 558 60 563 215 25 53 1
2 558 61 561 215 25 53 1
2 558 62 561 215 25 53 1
2 558 63 560 215 24 53 1
2 558 64 560 215 24 53 1
2 558 65 558 215 25 53 1
2 558 66 558 215 25 53 1
2 558 67 556 215 25 53 1
2 558 68 556 215 25 53 1
2 558 69 554 215 25 53 1
2 558 70 554 215 25 53 1
2 558 71 552 215 25 53 1
2 558 72 552 215 25 53 1
2 558 73 551 215 25 53 1
2 558 74 551 215 25 53 1
2 558 75 549 215 25 53 1
2 558 76 549 215 25 53 1
2 558 77 547 215 25 53 1
2 558 78 547 215 25 53 1
2 558 79 545 215 25 53 1
2 558 80 545 215 25 53 1
2 558 81 544 215 24 53 1
2 558 82 544 215 24 53 1
2 558 83 542 215 25 53 1
2 558 84 542 215 25 53 1
2 558 85 540 215 25 53 1
2 558 86 540 215 25 53 1
2 558 87 538 215 25 53 1
2 558 88 538 215 25 53 1
2 558 89 536 215 25 53 1
2 558 90 536 215 25 53 1
2 558 91 535 215 25 53 1
2 558 92 535 215 25 53 1
2 558 93 533 215 25 53 1
2 558 94 533 215 25 53 1
2 558 95 531 215 25 53 1
2 558 96 531 215 25 53 1
2 558 97 529 215 25 53 1
2 558 98 529 215 25 53 1
2 558 99 528 215 24 53 1
2 558 100 528 215 24 53 1
2 558 101 528 215 24 53 1
2 558 102 526 215 25 53 1
2 558 103 526 215 25 53 1
2 558 104 524 215 25 53 1
2 558 105 524 215 25 53 1
2 558 106 522 215 25 53 1
2 558 107 522 215 25 53 1
2 558 108 520 215 25 53 1
2 558 109 520 215 25 53 1
2 558 110 519 215 25 53 1
2 558 111 519 215 25 53 1
2 558 112 517 215 25 53 1
2 558 113 517 215 25 53 1
2 558 114 515 215 25 53 1
2 558 115 515 215 25 53 1
2 558 116 513 215 25 53 1
2 558 117 513 215 25 53 1
2 558 118 512 215 24 53 1
2 558 119 512 215 24 53 1
2 558 120 510 215 25 53 1
2 558 121 510 215 25 53 1
2 558 122 508 215 25 53 1
2 558 123 508 216 25 54 1
2 558 124 506 216 25 54 1
2 558 125 506 216 25 54 1
2 558 126 504 216 25 54 1
2 558 127 504 216 25 54 1
2 558 128 503 216 25 54 1
2 558 129 503 216 25 54 1
2 558 130 501 216 25 54 1
2 558 131 501 216 25 54 1
2 558 132 499 216 25 54 1
2 558 133 499 216 25 54 1
2 558 134 497 216 25 54 1
2 558 135 497 216 25 54 1
2 558 136 496 216 24 54 1
2 558 137 496 216 24 54 1
2 558 138 494 216 25 54 1
2 558 139 494 216 25 54 1
2 558 140 492 216 25 54 1
2 558 141 492 216 25 54 1
2 558 142 490 216 25 54 1
2 558 143 490 216 25 54 1
2 558 144 490 218 25 54 1
2 558 145 488 218 25 54 1
2 558 146 487 218 25 54 1
2 558 147 487 218 25 54 1
2 558 148 485 218 25 54 1
2 558 149 483 218 25 54 1
2 558 150 483 218 25 54 1
2 558 151 481 218 25 54 1
2 558 152 481 218 25 54 1
2 558 153 480 218 24 54 1
2 558 154 478 218 25 54 1
2 558 155 478 218 25 54 1
2 558 156 476 218 25 54 1
2 558 157 474 218 25 54 1
2 558 158 474 218 25 54 1
2 558 159 472 218 25 54 1
2 558 160 472 218 25 54 1
2 558 161 471 218 25 54 1
2 558 162 469 218 25 54 1
2 558 163 469 218 25 54 1
2 558 164 467 218 25 54 1
2 558 165 467 218 25 54 1
2 558 166 465 218 25 55 1
2 558 167 464 218 24 55 1
2 558 168 464 218 24 55 1
2 558 169 462 218 25 55 1
2 558 170 460 218 25 55 1
2 558 171 460 218 25 55 1
2 558 172 458 218 25 55 1
2 558 173 458 218 25 55 1
2 558 174 456 218 25 55 1
2 558 175 455 220 25 53 1
2 558 176 455 220 25 53 1
2 558 177 453 220 25 53 1
2 558 178 453 220 25 53 1
2 558 179 451 220 25 53 1
2 558 180 449 220 25 53 1
2 558 181 449 220 25 53 1
2 558 182 448 220 24 53 1
2 558 183 446 220 25 53 1
2 558 184 446 220 25 53 1
2 558 185 444 220 25 53 1
2 558 186 444 220 25 53 1
2 558 187 442 220 25 53 1
2 558 188 440 220 25 55 1
2 558 189 440 220 25 55 1
2 558 190 439 220 25 55 1
2 558 191 439 220 25 55 1
2 558 192 437 220 25 55 1
2 558 193 435 220 25 55 1
2 558 194 435 220 25 55 1
2 558 195 433 220 25 55 1
2 558 196 432 220 24 55 1
2 558 197 432 220 24 55 1
2 558 198 430 220 25 55 1
2 558 199 430 220 25 55 1
2 558 200 428 220 25 55 1
2 558 201 426 220 25 55 1
2 558 202 426 220 25 55 1
2 558 203 424 220 25 55 1
2 558 204 424 220 25 55 1
2 558 205 423 222 25 53 1
2 558 206 421 222 25 53 1
2 558 207 421 222 25 53 1
2 558 208 419 222 25 53 1
2 558 209 417 222 25 55 1
2 558 210 417 222 25 55 1
2 558 211 416 222 24 55 1
2 558 212 416 222 24 55 1
2 558 213 414 222 25 55 1
2 558 214 412 222 25 55 1
2 558 215 412 222 25 55 1
2 558 216 410 222 25 55 1
2 558 217 410 222 25 55 1
2 558 218 408 222 25 55 1
2 558 219 407 222 25 55 1
2 558 220 407 222 25 55 1
2 558 221 405 222 25 55 1
2 558 222 403 222 25 55 1
2 558 223 403 222 25 55 1
2 558 224 401 222 25 55 1
2 558 225 401 222 25 55 1
2 558 226 400 222 24 55 1
2 558 227 398 222 25 55 1
2 558 228 398 222 25 55 1
2 558 229 396 222 25 55 1
2 558 230 396 222 25 55 1
2 558 231 394 222 25 57 1
2 558 232 392 222 25 57 1
2 558 233 392 222 25 57 1
2 558 234 391 222 25 57 1
2 558 235 389 224 25 55 1
2 558 236 389 224 25 55 1
2 558 237 387 224 25 55 1
2 558 238 387 224 25 55 1
2 558 239 385 224 25 55 1
2 558 240 384 224 24 55 1
2 558 241 384 224 24 55 1
2 558 242 382 224 25 55 1
2 558 243 382 224 25 55 1
2 558 244 380 224 25 55 1
2 558 245 378 224 25 55 1
2 558 246 378 224 25 55 1
2 558 247 376 224 25 55 1
2 558 248 375 224 25 55 1
2 558 249 375 224 25 55 1
2 558 250 373 224 25 55 1
2 558 251 373 224 25 55 1
2 558 252 371 224 25 56 1
2 558 253 369 224 25 56 1
2 558 254 369 224 25 56 1
2 558 255 368 224 24 56 1
2 558 256 368 224 24 56 1
2 558 257 366 224 25 56 1
2 558 258 364 224 25 56 1
2 558 259 364 224 25 56 1
2 558 260 362 224 25 56 1
2 558 261 360 224 25 56 1
2 558 262 360 224 25 56 1
2 558 263 359 224 25 56 1
2 558 264 359 224 25 56 1
2 558 265 357 225 25 55 1
2 558 266 355 225 25 55 1
2 558 267 355 225 25 55 1
2 558 268 353 225 25 55 1
2 558 269 353 225 25 55 1
2 558 270 352 225 24 55 1
2 558 271 350 225 25 55 1
2 558 272 350 225 25 55 1
2 558 273 348 225 25 55 1
2 558 274 346 225 25 57 1
2 558 275 346 225 25 57 1
2 558 276 344 225 25 57 1
2 558 277 344 225 25 57 1
2 558 278 343 225 25 57 1
2 558 279 341 225 25 57 1
2 558 280 341 225 25 57 1
2 558 281 339 225 25 57 1
2 558 282 339 225 25 57 1
2 558 283 337 225 25 57 1
2 558 284 336 225 24 57 1
2 558 285 336 225 24 57 1
2 558 286 334 225 25 57 1
2 558 287 332 225 25 57 1
2 558 288 332 225 25 57 1
2 558 289 330 225 25 57 1
2 558 290 330 225 25 57 1
2 558 291 328 225 25 57 1
2 558 292 327 225 25 57 1
2 558 293 327 225 25 57 1
2 558 294 325 225 25 57 1
2 558 295 325 227 25 57 1
2 558 296 323 227 25 57 1
2 558 297 321 227 25 57 1
2 558 298 321 227 25 57 1
2 558 299 320 227 24 57 1
2 558 300 320 229 24 57 1
2 558 301 318 229 25 57 1
2 558 302 318 229 25 57 1
2 558 303 318 229 23 59 1
2 558 304 316 231 25 57 1
2 558 305 316 231 25 57 1
2 558 306 316 231 23 58 1
2 558 307 314 231 25 58 1
2 558 308 314 232 23 57 1
2 558 309 314 232 23 59 1
2 558 310 312 232 25 59 1
2 558 311 312 232 24 59 1
2 558 312 312 234 24 59 1
2 558 313 311 234 25 59 1
2 558 314 311 234 23 61 1
2 558 315 311 234 23 61 1
2 558 316 309 236 23 59 1
2 558 317 309 236 23 60 1
2 558 318 309 236 23 60 1
2 558 319 307 236 23 60 1
2 558 320 307 238 23 60 1
2 558 321 307 238 21 60 1
2 558 322 305 238 23 60 1
2 558 323 305 238 23 62 1
2 558 324 305 240 22 60 1
2 558 325 304 240 23 60 1
2 558 326 304 240 23 62 1
2 558 327 304 240 21 62 1
2 558 328 302 241 23 63 1
2 558 329 302 241 21 63 1
2 558 330 302 241 21 63 1
2 558 331 300 241 23 64 1
2 558 332 300 243 21 62 1
2 558 333 300 243 21 62 1
2 558 334 298 243 22 64 1
2 558 335 298 243 22 64 1
2 558 336 298 245 22 62 1
2 558 337 296 245 22 64 1
2 558 338 296 245 22 64 1
2 558 339 296 247 22 64 1
2 558 340 295 247 21 64 1
2 558 341 293 247 21 64 1
2 558 342 293 247 21 64 1
2 558 343 291 247 21 64 1
2 558 344 289 247 23 64 1
2 558 345 289 247 22 64 1
2 558 346 288 247 21 64 1
2 558 347 286 247 23 64 1
2 558 348 286 248 21 64 1
2 558 349 284 248 23 64 1
2 558 350 284 248 21 64 1
2 558 351 282 248 22 64 1
2 558 352 280 248 24 64 1
2 558 353 280 248 22 64 1
2 558 354 279 248 23 64 1
2 558 355 277 248 23 64 1
2 558 356 277 248 21 64 1
2 558 357 275 250 23 64 1
2 558 358 273 250 23 64 1
2 558 359 273 250 23 64 1
2 558 360 272 250 23 64 1
2 558 361 272 250 21 64 1
2 558 362 270 250 23 64 1
2 558 363 268 250 23 64 1
2 558 364 268 250 23 64 1
2 558 365 266 252 23 64 1
2 558 366 264 252 24 64 1
2 558 367 264 252 24 64 1
2 558 368 263 252 23 64 1
2 558 369 261 252 25 64 1
2 558 370 261 252 23 64 1
2 558 371 259 252 23 64 1
2 558 372 259 252 23 64 1
2 558 373 257 252 23 64 1
2 558 374 256 254 24 64 1
2 558 375 256 254 23 64 1
2 558 376 254 254 23 64 1
2 558 377 252 254 25 64 1
2 558 378 252 254 23 64 1
2 558 379 250 254 25 64 1
2 558 380 248 254 25 64 1
2 558 381 248 254 24 64 1
2 558 382 247 254 25 64 1
2 558 383 247 256 23 64 1
2 558 384 245 256 25 64 1
2 558 385 243 256 25 64 1
2 558 386 243 256 23 64 1
2 558 387 241 256 25 64 1
2 558 388 240 256 24 64 1
2 558 389 240 256 24 64 1
2 558 390 238 256 25 64 1
2 558 391 238 257 25 64 1
2 558 392 236 257 25 64 1
2 558 393 236 257 25 64 1
2 558 394 234 259 25 64 1
2 558 395 234 259 25 64 1
2 558 396 232 261 25 64 1
2 558 397 232 261 25 64 1
2 558 398 231 261 25 64 1
2 558 399 231 263 25 64 1
2 558 400 229 263 25 64 1
2 558 401 229 264 25 64 1
2 558 402 227 264 25 64 1
2 558 403 227 264 25 64 1
2 558 404 225 266 25 64 1
2 558 405 225 266 25 64 1
2 558 406 224 268 24 64 1
2 558 407 224 268 24 64 1
2 558 408 222 268 25 64 1
2 558 409 222 270 25 64 1
2 558 410 220 270 25 64 1
2 558 411 220 272 25 64 1
2 558 412 218 272 25 64 1
2 558 413 218 272 25 64 1
2 558 414 216 273 25 64 1
2 558 415 216 273 25 64 1
2 558 416 215 275 25 64 1
2 558 417 215 275 25 64 1
2 558 418 213 275 25 64 1
2 558 419 213 277 25 64 1
2 558 420 211 277 25 64 1
2 558 421 211 279 25 64 1
2 558 422 209 279 25 64 1
2 558 423 208 279 24 64 1
2 558 424 206 279 25 64 1
2 558 425 206 279 25 64 1
2 558 426 204 280 25 64 1
2 558 427 202 280 25 64 1
2 558 428 200 280 25 64 1
2 558 429 200 280 25 64 1
2 558 430 199 282 25 64 1
2 558 431 197 282 25 64 1
2 558 432 195 282 25 64 1
2 558 433 195 282 25 64 1
2 558 434 193 282 25 64 1
2 558 435 192 284 24 64 1
2 558 436 190 284 25 64 1
2 558 437 190 284 25 64 1
2 558 438 188 284 25 64 1
2 558 439 186 286 25 64 1
2 558 440 186 286 25 64 1
2 558 441 184 286 25 64 1
2 558 442 183 286 25 64 1
2 558 443 181 286 25 64 1
2 558 444 181 288 25 64 1
2 558 445 179 288 25 64 1
2 558 446 177 288 25 64 1
2 558 447 176 288 24 64 1
2 558 448 176 289 24 64 1
2 558 449 174 289 25 64 1
2 558 450 172 289 25 64 1
2 558 451 170 289 25 64 1
2 558 452 170 291 25 64 1
2 558 453 168 291 25 64 1
2 558 454 167 291 25 64 1
2 558 455 165 291 25 64 1
2 558 456 165 291 25 64 1
2 558 457 163 293 25 64 1
2 558 458 161 293 25 64 1
2 558 459 161 293 25 64 1
2 558 460 160 293 24 64 1
2 558 461 158 295 25 64 1
2 558 462 156 295 25 64 1
2 558 463 156 295 25 64 1
2 558 464 154 295 25 64 1
2 558 465 152 295 25 64 1
2 558 466 151 296 25 64 1
2 558 467 151 296 25 64 1
2 558 468 149 296 25 64 1
2 558 469 147 296 25 64 1
2 558 470 145 298 25 64 1
2 558 471 145 298 25 64 1
2 558 472 144 298 24 64 1
2 558 473 142 298 25 64 1
2 558 474 142 300 25 64 1
2 558 475 140 300 25 64 1
2 558 476 138 300 25 64 1
2 558 477 138 302 25 64 1
2 558 478 136 302 25 64 1
2 558 479 136 304 25 64 1
2 558 480 135 304 25 64 1
2 558 481 135 304 25 65 1
2 558 482 133 305 25 64 1
2 558 483 131 305 27 66 1
2 558 484 131 307 25 64 1
2 558 485 129 307 27 66 1
2 558 486 129 307 25 66 1
2 558 487 128 309 26 66 1
2 558 488 128 309 24 66 1
2 558 489 126 311 26 65 1
2 558 490 124 311 27 65 1
2 558 491 124 311 25 65 1
2 558 492 122 312 27 66 1
2 558 493 122 312 25 66 1
2 558 494 120 314 27 66 1
2 558 495 120 314 25 66 1
2 558 496 119 314 26 68 1
2 558 497 117 316 27 66 1
2 558 498 117 316 27 68 1
2 558 499 115 318 27 66 1
2 558 500 115 318 27 67 1
2 558 501 113 318 27 67 1
2 558 502 113 320 27 67 1
2 558 503 112 320 26 67 1
2 558 504 112 321 26 68 1
2 558 505 110 321 26 68 1
2 558 506 108 321 27 68 1
2 558 507 106 321 27 70 1
2 558 508 104 323 27 68 1
2 558 509 103 323 28 68 1
2 558 510 103 323 26 69 1
2 558 511 101 323 27 69 1
2 558 512 99 325 27 67 1
2 558 513 97 325 29 69 1
2 558 514 96 325 28 69 1
2 558 515 94 325 28 71 1
2 558 516 94 327 26 69 1
2 558 517 92 327 28 69 1
2 558 518 90 327 29 71 1
2 558 519 88 327 29 71 1
2 558 520 87 328 28 70 1
2 558 521 87 328 28 72 1
2 558 522 85 328 28 72 1
2 558 523 83 328 29 73 1
2 558 524 81 330 29 71 1
2 558 525 80 330 28 71 1
2 558 526 78 330 30 73 1
2 558 527 78 330 28 73 1
2 558 528 76 332 28 71 1
2 558 529 74 332 29 73 1
2 558 530 72 332 31 73 1
2 558 531 71 332 30 75 1
2 558 532 69 334 30 73 1
2 558 533 69 334 28 73 1
2 558 534 67 334 30 74 1
2 558 535 65 334 31 74 1
2 558 536 64 336 30 72 1
2 558 537 62 336 30 74 1
2 558 538 62 336 30 74 1
2 558 539 60 336 30 76 1
2 558 540 58 337 30 75 1
2 558 541 56 337 31 75 1
2 558 542 55 337 30 77 1
2 558 543 53 337 32 77 1
2 558 544 53 339 30 75 1
2 558 545 51 339 30 77 1
2 558 546 49 339 31 77 1
2 558 547 48 339 32 78 1
2 558 548 46 341 32 76 1
2 558 549 44 341 32 76 1
2 558 550 44 341 30 78 1
2 558 551 42 341 32 78 1
2 558 552 40 343 32 76 1
2 558 553 39 343 32 78 1
2 558 554 37 343 32 78 1
2 558 555 37 344 32 79 1
2 558 556 35 344 32 79 1
2 558 557 35 346 32 78 1
3 264 58 1251 195 23 59 1
3 264 59 1248 195 23 59 1
3 264 60 1244 195 23 59 1
3 264 61 1240 195 24 59 1
3 264 62 1237 195 23 59 1
3 264 63 1233 195 23 59 1
3 264 64 1230 195 23 59 1
3 264 65 1226 195 23 59 1
3 264 66 1223 197 23 59 1
3 264 67 1219 197 23 59 1
3 264 68 1217 197 22 59 1
3 264 69 1214 197 21 59 1
3 264 70 1210 197 22 59 1
3 264 71 1207 197 21 59 1
3 264 72 1203 197 21 59 1
3 264 73 1200 199 23 58 1
3 264 74 1196 199 23 58 1
3 264 75 1192 199 24 58 1
3 264 76 1189 199 23 58 1
3 264 77 1185 199 23 58 1
3 264 78 1184 199 21 58 1
3 264 79 1180 199 21 58 1
3 264 80 1176 199 22 58 1
3 264 81 1173 200 21 59 1
3 264 82 1169 200 22 59 1
3 264 83 1166 200 21 59 1
3 264 84 1162 200 22 59 1
3 264 85 1159 200 21 59 1
3 264 86 1155 200 21 59 1
3 264 87 1152 200 21 59 1
3 264 88 1150 202 21 59 1
3 264 89 1146 202 22 59 1
3 264 90 1143 202 21 59 1
3 264 91 1139 202 21 59 1
3 264 92 1136 202 21 59 1
3 264 93 1134 202 21 59 1
3 264 94 1130 202 22 59 1
3 264 95 1127 202 21 59 1
3 264 96 1123 204 21 59 1
3 264 97 1121 204 22 59 1
3 264 98 1118 204 21 59 1
3 264 99 1114 204 22 59 1
3 264 100 1111 204 21 59 1
3 264 101 1109 204 21 59 1
3 264 102 1105 204 22 59 1
3 264 103 1102 204 21 59 1
3 264 104 1098 206 22 58 1
3 264 105 1095 206 21 58 1
3 264 106 1093 206 21 58 1
3 264 107 1089 206 22 58 1
3 264 108 1086 206 21 58 1
3 264 109 1082 206 22 58 1
3 264 110 1080 206 22 58 1
3 264 111 1077 206 21 58 1
3 264 112 1073 208 22 58 1
3 264 113 1070 208 21 58 1
3 264 114 1068 208 21 58 1
3 264 115 1064 208 22 58 1
3 264 116 1061 208 21 58 1
3 264 117 1057 208 22 58 1
3 264 118 1054 208 21 58 1
3 264 119 1052 208 21 58 1
3 264 120 1048 209 22 59 1
3 264 121 1045 209 21 59 1
3 264 122 1041 209 22 59 1
3 264 123 1040 209 21 59 1
3 264 124 1036 209 21 59 1
3 264 125 1032 209 22 59 1
3 264 126 1029 209 21 59 1
3 264 127 1027 211 21 59 1
3 264 128 1024 209 21 59 1
3 264 129 1022 209 21 59 1
3 264 130 1020 209 21 59 1
3 264 131 1018 209 22 59 1
3 264 132 1016 209 22 59 1
3 264 133 1013 209 21 59 1
3 264 134 1011 209 21 59 1
3 264 135 1009 209 22 59 1
3 264 136 1008 209 21 59 1
3 264 137 1006 209 21 59 1
3 264 138 1002 209 22 59 1
3 264 139 1000 209 22 59 1
3 264 140 999 209 21 59 1
3 264 141 997 209 21 57 1
3 264 142 995 209 21 57 1
3 264 143 992 209 21 57 1
3 264 144 990 209 21 57 1
3 264 145 988 209 21 57 1
3 264 146 986 209 22 57 1
3 264 147 984 209 22 57 1
3 264 148 981 209 21 57 1
3 264 149 979 209 21 57 1
3 264 150 977 209 22 57 1
3 264 151 976 209 21 57 1
3 264 152 974 209 21 57 1
3 264 153 972 209 21 57 1
3 264 154 970 208 22 58 1
3 264 155 968 208 22 58 1
3 264 156 968 208 22 58 1
3 264 157 967 208 21 58 1
3 264 158 965 208 21 58 1
3 264 159 965 208 21 58 1
3 264 160 963 208 21 58 1
3 264 161 963 208 21 58 1
3 264 162 961 208 22 58 1
3 264 163 960 208 21 58 1
3 264 164 960 208 21 58 1
3 264 165 958 208 21 58 1
3 264 166 958 208 21 58 1
3 264 167 956 208 21 58 1
3 264 168 954 208 22 58 1
3 264 169 954 208 22 58 1
3 264 170 952 208 22 58 1
3 264 171 952 208 22 58 1
3 264 172 952 208 22 58 1
3 264 173 952 208 22 58 1
3 264 174 952 209 22 57 1
3 264 175 952 209 22 57 1
3 264 176 952 209 22 57 1
3 264 177 952 211 22 55 1
3 264 178 952 211 22 55 1
3 264 179 952 211 22 55 1
3 264 180 952 213 22 53 1
3 264 181 952 213 22 53 1
3 264 182 952 215 22 51 1
3 264 183 952 215 22 51 1
3 264 184 952 215 22 51 1
3 264 185 952 216 22 50 1
3 264 186 952 216 22 50 1
3 264 187 952 216 22 50 1
3 264 188 952 218 22 48 1
3 264 189 952 218 22 48 1
3 264 190 952 220 22 46 1
3 264 191 952 220 22 46 1
3 264 192 952 220 22 46 1
3 264 193 952 222 22 44 1
3 264 194 952 222 22 44 1
3 264 195 952 222 22 44 1
3 264 196 952 224 22 42 1
3 264 197 952 224 22 42 1
3 264 198 952 225 22 41 1
3 264 199 951 224 21 40 1
3 264 200 951 222 21 42 1
3 264 201 951 222 21 42 1
3 264 202 951 220 21 44 1
3 264 203 951 220 21 44 1
3 264 204 951 218 21 46 1
3 264 205 951 218 21 46 1
3 264 206 949 216 21 48 1
3 264 207 949 216 21 48 1
3 264 208 949 215 21 49 1
3 264 209 949 215 21 49 1
3 264 210 949 213 21 51 1
3 264 211 949 213 21 51 1
3 264 212 949 211 21 53 1
3 264 213 949 211 21 53 1
3 264 214 947 209 21 55 1
3 264 215 947 209 21 55 1
3 264 216 947 208 21 56 1
3 264 217 947 208 21 56 1
3 264 218 947 206 21 58 1
3 264 219 947 206 21 58 1
3 264 220 947 204 21 60 1
3 264 221 947 204 21 60 1
3 264 222 945 204 22 60 1
3 264 223 945 204 22 60 1
3 264 224 945 204 22 60 1
3 264 225 945 204 22 60 1
3 264 226 944 204 21 60 1
3 264 227 944 204 21 60 1
3 264 228 944 204 21 60 1
3 264 229 944 204 21 60 1
3 264 230 942 204 21 60 1
3 264 231 942 204 21 60 1
3 264 232 942 204 21 60 1
3 264 233 942 204 21 60 1
3 264 234 942 206 21 60 1
3 264 235 940 206 21 60 1
3 264 236 940 206 21 60 1
3 264 237 940 206 21 60 1
3 264 238 940 206 21 60 1
3 264 239 938 206 22 60 1
3 264 240 938 206 22 60 1
3 264 241 938 206 22 60 1
3 264 242 938 206 22 60 1
3 264 243 936 206 22 60 1
3 264 244 936 206 22 60 1
3 264 245 936 206 22 60 1
3 264 246 936 206 22 60 1
3 264 247 936 208 22 60 1
3 264 248 936 208 22 60 1
3 264 249 936 208 22 60 1
3 264 250 936 208 22 60 1
3 264 251 936 208 22 60 1
3 264 252 936 208 22 60 1
3 264 253 938 208 22 60 1
3 264 254 938 208 22 60 1
3 264 255 938 208 22 60 1
3 264 256 938 208 22 60 1
3 264 257 938 208 22 60 1
3 264 258 938 208 22 60 1
3 264 259 940 208 21 60 1
3 264 260 940 208 21 60 1
3 264 261 940 208 21 60 1
3 264 262 940 208 21 60 1
3 264 263 940 208 21 60 1
3 264 264 940 208 21 60 1
3 264 265 942 208 21 60 1
3 264 266 942 208 21 60 1
3 264 267 942 208 21 60 1
3 264 268 942 208 21 60 1
3 264 269 942 208 21 60 1
3 264 270 942 208 21 60 1
3 264 271 944 208 21 60 1
3 264 272 944 208 21 60 1
3 264 273 944 208 21 60 1
3 264 274 944 208 21 60 1
3 264 275 944 208 21 60 1
3 264 276 944 208 21 60 1
3 264 277 945 208 22 60 1
3 264 278 949 206 21 60 1
3 264 279 954 206 22 60 1
3 264 280 958 206 21 60 1
3 264 281 963 206 21 60 1
3 264 282 968 206 22 60 1
3 264 283 972 206 21 60 1
3 264 284 977 206 22 60 1
3 264 285 981 206 21 60 1
3 264 286 986 206 22 60 1
3 264 287 992 206 21 60 1
3 264 288 995 206 21 60 1
3 264 289 1000 206 22 58 1
3 264 290 1004 206 21 58 1
3 264 291 1009 206 22 58 1
3 264 292 1015 204 21 60 1
3 264 293 1018 204 22 60 1
3 264 294 1024 204 21 60 1
3 264 295 1029 204 21 60 1
3 264 296 1032 204 22 60 1
3 264 297 1038 204 21 60 1
3 264 298 1041 204 22 60 1
3 264 299 1047 204 21 60 1
3 264 300 1052 204 21 59 1
3 264 301 1056 204 21 59 1
3 264 302 1061 204 21 59 1
3 264 303 1064 204 22 59 1
3 264 304 1070 204 21 59 1
3 264 305 1075 204 21 59 1
3 264 306 1079 204 21 59 1
3 264 307 1084 202 21 61 1
3 264 308 1089 202 22 61 1
3 264 309 1093 202 21 61 1
3 264 310 1098 202 22 61 1
3 264 311 1102 202 21 59 1
3 264 312 1107 202 21 59 1
3 264 313 1112 202 22 59 1
3 264 314 1116 202 21 59 1
3 264 315 1121 202 22 59 1
3 264 316 1125 202 21 59 1
3 264 317 1130 202 22 59 1
3 264 318 1136 202 21 59 1
3 264 319 1139 202 21 59 1
3 264 320 1144 202 22 59 1
3 264 321 1150 202 21 59 1
4 558 0 622 220 28 50 1
4 558 1 620 220 28 50 1
4 558 2 620 220 28 50 1
4 558 3 618 220 29 50 1
4 558 4 618 220 29 50 1
4 558 5 616 220 29 50 1
4 558 6 616 220 29 50 1
4 558 7 616 220 29 50 1
4 558 8 615 220 28 50 1
4 558 9 615 220 28 50 1
4 558 10 613 220 28 50 1
4 558 11 613 220 28 50 1
4 558 12 611 220 29 50 1
4 558 13 611 220 29 50 1
4 558 14 611 220 29 50 1
4 558 15 609 220 29 50 1
4 558 16 609 220 29 50 1
4 558 17 608 220 28 50 1
4 558 18 608 220 28 50 1
4 558 19 608 220 26 50 1
4 558 20 606 220 28 50 1
4 558 21 606 220 28 50 1
4 558 22 604 220 28 50 1
4 558 23 604 220 28 50 1
4 558 24 602 220 29 50 1
4 558 25 602 220 29 50 1
4 558 26 602 220 27 50 1
4 558 27 600 220 29 50 1
4 558 28 600 220 29 50 1
4 558 29 599 220 28 50 1
4 558 30 599 220 28 50 1
4 558 31 599 220 26 50 1
4 558 32 597 220 28 50 1
4 558 33 597 220 27 50 1
4 558 34 595 220 29 50 1
4 558 35 595 220 29 50 1
4 558 36 593 220 29 50 1
4 558 37 593 220 29 50 1
4 558 38 593 220 27 50 1
4 558 39 592 220 28 50 1
4 558 40 592 220 26 50 1
4 558 41 590 220 28 50 1
4 558 42 590 220 28 50 1
4 558 43 590 220 26 50 1
4 558 44 588 220 28 50 1
4 558 45 588 220 27 50 1
4 558 46 586 220 29 50 1
4 558 47 586 220 29 50 1
4 558 48 584 220 29 50 1
4 558 49 584 220 29 50 1
4 558 50 584 220 27 50 1
4 558 51 583 220 28 50 1
4 558 52 583 220 26 50 1
4 558 53 581 220 28 50 1
4 558 54 581 220 28 50 1
4 558 55 581 220 27 50 1
4 558 56 579 220 29 50 1
4 558 57 579 220 27 50 1
4 558 58 577 220 29 50 1
4 558 59 577 220 27 50 1
4 558 60 576 220 28 50 1
4 558 61 576 220 28 50 1
4 558 62 576 220 26 50 1
4 558 63 574 220 28 50 1
4 558 64 574 220 26 50 1
4 558 65 572 220 28 50 1
4 558 66 572 220 27 50 1
4 558 67 572 220 27 50 1
4 558 68 570 220 29 50 1
4 558 69 570 220 27 50 1
4 558 70 568 220 29 50 1
4 558 71 568 220 27 50 1
4 558 72 567 220 28 50 1
4 558 73 567 220 26 50 1
4 558 74 567 220 26 50 1
4 558 75 565 220 28 50 1
4 558 76 565 220 27 50 1
4 558 77 563 220 29 50 1
4 558 78 563 220 27 50 1
4 558 79 563 220 27 50 1
4 558 80 561 220 27 50 1
4 558 81 561 220 27 50 1
4 558 82 560 220 28 50 1
4 558 83 560 220 26 50 1
4 558 84 558 220 28 50 1
4 558 85 558 220 26 50 1
4 558 86 558 220 26 50 1
4 558 87 556 220 28 50 1
4 558 88 556 220 27 50 1
4 558 89 554 220 29 50 1
4 558 90 554 220 27 50 1
4 558 91 554 220 27 50 1
4 558 92 552 220 27 50 1
4 558 93 552 220 27 50 1
4 558 94 551 220 28 50 1
4 558 95 551 220 26 50 1
4 558 96 549 220 28 50 1
4 558 97 549 220 27 50 1
4 558 98 549 220 27 50 1
4 558 99 547 220 27 50 1
4 558 100 547 220 27 50 1
4 558 101 545 220 29 50 1
4 558 102 545 220 27 50 1
4 558 103 545 220 27 50 1
4 558 104 544 220 26 50 1
4 558 105 544 220 26 50 1
4 558 106 542 220 26 50 1
4 558 107 542 220 26 50 1
4 558 108 540 220 28 50 1
4 558 109 540 220 27 50 1
4 558 110 540 220 27 50 1
4 558 111 538 220 27 50 1
4 558 112 538 220 27 50 1
4 558 113 536 220 27 50 1
4 558 114 536 220 27 50 1
4 558 115 536 220 27 50 1
4 558 116 535 220 26 50 1
4 558 117 535 220 26 50 1
4 558 118 533 220 27 50 1
4 558 119 533 220 27 50 1
4 558 120 531 220 27 50 1
4 558 121 531 220 27 50 1
4 558 122 531 220 27 50 1
4 558 123 529 220 27 50 1
4 558 124 529 220 27 50 1
4 558 125 528 220 26 50 1
4 558 126 528 220 26 50 1
4 558 127 528 220 26 50 1
4 558 128 526 220 26 50 1
4 558 129 524 220 27 50 1
4 558 130 524 220 27 50 1
4 558 131 522 220 27 50 1
4 558 132 522 220 27 50 1
4 558 133 520 220 27 50 1
4 558 134 519 220 26 50 1
4 558 135 519 220 26 50 1
4 558 136 517 220 27 50 1
4 558 137 517 220 27 50 1
4 558 138 515 220 27 50 1
4 558 139 513 220 27 50 1
4 558 140 513 220 27 50 1
4 558 141 512 220 26 50 1
4 558 142 512 220 26 50 1
4 558 143 510 220 26 50 1
4 558 144 508 220 27 50 1
4 558 145 508 220 27 50 1
4 558 146 506 220 27 50 1
4 558 147 506 220 27 50 1
4 558 148 504 220 27 50 1
4 558 149 503 220 26 50 1
4 558 150 503 220 26 50 1
4 558 151 501 220 27 50 1
4 558 152 501 220 27 50 1
4 558 153 499 220 27 50 1
4 558 154 497 220 27 50 1
4 558 155 497 220 27 50 1
4 558 156 496 220 26 50 1
4 558 157 496 220 26 50 1
4 558 158 494 220 26 50 1
4 558 159 492 220 27 50 1
4 558 160 492 220 27 50 1
4 558 161 490 220 27 50 1
4 558 162 490 220 27 50 1
4 558 163 488 220 27 50 1
4 558 164 487 220 26 50 1
4 558 165 487 220 26 50 1
4 558 166 485 220 27 50 1
4 558 167 485 220 27 50 1
4 558 168 483 220 27 50 1
4 558 169 481 220 27 50 1
4 558 170 481 220 27 50 1
4 558 171 480 220 26 50 1
4 558 172 480 220 26 50 1
4 558 173 478 220 26 50 1
4 558 174 476 220 27 50 1
4 558 175 476 220 27 50 1
4 558 176 474 220 27 50 1
4 558 177 474 220 27 50 1
4 558 178 472 220 27 50 1
4 558 179 471 220 26 50 1
4 558 180 471 220 26 50 1
4 558 181 469 220 27 50 1
4 558 182 469 220 27 50 1
4 558 183 467 220 27 50 1
4 558 184 465 220 27 50 1
4 558 185 465 220 27 50 1
4 558 186 464 220 26 50 1
4 558 187 464 220 26 50 1
4 558 188 462 220 26 50 1
4 558 189 460 220 27 50 1
4 558 190 460 220 27 50 1
4 558 191 458 220 27 50 1
4 558 192 458 220 27 50 1
4 558 193 456 220 27 50 1
4 558 194 455 220 26 50 1
4 558 195 455 220 26 50 1
4 558 196 453 220 27 50 1
4 558 197 453 220 27 50 1
4 558 198 451 220 27 50 1
4 558 199 449 220 27 50 1
4 558 200 449 220 27 50 1
4 558 201 448 220 26 50 1
4 558 202 448 220 26 50 1
4 558 203 446 220 26 50 1
4 558 204 444 220 27 50 1
4 558 205 444 220 27 50 1
4 558 206 442 220 27 50 1
4 558 207 442 220 27 50 1
4 558 208 440 220 27 50 1
4 558 209 439 220 26 50 1
4 558 210 439 220 26 50 1
4 558 211 437 220 27 50 1
4 558 212 437 220 27 50 1
4 558 213 435 220 27 50 1
4 558 214 433 220 27 50 1
4 558 215 433 220 27 50 1
4 558 216 432 220 26 50 1
4 558 217 432 220 26 50 1
4 558 218 430 220 26 50 1
4 558 219 428 220 27 50 1
4 558 220 428 220 27 50 1
4 558 221 426 220 27 50 1
4 558 222 426 220 27 50 1
4 558 223 424 220 27 50 1
4 558 224 423 220 26 50 1
4 558 225 423 220 26 50 1
4 558 226 421 220 27 50 1
4 558 227 421 220 27 50 1
4 558 228 419 220 27 50 1
4 558 229 417 220 27 50 1
4 558 230 417 220 27 50 1
4 558 231 416 220 26 50 1
4 558 232 416 220 26 50 1
4 558 233 414 220 26 50 1
4 558 234 412 220 27 50 1
4 558 235 412 220 27 50 1
4 558 236 410 220 27 50 1
4 558 237 410 220 27 50 1
4 558 238 408 220 27 50 1
4 558 239 407 220 26 50 1
4 558 240 407 220 26 50 1
4 558 241 405 220 27 50 1
4 558 242 405 220 27 50 1
4 558 243 403 220 27 50 1
4 558 244 401 220 27 50 1
4 558 245 401 220 27 50 1
4 558 246 400 220 26 50 1
4 558 247 400 220 26 50 1
4 558 248 398 220 26 50 1
4 558 249 398 222 26 50 1
4 558 250 396 222 27 50 1
4 558 251 394 222 27 50 1
4 558 252 394 222 27 50 1
4 558 253 392 222 27 50 1
4 558 254 391 222 26 50 1
4 558 255 391 222 26 50 1
4 558 256 389 222 27 50 1
4 558 257 387 222 27 50 1
4 558 258 387 222 27 50 1
4 558 259 385 222 27 50 1
4 558 260 384 222 26 50 1
4 558 261 384 222 26 50 1
4 558 262 382 222 26 50 1
4 558 263 380 222 27 50 1
4 558 264 380 222 27 50 1
4 558 265 378 222 27 50 1
4 558 266 376 222 27 50 1
4 558 267 376 222 27 50 1
4 558 268 375 224 26 49 1
4 558 269 375 224 26 49 1
4 558 270 373 224 27 49 1
4 558 271 371 224 27 49 1
4 558 272 371 224 27 49 1
4 558 273 369 224 27 49 1
4 558 274 368 224 26 49 1
4 558 275 368 224 26 49 1
4 558 276 366 224 26 49 1
4 558 277 364 224 27 49 1
4 558 278 364 224 27 49 1
4 558 279 362 224 27 49 1
4 558 280 360 224 27 49 1
4 558 281 360 224 27 49 1
4 558 282 359 224 26 49 1
4 558 283 357 224 27 49 1
4 558 284 357 224 27 49 1
4 558 285 355 224 27 49 1
4 558 286 355 225 27 50 1
4 558 287 353 225 27 50 1
4 558 288 353 225 27 50 1
4 558 289 352 225 26 52 1
4 558 290 352 227 26 50 1
4 558 291 350 227 26 52 1
4 558 292 350 227 26 52 1
4 558 293 350 229 26 51 1
4 558 294 348 229 27 51 1
4 558 295 348 229 27 51 1
4 558 296 346 229 27 53 1
4 558 297 346 231 27 51 1
4 558 298 344 231 27 53 1
4 558 299 344 231 27 53 1
4 558 300 344 232 27 54 1
4 558 301 343 232 26 54 1
4 558 302 343 232 26 54 1
4 558 303 341 232 27 56 1
4 558 304 341 232 27 56 1
4 558 305 339 234 27 54 1
4 558 306 339 234 27 55 1
4 558 307 337 234 27 55 1
4 558 308 337 234 27 55 1
4 558 309 336 236 26 55 1
4 558 310 336 236 26 55 1
4 558 311 336 236 24 55 1
4 558 312 334 236 26 57 1
4 558 313 334 238 25 55 1
4 558 314 332 238 27 55 1
4 558 315 332 238 25 57 1
4 558 316 330 238 27 57 1
4 558 317 330 240 25 55 1
4 558 318 328 240 27 56 1
4 558 319 328 240 25 56 1
4 558 320 327 240 26 56 1
4 558 321 327 241 25 57 1
4 558 322 327 241 25 57 1
4 558 323 325 241 25 57 1
4 558 324 325 241 25 59 1
4 558 325 323 241 25 59 1
4 558 326 323 243 25 57 1
4 558 327 321 243 25 59 1
4 558 328 321 243 25 59 1
4 558 329 320 243 24 59 1
4 558 330 320 245 24 59 1
4 558 331 318 245 25 59 1
4 558 332 318 245 25 59 1
4 558 333 318 245 23 60 1
4 558 334 316 247 25 58 1
4 558 335 316 247 23 58 1
4 558 336 314 247 25 60 1
4 558 337 314 247 23 60 1
4 558 338 312 248 25 59 1
4 558 339 312 248 24 61 1
4 558 340 311 248 25 61 1
4 558 341 311 248 23 61 1
4 558 342 311 250 23 61 1
4 558 343 309 250 23 61 1
4 558 344 307 250 23 61 1
4 558 345 307 250 23 61 1
4 558 346 305 250 23 61 1
4 558 347 305 250 23 61 1
4 558 348 304 252 23 60 1
4 558 349 304 252 23 60 1
4 558 350 302 252 23 60 1
4 558 351 302 252 23 60 1
4 558 352 300 252 23 60 1
4 558 353 300 254 23 60 1
4 558 354 298 254 23 60 1
4 558 355 298 254 23 60 1
4 558 356 296 254 24 60 1
4 558 357 296 254 24 60 1
4 558 358 295 256 23 60 1
4 558 359 295 256 23 60 1
4 558 360 293 256 23 60 1
4 558 361 293 256 23 60 1
4 558 362 291 256 23 60 1
4 558 363 291 257 23 61 1
4 558 364 289 257 23 61 1
4 558 365 288 257 23 61 1
4 558 366 288 257 23 61 1
4 558 367 286 257 23 61 1
4 558 368 286 259 23 61 1
4 558 369 284 259 23 61 1
4 558 370 284 259 23 61 1
4 558 371 282 259 23 61 1
4 558 372 282 259 23 61 1
4 558 373 280 261 24 60 1
4 558 374 280 261 24 60 1
4 558 375 279 261 23 60 1
4 558 376 279 261 23 60 1
4 558 377 277 261 23 60 1
4 558 378 277 261 23 60 1
4 558 379 275 263 23 60 1
4 558 380 275 263 23 60 1
4 558 381 273 263 23 60 1
4 558 382 273 263 23 60 1
4 558 383 272 263 23 60 1
4 558 384 272 264 23 61 1
4 558 385 270 264 23 61 1
4 558 386 270 264 23 61 1
4 558 387 268 264 23 61 1
4 558 388 266 264 23 61 1
4 558 389 266 266 23 61 1
4 558 390 264 266 24 61 1
4 558 391 264 266 24 61 1
4 558 392 263 266 23 61 1
4 558 393 263 266 23 61 1
4 558 394 261 268 23 60 1
4 558 395 261 268 23 60 1
4 558 396 259 268 23 60 1
4 558 397 259 268 23 60 1
4 558 398 257 268 23 60 1
4 558 399 257 270 23 60 1
4 558 400 256 270 23 60 1
4 558 401 256 270 23 60 1
4 558 402 254 270 23 60 1
4 558 403 254 270 23 60 1
4 558 404 252 272 23 60 1
4 558 405 252 272 23 60 1
4 558 406 250 272 23 60 1
4 558 407 250 272 23 60 1
4 558 408 248 272 24 60 1
4 558 409 248 273 24 61 1
4 558 410 247 273 23 61 1
4 558 411 245 273 23 61 1
4 558 412 245 273 23 61 1
4 558 413 243 273 23 61 1
4 558 414 241 275 23 61 1
4 558 415 241 275 23 61 1
4 558 416 240 275 23 61 1
4 558 417 238 275 23 61 1
4 558 418 238 277 23 60 1
4 558 419 236 277 23 60 1
4 558 420 234 277 23 60 1
4 558 421 234 277 23 60 1
4 558 422 232 279 24 60 1
4 558 423 231 279 23 60 1
4 558 424 231 279 23 60 1
4 558 425 229 279 23 60 1
4 558 426 227 280 23 61 1
4 558 427 227 280 23 61 1
4 558 428 225 280 23 61 1
4 558 429 224 280 23 61 1
4 558 430 224 282 23 61 1
4 558 431 222 282 23 61 1
4 558 432 220 282 23 61 1
4 558 433 220 282 23 61 1
4 558 434 218 282 23 61 1
4 558 435 216 284 24 60 1
4 558 436 216 284 24 60 1
4 558 437 215 284 23 60 1
4 558 438 213 284 23 60 1
4 558 439 213 286 23 60 1
4 558 440 211 286 23 60 1
4 558 441 209 286 23 60 1
4 558 442 209 286 23 60 1
4 558 443 208 288 23 60 1
4 558 444 206 288 23 60 1
4 558 445 206 288 23 60 1
4 558 446 204 288 23 60 1
4 558 447 202 289 23 61 1
4 558 448 202 289 23 61 1
4 558 449 200 289 24 61 1
4 558 450 199 289 23 61 1
4 558 451 199 291 23 61 1
4 558 452 197 291 23 61 1
4 558 453 195 291 23 61 1
4 558 454 195 291 23 61 1
4 558 455 193 291 23 61 1
4 558 456 192 293 23 60 1
4 558 457 192 293 23 60 1
4 558 458 190 293 23 60 1
4 558 459 188 293 23 60 1
4 558 460 188 295 23 60 1
4 558 461 186 295 23 60 1
4 558 462 184 295 24 60 1
4 558 463 184 295 24 60 1
4 558 464 183 296 23 61 1
4 558 465 181 296 23 61 1
4 558 466 181 296 23 61 1
4 558 467 179 296 23 61 1
4 558 468 177 298 23 61 1
4 558 469 177 298 23 61 1
4 558 470 176 298 23 61 1
4 558 471 174 298 23 61 1
4 558 472 174 300 23 60 1
4 558 473 172 300 23 60 1
4 558 474 170 300 23 60 1
4 558 475 170 302 23 60 1
4 558 476 168 302 24 60 1
4 558 477 167 302 25 62 1
4 558 478 167 304 23 60 1
4 558 479 165 304 23 62 1
4 558 480 165 305 23 61 1
4 558 481 163 305 23 63 1
4 558 482 161 305 25 63 1
4 558 483 161 307 23 62 1
4 558 484 160 307 24 62 1
4 558 485 158 307 25 64 1
4 558 486 158 309 23 62 1
4 558 487 156 309 25 64 1
4 558 488 156 311 23 62 1
4 558 489 154 311 25 64 1
4 558 490 152 311 25 64 1
4 558 491 152 312 24 63 1
4 558 492 151 312 25 64 1
4 558 493 151 314 23 62 1
4 558 494 149 314 25 64 1
4 558 495 147 314 25 64 1
4 558 496 147 316 25 64 1
4 558 497 145 316 25 64 1
4 558 498 144 316 24 66 1
4 558 499 144 318 24 64 1
4 558 500 142 318 25 66 1
4 558 501 142 320 25 64 1
4 558 502 140 320 25 65 1
4 558 503 138 320 25 65 1
4 558 504 138 321 25 66 1
4 558 505 136 321 25 66 1
4 558 506 135 321 26 68 1
4 558 507 135 323 25 66 1
4 558 508 133 323 27 68 1
4 558 509 133 325 25 66 1
4 558 510 131 325 25 66 1
4 558 511 129 325 27 67 1
4 558 512 129 327 25 65 1
4 558 513 128 327 26 67 1
4 558 514 128 328 24 66 1
4 558 515 126 328 25 68 1
4 558 516 124 328 27 68 1
4 558 517 124 330 25 68 1
4 558 518 122 330 27 68 1
4 558 519 120 330 27 70 1
4 558 520 120 332 27 68 1
4 558 521 119 332 26 69 1
4 558 522 119 334 25 67 1
4 558 523 117 334 27 69 1
4 558 524 115 334 27 69 1
4 558 525 115 336 27 69 1
4 558 526 113 336 27 69 1
4 558 527 113 337 27 70 1
4 558 528 112 337 26 70 1
4 558 529 110 337 26 70 1
4 558 530 108 337 27 70 1
4 558 531 106 339 27 69 1
4 558 532 106 339 27 69 1
4 558 533 104 339 27 69 1
4 558 534 103 341 26 69 1
4 558 535 101 341 27 69 1
4 558 536 101 341 27 69 1
4 558 537 99 343 27 69 1
4 558 538 97 343 27 69 1
4 558 539 96 343 26 69 1
4 558 540 96 343 26 69 1
4 558 541 94 344 26 70 1
4 558 542 92 344 27 70 1
4 558 543 90 344 27 70 1
4 558 544 88 346 27 70 1
4 558 545 88 346 27 70 1
4 558 546 87 346 26 70 1
4 558 547 85 348 27 69 1
4 558 548 83 348 27 69 1
4 558 549 83 348 27 69 1
4 558 550 81 348 27 69 1
4 558 551 80 350 26 69 1
4 558 552 78 350 26 69 1
4 558 553 78 350 26 69 1
4 558 554 76 352 27 69 1
4 558 555 74 352 27 69 1
4 558 556 72 352 27 69 1
4 558 557 72 353 27 70 1
5 558 0 206 346 34 66 1
5 558 1 206 344 34 66 1
5 558 2 208 344 32 66 1
5 558 3 208 344 33 66 1
5 558 4 209 344 32 66 1
5 558 5 209 343 34 65 1
5 558 6 211 343 32 65 1
5 558 7 211 343 32 65 1
5 558 8 213 343 32 65 1
5 558 9 213 343 32 65 1
5 558 10 215 341 32 66 1
5 558 11 215 341 32 66 1
5 558 12 216 341 31 66 1
5 558 13 216 341 32 66 1
5 558 14 218 341 30 66 1
5 558 15 218 339 32 66 1
5 558 16 220 339 30 66 1
5 558 17 220 339 30 66 1
5 558 18 222 339 30 66 1
5 558 19 222 339 30 66 1
5 558 20 224 337 30 66 1
5 558 21 224 337 30 66 1
5 558 22 225 337 31 66 1
5 558 23 225 337 31 66 1
5 558 24 227 337 29 66 1
5 558 25 227 336 30 65 1
5 558 26 229 336 28 65 1
5 558 27 229 336 30 65 1
5 558 28 231 336 28 65 1
5 558 29 231 336 28 65 1
5 558 30 232 334 29 66 1
5 558 31 232 334 29 66 1
5 558 32 234 334 29 66 1
5 558 33 234 334 29 66 1
5 558 34 236 334 27 66 1
5 558 35 236 332 28 66 1
5 558 36 238 332 26 66 1
5 558 37 238 332 28 66 1
5 558 38 240 332 26 66 1
5 558 39 241 332 27 66 1
5 558 40 241 330 27 66 1
5 558 41 241 330 27 66 1
5 558 42 241 328 27 66 1
5 558 43 241 328 27 66 1
5 558 44 241 328 27 66 1
5 558 45 243 327 27 65 1
5 558 46 243 327 27 65 1
5 558 47 243 327 27 65 1
5 558 48 243 325 27 66 1
5 558 49 243 325 27 66 1
5 558 50 245 325 27 66 1
5 558 51 245 323 27 66 1
5 558 52 245 323 27 66 1
5 558 53 245 323 27 66 1
5 558 54 245 321 27 66 1
5 558 55 247 321 26 66 1
5 558 56 247 321 26 66 1
5 558 57 247 320 26 65 1
5 558 58 247 320 26 65 1
5 558 59 247 320 26 65 1
5 558 60 248 318 27 66 1
5 558 61 248 318 27 66 1
5 558 62 248 318 27 66 1
5 558 63 248 316 27 66 1
5 558 64 248 316 27 66 1
5 558 65 250 316 27 66 1
5 558 66 250 314 27 66 1
5 558 67 250 314 27 66 1
5 558 68 250 314 27 66 1
5 558 69 250 312 27 66 1
5 558 70 252 312 27 66 1
5 558 71 252 312 27 66 1
5 558 72 252 311 27 65 1
5 558 73 252 311 27 65 1
5 558 74 252 311 27 65 1
5 558 75 254 309 26 66 1
5 558 76 254 309 26 66 1
5 558 77 254 309 26 66 1
5 558 78 254 307 26 66 1
5 558 79 254 307 26 66 1
5 558 80 256 307 26 66 1
5 558 81 256 305 26 66 1
5 558 82 256 305 26 66 1
5 558 83 256 305 26 66 1
5 558 84 256 305 26 66 1
5 558 85 257 305 27 66 1
5 558 86 257 305 27 66 1
5 558 87 257 304 27 65 1
5 558 88 257 304 27 65 1
5 558 89 257 304 27 65 1
5 558 90 259 304 27 65 1
5 558 91 259 304 27 65 1
5 558 92 259 304 27 65 1
5 558 93 259 302 27 66 1
5 558 94 259 302 27 66 1
5 558 95 261 302 27 66 1
5 558 96 261 302 27 66 1
5 558 97 261 302 27 66 1
5 558 98 261 302 27 66 1
5 558 99 261 300 27 66 1
5 558 100 263 300 26 66 1
5 558 101 263 300 26 66 1
5 558 102 263 300 26 66 1
5 558 103 263 300 26 66 1
5 558 104 264 300 27 66 1
5 558 105 264 298 27 66 1
5 558 106 264 298 27 66 1
5 558 107 264 298 27 66 1
5 558 108 264 298 27 66 1
5 558 109 266 298 27 66 1
5 558 110 266 298 27 66 1
5 558 111 266 296 27 66 1
5 558 112 266 296 27 66 1
5 558 113 266 296 27 66 1
5 558 114 268 296 27 66 1
5 558 115 268 296 27 66 1
5 558 116 268 296 27 66 1
5 558 117 268 295 27 65 1
5 558 118 268 295 27 65 1
5 558 119 270 295 26 65 1
5 558 120 270 295 26 65 1
5 558 121 270 295 26 65 1
5 558 122 270 295 26 65 1
5 558 123 272 295 26 65 1
5 558 124 272 293 26 66 1
5 558 125 272 293 26 66 1
5 558 126 273 293 27 66 1
5 558 127 273 293 27 66 1
5 558 128 273 293 27 66 1
5 558 129 275 293 27 66 1
5 558 130 275 293 27 66 1
5 558 131 277 291 27 66 1
5 558 132 277 291 27 66 1
5 558 133 277 291 27 66 1
5 558 134 279 291 26 66 1
5 558 135 279 291 26 66 1
5 558 136 279 291 26 66 1
5 558 137 280 291 27 66 1
5 558 138 280 289 27 66 1
5 558 139 282 289 27 66 1
5 558 140 282 289 27 66 1
5 558 141 282 289 27 66 1
5 558 142 284 289 27 66 1
5 558 143 284 289 27 66 1
5 558 144 286 289 26 66 1
5 558 145 286 288 26 65 1
5 558 146 286 288 26 65 1
5 558 147 286 288 26 65 1
5 558 148 288 286 26 66 1
5 558 149 288 286 26 66 1
5 558 150 288 286 26 66 1
5 558 151 289 286 27 66 1
5 558 152 289 284 27 66 1
5 558 153 289 284 27 66 1
5 558 154 291 284 27 66 1
5 558 155 291 284 27 66 1
5 558 156 291 282 27 66 1
5 558 157 293 282 27 66 1
5 558 158 293 282 27 66 1
5 558 159 293 280 27 66 1
5 558 160 295 280 26 66 1
5 558 161 295 280 26 66 1
5 558 162 295 280 26 66 1
5 558 163 295 279 26 65 1
5 558 164 296 279 27 65 1
5 558 165 296 279 27 65 1
5 558 166 296 279 27 65 1
5 558 167 298 277 27 66 1
5 558 168 298 277 27 66 1
5 558 169 298 277 27 66 1
5 558 170 300 275 27 66 1
5 558 171 300 275 27 66 1
5 558 172 300 275 27 66 1
5 558 173 302 275 26 66 1
5 558 174 302 273 26 66 1
5 558 175 302 273 26 66 1
5 558 176 304 273 26 66 1
5 558 177 304 273 26 66 1
5 558 178 304 272 26 65 1
5 558 179 305 272 27 65 1
5 558 180 305 272 27 65 1
5 558 181 305 270 27 66 1
5 558 182 305 270 27 66 1
5 558 183 307 270 27 66 1
5 558 184 307 270 27 66 1
5 558 185 307 268 27 66 1
5 558 186 309 268 27 66 1
5 558 187 309 268 27 66 1
5 558 188 309 268 27 66 1
5 558 189 311 266 26 66 1
5 558 190 311 266 26 66 1
5 558 191 311 266 26 66 1
5 558 192 312 264 27 66 1
5 558 193 312 264 27 66 1
5 558 194 312 264 27 66 1
5 558 195 314 264 27 66 1
5 558 196 314 263 27 65 1
5 558 197 314 263 27 65 1
5 558 198 314 263 27 65 1
5 558 199 316 263 27 65 1
5 558 200 316 261 27 66 1
5 558 201 316 261 27 66 1
5 558 202 318 261 26 66 1
5 558 203 318 259 26 66 1
5 558 204 318 259 26 66 1
5 558 205 320 259 26 66 1
5 558 206 320 259 26 66 1
5 558 207 320 257 26 66 1
5 558 208 321 257 27 66 1
5 558 209 321 257 27 66 1
5 558 210 321 257 27 66 1
5 558 211 323 256 27 65 1
5 558 212 323 256 27 65 1
5 558 213 323 256 27 65 1
5 558 214 325 256 27 65 1
5 558 215 325 254 27 66 1
5 558 216 325 254 27 66 1
5 558 217 325 254 27 66 1
5 558 218 327 254 26 66 1
5 558 219 327 254 26 64 1
5 558 220 327 254 26 64 1
5 558 221 328 252 27 66 1
5 558 222 328 252 27 66 1
5 558 223 328 252 27 66 1
5 558 224 330 252 27 64 1
5 558 225 330 252 27 64 1
5 558 226 330 252 27 64 1
5 558 227 332 252 27 64 1
5 558 228 332 250 27 66 1
5 558 229 332 250 27 64 1
5 558 230 334 250 26 64 1
5 558 231 334 250 26 64 1
5 558 232 334 250 26 64 1
5 558 233 336 250 26 64 1
5 558 234 336 250 26 62 1
5 558 235 336 248 26 64 1
5 558 236 337 248 27 64 1
5 558 237 337 248 27 64 1
5 558 238 337 248 27 63 1
5 558 239 339 248 27 63 1
5 558 240 339 248 27 63 1
5 558 241 339 248 27 63 1
5 558 242 339 247 27 64 1
5 558 243 341 247 27 62 1
5 558 244 341 247 27 62 1
5 558 245 341 247 27 62 1
5 558 246 343 247 26 62 1
5 558 247 343 247 26 62 1
5 558 248 343 245 26 62 1
5 558 249 344 245 27 62 1
5 558 250 344 245 27 62 1
5 558 251 344 245 27 62 1
5 558 252 346 245 27 62 1
5 558 253 346 245 27 60 1
5 558 254 346 245 27 60 1
5 558 255 348 243 27 62 1
5 558 256 348 243 27 62 1
5 558 257 348 243 27 61 1
5 558 258 350 243 26 61 1
5 558 259 350 243 26 61 1
5 558 260 350 243 26 61 1
5 558 261 352 243 26 61 1
5 558 262 352 241 26 61 1
5 558 263 352 241 26 61 1
5 558 264 353 241 27 61 1
5 558 265 353 241 27 61 1
5 558 266 353 241 27 61 1
5 558 267 355 241 27 59 1
5 558 268 355 241 27 59 1
5 558 269 355 240 27 60 1
5 558 270 355 240 27 60 1
5 558 271 357 240 27 60 1
5 558 272 357 240 27 58 1
5 558 273 357 240 27 58 1
5 558 274 359 240 26 58 1
5 558 275 359 238 26 60 1
5 558 276 359 238 26 58 1
5 558 277 360 238 27 58 1
5 558 278 360 238 27 58 1
5 558 279 360 238 27 58 1
5 558 280 362 238 27 58 1
5 558 281 362 238 27 57 1
5 558 282 362 236 27 59 1
5 558 283 364 236 27 59 1
5 558 284 364 236 27 59 1
5 558 285 364 236 27 59 1
5 558 286 366 236 26 57 1
5 558 287 366 236 26 57 1
5 558 288 366 236 26 57 1
5 558 289 368 234 26 59 1
5 558 290 368 234 26 59 1
5 558 291 368 234 26 57 1
5 558 292 369 234 27 57 1
5 558 293 369 234 27 57 1
5 558 294 369 234 27 57 1
5 558 295 371 234 27 57 1
5 558 296 371 232 27 57 1
5 558 297 371 232 27 57 1
5 558 298 371 232 27 57 1
5 558 299 371 232 27 57 1
5 558 300 373 232 27 57 1
5 558 301 373 231 27 57 1
5 558 302 373 231 27 57 1
5 558 303 375 231 26 57 1
5 558 304 375 231 26 57 1
5 558 305 376 231 25 57 1
5 558 306 376 231 27 57 1
5 558 307 378 231 25 55 1
5 558 308 378 231 27 55 1
5 558 309 378 231 27 55 1
5 558 310 380 231 25 55 1
5 558 311 380 231 27 55 1
5 558 312 382 231 25 55 1
5 558 313 382 231 26 53 1
5 558 314 384 231 24 53 1
5 558 315 384 231 24 53 1
5 558 316 384 231 26 53 1
5 558 317 385 231 25 53 1
5 558 318 385 231 25 53 1
5 558 319 387 231 25 51 1
5 558 320 387 231 25 51 1
5 558 321 389 231 25 51 1
5 558 322 389 231 25 51 1
5 558 323 389 231 25 51 1
5 558 324 391 231 25 51 1
5 558 325 391 231 25 51 1
5 558 326 392 231 25 49 1
5 558 327 392 231 25 49 1
5 558 328 394 231 23 49 1
5 558 329 394 231 25 49 1
5 558 330 394 231 25 49 1
5 558 331 396 231 23 49 1
5 558 332 396 231 25 48 1
5 558 333 398 231 23 48 1
5 558 334 398 231 25 48 1
5 558 335 400 231 23 48 1
5 558 336 400 231 23 48 1
5 558 337 400 231 24 48 1
5 558 338 401 231 23 46 1
5 558 339 401 231 25 46 1
5 558 340 403 231 23 46 1
5 558 341 403 231 23 46 1
5 558 342 405 231 23 46 1
5 558 343 405 231 23 46 1
5 558 344 407 231 23 46 1
5 558 345 407 229 23 46 1
5 558 346 407 229 23 46 1
5 558 347 408 229 24 46 1
5 558 348 408 229 24 46 1
5 558 349 410 229 23 46 1
5 558 350 410 229 23 46 1
5 558 351 412 229 23 46 1
5 558 352 412 229 23 46 1
5 558 353 414 229 23 46 1
5 558 354 414 229 23 46 1
5 558 355 414 229 23 46 1
5 558 356 416 229 23 46 1
5 558 357 416 229 23 46 1
5 558 358 417 229 23 46 1
5 558 359 417 229 23 46 1
5 558 360 419 229 23 46 1
5 558 361 419 229 23 46 1
5 558 362 421 229 23 46 1
5 558 363 421 229 23 46 1
5 558 364 421 229 23 46 1
5 558 365 423 229 23 46 1
5 558 366 423 229 23 46 1
5 558 367 424 229 24 46 1
5 558 368 424 229 24 46 1
5 558 369 426 229 23 46 1
5 558 370 426 229 23 46 1
5 558 371 428 229 23 46 1
5 558 372 428 229 23 46 1
5 558 373 428 229 23 46 1
5 558 374 430 229 23 46 1
5 558 375 430 229 23 46 1
5 558 376 432 227 23 46 1
5 558 377 432 227 23 46 1
5 558 378 433 227 23 46 1
5 558 379 433 227 23 46 1
5 558 380 435 227 23 46 1
5 558 381 435 227 23 46 1
5 558 382 435 227 23 46 1
5 558 383 437 227 23 46 1
5 558 384 437 227 23 46 1
5 558 385 439 227 23 46 1
5 558 386 439 227 23 46 1
5 558 387 440 227 24 46 1
5 558 388 440 227 24 46 1
5 558 389 442 227 23 46 1
5 558 390 442 227 23 46 1
5 558 391 442 227 23 46 1
5 558 392 444 227 23 46 1
5 558 393 444 227 23 46 1
5 558 394 446 227 23 46 1
5 558 395 446 227 23 46 1
5 558 396 448 227 23 46 1
5 558 397 448 227 23 46 1
5 558 398 449 227 23 46 1
5 558 399 449 227 23 46 1
5 558 400 449 227 23 46 1
5 558 401 451 227 23 46 1
5 558 402 451 227 23 46 1
5 558 403 453 227 23 46 1
5 558 404 453 227 23 46 1
5 558 405 455 227 23 46 1
5 558 406 455 227 23 46 1
5 558 407 456 227 24 46 1
5 558 408 456 227 24 45 1
5 558 409 456 227 24 45 1
5 558 410 458 227 23 45 1
5 558 411 458 227 23 45 1
5 558 412 460 227 23 45 1
5 558 413 460 227 23 45 1
5 558 414 462 227 21 45 1
5 558 415 462 227 23 45 1
5 558 416 464 227 21 45 1
5 558 417 464 227 23 45 1
5 558 418 464 227 23 45 1
5 558 419 465 227 22 45 1
5 558 420 465 227 23 45 1
5 558 421 467 227 21 45 1
5 558 422 467 227 23 45 1
5 558 423 469 227 21 45 1
5 558 424 469 227 21 45 1
5 558 425 471 227 21 45 1
5 558 426 471 227 21 45 1
5 558 427 471 227 23 45 1
5 558 428 472 227 22 45 1
5 558 429 472 227 22 45 1
5 558 430 474 227 22 45 1
5 558 431 474 227 22 45 1
5 558 432 476 227 21 45 1
5 558 433 476 227 21 45 1
5 558 434 478 227 19 45 1
5 558 435 478 227 21 45 1
5 558 436 478 227 21 45 1
5 558 437 480 227 21 45 1
5 558 438 480 227 21 45 1
5 558 439 481 227 20 45 1
5 558 440 481 227 22 45 1
5 558 441 483 227 20 45 1
5 558 442 483 227 21 45 1
5 558 443 485 227 19 45 1
5 558 444 485 227 21 45 1
5 558 445 485 227 21 43 1
5 558 446 487 227 19 43 1
5 558 447 487 227 21 43 1
5 558 448 488 227 20 43 1
5 558 449 488 227 22 43 1
5 558 450 490 227 20 43 1
5 558 451 490 227 20 43 1
5 558 452 492 227 20 43 1
5 558 453 492 227 20 43 1
5 558 454 492 227 21 43 1
5 558 455 494 227 19 43 1
5 558 456 494 227 19 43 1
5 558 457 496 227 19 43 1
5 558 458 496 227 19 43 1
5 558 459 497 227 20 43 1
5 558 460 497 227 20 43 1
5 558 461 499 227 18 43 1
5 558 462 499 227 20 43 1
5 558 463 499 227 20 43 1
5 558 464 501 227 19 43 1
5 558 465 501 227 19 43 1
5 558 466 503 227 17 43 1
5 558 467 503 227 19 43 1
5 558 468 504 227 18 43 1
5 558 469 504 227 20 43 1
5 558 470 506 227 18 43 1
5 558 471 506 227 18 43 1
5 558 472 506 227 20 43 1
5 558 473 508 227 18 43 1
5 558 474 508 227 20 43 1
5 558 475 510 227 18 43 1
5 558 476 510 227 18 43 1
5 558 477 512 227 17 43 1
5 558 478 512 227 17 43 1
5 558 479 513 227 18 43 1
5 558 480 513 227 18 43 1
5 558 481 515 229 18 41 1
5 558 482 515 227 18 41 1
5 558 483 515 227 18 41 1
5 558 484 517 227 18 41 1
5 558 485 517 227 18 41 1
5 558 486 517 227 18 41 1
5 558 487 519 227 17 41 1
5 558 488 519 227 17 41 1
5 558 489 519 227 17 41 1
5 558 490 520 227 18 41 1
5 558 491 520 227 18 41 1
5 558 492 520 227 18 41 1
5 558 493 522 227 18 41 1
5 558 494 522 227 18 41 1
5 558 495 522 227 18 41 1
5 558 496 524 227 18 41 1
5 558 497 524 227 18 41 1
5 558 498 526 227 18 41 1
5 558 499 526 227 18 41 1
5 558 500 526 227 18 41 1
5 558 501 528 227 17 41 1
5 558 502 528 227 17 41 1
5 558 503 528 227 17 41 1
5 558 504 529 225 18 41 1
5 558 505 529 225 18 41 1
5 558 506 529 225 18 41 1
5 558 507 531 225 18 41 1
5 558 508 531 225 18 41 1
5 558 509 531 225 18 41 1
5 558 510 533 225 18 41 1
5 558 511 533 225 18 41 1
5 558 512 535 225 17 41 1
5 558 513 535 225 17 41 1
5 558 514 535 225 17 41 1
5 558 515 536 225 18 41 1
5 558 516 536 225 18 41 1
5 558 517 536 225 18 41 1
5 558 518 538 225 18 41 1
5 558 519 538 225 18 41 1
5 558 520 538 225 18 41 1
5 558 521 540 225 18 41 1
5 558 522 540 225 18 41 1
5 558 523 540 225 18 41 1
5 558 524 542 225 18 41 1
5 558 525 542 225 18 41 1
5 558 526 544 225 17 41 1
5 558 527 544 225 17 41 1
5 558 528 544 225 17 41 1
5 558 529 544 225 17 41 1
5 558 530 545 225 18 41 1
5 558 531 545 225 18 41 1
5 558 532 545 225 18 41 1
5 558 533 547 225 18 41 1
5 558 534 547 225 18 41 1
5 558 535 547 225 18 41 1
5 558 536 547 225 18 41 1
5 558 537 549 225 18 41 1
5 558 538 549 225 18 41 1
5 558 539 549 225 18 41 1
5 558 540 551 225 17 41 1
5 558 541 551 225 17 41 1
5 558 542 551 227 17 41 1
5 558 543 551 227 17 41 1
5 558 544 552 227 18 41 1
5 558 545 552 227 18 41 1
5 558 546 552 227 18 41 1
5 558 547 554 227 18 41 1
5 558 548 554 227 18 41 1
5 558 549 554 227 18 41 1
5 558 550 554 227 18 41 1
5 558 551 556 227 18 41 1
5 558 552 556 227 18 41 1
5 558 553 556 227 18 41 1
5 558 554 558 227 18 41 1
5 558 555 558 227 18 41 1
5 558 556 558 227 18 41 1
5 558 557 560 229 17 41 1
