0 161 300 167 231 17 23 1
0 161 301 167 231 17 23 1
0 161 302 167 231 17 23 1
0 161 303 167 231 17 23 1
0 161 304 167 231 17 23 1
0 161 305 167 231 17 23 1
0 161 306 167 231 17 23 1
0 161 307 167 231 17 23 1
0 161 308 167 231 17 23 1
0 161 309 167 231 17 23 1
0 161 310 167 231 17 23 1
0 161 311 167 231 17 23 1
0 161 312 167 231 17 23 1
0 161 313 167 231 17 23 1
0 161 314 167 231 17 23 1
0 161 315 167 231 17 23 1
0 161 316 167 231 17 23 1
0 161 317 167 231 17 23 1
0 161 318 167 231 17 23 1
0 161 319 167 231 17 23 1
0 161 320 167 231 17 23 1
0 161 321 167 231 17 23 1
0 161 322 167 231 17 23 1
0 161 323 167 231 17 23 1
0 161 324 167 231 17 23 1
0 161 325 167 231 17 23 1
0 161 326 167 231 17 23 1
0 161 327 167 231 17 23 1
0 161 328 167 231 17 23 1
0 161 329 167 231 17 23 1
0 161 330 167 231 17 23 1
0 161 331 167 231 17 23 1
0 161 332 167 231 17 23 1
0 161 333 167 231 17 23 1
0 161 334 167 231 17 23 1
0 161 335 167 231 17 23 1
0 161 336 167 231 17 23 1
0 161 337 167 231 17 23 1
0 161 338 167 231 17 23 1
0 161 339 167 231 17 23 1
0 161 340 167 231 17 23 1
0 161 341 167 231 17 23 1
0 161 342 167 231 17 23 1
0 161 343 167 231 17 23 1
0 161 344 167 231 17 23 1
0 161 345 167 231 17 23 1
0 161 346 167 231 17 23 1
0 161 347 167 231 17 23 1
0 161 348 167 231 17 23 1
0 161 349 167 231 17 23 1
0 161 350 167 231 17 23 1
0 161 351 167 231 17 23 1
0 161 352 167 231 17 23 1
0 161 353 167 231 17 23 1
0 161 354 167 231 17 23 1
0 161 355 167 231 17 23 1
0 161 356 167 231 17 23 1
0 161 357 167 231 17 23 1
0 161 358 167 231 17 23 1
0 161 359 167 231 17 23 1
0 161 360 167 231 17 23 1
0 161 361 167 231 17 23 1
0 161 362 167 231 17 23 1
0 161 363 167 231 17 23 1
0 161 364 167 231 17 23 1
0 161 365 167 231 17 23 1
0 161 366 167 231 17 23 1
0 161 367 167 231 17 23 1
0 161 368 167 231 17 23 1
0 161 369 167 231 17 23 1
0 161 370 167 231 17 23 1
0 161 371 167 231 17 23 1
0 161 372 167 231 17 23 1
0 161 373 167 231 17 23 1
0 161 374 167 231 17 23 1
0 161 375 167 231 17 23 1
0 161 376 167 231 17 23 1
0 161 377 167 231 17 23 1
0 161 378 167 231 17 23 1
0 161 379 167 231 17 23 1
0 161 380 167 231 17 23 1
0 161 381 167 231 17 23 1
0 161 382 168 232 18 24 1
0 161 383 168 231 18 25 1
0 161 384 168 231 18 25 1
0 161 385 168 231 18 25 1
0 161 386 168 231 18 25 1
0 161 387 168 231 18 25 1
0 161 388 168 231 18 25 1
0 161 389 168 231 20 25 1
0 161 390 168 231 20 25 1
0 161 391 168 231 20 25 1
0 161 392 168 229 20 27 1
0 161 393 168 229 20 27 1
0 161 394 168 229 20 27 1
0 161 395 168 229 22 27 1
0 161 396 168 229 22 27 1
0 161 397 168 229 22 27 1
0 161 398 168 229 22 27 1
0 161 399 168 229 22 27 1
0 161 400 168 229 22 27 1
0 161 401 168 229 24 27 1
0 161 402 168 229 24 27 1
0 161 403 168 229 24 27 1
0 161 404 168 229 24 27 1
0 161 405 168 229 24 27 1
0 161 406 168 229 24 27 1
0 161 407 170 229 23 27 1
0 161 408 170 229 23 27 1
0 161 409 170 229 23 27 1
0 161 410 170 229 23 27 1
0 161 411 170 229 23 27 1
0 161 412 170 229 23 27 1
0 161 413 172 229 23 27 1
0 161 414 172 229 23 27 1
0 161 415 172 229 23 27 1
0 161 416 172 229 23 27 1
0 161 417 172 229 23 27 1
0 161 418 172 229 23 27 1
0 161 419 174 229 23 27 1
0 161 420 174 229 23 27 1
0 161 421 174 229 23 27 1
0 161 422 174 229 23 27 1
0 161 423 174 229 23 27 1
0 161 424 174 229 23 27 1
0 161 425 176 229 23 27 1
0 161 426 176 229 23 27 1
0 161 427 176 229 23 27 1
0 161 428 176 229 23 27 1
0 161 429 176 229 23 27 1
0 161 430 177 229 23 27 1
0 161 431 177 229 23 27 1
0 161 432 177 229 23 27 1
0 161 433 177 229 23 27 1
0 161 434 177 229 23 27 1
0 161 435 179 229 23 27 1
0 161 436 179 229 23 27 1
0 161 437 179 229 23 27 1
0 161 438 179 229 23 27 1
0 161 439 181 229 23 27 1
0 161 440 181 229 23 27 1
0 161 441 181 229 23 27 1
0 161 442 181 229 23 27 1
0 161 443 181 229 23 27 1
0 161 444 183 229 23 27 1
0 161 445 183 229 23 27 1
0 161 446 183 229 23 27 1
0 161 447 183 229 23 27 1
0 161 448 184 229 24 27 1
0 161 449 184 229 24 27 1
0 161 450 184 229 24 27 1
0 161 451 186 229 23 27 1
0 161 452 186 229 23 27 1
0 161 453 186 229 23 27 1
0 161 454 188 229 23 27 1
0 161 455 188 229 23 27 1
0 161 456 188 229 23 27 1
0 161 457 190 229 23 27 1
0 161 458 190 229 23 27 1
0 161 459 190 229 23 27 1
0 161 460 192 229 23 27 1
1 415 0 371 284 43 82 1
1 415 1 369 284 43 82 1
1 415 2 369 284 43 82 1
1 415 3 369 284 43 84 1
1 415 4 369 284 43 84 1
1 415 5 369 284 41 84 1
1 415 6 368 286 42 83 1
1 415 7 368 286 42 83 1
1 415 8 368 286 42 83 1
1 415 9 368 286 42 85 1
1 415 10 368 286 40 85 1
1 415 11 366 288 42 83 1
1 415 12 366 288 42 85 1
1 415 13 366 288 42 85 1
1 415 14 366 288 41 85 1
1 415 15 366 288 41 87 1
1 415 16 364 288 43 87 1
1 415 17 364 289 43 86 1
1 415 18 364 289 43 87 1
1 415 19 364 289 41 87 1
1 415 20 364 289 41 87 1
1 415 21 362 289 43 89 1
1 415 22 362 291 43 87 1
1 415 23 362 291 41 87 1
1 415 24 362 291 41 89 1
1 415 25 362 291 41 89 1
1 415 26 360 291 43 89 1
1 415 27 360 291 43 91 1
1 415 28 360 293 41 89 1
1 415 29 360 293 41 91 1
1 415 30 360 293 41 91 1
1 415 31 359 293 42 91 1
1 415 32 359 293 42 92 1
1 415 33 359 295 41 90 1
1 415 34 359 295 41 90 1
1 415 35 359 295 41 92 1
1 415 36 357 295 43 92 1
1 415 37 357 295 41 92 1
1 415 38 357 295 41 94 1
1 415 39 357 296 41 93 1
1 415 40 357 296 41 93 1
1 415 41 355 296 43 95 1
1 415 42 355 296 41 95 1
1 415 43 355 296 41 95 1
1 415 44 355 298 41 94 1
1 415 45 355 298 41 94 1
1 415 46 353 298 41 94 1
1 415 47 353 298 41 96 1
1 415 48 353 298 41 96 1
1 415 49 353 298 41 96 1
1 415 50 353 300 41 96 1
1 415 51 352 300 40 96 1
1 415 52 352 300 40 96 1
1 415 53 352 300 40 98 1
1 415 54 352 300 40 98 1
1 415 55 352 302 40 98 1
1 415 56 350 302 41 98 1
1 415 57 350 302 41 98 1
1 415 58 350 302 41 98 1
1 415 59 350 302 41 99 1
1 415 60 350 302 41 99 1
1 415 61 350 302 41 99 1
1 415 62 350 304 41 97 1
1 415 63 350 304 41 99 1
1 415 64 350 304 41 99 1
1 415 65 350 304 41 99 1
1 415 66 350 304 41 99 1
1 415 67 350 304 41 101 1
1 415 68 350 305 41 100 1
1 415 69 350 305 41 100 1
1 415 70 350 305 41 100 1
1 415 71 350 305 41 102 1
1 415 72 350 305 41 102 1
1 415 73 350 305 41 102 1
1 415 74 350 307 41 100 1
1 415 75 350 307 41 101 1
1 415 76 350 307 41 101 1
1 415 77 350 307 41 101 1
1 415 78 350 307 41 101 1
1 415 79 350 307 41 103 1
1 415 80 350 307 41 103 1
1 415 81 350 309 41 101 1
1 415 82 350 309 41 101 1
1 415 83 350 309 41 103 1
1 415 84 350 309 41 103 1
1 415 85 350 309 41 103 1
1 415 86 350 309 41 103 1
1 415 87 350 311 41 103 1
1 415 88 350 311 41 103 1
1 415 89 350 311 41 103 1
1 415 90 350 311 41 103 1
1 415 91 350 311 41 105 1
1 415 92 350 311 41 105 1
1 415 93 350 312 41 104 1
1 415 94 350 312 41 104 1
1 415 95 350 312 41 105 1
1 415 96 350 312 41 105 1
1 415 97 350 312 41 105 1
1 415 98 350 312 41 105 1
1 415 99 350 314 41 105 1
1 415 100 350 314 41 105 1
1 415 101 350 314 41 105 1
1 415 102 350 314 41 105 1
1 415 103 350 314 41 107 1
1 415 104 350 314 41 107 1
1 415 105 350 314 41 107 1
1 415 106 350 316 41 105 1
1 415 107 350 316 41 107 1
1 415 108 350 316 41 107 1
1 415 109 350 316 41 107 1
1 415 110 350 316 41 107 1
1 415 111 350 316 41 108 1
1 415 112 350 318 41 106 1
1 415 113 350 318 41 106 1
1 415 114 350 318 41 106 1
1 415 115 350 318 41 108 1
1 415 116 350 318 41 108 1
1 415 117 350 318 41 108 1
1 415 118 350 320 41 106 1
1 415 119 350 320 41 108 1
1 415 120 350 320 41 108 1
1 415 121 350 320 41 108 1
1 415 122 350 320 41 108 1
1 415 123 350 320 41 110 1
1 415 124 350 320 41 110 1
1 415 125 350 321 41 109 1
1 415 126 350 321 41 109 1
1 415 127 350 321 41 111 1
1 415 128 350 321 41 111 1
1 415 129 350 321 41 111 1
1 415 130 350 321 41 111 1
1 415 131 350 323 41 110 1
1 415 132 350 323 41 110 1
1 415 133 350 323 41 110 1
1 415 134 350 323 41 110 1
1 415 135 350 323 41 112 1
1 415 136 350 323 41 112 1
1 415 137 350 325 41 110 1
1 415 138 350 325 41 110 1
1 415 139 350 325 41 112 1
1 415 140 350 325 41 112 1
1 415 141 350 325 41 112 1
1 415 142 350 325 41 112 1
1 415 143 350 327 41 112 1
1 415 144 350 327 41 112 1
1 415 145 350 327 41 112 1
1 415 146 350 328 41 112 1
1 415 147 350 328 41 112 1
1 415 148 350 328 41 114 1
1 415 149 350 330 41 112 1
1 415 150 350 330 41 114 1
1 415 151 350 332 41 112 1
1 415 152 350 332 41 114 1
1 415 153 350 332 41 114 1
1 415 154 350 334 41 114 1
1 415 155 352 334 40 114 1
1 415 156 352 336 40 113 1
1 415 157 352 336 40 113 1
1 415 158 352 336 40 115 1
1 415 159 352 337 40 114 1
1 415 160 352 337 40 116 1
1 415 161 352 339 40 114 1
1 415 162 352 339 40 116 1
1 415 163 352 339 40 116 1
1 415 164 352 341 40 115 1
1 415 165 352 341 40 115 1
1 415 166 352 343 40 115 1
1 415 167 353 343 41 115 1
1 415 168 353 343 41 117 1
1 415 169 353 344 41 116 1
1 415 170 353 344 41 118 1
1 415 171 353 346 41 116 1
1 415 172 353 346 41 118 1
1 415 173 353 346 41 118 1
1 415 174 353 348 41 117 1
1 415 175 353 348 41 117 1
1 415 176 353 350 41 117 1
1 415 177 353 350 41 117 1
1 415 178 353 350 41 119 1
1 415 179 355 352 41 117 1
1 415 180 355 352 41 119 1
1 415 181 355 352 41 119 1
1 415 182 355 353 41 119 1
1 415 183 355 353 41 119 1
1 415 184 355 355 41 119 1
1 415 185 355 355 41 119 1
1 415 186 355 355 41 121 1
1 415 187 355 357 41 119 1
1 415 188 355 357 41 121 1
1 415 189 355 359 41 119 1
1 415 190 355 359 41 121 1
1 415 191 357 359 41 121 1
1 415 192 357 360 41 121 1
1 415 193 357 360 41 121 1
1 415 194 357 362 41 121 1
1 415 195 357 362 41 121 1
1 415 196 357 362 41 123 1
1 415 197 357 364 41 121 1
1 415 198 357 364 41 123 1
1 415 199 357 366 41 121 1
1 415 200 357 366 41 122 1
1 415 201 357 366 41 122 1
1 415 202 357 368 41 122 1
1 415 203 359 368 41 122 1
1 415 204 359 369 41 123 1
1 415 205 359 369 41 123 1
1 415 206 359 369 41 125 1
1 415 207 359 371 41 123 1
1 415 208 359 371 41 125 1
1 415 209 359 373 41 123 1
1 415 210 359 373 41 124 1
1 415 211 359 373 41 124 1
1 415 212 359 375 41 124 1
1 415 213 359 375 41 124 1
1 415 214 360 376 41 125 1
1 415 215 360 376 41 125 1
1 415 216 360 376 43 127 1
1 415 217 360 376 45 127 1
1 415 218 360 376 45 128 1
1 415 219 360 376 47 130 1
1 415 220 360 378 48 128 1
1 415 221 360 378 50 130 1
1 415 222 362 378 48 132 1
1 415 223 362 378 50 132 1
1 415 224 362 378 52 134 1
1 415 225 362 380 54 133 1
1 415 226 362 380 54 133 1
1 415 227 362 380 55 135 1
1 415 228 362 380 57 137 1
1 415 229 362 380 59 137 1
1 415 230 364 382 57 137 1
1 415 231 364 382 59 137 1
1 415 232 364 382 60 138 1
1 415 233 364 382 62 140 1
1 415 234 364 382 62 140 1
1 415 235 364 384 64 140 1
1 415 236 364 384 66 142 1
1 415 237 364 384 68 142 1
1 415 238 366 384 66 144 1
1 415 239 366 384 67 145 1
1 415 240 366 385 69 144 1
1 415 241 366 385 71 146 1
1 415 242 366 385 71 148 1
1 415 243 366 385 73 148 1
1 415 244 366 385 74 150 1
1 415 245 368 387 74 149 1
1 415 246 368 387 65 149 1
1 415 247 368 387 58 151 1
1 415 248 368 387 49 153 1
1 415 249 369 389 41 153 1
1 415 250 369 389 43 153 1
1 415 251 371 391 45 153 1
1 415 252 371 391 48 154 1
1 415 253 373 392 48 155 1
1 415 254 373 392 51 157 1
1 415 255 375 394 53 157 1
1 415 256 375 394 55 158 1
1 415 257 376 396 57 158 1
1 415 258 378 398 59 156 1
1 415 259 378 398 61 158 1
1 415 260 380 400 62 158 1
1 415 261 380 400 66 160 1
1 415 262 382 401 66 160 1
1 415 263 382 401 69 162 1
1 415 264 384 403 71 162 1
1 415 265 385 405 73 162 1
1 415 266 385 405 73 162 1
1 415 267 387 407 73 161 1
1 415 268 387 407 75 163 1
1 415 269 389 408 73 164 1
1 415 270 389 410 75 164 1
1 415 271 391 410 74 166 1
1 415 272 392 412 73 165 1
1 415 273 392 412 75 167 1
1 415 274 394 414 75 167 1
1 415 275 394 416 75 167 1
1 415 276 396 416 75 168 1
1 415 277 396 417 76 169 1
1 415 278 398 417 76 171 1
1 415 279 400 419 74 171 1
1 415 280 400 421 76 171 1
1 415 281 401 421 77 172 1
1 415 282 401 423 77 170 1
1 415 283 403 423 77 172 1
1 415 284 403 424 78 173 1
1 415 285 405 426 76 173 1
1 415 286 407 426 76 174 1
1 415 287 407 428 78 174 1
1 415 288 408 428 79 176 1
1 415 289 408 430 79 176 1
1 415 290 410 432 78 176 1
1 415 291 410 432 80 177 1
1 415 292 412 433 78 178 1
1 415 293 414 433 78 180 1
1 415 294 414 435 80 180 1
1 415 295 416 437 78 179 1
1 415 296 416 437 80 181 1
1 415 297 417 439 80 181 1
1 415 298 419 440 80 182 1
1 415 299 419 440 80 184 1
1 415 300 421 442 78 185 1
1 415 301 421 442 80 187 1
1 415 302 423 444 80 187 1
1 415 303 423 444 81 188 1
1 415 304 424 446 84 188 1
1 415 305 424 446 86 190 1
1 415 306 426 448 86 190 1
1 415 307 426 448 89 192 1
1 415 308 428 449 89 192 1
1 415 309 430 451 89 192 1
1 415 310 430 451 90 194 1
1 415 311 432 453 92 194 1
1 415 312 432 453 94 195 1
1 415 313 433 455 95 195 1
1 415 314 433 455 98 197 1
1 415 315 435 456 98 198 1
1 415 316 435 456 100 200 1
1 415 317 437 458 101 199 1
1 415 318 439 460 101 199 1
1 415 319 439 460 103 201 1
1 415 320 440 462 104 201 1
1 415 321 440 462 107 202 1
1 415 322 442 464 107 202 1
1 415 323 442 464 109 204 1
1 415 324 444 465 110 205 1
1 415 325 444 465 112 207 1
1 415 326 446 467 112 206 1
1 415 327 448 469 113 206 1
1 415 328 449 471 116 206 1
1 415 329 451 472 117 207 1
1 415 330 453 474 119 208 1
1 415 331 455 476 121 208 1
1 415 332 456 478 123 210 1
1 415 333 460 481 123 208 1
1 415 334 462 483 124 208 1
1 415 335 464 485 126 210 1
1 415 336 465 487 128 209 1
1 415 337 467 488 130 212 1
1 415 338 469 490 131 212 1
1 415 339 472 494 132 210 1
1 415 340 474 496 134 211 1
1 415 341 476 497 135 212 1
1 415 342 478 499 137 213 1
1 415 343 480 501 138 213 1
1 415 344 483 504 141 214 1
1 415 345 485 506 140 212 1
1 415 346 487 508 140 210 1
1 415 347 488 510 141 208 1
1 415 348 490 512 142 206 1
1 415 349 494 513 140 205 1
1 415 350 496 515 140 203 1
1 415 351 497 517 143 201 1
1 415 352 499 519 142 199 1
1 415 353 501 520 142 198 1
1 415 354 504 524 143 194 1
1 415 355 506 526 142 192 1
1 415 356 508 528 142 190 1
1 415 357 510 529 142 189 1
1 415 358 512 531 144 187 1
1 415 359 515 533 142 185 1
1 415 360 517 535 142 183 1
1 415 361 519 536 144 182 1
1 415 362 520 538 144 180 1
1 415 363 522 540 144 178 1
1 415 364 526 544 144 174 1
1 415 365 528 545 144 173 1
1 415 366 531 547 144 171 1
1 415 367 535 551 144 167 1
1 415 368 538 552 144 166 1
1 415 369 540 556 144 162 1
1 415 370 544 558 144 160 1
1 415 371 547 561 144 157 1
1 415 372 551 563 144 155 1
1 415 373 554 567 144 151 1
1 415 374 556 568 144 150 1
1 415 375 560 572 144 146 1
1 415 376 563 574 144 144 1
1 415 377 567 577 144 141 1
1 415 378 568 579 144 139 1
1 415 379 572 583 144 135 1
1 415 380 576 584 144 134 1
1 415 381 579 588 144 130 1
1 415 382 583 590 144 128 1
1 415 383 584 593 144 125 1
1 415 384 588 595 144 123 1
1 415 385 592 599 144 119 1
1 415 386 595 600 144 118 1
1 415 387 599 604 144 114 1
1 415 388 602 608 144 110 1
1 415 389 608 613 142 105 1
1 415 390 613 616 140 102 1
1 415 391 618 622 139 96 1
1 415 392 622 627 138 91 1
1 415 393 627 631 137 87 1
1 415 394 632 636 136 82 1
1 415 395 638 641 133 77 1
1 415 396 643 643 130 75 1
1 415 397 650 647 125 71 1
1 415 398 656 648 122 70 1
1 415 399 663 652 117 66 1
1 415 400 670 654 112 64 1
1 415 401 675 657 110 61 1
1 415 402 682 659 105 59 1
1 415 403 689 663 100 55 1
1 415 404 695 664 97 54 1
1 415 405 702 668 92 50 1
1 415 406 709 672 89 46 1
1 415 407 732 684 57 34 1
1 415 408 739 688 57 30 1
1 415 409 746 693 57 25 1
1 415 410 755 698 57 20 1
1 415 411 762 700 57 18 1
1 415 412 769 704 57 14 1
1 415 413 776 705 57 13 1
1 415 414 784 709 56 9 1
2 385 76 1253 586 23 128 1
2 385 77 1248 583 24 131 1
2 385 78 1242 581 27 133 1
2 385 79 1237 579 28 135 1
2 385 80 1233 577 29 137 1
2 385 81 1228 576 32 138 1
2 385 82 1223 574 33 140 1
2 385 83 1217 572 36 142 1
2 385 84 1214 570 35 144 1
2 385 85 1208 568 40 146 1
2 385 86 1203 567 41 147 1
2 385 87 1198 565 42 149 1
2 385 88 1194 563 43 151 1
2 385 89 1189 561 44 153 1
2 385 90 1184 560 48 154 1
2 385 91 1178 558 50 156 1
2 385 92 1175 556 49 160 1
2 385 93 1169 554 52 162 1
2 385 94 1164 552 55 164 1
2 385 95 1159 551 57 165 1
2 385 96 1155 549 57 167 1
2 385 97 1150 547 58 169 1
2 385 98 1144 545 61 171 1
2 385 99 1139 544 64 172 1
2 385 100 1136 542 64 174 1
2 385 101 1130 540 66 176 1
2 385 102 1125 538 67 178 1
2 385 103 1120 536 71 180 1
2 385 104 1116 535 71 181 1
2 385 105 1111 533 73 183 1
2 385 106 1105 531 75 185 1
2 385 107 1102 529 76 189 1
2 385 108 1096 528 77 188 1
2 385 109 1093 526 76 190 1
2 385 110 1089 524 77 192 1
2 385 111 1086 524 76 192 1
2 385 112 1082 522 77 194 1
2 385 113 1079 520 74 196 1
2 385 114 1075 519 75 197 1
2 385 115 1072 519 74 197 1
2 385 116 1068 517 75 199 1
2 385 117 1064 515 75 201 1
2 385 118 1061 513 75 203 1
2 385 119 1057 513 73 203 1
2 385 120 1054 512 73 204 1
2 385 121 1050 510 73 206 1
2 385 122 1047 508 73 208 1
2 385 123 1043 508 73 208 1
2 385 124 1040 506 72 210 1
2 385 125 1036 504 71 212 1
2 385 126 1032 503 72 213 1
2 385 127 1029 503 71 213 1
2 385 128 1025 501 71 215 1
2 385 129 1022 499 71 217 1
2 385 130 1018 499 71 217 1
2 385 131 1015 497 69 215 1
2 385 132 1011 496 69 213 1
2 385 133 1008 494 69 211 1
2 385 134 1004 494 69 208 1
2 385 135 1000 492 70 206 1
2 385 136 997 490 69 205 1
2 385 137 993 490 70 201 1
2 385 138 990 488 69 201 1
2 385 139 986 487 70 201 1
2 385 140 983 487 69 199 1
2 385 141 979 485 69 199 1
2 385 142 976 483 69 199 1
2 385 143 972 483 69 197 1
2 385 144 968 481 70 198 1
2 385 145 965 480 71 197 1
2 385 146 961 480 71 195 1
2 385 147 958 478 71 195 1
2 385 148 954 476 71 196 1
2 385 149 951 476 71 194 1
2 385 150 947 474 71 194 1
2 385 151 944 472 71 194 1
2 385 152 940 472 73 194 1
2 385 153 936 471 73 193 1
2 385 154 933 469 73 194 1
2 385 155 929 469 73 192 1
2 385 156 926 467 73 192 1
2 385 157 922 465 73 192 1
2 385 158 919 465 73 191 1
2 385 159 915 464 75 190 1
2 385 160 912 462 74 190 1
2 385 161 908 462 75 188 1
2 385 162 904 460 75 188 1
2 385 163 901 458 75 189 1
2 385 164 897 458 75 187 1
2 385 165 894 456 74 187 1
2 385 166 892 456 75 187 1
2 385 167 888 455 75 186 1
2 385 168 887 455 73 185 1
2 385 169 883 453 73 185 1
2 385 170 881 453 71 183 1
2 385 171 878 451 71 183 1
2 385 172 876 451 71 181 1
2 385 173 872 449 72 182 1
2 385 174 871 449 69 182 1
2 385 175 867 448 69 181 1
2 385 176 865 448 68 179 1
2 385 177 864 446 67 179 1
2 385 178 860 446 68 178 1
2 385 179 858 444 66 178 1
2 385 180 855 444 65 176 1
2 385 181 853 442 64 176 1
2 385 182 849 442 64 176 1
2 385 183 848 440 64 176 1
2 385 184 844 440 64 175 1
2 385 185 842 439 62 174 1
2 385 186 840 439 61 172 1
2 385 187 837 437 60 172 1
2 385 188 835 437 61 171 1
2 385 189 832 435 60 173 1
2 385 190 830 435 58 171 1
2 385 191 826 433 59 171 1
2 385 192 824 433 57 169 1
2 385 193 821 432 57 168 1
2 385 194 819 432 57 167 1
2 385 195 817 430 55 167 1
2 385 196 814 430 55 165 1
2 385 197 812 428 53 167 1
2 385 198 808 428 54 165 1
2 385 199 807 426 53 166 1
2 385 200 803 426 53 164 1
2 385 201 801 424 52 164 1
2 385 202 798 424 51 162 1
2 385 203 796 423 50 161 1
2 385 204 794 423 50 161 1
2 385 205 792 421 50 162 1
2 385 206 791 421 49 160 1
2 385 207 789 419 50 162 1
2 385 208 787 419 50 160 1
2 385 209 785 419 50 160 1
2 385 210 784 417 49 160 1
2 385 211 782 417 50 160 1
2 385 212 780 417 50 159 1
2 385 213 778 416 50 160 1
2 385 214 778 416 50 158 1
2 385 215 776 416 50 158 1
2 385 216 775 414 49 158 1
2 385 217 773 414 50 158 1
2 385 218 771 414 50 156 1
2 385 219 769 412 50 156 1
2 385 220 768 412 49 156 1
2 385 221 766 412 50 155 1
2 385 222 764 410 50 157 1
2 385 223 762 410 50 155 1
2 385 224 762 410 50 155 1
2 385 225 760 408 50 155 1
2 385 226 759 408 49 155 1
2 385 227 757 408 50 153 1
2 385 228 755 407 50 154 1
2 385 229 753 407 50 153 1
2 385 230 752 407 49 153 1
2 385 231 750 405 50 153 1
2 385 232 748 405 50 153 1
2 385 233 748 405 50 151 1
2 385 234 746 403 50 151 1
2 385 235 744 403 50 151 1
2 385 236 743 403 49 149 1
2 385 237 741 401 50 151 1
2 385 238 739 401 50 150 1
2 385 239 737 401 50 150 1
2 385 240 736 400 49 149 1
2 385 241 734 400 50 149 1
2 385 242 732 400 50 147 1
2 385 243 732 398 50 149 1
2 385 244 730 398 50 147 1
2 385 245 728 398 50 147 1
2 385 246 727 396 49 148 1
2 385 247 725 396 50 148 1
2 385 248 723 396 50 146 1
2 385 249 721 394 50 146 1
2 385 250 720 394 49 146 1
2 385 251 718 394 50 144 1
2 385 252 718 392 50 146 1
2 385 253 716 392 50 144 1
2 385 254 714 392 50 144 1
2 385 255 712 391 50 144 1
2 385 256 711 391 49 144 1
2 385 257 709 391 50 142 1
2 385 258 707 389 50 144 1
2 385 259 705 389 50 142 1
2 385 260 704 389 49 142 1
2 385 261 702 387 50 142 1
2 385 262 702 387 50 141 1
2 385 263 700 387 50 141 1
2 385 264 698 385 50 141 1
2 385 265 696 385 50 141 1
2 385 266 695 385 49 139 1
2 385 267 693 384 50 140 1
2 385 268 691 384 50 138 1
2 385 269 689 384 50 138 1
2 385 270 688 382 49 138 1
2 385 271 688 382 49 138 1
2 385 272 686 382 50 137 1
2 385 273 684 380 50 139 1
2 385 274 682 380 50 137 1
2 385 275 680 380 50 137 1
2 385 276 679 378 49 137 1
2 385 277 677 378 50 135 1
2 385 278 675 378 50 135 1
2 385 279 673 376 50 136 1
2 385 280 672 376 49 136 1
2 385 281 672 376 49 134 1
2 385 282 670 375 50 135 1
2 385 283 668 375 50 133 1
2 385 284 666 375 50 133 1
2 385 285 664 373 50 133 1
2 385 286 663 373 49 133 1
2 385 287 661 373 50 131 1
2 385 288 659 371 50 133 1
2 385 289 657 371 50 132 1
2 385 290 657 371 50 132 1
2 385 291 656 369 49 132 1
2 385 292 654 369 50 130 1
2 385 293 652 368 50 131 1
2 385 294 652 368 48 129 1
2 385 295 650 368 50 129 1
2 385 296 648 366 50 130 1
2 385 297 648 366 48 128 1
2 385 298 647 364 48 130 1
2 385 299 645 364 48 128 1
2 385 300 645 364 48 128 1
2 385 301 643 362 48 128 1
2 385 302 641 362 50 128 1
2 385 303 641 362 48 126 1
2 385 304 640 360 49 128 1
2 385 305 640 360 48 128 1
2 385 306 638 360 50 127 1
2 385 307 636 360 50 127 1
2 385 308 636 359 50 128 1
2 385 309 634 359 50 126 1
2 385 310 634 359 50 126 1
2 385 311 632 359 52 126 1
2 385 312 631 357 51 126 1
2 385 313 631 357 51 126 1
2 385 314 629 357 51 126 1
2 385 315 629 357 51 124 1
2 385 316 627 355 52 126 1
2 385 317 625 355 54 126 1
2 385 318 625 355 52 125 1
2 385 319 624 355 53 125 1
2 385 320 624 353 53 127 1
2 385 321 622 353 53 125 1
2 385 322 620 353 55 125 1
2 385 323 620 353 53 125 1
2 385 324 618 352 55 124 1
2 385 325 618 352 54 124 1
2 385 326 616 352 56 124 1
2 385 327 615 352 55 122 1
2 385 328 615 350 55 124 1
2 385 329 613 350 57 124 1
2 385 330 613 350 55 122 1
2 385 331 611 350 57 122 1
2 385 332 609 348 57 124 1
2 385 333 609 348 57 123 1
2 385 334 608 348 56 123 1
2 385 335 608 348 56 123 1
2 385 336 606 346 57 123 1
2 385 337 604 346 59 123 1
2 385 338 604 346 59 123 1
2 385 339 602 346 59 121 1
2 385 340 602 344 59 123 1
2 385 341 600 344 59 123 1
2 385 342 599 344 60 121 1
2 385 343 599 344 58 121 1
2 385 344 597 343 60 122 1
2 385 345 597 343 59 121 1
2 385 346 595 343 61 121 1
2 385 347 595 343 61 121 1
2 385 348 593 341 61 121 1
2 385 349 593 341 61 121 1
2 385 350 592 341 60 121 1
2 385 351 592 341 60 121 1
2 385 352 592 339 60 121 1
2 385 353 590 339 60 121 1
2 385 354 590 339 60 121 1
2 385 355 588 339 60 121 1
2 385 356 588 337 60 121 1
2 385 357 588 337 60 121 1
2 385 358 586 337 61 121 1
2 385 359 586 337 61 121 1
2 385 360 586 336 61 120 1
2 385 361 584 336 61 120 1
2 385 362 584 336 61 120 1
2 385 363 583 336 60 120 1
2 385 364 583 334 60 121 1
2 385 365 583 334 60 121 1
2 385 366 581 334 60 121 1
2 385 367 581 334 60 121 1
2 385 368 581 332 60 121 1
2 385 369 579 332 61 121 1
2 385 370 579 332 61 121 1
2 385 371 577 332 61 121 1
2 385 372 577 330 61 121 1
2 385 373 577 330 61 121 1
2 385 374 576 330 60 121 1
2 385 375 576 330 60 121 1
2 385 376 576 328 60 121 1
2 385 377 574 328 60 121 1
2 385 378 574 328 60 121 1
2 385 379 572 328 60 121 1
2 385 380 572 327 60 121 1
2 385 381 572 327 60 121 1
2 385 382 570 327 61 121 1
2 385 383 570 327 61 121 1
2 385 384 570 325 61 121 1
2 385 385 568 325 61 121 1
2 385 386 568 325 61 121 1
2 385 387 567 325 60 121 1
2 385 388 567 323 60 121 1
2 385 389 567 323 60 121 1
2 385 390 565 323 60 121 1
2 385 391 565 323 60 121 1
2 385 392 565 323 60 121 1
2 385 393 563 321 61 121 1
2 385 394 563 321 59 121 1
2 385 395 561 321 61 121 1
2 385 396 561 321 59 119 1
2 385 397 560 321 60 119 1
2 385 398 560 320 58 120 1
2 385 399 558 320 60 120 1
2 385 400 558 320 58 119 1
2 385 401 556 320 59 119 1
2 385 402 556 320 59 119 1
2 385 403 554 318 59 119 1
2 385 404 554 318 59 119 1
2 385 405 554 318 57 119 1
2 385 406 552 318 59 119 1
2 385 407 552 318 57 117 1
2 385 408 551 316 57 119 1
2 385 409 551 316 57 119 1
2 385 410 549 316 57 117 1
2 385 411 549 316 57 117 1
2 385 412 547 316 57 117 1
2 385 413 547 314 57 119 1
2 385 414 545 314 57 118 1
2 385 415 545 314 57 118 1
2 385 416 545 314 55 118 1
2 385 417 544 314 55 116 1
2 385 418 544 312 55 118 1
2 385 419 542 312 55 118 1
2 385 420 542 312 55 118 1
2 385 421 540 312 55 116 1
2 385 422 540 312 55 116 1
2 385 423 538 311 55 117 1
2 385 424 538 311 54 115 1
2 385 425 536 311 56 115 1
2 385 426 536 311 54 115 1
2 385 427 536 311 54 115 1
2 385 428 535 309 53 115 1
2 385 429 535 309 53 115 1
2 385 430 533 309 53 115 1
2 385 431 533 309 51 114 1
2 385 432 531 309 53 114 1
2 385 433 531 307 52 116 1
2 385 434 529 307 54 116 1
2 385 435 529 307 52 114 1
2 385 436 528 307 53 114 1
2 385 437 528 307 51 114 1
2 385 438 528 307 51 114 1
2 385 439 526 307 51 114 1
2 385 440 524 307 52 114 1
2 385 441 524 307 52 114 1
2 385 442 522 307 52 114 1
2 385 443 522 307 52 114 1
2 385 444 520 307 52 114 1
2 385 445 519 307 51 114 1
2 385 446 519 307 51 114 1
2 385 447 517 307 51 114 1
2 385 448 517 307 51 114 1
2 385 449 515 307 52 114 1
2 385 450 513 307 52 114 1
2 385 451 513 307 52 114 1
2 385 452 512 307 51 114 1
2 385 453 512 307 51 114 1
2 385 454 510 307 51 114 1
2 385 455 508 307 52 114 1
2 385 456 508 307 52 114 1
2 385 457 506 307 52 114 1
2 385 458 506 307 52 114 1
2 385 459 504 307 52 114 1
2 385 460 504 307 52 114 1
3 322 0 103 220 12 16 1
3 322 1 103 218 12 16 1
3 322 2 103 218 12 16 1
3 322 3 103 218 12 16 1
3 322 4 103 218 12 16 1
3 322 5 103 218 12 16 1
3 322 6 103 218 12 16 1
3 322 7 103 218 12 16 1
3 322 8 103 218 12 16 1
3 322 9 103 218 12 16 1
3 322 10 103 218 12 16 1
3 322 11 103 218 12 16 1
3 322 12 103 216 14 18 1
3 322 13 103 216 14 18 1
3 322 14 103 216 14 18 1
3 322 15 103 216 14 18 1
3 322 16 103 216 14 18 1
3 322 17 103 216 14 18 1
3 322 18 103 216 14 18 1
3 322 19 103 216 14 18 1
3 322 20 103 216 14 18 1
3 322 21 103 216 14 18 1
3 322 22 103 216 14 18 1
3 322 23 103 216 14 18 1
3 322 24 103 215 16 19 1
3 322 25 103 215 16 19 1
3 322 26 103 215 16 19 1
3 322 27 103 215 16 19 1
3 322 28 103 215 16 19 1
3 322 29 103 215 16 19 1
3 322 30 103 215 16 19 1
3 322 31 103 215 16 19 1
3 322 32 103 215 16 19 1
3 322 33 103 215 16 19 1
3 322 34 103 215 16 19 1
3 322 35 103 213 17 21 1
3 322 36 103 213 17 21 1
3 322 37 103 213 17 21 1
3 322 38 103 213 17 21 1
3 322 39 103 213 17 21 1
3 322 40 103 213 17 21 1
3 322 41 103 213 17 21 1
3 322 42 103 213 17 21 1
3 322 43 103 213 17 21 1
3 322 44 103 213 17 21 1
3 322 45 103 213 17 21 1
3 322 46 103 213 17 21 1
3 322 47 103 211 19 23 1
3 322 48 103 211 19 23 1
3 322 49 103 211 19 23 1
3 322 50 103 211 19 23 1
3 322 51 103 211 19 23 1
3 322 52 103 211 19 23 1
3 322 53 103 211 19 23 1
3 322 54 103 211 19 23 1
3 322 55 103 211 19 23 1
3 322 56 103 211 19 23 1
3 322 57 103 211 19 23 1
3 322 58 103 211 21 23 1
3 322 59 103 211 21 23 1
3 322 60 103 211 21 23 1
3 322 61 103 211 21 23 1
3 322 62 103 211 21 23 1
3 322 63 103 211 21 23 1
3 322 64 103 211 21 23 1
3 322 65 103 211 21 23 1
3 322 66 103 211 21 23 1
3 322 67 103 211 21 23 1
3 322 68 103 211 21 23 1
3 322 69 103 211 21 23 1
3 322 70 103 211 21 23 1
3 322 71 103 211 21 23 1
3 322 72 103 211 21 23 1
3 322 73 103 211 21 23 1
3 322 74 103 211 21 23 1
3 322 75 103 211 21 23 1
3 322 76 103 211 21 23 1
3 322 77 103 211 21 23 1
3 322 78 103 211 21 23 1
3 322 79 103 211 21 23 1
3 322 80 103 211 21 23 1
3 322 81 103 211 21 23 1
3 322 82 103 211 21 23 1
3 322 83 103 211 21 23 1
3 322 84 103 211 21 23 1
3 322 85 103 211 21 23 1
3 322 86 103 211 21 23 1
3 322 87 103 211 21 23 1
3 322 88 103 211 21 23 1
3 322 89 103 211 21 23 1
3 322 90 103 211 21 23 1
3 322 91 103 211 21 23 1
3 322 92 103 211 21 23 1
3 322 93 103 211 21 23 1
3 322 94 103 211 21 23 1
3 322 95 103 211 21 23 1
3 322 96 103 211 21 23 1
3 322 97 103 211 21 23 1
3 322 98 103 211 21 23 1
3 322 99 103 211 21 23 1
3 322 100 103 211 21 23 1
3 322 101 103 211 21 23 1
3 322 102 103 211 21 23 1
3 322 103 103 211 21 23 1
3 322 104 103 211 21 23 1
3 322 105 103 211 21 23 1
3 322 106 103 211 21 23 1
3 322 107 103 211 21 23 1
3 322 108 103 211 21 23 1
3 322 109 103 211 21 23 1
3 322 110 103 211 21 23 1
3 322 111 103 211 21 23 1
3 322 112 103 211 21 23 1
3 322 113 103 211 21 23 1
3 322 114 103 211 21 23 1
3 322 115 103 211 21 23 1
3 322 116 103 211 21 23 1
3 322 117 103 211 21 23 1
3 322 118 103 211 21 23 1
3 322 119 103 211 21 23 1
3 322 120 103 211 21 23 1
3 322 121 103 211 21 23 1
3 322 122 103 211 21 23 1
3 322 123 103 211 21 23 1
3 322 124 103 211 21 23 1
3 322 125 103 211 21 23 1
3 322 126 103 211 21 23 1
3 322 127 103 211 21 23 1
3 322 128 103 211 21 23 1
3 322 129 103 211 21 23 1
3 322 130 103 211 21 23 1
3 322 131 103 211 21 23 1
3 322 132 103 211 21 23 1
3 322 133 103 211 21 23 1
3 322 134 103 211 21 23 1
3 322 135 103 211 21 23 1
3 322 136 103 211 21 23 1
3 322 137 103 211 21 23 1
3 322 138 103 211 21 23 1
3 322 139 103 211 21 23 1
3 322 140 103 211 21 23 1
3 322 141 103 211 21 23 1
3 322 142 103 211 21 23 1
3 322 143 103 211 21 23 1
3 322 144 103 211 21 23 1
3 322 145 103 211 21 23 1
3 322 146 103 211 21 23 1
3 322 147 103 211 21 23 1
3 322 148 103 211 21 23 1
3 322 149 103 211 21 23 1
3 322 150 103 211 21 23 1
3 322 151 103 211 21 23 1
3 322 152 103 211 21 23 1
3 322 153 103 211 21 23 1
3 322 154 103 211 21 23 1
3 322 155 103 211 21 23 1
3 322 156 103 211 21 23 1
3 322 157 103 211 21 23 1
3 322 158 103 211 21 23 1
3 322 159 103 211 21 23 1
3 322 160 103 211 21 23 1
3 322 161 103 211 21 23 1
3 322 162 103 211 21 23 1
3 322 163 103 211 21 23 1
3 322 164 103 211 21 23 1
3 322 165 103 211 21 23 1
3 322 166 103 211 21 23 1
3 322 167 103 211 21 23 1
3 322 168 103 211 21 23 1
3 322 169 103 211 21 23 1
3 322 170 103 211 21 23 1
3 322 171 103 211 21 23 1
3 322 172 103 211 21 23 1
3 322 173 103 211 21 23 1
3 322 174 103 211 21 23 1
3 322 175 103 211 21 23 1
3 322 176 103 211 21 23 1
3 322 177 103 211 21 23 1
3 322 178 103 211 21 23 1
3 322 179 103 211 21 23 1
3 322 180 103 211 21 23 1
3 322 181 103 211 21 23 1
3 322 182 103 211 21 23 1
3 322 183 103 211 21 23 1
3 322 184 103 211 21 23 1
3 322 185 103 211 21 23 1
3 322 186 103 211 21 23 1
3 322 187 103 211 21 23 1
3 322 188 103 211 21 23 1
3 322 189 103 211 21 23 1
3 322 190 103 211 21 23 1
3 322 191 103 211 21 23 1
3 322 192 103 211 21 23 1
3 322 193 103 211 21 23 1
3 322 194 103 211 21 23 1
3 322 195 103 211 21 23 1
3 322 196 103 211 21 23 1
3 322 197 103 211 21 23 1
3 322 198 103 211 21 23 1
3 322 199 103 211 21 23 1
3 322 200 103 211 21 23 1
3 322 201 103 211 21 23 1
3 322 202 103 211 21 23 1
3 322 203 103 211 21 23 1
3 322 204 103 211 21 23 1
3 322 205 103 211 21 23 1
3 322 206 103 211 21 23 1
3 322 207 103 211 21 23 1
3 322 208 103 211 21 23 1
3 322 209 103 211 21 23 1
3 322 210 103 211 21 23 1
3 322 211 103 211 21 23 1
3 322 212 103 211 21 23 1
3 322 213 103 211 21 23 1
3 322 214 103 211 21 23 1
3 322 215 103 211 21 23 1
3 322 216 103 211 21 23 1
3 322 217 103 211 21 23 1
3 322 218 103 211 21 23 1
3 322 219 103 211 21 23 1
3 322 220 103 211 21 23 1
3 322 221 103 211 21 23 1
3 322 222 103 211 21 23 1
3 322 223 103 211 21 23 1
3 322 224 103 211 21 23 1
3 322 225 103 211 21 23 1
3 322 226 103 211 21 23 1
3 322 227 103 211 21 23 1
3 322 228 103 211 21 23 1
3 322 229 103 211 21 23 1
3 322 230 103 211 21 23 1
3 322 231 103 211 21 23 1
3 322 232 103 211 21 23 1
3 322 233 103 211 21 23 1
3 322 234 103 211 21 23 1
3 322 235 103 211 21 23 1
3 322 236 103 211 21 23 1
3 322 237 103 211 21 23 1
3 322 238 103 211 21 23 1
3 322 239 103 211 21 23 1
3 322 240 103 211 21 23 1
3 322 241 103 211 21 23 1
3 322 242 103 211 21 23 1
3 322 243 103 211 21 23 1
3 322 244 103 211 21 23 1
3 322 245 103 211 21 23 1
3 322 246 103 211 21 23 1
3 322 247 103 211 21 23 1
3 322 248 103 211 21 23 1
3 322 249 103 211 21 23 1
3 322 250 103 211 21 23 1
3 322 251 103 211 21 23 1
3 322 252 103 211 21 23 1
3 322 253 103 211 21 23 1
3 322 254 103 211 21 23 1
3 322 255 103 211 21 23 1
3 322 256 103 211 21 23 1
3 322 257 103 211 21 23 1
3 322 258 103 211 21 23 1
3 322 259 103 211 21 23 1
3 322 260 103 211 21 23 1
3 322 261 103 211 21 23 1
3 322 262 103 211 21 23 1
3 322 263 103 211 21 23 1
3 322 264 103 211 21 23 1
3 322 265 103 211 21 23 1
3 322 266 103 211 21 23 1
3 322 267 103 211 21 23 1
3 322 268 103 211 21 23 1
3 322 269 103 211 21 23 1
3 322 270 103 211 21 23 1
3 322 271 103 211 21 23 1
3 322 272 103 211 21 23 1
3 322 273 103 211 21 23 1
3 322 274 103 211 21 23 1
3 322 275 103 211 21 23 1
3 322 276 103 211 21 23 1
3 322 277 103 211 21 23 1
3 322 278 103 211 21 23 1
3 322 279 103 211 21 23 1
3 322 280 103 211 21 23 1
3 322 281 103 211 21 23 1
3 322 282 103 211 21 23 1
3 322 283 103 211 21 23 1
3 322 284 103 211 21 23 1
3 322 285 103 211 21 23 1
3 322 286 103 211 21 23 1
3 322 287 103 211 21 23 1
3 322 288 103 211 21 23 1
3 322 289 103 211 21 23 1
3 322 290 103 211 21 23 1
3 322 291 103 211 21 23 1
3 322 292 103 211 21 23 1
3 322 293 103 211 21 23 1
3 322 294 103 211 21 23 1
3 322 295 103 211 21 23 1
3 322 296 103 211 21 23 1
3 322 297 103 211 21 23 1
3 322 298 103 211 21 23 1
3 322 299 103 211 21 23 1
3 322 300 103 211 21 23 1
3 322 301 103 211 21 23 1
3 322 302 103 211 21 23 1
3 322 303 103 211 21 23 1
3 322 304 103 211 21 23 1
3 322 305 103 211 21 23 1
3 322 306 103 211 21 23 1
3 322 307 103 211 21 23 1
3 322 308 103 211 21 23 1
3 322 309 103 211 21 23 1
3 322 310 103 211 21 23 1
3 322 311 103 211 21 23 1
3 322 312 103 211 21 23 1
3 322 313 103 211 21 23 1
3 322 314 103 211 21 23 1
3 322 315 103 211 21 23 1
3 322 316 103 211 21 23 1
3 322 317 103 211 21 23 1
3 322 318 103 211 21 23 1
3 322 319 103 211 21 23 1
3 322 320 103 211 21 23 1
3 322 321 103 211 21 23 1
4 322 0 110 213 26 18 2
4 322 1 108 211 27 18 2
4 322 2 106 211 27 18 2
4 322 3 104 211 27 18 2
4 322 4 103 211 26 18 2
4 322 5 101 211 27 18 2
4 322 6 99 211 27 18 2
4 322 7 97 211 27 18 2
4 322 8 96 211 26 18 2
4 322 9 94 211 26 18 2
4 322 10 92 211 27 18 2
4 322 11 90 211 27 18 2
4 322 12 88 211 27 18 2
4 322 13 87 211 26 18 2
4 322 14 85 211 27 18 2
4 322 15 83 211 27 18 2
4 322 16 81 211 27 18 2
4 322 17 80 211 26 18 2
4 322 18 78 211 26 18 2
4 322 19 76 211 27 18 2
4 322 20 76 211 25 18 2
4 322 21 76 211 25 18 2
4 322 22 76 211 25 18 2
4 322 23 76 211 25 18 2
4 322 24 76 211 25 18 2
4 322 25 76 211 25 18 2
4 322 26 76 211 25 18 2
4 322 27 76 211 25 18 2
4 322 28 76 211 25 18 2
4 322 29 76 211 25 18 2
4 322 30 76 211 25 18 2
4 322 31 76 211 25 18 2
4 322 32 76 211 25 18 2
4 322 33 76 211 25 18 2
4 322 34 76 211 25 18 2
4 322 35 76 211 25 18 2
4 322 36 76 211 25 18 2
4 322 37 76 211 25 18 2
4 322 38 76 211 25 18 2
4 322 39 76 211 25 18 2
4 322 40 76 211 25 18 2
4 322 41 76 211 25 18 2
4 322 42 76 211 25 18 2
4 322 43 76 211 25 18 2
4 322 44 76 211 25 18 2
4 322 45 76 211 25 18 2
4 322 46 76 211 25 18 2
4 322 47 76 211 25 18 2
4 322 48 76 211 25 18 2
4 322 49 76 211 25 18 2
4 322 50 76 211 25 18 2
4 322 51 76 211 25 18 2
4 322 52 76 211 25 18 2
4 322 53 76 211 25 18 2
4 322 54 76 211 25 18 2
4 322 55 76 211 25 18 2
4 322 56 76 211 25 18 2
4 322 57 76 211 25 18 2
4 322 58 76 211 25 18 2
4 322 59 76 211 25 18 2
4 322 60 76 211 25 18 2
4 322 61 76 211 25 18 2
4 322 62 76 211 25 18 2
4 322 63 76 211 25 18 2
4 322 64 76 211 25 18 2
4 322 65 76 211 25 18 2
4 322 66 76 211 25 18 2
4 322 67 76 211 25 18 2
4 322 68 76 211 25 18 2
4 322 69 76 211 25 18 2
4 322 70 76 211 25 18 2
4 322 71 76 211 25 18 2
4 322 72 76 211 25 18 2
4 322 73 76 211 25 18 2
4 322 74 76 211 25 18 2
4 322 75 76 211 25 18 2
4 322 76 76 211 25 18 2
4 322 77 76 211 25 18 2
4 322 78 76 211 25 18 2
4 322 79 76 211 25 18 2
4 322 80 76 211 25 18 2
4 322 81 76 211 25 18 2
4 322 82 76 211 25 18 2
4 322 83 76 211 25 18 2
4 322 84 76 211 25 18 2
4 322 85 76 211 25 18 2
4 322 86 76 211 25 18 2
4 322 87 76 211 25 18 2
4 322 88 76 211 25 18 2
4 322 89 76 211 25 18 2
4 322 90 76 211 25 18 2
4 322 91 76 211 25 18 2
4 322 92 76 211 25 18 2
4 322 93 76 211 25 18 2
4 322 94 76 211 25 18 2
4 322 95 76 211 25 18 2
4 322 96 76 211 25 18 2
4 322 97 76 211 25 18 2
4 322 98 76 211 25 18 2
4 322 99 76 211 25 18 2
4 322 100 76 211 25 18 2
4 322 101 76 211 25 18 2
4 322 102 76 211 25 18 2
4 322 103 76 211 25 18 2
4 322 104 76 211 25 18 2
4 322 105 76 211 25 18 2
4 322 106 76 211 25 18 2
4 322 107 76 211 25 18 2
4 322 108 76 211 25 18 2
4 322 109 76 211 25 18 2
4 322 110 76 211 25 18 2
4 322 111 76 211 25 18 2
4 322 112 76 211 25 18 2
4 322 113 76 211 25 18 2
4 322 114 76 211 25 18 2
4 322 115 76 211 25 18 2
4 322 116 76 211 25 18 2
4 322 117 76 211 25 18 2
4 322 118 76 211 25 18 2
4 322 119 76 211 25 18 2
4 322 120 76 211 25 18 2
4 322 121 76 211 25 18 2
4 322 122 76 211 25 18 2
4 322 123 76 211 25 18 2
4 322 124 76 211 25 18 2
4 322 125 76 211 25 18 2
4 322 126 76 211 25 18 2
4 322 127 76 211 25 18 2
4 322 128 76 211 25 18 2
4 322 129 76 211 25 18 2
4 322 130 76 211 25 18 2
4 322 131 76 211 25 18 2
4 322 132 76 211 25 18 2
4 322 133 76 211 25 18 2
4 322 134 76 211 25 18 2
4 322 135 76 211 25 18 2
4 322 136 76 211 25 18 2
4 322 137 76 211 25 18 2
4 322 138 76 211 25 18 2
4 322 139 76 211 25 18 2
4 322 140 76 211 25 18 2
4 322 141 76 211 25 18 2
4 322 142 76 211 25 18 2
4 322 143 76 211 25 18 2
4 322 144 76 211 25 18 2
4 322 145 76 211 25 18 2
4 322 146 76 211 25 18 2
4 322 147 76 211 25 18 2
4 322 148 76 211 25 18 2
4 322 149 76 211 25 18 2
4 322 150 76 211 25 18 2
4 322 151 76 211 25 18 2
4 322 152 76 211 25 18 2
4 322 153 76 211 25 18 2
4 322 154 76 211 25 18 2
4 322 155 76 211 25 18 2
4 322 156 76 211 25 18 2
4 322 157 76 211 25 18 2
4 322 158 76 211 25 18 2
4 322 159 76 211 25 18 2
4 322 160 76 211 25 18 2
4 322 161 76 211 25 18 2
4 322 162 76 211 25 18 2
4 322 163 76 211 25 18 2
4 322 164 76 211 25 18 2
4 322 165 76 211 25 18 2
4 322 166 76 211 25 18 2
4 322 167 76 211 25 18 2
4 322 168 76 211 25 18 2
4 322 169 76 211 25 18 2
4 322 170 76 211 25 18 2
4 322 171 76 211 25 18 2
4 322 172 76 211 25 18 2
4 322 173 76 211 25 18 2
4 322 174 76 211 25 18 2
4 322 175 76 211 25 18 2
4 322 176 76 211 25 18 2
4 322 177 76 211 25 18 2
4 322 178 76 211 25 18 2
4 322 179 76 211 25 18 2
4 322 180 76 211 25 18 2
4 322 181 76 211 25 18 2
4 322 182 76 211 25 18 2
4 322 183 76 211 25 18 2
4 322 184 76 211 25 18 2
4 322 185 76 211 25 18 2
4 322 186 76 211 25 18 2
4 322 187 76 211 25 18 2
4 322 188 76 211 25 18 2
4 322 189 76 211 25 18 2
4 322 190 76 211 25 18 2
4 322 191 76 211 25 18 2
4 322 192 76 211 25 18 2
4 322 193 76 211 25 18 2
4 322 194 76 211 25 18 2
4 322 195 76 211 25 18 2
4 322 196 76 211 25 18 2
4 322 197 76 211 25 18 2
4 322 198 76 211 25 18 2
4 322 199 76 211 25 18 2
4 322 200 76 211 25 18 2
4 322 201 76 211 25 18 2
4 322 202 76 211 25 18 2
4 322 203 76 211 25 18 2
4 322 204 76 211 25 18 2
4 322 205 76 211 25 18 2
4 322 206 76 211 25 18 2
4 322 207 76 211 25 18 2
4 322 208 76 211 25 18 2
4 322 209 76 211 25 18 2
4 322 210 76 211 25 18 2
4 322 211 76 211 25 18 2
4 322 212 76 211 25 18 2
4 322 213 76 211 25 18 2
4 322 214 76 211 25 18 2
4 322 215 76 211 25 18 2
4 322 216 76 211 25 18 2
4 322 217 76 211 25 18 2
4 322 218 76 211 25 18 2
4 322 219 76 211 25 18 2
4 322 220 76 211 25 18 2
4 322 221 76 211 25 18 2
4 322 222 76 211 25 18 2
4 322 223 76 211 25 18 2
4 322 224 76 211 25 18 2
4 322 225 76 211 25 18 2
4 322 226 76 211 25 18 2
4 322 227 76 211 25 18 2
4 322 228 76 211 25 18 2
4 322 229 76 211 25 18 2
4 322 230 76 211 25 18 2
4 322 231 76 211 25 18 2
4 322 232 76 211 25 18 2
4 322 233 76 211 25 18 2
4 322 234 76 211 25 18 2
4 322 235 76 211 25 18 2
4 322 236 76 211 25 18 2
4 322 237 76 211 25 18 2
4 322 238 76 211 25 18 2
4 322 239 76 211 25 18 2
4 322 240 76 211 25 18 2
4 322 241 76 211 25 18 2
4 322 242 76 211 25 18 2
4 322 243 76 211 25 18 2
4 322 244 76 211 25 18 2
4 322 245 76 211 25 18 2
4 322 246 76 211 25 18 2
4 322 247 76 211 25 18 2
4 322 248 76 211 25 18 2
4 322 249 76 211 25 18 2
4 322 250 76 211 25 18 2
4 322 251 76 211 25 18 2
4 322 252 76 211 25 18 2
4 322 253 76 211 25 18 2
4 322 254 76 211 25 18 2
4 322 255 76 211 25 18 2
4 322 256 76 211 25 18 2
4 322 257 76 211 25 18 2
4 322 258 76 211 25 18 2
4 322 259 76 211 25 18 2
4 322 260 76 211 25 18 2
4 322 261 76 211 25 18 2
4 322 262 76 211 25 18 2
4 322 263 76 211 25 18 2
4 322 264 76 211 25 18 2
4 322 265 76 211 25 18 2
4 322 266 76 211 25 18 2
4 322 267 76 211 25 18 2
4 322 268 76 211 25 18 2
4 322 269 76 211 25 18 2
4 322 270 76 211 25 18 2
4 322 271 76 211 25 18 2
4 322 272 76 211 25 18 2
4 322 273 76 211 25 18 2
4 322 274 76 211 25 18 2
4 322 275 76 211 25 18 2
4 322 276 76 211 25 18 2
4 322 277 76 211 25 18 2
4 322 278 76 211 25 18 2
4 322 279 76 211 25 18 2
4 322 280 76 211 25 18 2
4 322 281 76 211 25 18 2
4 322 282 76 211 25 18 2
4 322 283 76 211 25 18 2
4 322 284 76 211 25 18 2
4 322 285 76 211 25 18 2
4 322 286 76 211 25 18 2
4 322 287 76 211 25 18 2
4 322 288 76 211 25 18 2
4 322 289 76 211 25 18 2
4 322 290 76 211 25 18 2
4 322 291 76 211 25 18 2
4 322 292 76 211 25 18 2
4 322 293 76 211 25 18 2
4 322 294 76 211 25 18 2
4 322 295 76 211 25 18 2
4 322 296 76 211 25 18 2
4 322 297 76 211 25 18 2
4 322 298 76 211 25 18 2
4 322 299 76 211 25 18 2
4 322 300 76 211 25 18 2
4 322 301 76 211 25 18 2
4 322 302 76 211 25 18 2
4 322 303 76 211 25 18 2
4 322 304 76 211 25 18 2
4 322 305 76 211 25 18 2
4 322 306 76 211 25 18 2
4 322 307 76 211 25 18 2
4 322 308 76 211 25 18 2
4 322 309 76 211 25 18 2
4 322 310 76 211 25 18 2
4 322 311 76 211 25 18 2
4 322 312 76 211 25 18 2
4 322 313 76 211 25 18 2
4 322 314 76 211 25 18 2
4 322 315 76 211 25 18 2
4 322 316 76 211 25 18 2
4 322 317 76 211 25 18 2
4 322 318 76 211 25 18 2
4 322 319 76 211 25 18 2
4 322 320 76 211 25 18 2
4 322 321 76 211 25 18 2
5 291 31 103 218 9 11 1
5 291 32 103 218 9 11 1
5 291 33 103 218 9 11 1
5 291 34 103 218 9 11 1
5 291 35 103 218 9 11 1
5 291 36 103 218 9 11 1
5 291 37 103 218 9 11 1
5 291 38 103 218 9 11 1
5 291 39 103 218 9 11 1
5 291 40 103 218 9 11 1
5 291 41 103 218 9 11 1
5 291 42 103 218 9 11 1
5 291 43 103 218 9 11 1
5 291 44 103 218 9 11 1
5 291 45 103 218 9 11 1
5 291 46 103 218 9 11 1
5 291 47 103 218 9 11 1
5 291 48 103 218 9 11 1
5 291 49 103 218 9 11 1
5 291 50 103 218 9 11 1
5 291 51 103 218 9 11 1
5 291 52 103 218 9 11 1
5 291 53 103 218 9 11 1
5 291 54 103 218 9 11 1
5 291 55 103 218 9 11 1
5 291 56 103 218 9 11 1
5 291 57 103 218 9 11 1
5 291 58 103 218 9 11 1
5 291 59 103 218 9 11 1
5 291 60 103 218 9 11 1
5 291 61 103 218 9 11 1
5 291 62 103 218 9 11 1
5 291 63 103 218 9 11 1
5 291 64 103 218 9 11 1
5 291 65 103 218 9 11 1
5 291 66 103 218 9 11 1
5 291 67 103 218 9 11 1
5 291 68 103 218 9 11 1
5 291 69 103 218 9 11 1
5 291 70 103 218 9 11 1
5 291 71 103 218 9 11 1
5 291 72 103 218 9 11 1
5 291 73 103 218 9 11 1
5 291 74 103 218 9 11 1
5 291 75 103 218 9 11 1
5 291 76 103 218 9 11 1
5 291 77 103 218 9 11 1
5 291 78 103 218 9 11 1
5 291 79 103 218 9 11 1
5 291 80 103 218 9 11 1
5 291 81 103 218 9 11 1
5 291 82 103 218 9 11 1
5 291 83 103 218 9 11 1
5 291 84 103 218 9 11 1
5 291 85 103 218 9 11 1
5 291 86 103 218 9 11 1
5 291 87 103 218 9 11 1
5 291 88 103 218 9 11 1
5 291 89 103 218 9 11 1
5 291 90 103 218 9 11 1
5 291 91 103 218 9 11 1
5 291 92 103 218 9 11 1
5 291 93 103 218 9 11 1
5 291 94 103 218 9 11 1
5 291 95 103 218 9 11 1
5 291 96 103 218 9 11 1
5 291 97 103 218 9 11 1
5 291 98 103 218 9 11 1
5 291 99 103 218 9 11 1
5 291 100 103 218 9 11 1
5 291 101 103 218 9 11 1
5 291 102 103 218 9 11 1
5 291 103 103 218 9 11 1
5 291 104 103 218 9 11 1
5 291 105 103 218 9 11 1
5 291 106 103 218 9 11 1
5 291 107 103 218 9 11 1
5 291 108 103 218 9 11 1
5 291 109 103 218 9 11 1
5 291 110 103 218 9 11 1
5 291 111 103 218 9 11 1
5 291 112 103 218 9 11 1
5 291 113 103 218 9 11 1
5 291 114 103 218 9 11 1
5 291 115 103 218 9 11 1
5 291 116 103 218 9 11 1
5 291 117 103 218 9 11 1
5 291 118 103 218 9 11 1
5 291 119 103 218 9 11 1
5 291 120 103 218 9 11 1
5 291 121 103 218 9 11 1
5 291 122 103 218 9 11 1
5 291 123 103 218 9 11 1
5 291 124 103 218 9 11 1
5 291 125 103 218 9 11 1
5 291 126 103 218 9 11 1
5 291 127 103 218 9 11 1
5 291 128 103 218 9 11 1
5 291 129 103 218 9 11 1
5 291 130 103 218 9 11 1
5 291 131 103 218 9 11 1
5 291 132 103 218 9 11 1
5 291 133 103 218 9 11 1
5 291 134 103 218 9 11 1
5 291 135 103 218 9 11 1
5 291 136 103 218 9 11 1
5 291 137 103 218 9 11 1
5 291 138 103 218 9 11 1
5 291 139 103 218 9 11 1
5 291 140 103 218 9 11 1
5 291 141 103 218 9 11 1
5 291 142 103 218 9 11 1
5 291 143 103 218 9 11 1
5 291 144 103 218 9 11 1
5 291 145 103 218 9 11 1
5 291 146 103 218 9 11 1
5 291 147 103 218 9 11 1
5 291 148 103 218 9 11 1
5 291 149 103 218 9 11 1
5 291 150 103 218 9 11 1
5 291 151 103 218 9 11 1
5 291 152 103 218 9 11 1
5 291 153 103 218 9 11 1
5 291 154 103 218 9 11 1
5 291 155 103 218 9 11 1
5 291 156 103 218 9 11 1
5 291 157 103 218 9 11 1
5 291 158 103 218 9 11 1
5 291 159 103 218 9 11 1
5 291 160 103 218 9 11 1
5 291 161 103 218 9 11 1
5 291 162 103 218 9 11 1
5 291 163 103 218 9 11 1
5 291 164 103 218 9 11 1
5 291 165 103 218 9 11 1
5 291 166 103 218 9 11 1
5 291 167 103 218 9 11 1
5 291 168 103 218 9 11 1
5 291 169 103 218 9 11 1
5 291 170 103 218 9 11 1
5 291 171 103 218 9 11 1
5 291 172 103 218 9 11 1
5 291 173 103 218 9 11 1
5 291 174 103 218 9 11 1
5 291 175 103 218 9 11 1
5 291 176 103 218 9 11 1
5 291 177 103 218 9 11 1
5 291 178 103 218 9 11 1
5 291 179 103 218 9 11 1
5 291 180 103 218 9 11 1
5 291 181 103 218 9 11 1
5 291 182 103 218 9 11 1
5 291 183 103 218 9 11 1
5 291 184 103 218 9 11 1
5 291 185 103 218 9 11 1
5 291 186 103 218 9 11 1
5 291 187 103 218 9 11 1
5 291 188 103 218 9 11 1
5 291 189 103 218 9 11 1
5 291 190 103 218 9 11 1
5 291 191 103 218 9 11 1
5 291 192 103 218 9 11 1
5 291 193 103 218 9 11 1
5 291 194 103 218 9 11 1
5 291 195 103 218 9 11 1
5 291 196 103 218 9 11 1
5 291 197 103 218 9 11 1
5 291 198 103 218 9 11 1
5 291 199 103 218 9 11 1
5 291 200 103 218 9 11 1
5 291 201 103 218 9 11 1
5 291 202 103 218 9 11 1
5 291 203 103 218 9 11 1
5 291 204 103 218 9 11 1
5 291 205 103 218 9 11 1
5 291 206 103 218 9 11 1
5 291 207 103 218 9 11 1
5 291 208 103 218 9 11 1
5 291 209 103 218 9 11 1
5 291 210 103 218 9 11 1
5 291 211 103 218 9 11 1
5 291 212 103 218 9 11 1
5 291 213 103 218 9 11 1
5 291 214 103 218 9 11 1
5 291 215 103 218 9 11 1
5 291 216 103 218 9 11 1
5 291 217 103 218 9 11 1
5 291 218 103 218 9 11 1
5 291 219 103 218 9 11 1
5 291 220 103 218 9 11 1
5 291 221 103 218 9 11 1
5 291 222 103 218 9 11 1
5 291 223 103 218 9 11 1
5 291 224 103 218 9 11 1
5 291 225 103 218 9 11 1
5 291 226 103 218 9 11 1
5 291 227 103 218 9 11 1
5 291 228 103 218 9 11 1
5 291 229 103 218 9 11 1
5 291 230 103 218 9 11 1
5 291 231 103 218 9 11 1
5 291 232 103 218 9 11 1
5 291 233 103 218 9 11 1
5 291 234 103 218 9 11 1
5 291 235 103 218 9 11 1
5 291 236 103 218 9 11 1
5 291 237 103 218 9 11 1
5 291 238 103 218 9 11 1
5 291 239 103 218 9 11 1
5 291 240 103 218 9 11 1
5 291 241 103 218 9 11 1
5 291 242 103 218 9 11 1
5 291 243 103 218 9 11 1
5 291 244 103 218 9 11 1
5 291 245 103 218 9 11 1
5 291 246 103 218 9 11 1
5 291 247 103 218 9 11 1
5 291 248 103 218 9 11 1
5 291 249 103 218 9 11 1
5 291 250 103 218 9 11 1
5 291 251 103 218 9 11 1
5 291 252 103 218 9 11 1
5 291 253 103 218 9 11 1
5 291 254 103 218 9 11 1
5 291 255 103 218 9 11 1
5 291 256 103 218 9 11 1
5 291 257 103 218 9 11 1
5 291 258 103 218 9 11 1
5 291 259 103 218 9 11 1
5 291 260 103 218 9 11 1
5 291 261 103 218 9 11 1
5 291 262 103 218 9 11 1
5 291 263 103 218 9 11 1
5 291 264 103 218 9 11 1
5 291 265 103 218 9 11 1
5 291 266 103 218 9 11 1
5 291 267 103 218 9 11 1
5 291 268 103 218 9 11 1
5 291 269 103 218 9 11 1
5 291 270 103 218 9 11 1
5 291 271 103 218 9 11 1
5 291 272 103 218 9 11 1
5 291 273 103 218 9 11 1
5 291 274 103 218 9 11 1
5 291 275 103 218 9 11 1
5 291 276 103 218 9 11 1
5 291 277 103 218 9 11 1
5 291 278 103 218 9 11 1
5 291 279 103 218 9 11 1
5 291 280 103 218 9 11 1
5 291 281 103 218 9 11 1
5 291 282 103 218 9 11 1
5 291 283 103 218 9 11 1
5 291 284 103 218 9 11 1
5 291 285 103 218 9 11 1
5 291 286 103 218 9 11 1
5 291 287 103 218 9 11 1
5 291 288 103 218 9 11 1
5 291 289 103 218 9 11 1
5 291 290 103 218 9 11 1
5 291 291 103 218 9 11 1
5 291 292 103 218 9 11 1
5 291 293 103 218 9 11 1
5 291 294 103 218 9 11 1
5 291 295 103 218 9 11 1
5 291 296 103 218 9 11 1
5 291 297 103 218 9 11 1
5 291 298 103 218 9 11 1
5 291 299 103 218 9 11 1
5 291 300 103 218 9 11 1
5 291 301 103 218 9 11 1
5 291 302 103 218 9 11 1
5 291 303 103 218 9 11 1
5 291 304 103 218 9 11 1
5 291 305 103 218 9 11 1
5 291 306 103 218 9 11 1
5 291 307 103 218 9 11 1
5 291 308 103 218 9 11 1
5 291 309 103 218 9 11 1
5 291 310 103 218 9 11 1
5 291 311 103 218 9 11 1
5 291 312 103 218 9 11 1
5 291 313 103 218 9 11 1
5 291 314 103 218 9 11 1
5 291 315 103 218 9 11 1
5 291 316 103 218 9 11 1
5 291 317 103 218 9 11 1
5 291 318 103 218 9 11 1
5 291 319 103 218 9 11 1
5 291 320 103 218 9 11 1
5 291 321 103 218 9 11 1
6 322 0 188 225 23 36 1
6 322 1 186 225 23 36 1
6 322 2 186 225 23 36 1
6 322 3 186 225 23 36 1
6 322 4 186 225 23 36 1
6 322 5 186 225 23 36 1
6 322 6 186 225 23 36 1
6 322 7 186 225 23 36 1
6 322 8 186 225 23 36 1
6 322 9 186 225 23 36 1
6 322 10 186 225 23 36 1
6 322 11 186 225 23 36 1
6 322 12 186 225 23 36 1
6 322 13 186 225 23 36 1
6 322 14 186 225 23 36 1
6 322 15 186 225 23 36 1
6 322 16 186 225 23 36 1
6 322 17 186 225 23 36 1
6 322 18 186 225 23 36 1
6 322 19 186 225 23 36 1
6 322 20 186 225 23 36 1
6 322 21 186 225 23 36 1
6 322 22 186 225 23 36 1
6 322 23 186 225 23 36 1
6 322 24 186 225 23 36 1
6 322 25 186 225 23 36 1
6 322 26 186 225 23 36 1
6 322 27 186 225 22 36 1
6 322 28 186 225 22 36 1
6 322 29 186 225 22 36 1
6 322 30 184 225 24 36 1
6 322 31 184 225 24 36 1
6 322 32 184 225 24 36 1
6 322 33 184 225 24 36 1
6 322 34 184 225 24 36 1
6 322 35 184 225 24 36 1
6 322 36 184 225 24 36 1
6 322 37 184 225 24 36 1
6 322 38 184 225 24 36 1
6 322 39 184 225 24 36 1
6 322 40 184 225 24 36 1
6 322 41 184 225 24 36 1
6 322 42 184 225 24 36 1
6 322 43 184 225 24 36 1
6 322 44 184 225 24 36 1
6 322 45 184 225 24 36 1
6 322 46 184 225 24 36 1
6 322 47 184 225 24 36 1
6 322 48 184 225 24 36 1
6 322 49 184 225 24 36 1
6 322 50 184 225 24 36 1
6 322 51 184 225 24 36 1
6 322 52 184 225 24 36 1
6 322 53 184 225 24 36 1
6 322 54 184 225 22 36 1
6 322 55 184 225 22 36 1
6 322 56 184 225 22 36 1
6 322 57 184 225 22 36 1
6 322 58 184 225 22 36 1
6 322 59 183 225 23 36 1
6 322 60 183 225 23 36 1
6 322 61 183 225 23 36 1
6 322 62 183 225 23 36 1
6 322 63 183 225 23 36 1
6 322 64 183 225 23 36 1
6 322 65 183 225 23 36 1
6 322 66 183 225 23 36 1
6 322 67 183 225 23 36 1
6 322 68 183 225 23 36 1
6 322 69 183 225 23 36 1
6 322 70 183 225 23 36 1
6 322 71 183 225 23 36 1
6 322 72 183 225 23 36 1
6 322 73 183 225 23 36 1
6 322 74 183 225 23 36 1
6 322 75 183 225 23 36 1
6 322 76 183 225 23 36 1
6 322 77 183 225 23 36 1
6 322 78 183 225 23 36 1
6 322 79 183 225 23 36 1
6 322 80 183 225 23 36 1
6 322 81 183 225 21 36 1
6 322 82 183 225 21 36 1
6 322 83 183 225 21 36 1
6 322 84 183 225 21 36 1
6 322 85 183 225 21 36 1
6 322 86 183 225 21 36 1
6 322 87 183 225 21 36 1
6 322 88 181 225 23 36 1
6 322 89 181 225 23 36 1
6 322 90 181 225 23 36 1
6 322 91 181 225 23 36 1
6 322 92 181 225 23 36 1
6 322 93 181 225 23 36 1
6 322 94 181 225 23 36 1
6 322 95 181 225 23 36 1
6 322 96 181 225 23 36 1
6 322 97 181 225 23 36 1
6 322 98 181 225 23 36 1
6 322 99 181 225 23 36 1
6 322 100 181 225 23 36 1
6 322 101 181 225 23 36 1
6 322 102 181 225 23 36 1
6 322 103 181 225 23 36 1
6 322 104 181 225 23 36 1
6 322 105 181 225 23 36 1
6 322 106 181 225 23 36 1
6 322 107 181 225 23 36 1
6 322 108 181 225 21 36 1
6 322 109 181 225 21 36 1
6 322 110 181 225 21 36 1
6 322 111 181 225 21 36 1
6 322 112 181 225 21 36 1
6 322 113 181 225 21 36 1
6 322 114 181 225 21 36 1
6 322 115 181 225 21 36 1
6 322 116 181 225 21 36 1
6 322 117 179 225 23 36 1
6 322 118 179 225 23 36 1
6 322 119 179 225 23 36 1
6 322 120 179 225 23 36 1
6 322 121 179 225 23 36 1
6 322 122 179 225 23 36 1
6 322 123 179 225 23 36 1
6 322 124 179 225 23 36 1
6 322 125 179 225 23 36 1
6 322 126 179 225 23 36 1
6 322 127 179 225 23 36 1
6 322 128 179 225 23 36 1
6 322 129 179 225 23 36 1
6 322 130 179 225 23 36 1
6 322 131 179 225 23 36 1
6 322 132 179 225 23 36 1
6 322 133 179 225 23 36 1
6 322 134 179 225 21 36 1
6 322 135 179 225 21 36 1
6 322 136 179 225 21 36 1
6 322 137 179 225 21 36 1
6 322 138 179 225 21 36 1
6 322 139 179 225 21 36 1
6 322 140 179 225 21 36 1
6 322 141 179 225 21 36 1
6 322 142 179 225 21 36 1
6 322 143 179 225 21 36 1
6 322 144 179 225 21 36 1
6 322 145 179 225 21 36 1
6 322 146 177 225 23 36 1
6 322 147 177 225 23 36 1
6 322 148 177 225 23 36 1
6 322 149 177 225 23 36 1
6 322 150 177 225 23 36 1
6 322 151 177 225 23 36 1
6 322 152 177 225 23 36 1
6 322 153 177 225 23 36 1
6 322 154 177 225 23 36 1
6 322 155 177 225 23 36 1
6 322 156 177 225 23 36 1
6 322 157 177 225 23 36 1
6 322 158 177 225 23 36 1
6 322 159 177 225 23 36 1
6 322 160 177 225 23 36 1
6 322 161 177 227 22 36 1
6 322 162 177 227 22 36 1
6 322 163 177 227 22 36 1
6 322 164 177 227 22 36 1
6 322 165 177 227 22 36 1
6 322 166 177 227 22 36 1
6 322 167 177 227 22 36 1
6 322 168 177 227 22 36 1
6 322 169 177 227 22 36 1
6 322 170 177 227 22 36 1
6 322 171 177 227 22 36 1
6 322 172 177 227 22 36 1
6 322 173 177 227 22 36 1
6 322 174 177 227 22 36 1
6 322 175 177 227 22 36 1
6 322 176 176 227 23 36 1
6 322 177 176 227 23 36 1
6 322 178 176 227 23 36 1
6 322 179 176 227 23 36 1
6 322 180 176 227 23 36 1
6 322 181 176 227 23 36 1
6 322 182 176 227 23 36 1
6 322 183 176 227 23 36 1
6 322 184 176 227 23 36 1
6 322 185 176 227 23 36 1
6 322 186 176 227 23 36 1
6 322 187 176 227 23 36 1
6 322 188 176 227 21 36 1
6 322 189 176 227 21 36 1
6 322 190 176 227 21 36 1
6 322 191 176 227 21 36 1
6 322 192 176 227 21 36 1
6 322 193 176 227 21 36 1
6 322 194 176 227 21 36 1
6 322 195 176 227 21 36 1
6 322 196 176 227 21 36 1
6 322 197 176 227 21 36 1
6 322 198 176 227 21 36 1
6 322 199 176 227 21 36 1
6 322 200 176 227 21 36 1
6 322 201 176 227 21 36 1
6 322 202 176 227 21 36 1
6 322 203 176 227 21 36 1
6 322 204 176 227 21 36 1
6 322 205 174 227 23 36 1
6 322 206 174 227 23 36 1
6 322 207 174 227 23 36 1
6 322 208 174 227 23 36 1
6 322 209 174 227 23 36 1
6 322 210 174 227 23 36 1
6 322 211 174 227 23 36 1
6 322 212 174 227 23 36 1
6 322 213 174 227 23 36 1
6 322 214 174 227 23 36 1
6 322 215 174 227 21 36 1
6 322 216 174 227 21 36 1
6 322 217 174 227 21 36 1
6 322 218 174 227 21 36 1
6 322 219 174 227 21 36 1
6 322 220 174 227 21 36 1
6 322 221 174 227 21 36 1
6 322 222 174 227 21 36 1
6 322 223 174 227 21 36 1
6 322 224 174 227 21 36 1
6 322 225 174 227 21 36 1
6 322 226 174 227 21 36 1
6 322 227 174 227 21 36 1
6 322 228 174 227 21 36 1
6 322 229 174 227 21 36 1
6 322 230 174 227 21 36 1
6 322 231 174 227 21 36 1
6 322 232 174 227 21 36 1
6 322 233 174 227 21 36 1
6 322 234 172 227 23 36 1
6 322 235 172 227 23 36 1
6 322 236 172 227 23 36 1
6 322 237 172 227 23 36 1
6 322 238 172 227 23 36 1
6 322 239 172 227 23 36 1
6 322 240 172 227 23 36 1
6 322 241 172 227 21 36 1
6 322 242 172 227 21 36 1
6 322 243 172 227 21 36 1
6 322 244 172 227 21 36 1
6 322 245 172 227 21 36 1
6 322 246 172 227 21 36 1
6 322 247 172 227 21 36 1
6 322 248 172 227 21 36 1
6 322 249 172 227 21 36 1
6 322 250 172 227 21 36 1
6 322 251 172 227 21 36 1
6 322 252 172 227 21 36 1
6 322 253 172 227 21 36 1
6 322 254 172 227 21 36 1
6 322 255 172 227 21 36 1
6 322 256 172 227 21 36 1
6 322 257 172 227 21 36 1
6 322 258 172 227 21 36 1
6 322 259 172 227 21 36 1
6 322 260 172 227 21 36 1
6 322 261 172 227 21 36 1
6 322 262 172 227 21 36 1
6 322 263 170 227 23 36 1
6 322 264 170 227 23 36 1
6 322 265 170 227 23 36 1
6 322 266 170 227 23 36 1
6 322 267 170 227 23 36 1
6 322 268 170 227 22 36 1
6 322 269 170 227 22 36 1
6 322 270 170 227 22 36 1
6 322 271 170 227 22 36 1
6 322 272 170 227 22 36 1
6 322 273 170 227 22 36 1
6 322 274 170 227 22 36 1
6 322 275 170 227 22 36 1
6 322 276 170 227 22 36 1
6 322 277 170 227 22 36 1
6 322 278 170 227 22 36 1
6 322 279 170 227 22 36 1
6 322 280 170 227 22 36 1
6 322 281 170 227 22 36 1
6 322 282 170 227 22 36 1
6 322 283 170 227 22 36 1
6 322 284 170 227 22 36 1
6 322 285 170 227 22 36 1
6 322 286 170 227 22 36 1
6 322 287 170 227 22 36 1
6 322 288 170 227 22 36 1
6 322 289 170 227 22 36 1
6 322 290 170 227 22 36 1
6 322 291 170 227 22 36 1
6 322 292 168 227 24 36 1
6 322 293 168 227 24 36 1
6 322 294 168 227 24 36 1
6 322 295 168 227 22 36 1
6 322 296 168 227 22 36 1
6 322 297 168 227 22 36 1
6 322 298 168 227 22 36 1
6 322 299 168 227 22 36 1
6 322 300 168 227 22 36 1
6 322 301 168 227 22 36 1
6 322 302 168 227 22 36 1
6 322 303 168 227 22 36 1
6 322 304 168 227 22 36 1
6 322 305 168 227 22 36 1
6 322 306 168 227 22 36 1
6 322 307 168 227 22 36 1
6 322 308 168 227 22 36 1
6 322 309 168 227 22 36 1
6 322 310 168 227 22 36 1
6 322 311 168 227 22 36 1
6 322 312 168 227 22 36 1
6 322 313 168 227 22 36 1
6 322 314 168 227 22 36 1
6 322 315 168 227 22 36 1
6 322 316 168 227 22 36 1
6 322 317 168 227 22 36 1
6 322 318 168 227 22 36 1
6 322 319 168 227 22 36 1
6 322 320 168 227 22 36 1
6 322 321 168 229 22 35 1
7 322 0 286 238 21 55 1
7 322 1 284 236 21 55 1
7 322 2 284 236 21 55 1
7 322 3 284 236 21 55 1
7 322 4 284 236 21 55 1
7 322 5 284 236 21 55 1
7 322 6 284 236 21 55 1
7 322 7 284 236 21 55 1
7 322 8 284 236 21 55 1
7 322 9 284 236 21 55 1
7 322 10 284 236 21 55 1
7 322 11 284 236 21 55 1
7 322 12 284 236 21 55 1
7 322 13 284 236 21 55 1
7 322 14 284 236 21 55 1
7 322 15 284 236 21 55 1
7 322 16 284 236 21 55 1
7 322 17 284 236 21 55 1
7 322 18 284 236 21 55 1
7 322 19 284 236 21 55 1
7 322 20 284 236 21 55 1
7 322 21 284 236 21 55 1
7 322 22 284 236 21 55 1
7 322 23 284 236 21 55 1
7 322 24 284 236 21 55 1
7 322 25 284 236 21 55 1
7 322 26 284 236 21 55 1
7 322 27 284 236 21 55 1
7 322 28 284 236 21 55 1
7 322 29 284 236 21 55 1
7 322 30 284 236 21 55 1
7 322 31 284 236 21 55 1
7 322 32 284 236 21 55 1
7 322 33 284 236 21 55 1
7 322 34 284 236 21 55 1
7 322 35 284 236 21 55 1
7 322 36 282 236 23 53 1
7 322 37 282 236 23 53 1
7 322 38 282 236 23 53 1
7 322 39 282 236 23 53 1
7 322 40 282 236 23 53 1
7 322 41 282 236 23 53 1
7 322 42 282 236 23 53 1
7 322 43 282 236 23 53 1
7 322 44 282 236 23 53 1
7 322 45 282 236 23 53 1
7 322 46 282 236 23 53 1
7 322 47 282 236 23 53 1
7 322 48 282 234 22 55 1
7 322 49 282 234 22 55 1
7 322 50 282 234 22 55 1
7 322 51 282 234 22 55 1
7 322 52 282 234 22 55 1
7 322 53 282 234 22 55 1
7 322 54 282 234 22 55 1
7 322 55 282 234 22 55 1
7 322 56 282 234 22 55 1
7 322 57 282 234 22 55 1
7 322 58 282 234 22 55 1
7 322 59 282 234 22 55 1
7 322 60 282 234 22 55 1
7 322 61 282 234 22 55 1
7 322 62 282 234 22 55 1
7 322 63 282 234 22 55 1
7 322 64 282 234 22 55 1
7 322 65 282 234 22 55 1
7 322 66 282 234 22 55 1
7 322 67 282 234 22 55 1
7 322 68 282 234 22 55 1
7 322 69 282 234 22 55 1
7 322 70 282 234 22 55 1
7 322 71 282 234 22 55 1
7 322 72 280 234 24 54 1
7 322 73 280 234 24 54 1
7 322 74 280 234 24 54 1
7 322 75 280 234 24 54 1
7 322 76 280 234 24 54 1
7 322 77 280 234 24 54 1
7 322 78 280 234 24 54 1
7 322 79 280 234 24 54 1
7 322 80 280 234 24 54 1
7 322 81 280 234 24 54 1
7 322 82 280 234 24 54 1
7 322 83 280 234 24 54 1
7 322 84 280 234 24 54 1
7 322 85 280 234 24 54 1
7 322 86 280 234 24 54 1
7 322 87 280 234 24 54 1
7 322 88 280 234 24 54 1
7 322 89 280 234 24 54 1
7 322 90 280 234 24 54 1
7 322 91 280 234 24 54 1
7 322 92 280 234 24 54 1
7 322 93 280 234 24 54 1
7 322 94 280 234 24 54 1
7 322 95 280 232 22 56 1
7 322 96 280 232 22 56 1
7 322 97 280 232 22 56 1
7 322 98 280 232 22 56 1
7 322 99 280 232 22 56 1
7 322 100 280 232 22 56 1
7 322 101 280 232 22 56 1
7 322 102 280 232 22 56 1
7 322 103 280 232 22 56 1
7 322 104 280 232 22 56 1
7 322 105 280 232 22 56 1
7 322 106 280 232 22 56 1
7 322 107 279 232 23 54 1
7 322 108 279 232 23 54 1
7 322 109 279 232 23 54 1
7 322 110 279 232 23 54 1
7 322 111 279 232 23 54 1
7 322 112 279 232 23 54 1
7 322 113 279 232 23 54 1
7 322 114 279 232 23 54 1
7 322 115 279 232 23 54 1
7 322 116 279 232 23 54 1
7 322 117 279 232 23 54 1
7 322 118 279 232 23 54 1
7 322 119 279 232 23 54 1
7 322 120 279 232 23 54 1
7 322 121 279 232 23 54 1
7 322 122 279 232 23 54 1
7 322 123 279 232 23 54 1
7 322 124 279 232 23 54 1
7 322 125 279 232 23 54 1
7 322 126 279 232 23 54 1
7 322 127 279 232 23 54 1
7 322 128 279 232 23 54 1
7 322 129 279 232 23 54 1
7 322 130 279 232 23 54 1
7 322 131 279 232 23 54 1
7 322 132 279 232 23 54 1
7 322 133 279 232 23 54 1
7 322 134 279 232 23 54 1
7 322 135 279 232 23 54 1
7 322 136 279 232 23 54 1
7 322 137 279 232 23 54 1
7 322 138 279 232 23 54 1
7 322 139 279 232 23 54 1
7 322 140 279 232 23 54 1
7 322 141 279 232 23 54 1
7 322 142 279 232 23 54 1
7 322 143 277 232 23 54 1
7 322 144 277 232 23 54 1
7 322 145 277 232 23 54 1
7 322 146 277 232 23 54 1
7 322 147 277 232 23 54 1
7 322 148 277 232 23 54 1
7 322 149 277 232 23 54 1
7 322 150 277 232 23 54 1
7 322 151 277 232 23 54 1
7 322 152 277 232 23 54 1
7 322 153 277 232 23 54 1
7 322 154 277 232 23 54 1
7 322 155 277 232 23 54 1
7 322 156 277 232 23 54 1
7 322 157 277 232 23 54 1
7 322 158 277 232 23 54 1
7 322 159 277 232 23 54 1
7 322 160 277 232 23 54 1
7 322 161 277 232 23 54 1
7 322 162 277 232 23 54 1
7 322 163 277 232 23 54 1
7 322 164 277 232 23 54 1
7 322 165 277 232 23 54 1
7 322 166 277 232 23 54 1
7 322 167 277 232 23 54 1
7 322 168 277 232 23 54 1
7 322 169 277 232 23 54 1
7 322 170 277 232 23 54 1
7 322 171 277 232 23 54 1
7 322 172 277 232 23 54 1
7 322 173 277 232 23 54 1
7 322 174 277 232 23 54 1
7 322 175 277 232 23 54 1
7 322 176 277 232 23 54 1
7 322 177 277 232 23 54 1
7 322 178 277 232 23 54 1
7 322 179 277 232 23 54 1
7 322 180 277 232 23 54 1
7 322 181 277 232 23 54 1
7 322 182 277 232 23 54 1
7 322 183 277 232 23 54 1
7 322 184 277 232 23 54 1
7 322 185 277 232 23 54 1
7 322 186 277 232 23 54 1
7 322 187 277 232 23 54 1
7 322 188 277 232 23 54 1
7 322 189 277 232 23 54 1
7 322 190 277 232 23 54 1
7 322 191 277 232 23 54 1
7 322 192 277 232 23 54 1
7 322 193 277 232 23 54 1
7 322 194 277 232 23 54 1
7 322 195 277 232 23 54 1
7 322 196 277 232 23 54 1
7 322 197 277 232 23 54 1
7 322 198 277 232 23 54 1
7 322 199 277 232 23 54 1
7 322 200 277 232 23 54 1
7 322 201 277 232 23 54 1
7 322 202 277 232 23 54 1
7 322 203 277 232 23 54 1
7 322 204 277 232 23 54 1
7 322 205 277 232 23 54 1
7 322 206 277 232 23 54 1
7 322 207 277 232 23 54 1
7 322 208 277 232 23 54 1
7 322 209 277 232 23 54 1
7 322 210 277 232 23 54 1
7 322 211 277 232 23 54 1
7 322 212 277 232 23 54 1
7 322 213 277 232 23 54 1
7 322 214 277 232 23 54 1
7 322 215 277 232 23 54 1
7 322 216 277 232 23 54 1
7 322 217 277 232 23 54 1
7 322 218 277 232 23 54 1
7 322 219 277 232 23 54 1
7 322 220 277 232 23 54 1
7 322 221 277 232 23 54 1
7 322 222 277 232 23 54 1
7 322 223 277 232 23 54 1
7 322 224 277 232 23 54 1
7 322 225 277 232 23 54 1
7 322 226 277 232 23 54 1
7 322 227 277 232 23 54 1
7 322 228 277 232 23 54 1
7 322 229 277 232 23 54 1
7 322 230 277 232 23 54 1
7 322 231 277 232 23 54 1
7 322 232 277 232 21 54 1
7 322 233 277 232 21 54 1
7 322 234 277 232 21 54 1
7 322 235 277 232 21 54 1
7 322 236 277 232 21 54 1
7 322 237 277 232 21 54 1
7 322 238 277 232 21 54 1
7 322 239 277 232 21 54 1
7 322 240 277 232 21 54 1
7 322 241 277 232 21 54 1
7 322 242 277 232 21 54 1
7 322 243 277 232 21 54 1
7 322 244 277 232 21 54 1
7 322 245 277 232 21 54 1
7 322 246 277 232 21 54 1
7 322 247 277 232 21 54 1
7 322 248 277 232 21 54 1
7 322 249 277 232 21 54 1
7 322 250 277 232 21 54 1
7 322 251 277 232 21 54 1
7 322 252 277 232 21 54 1
7 322 253 277 232 21 54 1
7 322 254 277 232 21 54 1
7 322 255 277 232 21 54 1
7 322 256 277 232 21 54 1
7 322 257 277 232 21 54 1
7 322 258 277 232 21 54 1
7 322 259 277 232 21 54 1
7 322 260 277 232 21 54 1
7 322 261 277 232 21 54 1
7 322 262 277 232 21 54 1
7 322 263 277 232 21 54 1
7 322 264 277 232 21 54 1
7 322 265 277 232 21 54 1
7 322 266 277 232 21 54 1
7 322 267 277 232 21 54 1
7 322 268 277 232 21 54 1
7 322 269 277 232 21 54 1
7 322 270 277 232 21 54 1
7 322 271 277 232 21 54 1
7 322 272 277 232 21 54 1
7 322 273 277 232 21 54 1
7 322 274 277 232 21 54 1
7 322 275 277 232 21 54 1
7 322 276 277 232 21 54 1
7 322 277 277 232 21 54 1
7 322 278 277 232 21 54 1
7 322 279 277 232 21 54 1
7 322 280 277 232 21 54 1
7 322 281 277 232 21 54 1
7 322 282 277 232 21 54 1
7 322 283 277 232 21 54 1
7 322 284 277 232 21 54 1
7 322 285 277 232 21 54 1
7 322 286 277 232 21 54 1
7 322 287 277 232 21 54 1
7 322 288 277 232 21 54 1
7 322 289 277 232 21 54 1
7 322 290 277 232 21 54 1
7 322 291 277 232 21 54 1
7 322 292 277 232 21 54 1
7 322 293 277 232 21 54 1
7 322 294 277 232 21 54 1
7 322 295 277 232 21 54 1
7 322 296 277 232 21 54 1
7 322 297 277 232 21 54 1
7 322 298 277 232 21 54 1
7 322 299 277 232 21 54 1
7 322 300 277 232 21 54 1
7 322 301 277 232 21 54 1
7 322 302 277 232 21 54 1
7 322 303 277 232 21 54 1
7 322 304 277 232 21 54 1
7 322 305 277 232 21 54 1
7 322 306 277 232 21 54 1
7 322 307 277 232 21 54 1
7 322 308 277 232 21 54 1
7 322 309 277 232 21 54 1
7 322 310 277 232 21 54 1
7 322 311 277 232 21 54 1
7 322 312 277 232 21 54 1
7 322 313 277 232 21 54 1
7 322 314 277 232 21 54 1
7 322 315 277 232 21 54 1
7 322 316 277 232 21 54 1
7 322 317 277 232 21 54 1
7 322 318 277 232 21 54 1
7 322 319 277 232 21 54 1
7 322 320 277 232 21 54 1
7 322 321 277 232 21 56 1
8 354 107 1244 552 32 166 1
8 354 108 1237 547 39 169 1
8 354 109 1230 544 46 170 1
8 354 110 1223 538 53 174 1
8 354 111 1216 535 60 177 1
8 354 112 1208 529 68 182 1
8 354 113 1201 526 75 183 1
8 354 114 1194 522 82 187 1
8 354 115 1191 519 85 192 1
8 354 116 1187 517 89 195 1
8 354 117 1184 515 92 199 1
8 354 118 1180 513 96 205 1
8 354 119 1176 510 95 204 1
8 354 120 1173 508 92 204 1
8 354 121 1169 506 91 205 1
8 354 122 1166 504 89 203 1
8 354 123 1162 503 87 202 1
8 354 124 1159 501 85 203 1
8 354 125 1155 499 84 201 1
8 354 126 1152 497 81 201 1
8 354 127 1148 496 80 200 1
8 354 128 1144 494 79 199 1
8 354 129 1141 492 76 199 1
8 354 130 1137 490 75 199 1
8 354 131 1132 488 73 198 1
8 354 132 1128 487 70 195 1
8 354 133 1123 485 68 195 1
8 354 134 1120 483 65 194 1
8 354 135 1114 481 64 194 1
8 354 136 1111 480 60 192 1
8 354 137 1107 478 59 192 1
8 354 138 1102 476 58 190 1
8 354 139 1096 474 61 190 1
8 354 140 1093 474 60 189 1
8 354 141 1088 472 62 189 1
8 354 142 1084 471 62 188 1
8 354 143 1079 471 62 186 1
8 354 144 1075 469 62 187 1
8 354 145 1070 469 64 185 1
8 354 146 1066 467 64 185 1
8 354 147 1061 465 66 185 1
8 354 148 1057 465 66 183 1
8 354 149 1052 464 66 183 1
8 354 150 1048 462 66 183 1
8 354 151 1043 462 68 181 1
8 354 152 1040 460 67 180 1
8 354 153 1034 460 70 178 1
8 354 154 1031 458 69 178 1
8 354 155 1025 456 70 178 1
8 354 156 1022 456 69 176 1
8 354 157 1016 455 72 176 1
8 354 158 1013 453 71 176 1
8 354 159 1008 453 72 174 1
8 354 160 1004 451 73 174 1
8 354 161 999 451 73 173 1
8 354 162 995 449 73 173 1
8 354 163 990 448 74 172 1
8 354 164 986 448 75 170 1
8 354 165 981 446 76 170 1
8 354 166 977 446 77 169 1
8 354 167 974 444 76 169 1
8 354 168 972 442 75 169 1
8 354 169 968 442 75 167 1
8 354 170 967 440 73 168 1
8 354 171 965 439 73 167 1
8 354 172 961 439 73 165 1
8 354 173 960 437 71 165 1
8 354 174 956 437 71 165 1
8 354 175 954 435 70 165 1
8 354 176 952 433 70 166 1
8 354 177 949 433 69 164 1
8 354 178 947 432 68 163 1
8 354 179 944 432 67 161 1
8 354 180 942 430 66 162 1
8 354 181 940 428 66 162 1
8 354 182 936 428 66 162 1
8 354 183 935 426 64 162 1
8 354 184 931 426 64 160 1
8 354 185 929 424 64 160 1
8 354 186 928 423 62 160 1
8 354 187 924 423 62 158 1
8 354 188 922 421 61 158 1
8 354 189 919 421 60 158 1
8 354 190 917 419 60 158 1
8 354 191 915 417 59 159 1
8 354 192 912 417 58 157 1
8 354 193 910 416 57 156 1
8 354 194 906 416 57 154 1
8 354 195 904 414 57 154 1
8 354 196 903 412 55 155 1
8 354 197 899 412 55 155 1
8 354 198 897 410 54 155 1
8 354 199 894 410 53 153 1
8 354 200 892 408 53 153 1
8 354 201 890 407 52 153 1
8 354 202 887 407 51 151 1
8 354 203 885 405 50 151 1
8 354 204 883 405 50 151 1
8 354 205 880 403 49 151 1
8 354 206 878 403 50 149 1
8 354 207 876 401 50 151 1
8 354 208 874 401 48 150 1
8 354 209 872 401 48 150 1
8 354 210 869 400 50 149 1
8 354 211 867 400 50 149 1
8 354 212 865 400 48 147 1
8 354 213 864 398 48 147 1
8 354 214 862 398 48 147 1
8 354 215 858 398 50 146 1
8 354 216 856 396 48 148 1
8 354 217 855 396 48 146 1
8 354 218 853 396 48 146 1
8 354 219 851 394 48 146 1
8 354 220 848 394 48 146 1
8 354 221 846 394 48 144 1
8 354 222 844 392 48 144 1
8 354 223 842 392 48 144 1
8 354 224 840 392 47 143 1
8 354 225 837 391 48 144 1
8 354 226 835 391 48 142 1
8 354 227 833 391 48 142 1
8 354 228 832 389 46 142 1
8 354 229 830 389 46 142 1
8 354 230 826 389 48 140 1
8 354 231 824 387 48 141 1
8 354 232 823 387 46 141 1
8 354 233 821 387 46 139 1
8 354 234 819 385 46 141 1
8 354 235 816 385 48 139 1
8 354 236 814 385 46 139 1
8 354 237 812 384 46 138 1
8 354 238 810 384 46 138 1
8 354 239 808 384 47 136 1
8 354 240 805 382 46 137 1
8 354 241 803 382 46 137 1
8 354 242 801 382 47 135 1
8 354 243 800 380 46 137 1
8 354 244 798 380 44 135 1
8 354 245 794 380 46 135 1
8 354 246 792 378 47 135 1
8 354 247 791 378 46 135 1
8 354 248 789 378 44 134 1
8 354 249 787 376 45 134 1
8 354 250 784 376 46 134 1
8 354 251 782 376 44 132 1
8 354 252 780 375 44 133 1
8 354 253 778 375 45 131 1
8 354 254 776 375 45 131 1
8 354 255 773 373 44 131 1
8 354 256 771 373 45 130 1
8 354 257 769 373 45 130 1
8 354 258 768 371 44 130 1
8 354 259 766 371 42 130 1
8 354 260 762 371 45 128 1
8 354 261 760 369 45 130 1
8 354 262 759 369 44 128 1
8 354 263 757 369 43 128 1
8 354 264 755 368 43 128 1
8 354 265 752 368 44 126 1
8 354 266 750 368 44 126 1
8 354 267 748 366 43 126 1
8 354 268 746 366 43 126 1
8 354 269 744 366 43 124 1
8 354 270 741 364 44 126 1
8 354 271 739 364 43 124 1
8 354 272 737 364 43 124 1
8 354 273 736 362 42 125 1
8 354 274 734 362 42 123 1
8 354 275 730 362 43 123 1
8 354 276 728 360 43 123 1
8 354 277 727 360 42 123 1
8 354 278 725 360 43 121 1
8 354 279 723 359 41 122 1
8 354 280 720 359 42 121 1
8 354 281 718 359 42 121 1
8 354 282 716 357 43 121 1
8 354 283 714 357 41 119 1
8 354 284 712 357 41 119 1
8 354 285 709 355 43 119 1
8 354 286 707 355 43 119 1
8 354 287 705 355 41 117 1
8 354 288 704 353 40 119 1
8 354 289 702 353 41 118 1
8 354 290 700 353 41 118 1
8 354 291 698 352 39 117 1
8 354 292 696 352 40 117 1
8 354 293 695 352 39 115 1
8 354 294 693 350 39 117 1
8 354 295 691 350 39 117 1
8 354 296 689 350 39 115 1
8 354 297 688 348 39 117 1
8 354 298 686 348 39 116 1
8 354 299 684 348 39 116 1
8 354 300 682 348 39 116 1
8 354 301 679 346 41 116 1
8 354 302 677 346 41 116 1
8 354 303 675 346 41 116 1
8 354 304 673 344 41 118 1
8 354 305 672 344 40 118 1
8 354 306 670 344 42 118 1
8 354 307 668 343 43 117 1
8 354 308 666 343 43 117 1
8 354 309 664 343 43 117 1
8 354 310 661 343 44 117 1
8 354 311 659 341 46 119 1
8 354 312 657 341 47 119 1
8 354 313 656 341 46 117 1
8 354 314 654 339 46 119 1
8 354 315 652 339 46 119 1
8 354 316 650 339 46 119 1
8 354 317 648 339 48 119 1
8 354 318 647 337 48 121 1
8 354 319 645 337 48 121 1
8 354 320 641 337 50 119 1
8 354 321 640 336 49 120 1
8 354 322 638 336 51 120 1
8 354 323 636 336 52 120 1
8 354 324 634 336 52 120 1
8 354 325 632 334 52 122 1
8 354 326 631 334 51 121 1
8 354 327 629 334 51 121 1
8 354 328 627 332 53 123 1
8 354 329 624 332 55 123 1
8 354 330 622 332 55 123 1
8 354 331 620 332 55 123 1
8 354 332 618 330 55 123 1
8 354 333 616 330 57 123 1
8 354 334 615 330 57 123 1
8 354 335 613 328 57 125 1
8 354 336 611 328 57 125 1
8 354 337 609 328 57 125 1
8 354 338 608 328 58 125 1
8 354 339 606 327 58 124 1
8 354 340 604 327 59 124 1
8 354 341 602 327 59 122 1
8 354 342 600 327 59 122 1
8 354 343 599 325 58 123 1
8 354 344 597 325 59 123 1
8 354 345 595 325 59 121 1
8 354 346 593 325 59 121 1
8 354 347 592 325 58 119 1
8 354 348 590 323 58 121 1
8 354 349 588 323 59 119 1
8 354 350 586 323 59 119 1
8 354 351 584 323 59 117 1
8 354 352 584 323 59 117 1
8 354 353 583 321 58 119 1
8 354 354 581 321 59 118 1
8 354 355 579 321 59 118 1
8 354 356 577 321 59 116 1
8 354 357 576 320 58 117 1
8 354 358 574 320 58 115 1
8 354 359 572 320 59 115 1
8 354 360 570 320 59 113 1
8 354 361 568 320 59 113 1
8 354 362 567 318 58 114 1
8 354 363 565 318 59 114 1
8 354 364 563 318 59 112 1
8 354 365 561 318 59 112 1
8 354 366 561 318 59 112 1
8 354 367 560 316 58 112 1
8 354 368 558 316 58 112 1
8 354 369 558 316 58 110 1
8 354 370 556 316 59 110 1
8 354 371 556 314 59 112 1
8 354 372 554 314 59 110 1
8 354 373 552 314 59 110 1
8 354 374 552 314 59 110 1
8 354 375 551 312 58 111 1
8 354 376 551 312 58 111 1
8 354 377 549 312 59 109 1
8 354 378 547 312 59 109 1
8 354 379 547 311 59 110 1
8 354 380 545 311 59 108 1
8 354 381 545 311 59 108 1
8 354 382 544 311 58 108 1
8 354 383 542 311 58 106 1
8 354 384 542 309 58 108 1
8 354 385 540 309 59 108 1
8 354 386 540 309 59 107 1
8 354 387 538 309 59 107 1
8 354 388 536 307 59 107 1
8 354 389 536 307 59 107 1
8 354 390 535 307 58 107 1
8 354 391 535 307 58 105 1
8 354 392 533 305 59 107 1
8 354 393 531 305 59 107 1
8 354 394 531 305 59 105 1
8 354 395 529 305 59 105 1
8 354 396 529 305 59 105 1
8 354 397 528 305 58 103 1
8 354 398 526 305 58 103 1
8 354 399 526 305 58 103 1
8 354 400 524 305 59 103 1
8 354 401 524 305 57 102 1
8 354 402 522 305 59 102 1
8 354 403 522 305 57 102 1
8 354 404 520 305 57 102 1
8 354 405 520 305 57 100 1
8 354 406 519 305 57 100 1
8 354 407 519 305 55 100 1
8 354 408 517 305 57 100 1
8 354 409 515 305 57 98 1
8 354 410 515 305 55 98 1
8 354 411 513 305 57 98 1
8 354 412 513 305 55 98 1
8 354 413 512 305 55 96 1
8 354 414 512 305 55 96 1
8 354 415 510 305 55 96 1
8 354 416 510 305 53 96 1
8 354 417 508 305 55 95 1
8 354 418 508 305 53 95 1
8 354 419 506 305 54 95 1
8 354 420 506 305 54 95 1
8 354 421 504 304 54 94 1
8 354 422 503 304 53 94 1
8 354 423 503 304 53 94 1
8 354 424 501 302 53 94 1
8 354 425 501 302 53 94 1
8 354 426 499 302 53 94 1
8 354 427 499 302 53 94 1
8 354 428 497 300 54 94 1
8 354 429 496 300 53 94 1
8 354 430 496 300 53 94 1
8 354 431 494 300 53 94 1
8 354 432 494 298 53 94 1
8 354 433 492 298 53 94 1
8 354 434 492 298 53 94 1
8 354 435 490 298 54 94 1
8 354 436 488 296 54 95 1
8 354 437 488 296 54 95 1
8 354 438 487 296 53 95 1
8 354 439 487 296 53 95 1
8 354 440 485 295 53 94 1
8 354 441 485 295 53 94 1
8 354 442 483 295 53 94 1
8 354 443 483 295 53 94 1
8 354 444 481 295 54 94 1
8 354 445 480 295 53 94 1
8 354 446 480 295 53 94 1
8 354 447 478 295 53 94 1
8 354 448 478 295 51 94 1
8 354 449 476 295 53 94 1
8 354 450 476 295 52 94 1
8 354 451 474 295 52 94 1
8 354 452 474 295 52 94 1
8 354 453 472 295 52 94 1
8 354 454 472 295 50 94 1
8 354 455 471 295 51 94 1
8 354 456 471 295 49 94 1
8 354 457 469 295 50 94 1
8 354 458 469 295 50 94 1
8 354 459 467 295 50 94 1
8 354 460 467 295 50 94 1
9 289 172 295 225 19 47 1
9 289 173 293 225 19 47 1
9 289 174 291 225 20 47 1
9 289 175 291 225 20 47 1
9 289 176 289 225 20 47 1
9 289 177 289 225 20 47 1
9 289 178 288 225 19 47 1
9 289 179 288 225 17 47 1
9 289 180 286 225 19 47 1
9 289 181 284 225 20 47 1
9 289 182 284 225 20 47 1
9 289 183 282 225 20 47 1
9 289 184 282 225 18 47 1
9 289 185 280 225 20 47 1
9 289 186 280 225 18 47 1
9 289 187 279 225 19 47 1
9 289 188 279 225 17 47 1
9 289 189 277 225 18 47 1
9 289 190 275 225 20 47 1
9 289 191 275 225 18 47 1
9 289 192 273 225 20 47 1
9 289 193 273 225 18 47 1
9 289 194 272 225 17 47 1
9 289 195 272 225 17 47 1
9 289 196 270 225 18 47 1
9 289 197 270 227 18 46 1
9 289 198 268 227 18 46 1
9 289 199 266 227 20 46 1
9 289 200 266 227 18 46 1
9 289 201 264 227 20 46 1
9 289 202 264 227 18 46 1
9 289 203 263 227 19 46 1
9 289 204 263 227 17 46 1
9 289 205 261 227 19 46 1
9 289 206 261 227 18 46 1
9 289 207 259 227 20 46 1
9 289 208 259 227 18 46 1
9 289 209 257 227 20 46 1
9 289 210 257 227 18 46 1
9 289 211 256 227 19 46 1
9 289 212 256 227 17 46 1
9 289 213 254 227 19 46 1
9 289 214 254 227 18 46 1
9 289 215 252 227 20 46 1
9 289 216 252 227 18 46 1
9 289 217 250 227 20 46 1
9 289 218 250 227 18 46 1
9 289 219 248 227 20 46 1
9 289 220 248 227 18 46 1
9 289 221 247 227 19 46 1
9 289 222 247 227 17 46 1
9 289 223 245 227 19 46 1
9 289 224 245 227 18 46 1
9 289 225 243 227 20 46 1
9 289 226 243 229 20 46 1
9 289 227 241 229 20 46 1
9 289 228 241 229 20 46 1
9 289 229 241 229 20 46 1
9 289 230 241 229 20 46 1
9 289 231 240 229 19 46 1
9 289 232 240 229 19 46 1
9 289 233 240 229 19 46 1
9 289 234 240 229 19 46 1
9 289 235 240 229 19 46 1
9 289 236 238 229 19 46 1
9 289 237 238 229 19 46 1
9 289 238 238 229 19 46 1
9 289 239 238 229 19 46 1
9 289 240 236 229 20 46 1
9 289 241 236 229 20 46 1
9 289 242 236 231 20 44 1
9 289 243 236 231 20 44 1
9 289 244 236 231 20 44 1
9 289 245 234 231 20 44 1
9 289 246 234 231 20 44 1
9 289 247 234 231 20 44 1
9 289 248 234 231 20 44 1
9 289 249 234 231 20 46 1
9 289 250 232 231 20 46 1
9 289 251 232 231 20 46 1
9 289 252 232 231 20 46 1
9 289 253 232 231 20 46 1
9 289 254 231 231 19 46 1
9 289 255 231 231 19 46 1
9 289 256 231 231 19 46 1
9 289 257 231 232 19 45 1
9 289 258 231 232 19 45 1
9 289 259 229 232 19 45 1
9 289 260 229 232 19 45 1
9 289 261 229 232 19 45 1
9 289 262 229 232 19 45 1
9 289 263 227 232 20 45 1
9 289 264 227 232 20 45 1
9 289 265 227 232 20 45 1
9 289 266 227 232 20 45 1
9 289 267 227 232 20 45 1
9 289 268 225 232 20 45 1
9 289 269 225 232 20 45 1
9 289 270 225 232 20 45 1
9 289 271 225 232 20 45 1
9 289 272 225 234 20 45 1
9 289 273 224 234 19 45 1
9 289 274 224 234 19 45 1
9 289 275 224 234 19 45 1
9 289 276 224 234 19 45 1
9 289 277 224 234 19 45 1
9 289 278 224 234 19 45 1
9 289 279 224 234 19 45 1
9 289 280 224 234 19 45 1
9 289 281 224 234 19 45 1
9 289 282 224 234 19 45 1
9 289 283 224 234 19 45 1
9 289 284 224 234 19 45 1
9 289 285 224 234 19 45 1
9 289 286 224 236 19 44 1
9 289 287 224 236 17 44 1
9 289 288 224 236 17 44 1
9 289 289 224 236 17 44 1
9 289 290 224 236 17 44 1
9 289 291 224 236 17 44 1
9 289 292 224 236 17 44 1
9 289 293 224 236 17 44 1
9 289 294 224 236 17 44 1
9 289 295 224 236 17 44 1
9 289 296 224 236 17 44 1
9 289 297 224 236 17 44 1
9 289 298 224 236 17 44 1
9 289 299 224 236 17 44 1
9 289 300 224 238 17 44 1
9 289 301 224 236 17 46 1
9 289 302 224 236 17 46 1
9 289 303 224 236 17 46 1
9 289 304 224 236 17 46 1
9 289 305 224 236 17 46 1
9 289 306 224 236 17 46 1
9 289 307 224 236 17 46 1
9 289 308 224 236 17 46 1
9 289 309 224 236 19 46 1
9 289 310 224 236 19 46 1
9 289 311 224 236 19 46 1
9 289 312 224 236 19 46 1
9 289 313 224 236 19 46 1
9 289 314 224 236 19 46 1
9 289 315 224 236 19 46 1
9 289 316 224 236 19 48 1
9 289 317 224 236 19 48 1
9 289 318 224 236 21 48 1
9 289 319 224 236 21 48 1
9 289 320 224 236 21 48 1
9 289 321 224 236 21 48 1
9 289 322 224 236 21 48 1
9 289 323 224 236 21 48 1
9 289 324 224 236 21 48 1
9 289 325 224 236 21 48 1
9 289 326 224 236 21 48 1
9 289 327 224 236 23 48 1
9 289 328 224 236 23 48 1
9 289 329 224 236 23 48 1
9 289 330 224 236 23 48 1
9 289 331 224 236 23 50 1
9 289 332 224 236 23 50 1
9 289 333 224 236 23 50 1
9 289 334 224 236 23 50 1
9 289 335 224 236 23 50 1
9 289 336 224 236 24 50 1
9 289 337 224 236 24 50 1
9 289 338 224 236 24 50 1
9 289 339 224 236 24 50 1
9 289 340 224 236 24 50 1
9 289 341 224 236 24 50 1
9 289 342 224 236 24 50 1
9 289 343 224 236 24 50 1
9 289 344 224 236 24 50 1
9 289 345 224 236 26 50 1
9 289 346 224 236 26 50 1
9 289 347 224 236 26 52 1
9 289 348 224 236 26 52 1
9 289 349 224 236 26 52 1
9 289 350 224 236 26 52 1
9 289 351 224 236 26 52 1
9 289 352 224 236 26 52 1
9 289 353 224 236 26 52 1
9 289 354 224 236 28 52 1
9 289 355 224 236 28 52 1
9 289 356 224 236 28 52 1
9 289 357 224 236 28 52 1
9 289 358 224 236 28 52 1
9 289 359 224 236 28 52 1
9 289 360 224 236 28 52 1
9 289 361 224 236 28 52 1
9 289 362 224 236 30 53 1
9 289 363 224 236 30 53 1
9 289 364 224 236 30 53 1
9 289 365 224 236 30 53 1
9 289 366 224 236 30 53 1
9 289 367 224 236 30 53 1
9 289 368 224 236 30 53 1
9 289 369 224 236 30 53 1
9 289 370 224 236 30 53 1
9 289 371 224 236 30 53 1
9 289 372 224 236 30 53 1
9 289 373 224 236 30 53 1
9 289 374 224 236 30 53 1
9 289 375 224 236 30 55 1
9 289 376 224 236 30 55 1
9 289 377 224 236 30 55 1
9 289 378 224 236 30 55 1
9 289 379 224 236 30 55 1
9 289 380 224 236 30 55 1
9 289 381 224 236 30 55 1
9 289 382 224 236 30 55 1
9 289 383 224 236 30 55 1
9 289 384 224 236 30 55 1
9 289 385 224 236 30 55 1
9 289 386 224 236 30 55 1
9 289 387 224 236 30 57 1
9 289 388 224 236 30 57 1
9 289 389 224 236 30 57 1
9 289 390 224 236 30 57 1
9 289 391 224 236 30 57 1
9 289 392 224 236 30 57 1
9 289 393 224 236 30 57 1
9 289 394 224 236 30 57 1
9 289 395 224 236 30 57 1
9 289 396 224 236 30 57 1
9 289 397 224 236 30 57 1
9 289 398 224 236 30 57 1
9 289 399 224 238 30 57 1
9 289 400 224 238 30 57 1
9 289 401 224 238 30 57 1
9 289 402 224 238 30 57 1
9 289 403 224 238 30 57 1
9 289 404 224 238 30 57 1
9 289 405 224 238 30 57 1
9 289 406 224 238 30 57 1
9 289 407 224 238 30 57 1
9 289 408 224 238 30 57 1
9 289 409 224 238 30 57 1
9 289 410 224 238 30 57 1
9 289 411 224 238 30 58 1
9 289 412 224 238 30 58 1
9 289 413 224 238 30 58 1
9 289 414 224 238 30 58 1
9 289 415 224 238 30 58 1
9 289 416 224 238 30 58 1
9 289 417 224 238 30 58 1
9 289 418 224 238 30 58 1
9 289 419 224 238 30 58 1
9 289 420 224 238 30 58 1
9 289 421 224 238 30 58 1
9 289 422 224 238 30 58 1
9 289 423 224 238 30 60 1
9 289 424 224 238 30 60 1
9 289 425 224 238 30 60 1
9 289 426 224 238 30 60 1
9 289 427 224 238 30 60 1
9 289 428 224 238 30 60 1
9 289 429 224 238 30 60 1
9 289 430 224 238 30 60 1
9 289 431 224 238 30 60 1
9 289 432 224 238 30 60 1
9 289 433 224 238 30 60 1
9 289 434 224 238 30 60 1
9 289 435 224 240 30 60 1
9 289 436 224 240 30 60 1
9 289 437 224 240 30 60 1
9 289 438 224 240 30 60 1
9 289 439 224 240 30 60 1
9 289 440 224 240 30 60 1
9 289 441 224 240 30 60 1
9 289 442 225 240 31 60 1
9 289 443 225 240 31 60 1
9 289 444 225 240 31 60 1
9 289 445 225 240 31 60 1
9 289 446 225 240 31 60 1
9 289 447 225 240 31 60 1
9 289 448 227 240 30 62 1
9 289 449 227 240 30 62 1
9 289 450 227 240 30 62 1
9 289 451 227 240 30 62 1
9 289 452 227 240 30 62 1
9 289 453 227 240 30 62 1
9 289 454 229 240 30 62 1
9 289 455 229 240 30 62 1
9 289 456 229 240 30 62 1
9 289 457 229 240 30 62 1
9 289 458 229 240 30 62 1
9 289 459 229 240 30 62 1
9 289 460 231 241 30 63 1
10 461 0 314 236 22 48 1
10 461 1 314 236 22 46 1
10 461 2 314 236 22 46 1
10 461 3 314 236 22 46 1
10 461 4 314 236 22 46 1
10 461 5 314 236 22 46 1
10 461 6 314 236 22 46 1
10 461 7 314 236 22 46 1
10 461 8 314 236 22 46 1
10 461 9 314 236 22 46 1
10 461 10 314 236 22 46 1
10 461 11 314 236 22 46 1
10 461 12 314 236 22 46 1
10 461 13 314 236 22 46 1
10 461 14 314 236 22 46 1
10 461 15 314 236 22 46 1
10 461 16 314 236 22 46 1
10 461 17 314 236 22 46 1
10 461 18 314 236 22 46 1
10 461 19 316 236 20 46 1
10 461 20 316 236 20 46 1
10 461 21 316 236 20 46 1
10 461 22 316 236 20 46 1
10 461 23 316 236 20 46 1
10 461 24 316 236 20 46 1
10 461 25 316 236 20 46 1
10 461 26 316 236 20 46 1
10 461 27 316 236 20 46 1
10 461 28 316 236 20 46 1
10 461 29 316 236 20 46 1
10 461 30 316 236 20 46 1
10 461 31 316 236 20 46 1
10 461 32 316 236 20 46 1
10 461 33 316 236 20 46 1
10 461 34 316 236 20 46 1
10 461 35 316 236 20 46 1
10 461 36 316 236 20 46 1
10 461 37 316 236 20 46 1
10 461 38 318 236 19 46 1
10 461 39 316 234 20 48 1
10 461 40 316 234 20 48 1
10 461 41 316 234 20 48 1
10 461 42 316 234 20 48 1
10 461 43 316 234 20 48 1
10 461 44 316 234 20 48 1
10 461 45 316 234 20 48 1
10 461 46 316 234 20 48 1
10 461 47 316 234 20 48 1
10 461 48 316 234 20 48 1
10 461 49 314 234 22 48 1
10 461 50 314 234 22 48 1
10 461 51 314 234 22 48 1
10 461 52 314 234 20 48 1
10 461 53 314 234 20 48 1
10 461 54 314 234 20 48 1
10 461 55 314 234 20 48 1
10 461 56 314 234 20 48 1
10 461 57 314 234 20 48 1
10 461 58 314 234 20 48 1
10 461 59 312 234 22 48 1
10 461 60 312 234 22 48 1
10 461 61 312 234 22 48 1
10 461 62 312 234 22 48 1
10 461 63 312 234 22 48 1
10 461 64 312 234 22 48 1
10 461 65 312 234 20 48 1
10 461 66 312 234 20 48 1
10 461 67 312 234 20 48 1
10 461 68 312 234 20 48 1
10 461 69 312 234 20 48 1
10 461 70 311 234 21 48 1
10 461 71 311 234 21 48 1
10 461 72 311 234 21 48 1
10 461 73 311 234 21 48 1
10 461 74 311 234 21 48 1
10 461 75 311 234 21 48 1
10 461 76 311 234 21 48 1
10 461 77 311 234 21 48 1
10 461 78 311 234 19 48 1
10 461 79 311 234 19 48 1
10 461 80 309 234 21 48 1
10 461 81 309 234 21 48 1
10 461 82 309 234 21 48 1
10 461 83 309 234 21 48 1
10 461 84 309 234 21 48 1
10 461 85 309 234 21 48 1
10 461 86 309 234 21 48 1
10 461 87 309 234 21 48 1
10 461 88 309 234 21 48 1
10 461 89 309 234 21 48 1
10 461 90 309 234 21 48 1
10 461 91 307 234 21 46 1
10 461 92 307 234 21 46 1
10 461 93 307 234 21 46 1
10 461 94 307 234 21 46 1
10 461 95 307 234 21 46 1
10 461 96 307 234 21 46 1
10 461 97 307 234 21 46 1
10 461 98 307 234 21 46 1
10 461 99 307 234 21 46 1
10 461 100 307 234 21 46 1
10 461 101 307 234 20 46 1
10 461 102 307 234 20 46 1
10 461 103 307 234 20 46 1
10 461 104 305 234 22 46 1
10 461 105 305 234 22 46 1
10 461 106 305 234 22 46 1
10 461 107 305 234 22 46 1
10 461 108 305 234 22 46 1
10 461 109 305 234 22 46 1
10 461 110 305 234 22 46 1
10 461 111 305 234 20 46 1
10 461 112 305 234 20 46 1
10 461 113 305 234 20 46 1
10 461 114 305 234 20 46 1
10 461 115 305 234 20 46 1
10 461 116 305 234 20 46 1
10 461 117 304 234 21 46 1
10 461 118 304 234 21 46 1
10 461 119 304 234 21 46 1
10 461 120 304 234 21 46 1
10 461 121 304 234 21 46 1
10 461 122 304 234 19 46 1
10 461 123 304 234 19 46 1
10 461 124 304 234 19 46 1
10 461 125 304 234 19 46 1
10 461 126 304 234 19 46 1
10 461 127 304 234 19 46 1
10 461 128 304 234 19 46 1
10 461 129 304 234 19 46 1
10 461 130 302 234 21 46 1
10 461 131 302 234 21 46 1
10 461 132 302 234 19 46 1
10 461 133 302 234 19 46 1
10 461 134 302 234 19 46 1
10 461 135 302 234 19 46 1
10 461 136 302 234 19 46 1
10 461 137 302 234 19 46 1
10 461 138 302 234 19 46 1
10 461 139 302 234 19 46 1
10 461 140 302 234 19 46 1
10 461 141 302 234 19 46 1
10 461 142 302 234 19 46 1
10 461 143 300 232 20 47 1
10 461 144 300 232 20 47 1
10 461 145 300 232 20 47 1
10 461 146 300 232 20 47 1
10 461 147 300 232 20 47 1
10 461 148 300 232 20 47 1
10 461 149 300 232 20 47 1
10 461 150 300 232 20 47 1
10 461 151 300 232 20 47 1
10 461 152 300 232 20 47 1
10 461 153 300 232 20 47 1
10 461 154 300 232 20 47 1
10 461 155 300 232 20 47 1
10 461 156 300 232 20 47 1
10 461 157 300 232 20 47 1
10 461 158 300 232 20 47 1
10 461 159 300 232 20 47 1
10 461 160 300 232 20 47 1
10 461 161 300 232 20 47 1
10 461 162 300 232 20 47 1
10 461 163 300 232 20 47 1
10 461 164 300 232 20 47 1
10 461 165 300 232 20 47 1
10 461 166 300 232 20 47 1
10 461 167 300 232 20 47 1
10 461 168 300 232 20 47 1
10 461 169 300 232 20 47 1
10 461 170 300 232 20 47 1
10 461 171 300 232 20 47 1
10 461 172 300 232 20 47 1
10 461 173 300 232 20 47 1
10 461 174 300 232 20 47 1
10 461 175 300 232 20 47 1
10 461 176 300 232 20 47 1
10 461 177 300 232 20 47 1
10 461 178 300 232 20 47 1
10 461 179 300 232 20 47 1
10 461 180 300 232 20 47 1
10 461 181 300 232 20 47 1
10 461 182 298 232 20 47 1
10 461 183 298 232 20 47 1
10 461 184 298 232 20 47 1
10 461 185 298 232 20 47 1
10 461 186 298 232 20 47 1
10 461 187 298 232 20 47 1
10 461 188 298 232 20 47 1
10 461 189 298 232 20 47 1
10 461 190 298 232 20 47 1
10 461 191 298 232 20 47 1
10 461 192 298 232 20 47 1
10 461 193 298 232 20 47 1
10 461 194 298 232 20 47 1
10 461 195 298 232 20 47 1
10 461 196 298 232 20 47 1
10 461 197 298 232 20 47 1
10 461 198 298 232 20 47 1
10 461 199 298 232 20 47 1
10 461 200 298 232 20 47 1
10 461 201 298 232 20 47 1
10 461 202 298 232 20 47 1
10 461 203 298 232 20 47 1
10 461 204 298 232 20 47 1
10 461 205 298 232 20 47 1
10 461 206 298 232 20 47 1
10 461 207 298 232 20 47 1
10 461 208 298 232 20 47 1
10 461 209 298 232 20 47 1
10 461 210 298 232 20 47 1
10 461 211 298 232 20 47 1
10 461 212 298 232 20 47 1
10 461 213 298 232 20 47 1
10 461 214 298 232 20 47 1
10 461 215 298 232 20 47 1
10 461 216 298 232 20 47 1
10 461 217 298 232 20 47 1
10 461 218 298 232 20 47 1
10 461 219 298 232 20 47 1
10 461 220 298 232 20 47 1
10 461 221 298 232 20 47 1
10 461 222 296 231 20 48 1
10 461 223 296 231 20 48 1
10 461 224 296 231 20 48 1
10 461 225 296 231 20 48 1
10 461 226 296 231 20 48 1
10 461 227 296 231 20 48 1
10 461 228 296 231 20 48 1
10 461 229 296 231 20 48 1
10 461 230 296 231 20 48 1
10 461 231 296 231 20 48 1
10 461 232 296 231 20 48 1
10 461 233 296 231 20 48 1
10 461 234 296 231 20 48 1
10 461 235 296 231 20 48 1
10 461 236 296 231 20 48 1
10 461 237 296 231 20 48 1
10 461 238 296 231 20 48 1
10 461 239 296 231 20 48 1
10 461 240 296 231 20 48 1
10 461 241 296 231 20 48 1
10 461 242 296 231 20 48 1
10 461 243 296 231 20 48 1
10 461 244 296 231 20 48 1
10 461 245 296 231 20 48 1
10 461 246 296 231 20 48 1
10 461 247 296 231 20 48 1
10 461 248 296 231 20 48 1
10 461 249 296 231 20 48 1
10 461 250 296 231 20 48 1
10 461 251 296 231 20 48 1
10 461 252 296 231 20 48 1
10 461 253 296 231 20 48 1
10 461 254 296 231 20 48 1
10 461 255 296 231 20 48 1
10 461 256 296 231 20 48 1
10 461 257 296 231 20 48 1
10 461 258 296 231 20 48 1
10 461 259 296 231 20 48 1
10 461 260 296 231 20 48 1
10 461 261 295 231 19 48 1
10 461 262 295 231 19 48 1
10 461 263 295 231 19 48 1
10 461 264 295 231 19 48 1
10 461 265 295 231 19 48 1
10 461 266 295 231 19 48 1
10 461 267 295 231 19 48 1
10 461 268 295 231 19 48 1
10 461 269 295 231 19 48 1
10 461 270 295 231 19 48 1
10 461 271 295 231 19 48 1
10 461 272 295 231 19 48 1
10 461 273 295 231 19 48 1
10 461 274 295 231 19 48 1
10 461 275 295 231 19 48 1
10 461 276 295 231 19 48 1
10 461 277 295 231 19 48 1
10 461 278 295 231 19 48 1
10 461 279 295 231 19 48 1
10 461 280 295 231 19 48 1
10 461 281 295 231 19 48 1
10 461 282 295 231 19 48 1
10 461 283 295 231 19 48 1
10 461 284 295 231 19 48 1
10 461 285 295 231 19 48 1
10 461 286 295 231 19 48 1
10 461 287 295 231 19 48 1
10 461 288 295 231 19 48 1
10 461 289 295 231 19 48 1
10 461 290 295 231 19 48 1
10 461 291 295 231 19 48 1
10 461 292 295 231 19 48 1
10 461 293 295 231 19 48 1
10 461 294 295 231 19 48 1
10 461 295 295 231 19 48 1
10 461 296 295 231 19 48 1
10 461 297 295 231 19 48 1
10 461 298 295 231 19 48 1
10 461 299 295 231 19 48 1
10 461 300 295 231 19 48 1
10 461 301 293 231 21 48 1
10 461 302 293 231 21 48 1
10 461 303 293 231 21 48 1
10 461 304 293 231 21 48 1
10 461 305 293 231 21 48 1
10 461 306 293 231 21 48 1
10 461 307 293 231 21 48 1
10 461 308 293 231 21 48 1
10 461 309 293 231 21 48 1
10 461 310 293 231 21 48 1
10 461 311 293 231 21 48 1
10 461 312 293 231 21 48 1
10 461 313 293 231 21 48 1
10 461 314 293 231 21 48 1
10 461 315 293 231 21 48 1
10 461 316 293 231 21 48 1
10 461 317 293 231 21 48 1
10 461 318 293 231 21 48 1
10 461 319 293 231 21 48 1
10 461 320 293 231 21 48 1
10 461 321 293 231 21 48 1
10 461 322 293 231 21 48 1
10 461 323 293 231 21 48 1
10 461 324 293 231 21 48 1
10 461 325 293 231 21 48 1
10 461 326 293 231 21 48 1
10 461 327 293 231 21 48 1
10 461 328 293 231 21 48 1
10 461 329 293 231 21 48 1
10 461 330 293 231 21 48 1
10 461 331 293 231 21 48 1
10 461 332 291 231 23 48 1
10 461 333 291 231 23 48 1
10 461 334 291 231 23 48 1
10 461 335 291 231 23 48 1
10 461 336 291 231 23 48 1
10 461 337 291 231 23 48 1
10 461 338 291 231 23 48 1
10 461 339 291 231 23 48 1
10 461 340 291 231 23 48 1
10 461 341 291 231 23 48 1
10 461 342 291 231 23 48 1
10 461 343 291 231 23 48 1
10 461 344 291 231 23 48 1
10 461 345 291 231 23 48 1
10 461 346 291 231 23 48 1
10 461 347 291 231 23 48 1
10 461 348 291 231 23 48 1
10 461 349 291 231 23 48 1
10 461 350 291 231 23 48 1
10 461 351 291 231 23 48 1
10 461 352 291 231 23 48 1
10 461 353 291 231 23 48 1
10 461 354 291 231 23 48 1
10 461 355 291 231 23 48 1
10 461 356 291 231 23 48 1
10 461 357 291 231 23 48 1
10 461 358 291 231 23 48 1
10 461 359 291 231 23 48 1
10 461 360 291 231 23 48 1
10 461 361 291 231 23 48 1
10 461 362 291 232 23 47 1
10 461 363 291 232 23 47 1
10 461 364 291 232 23 47 1
10 461 365 291 232 23 47 1
10 461 366 291 232 23 47 1
10 461 367 291 232 23 47 1
10 461 368 291 232 23 47 1
10 461 369 291 232 23 47 1
10 461 370 291 232 23 47 1
10 461 371 291 232 23 47 1
10 461 372 291 232 23 47 1
10 461 373 291 232 23 47 1
10 461 374 291 232 23 47 1
10 461 375 291 232 23 47 1
10 461 376 291 232 23 47 1
10 461 377 291 232 23 47 1
10 461 378 291 232 23 47 1
10 461 379 291 232 23 47 1
10 461 380 291 232 23 47 1
10 461 381 291 232 23 47 1
10 461 382 291 232 23 47 1
10 461 383 291 232 23 47 1
10 461 384 291 232 23 47 1
10 461 385 291 232 23 47 1
10 461 386 291 232 23 47 1
10 461 387 291 232 23 47 1
10 461 388 291 232 23 47 1
10 461 389 291 232 23 47 1
10 461 390 291 232 23 47 1
10 461 391 291 232 23 47 1
10 461 392 291 232 23 47 1
10 461 393 291 232 23 47 1
10 461 394 291 232 23 47 1
10 461 395 291 232 23 47 1
10 461 396 291 232 23 47 1
10 461 397 291 232 23 47 1
10 461 398 291 232 23 47 1
10 461 399 291 232 23 47 1
10 461 400 291 232 23 47 1
10 461 401 291 232 23 47 1
10 461 402 291 232 23 47 1
10 461 403 291 232 23 47 1
10 461 404 291 232 23 47 1
10 461 405 291 232 23 47 1
10 461 406 291 232 23 47 1
10 461 407 291 232 23 47 1
10 461 408 291 232 23 47 1
10 461 409 291 232 23 47 1
10 461 410 291 232 23 47 1
10 461 411 291 232 23 47 1
10 461 412 291 232 23 47 1
10 461 413 291 232 23 47 1
10 461 414 291 232 23 47 1
10 461 415 291 232 23 47 1
10 461 416 291 232 23 47 1
10 461 417 291 232 23 47 1
10 461 418 291 232 23 47 1
10 461 419 291 232 23 47 1
10 461 420 291 232 23 47 1
10 461 421 291 232 23 47 1
10 461 422 291 232 23 47 1
10 461 423 291 232 23 47 1
10 461 424 291 232 23 47 1
10 461 425 291 232 23 47 1
10 461 426 291 232 23 47 1
10 461 427 291 232 23 47 1
10 461 428 291 232 23 47 1
10 461 429 291 232 23 47 1
10 461 430 291 232 23 47 1
10 461 431 291 232 23 47 1
10 461 432 291 232 23 47 1
10 461 433 291 232 23 47 1
10 461 434 291 232 23 47 1
10 461 435 291 232 23 47 1
10 461 436 291 232 23 47 1
10 461 437 291 232 23 47 1
10 461 438 291 232 23 47 1
10 461 439 291 232 23 47 1
10 461 440 291 232 23 47 1
10 461 441 291 232 23 47 1
10 461 442 291 232 23 47 1
10 461 443 291 232 23 47 1
10 461 444 291 232 23 47 1
10 461 445 291 232 23 47 1
10 461 446 291 232 23 47 1
10 461 447 291 232 23 47 1
10 461 448 291 232 23 47 1
10 461 449 291 232 23 47 1
10 461 450 291 232 23 47 1
10 461 451 291 232 23 47 1
10 461 452 291 232 23 47 1
10 461 453 291 232 23 47 1
10 461 454 291 232 23 47 1
10 461 455 291 232 23 47 1
10 461 456 291 232 23 47 1
10 461 457 291 232 23 47 1
10 461 458 291 232 23 47 1
10 461 459 291 232 23 47 1
10 461 460 291 232 23 47 1
