0 616 0 128 430 46 99 1
0 616 1 128 428 46 100 1
0 616 2 129 428 47 100 1
0 616 3 131 428 46 100 1
0 616 4 133 428 44 98 1
0 616 5 135 428 44 98 1
0 616 6 135 426 46 100 1
0 616 7 136 426 45 98 1
0 616 8 138 426 45 98 1
0 616 9 140 426 44 98 1
0 616 10 142 426 44 96 1
0 616 11 142 424 44 98 1
0 616 12 144 424 44 98 1
0 616 13 145 424 45 96 1
0 616 14 147 424 43 96 1
0 616 15 149 424 43 96 1
0 616 16 149 424 44 95 1
0 616 17 151 423 42 96 1
0 616 18 152 423 43 96 1
0 616 19 154 423 43 94 1
0 616 20 156 423 43 94 1
0 616 21 156 423 43 94 1
0 616 22 158 421 42 94 1
0 616 23 160 421 42 94 1
0 616 24 161 421 41 94 1
0 616 25 163 421 41 92 1
0 616 26 163 421 43 92 1
0 616 27 165 419 41 94 1
0 616 28 167 419 41 93 1
0 616 29 168 419 41 93 1
0 616 30 170 419 41 93 1
0 616 31 170 419 41 91 1
0 616 32 172 419 41 91 1
0 616 33 174 417 41 93 1
0 616 34 176 417 39 91 1
0 616 35 177 417 39 91 1
0 616 36 177 417 41 91 1
0 616 37 179 417 39 89 1
0 616 38 181 416 39 90 1
0 616 39 183 416 39 90 1
0 616 40 184 416 40 88 1
0 616 41 184 416 40 88 1
0 616 42 186 416 39 88 1
0 616 43 188 416 39 87 1
0 616 44 190 414 37 89 1
0 616 45 192 414 37 89 1
0 616 46 192 414 39 87 1
0 616 47 193 414 38 87 1
0 616 48 195 414 37 87 1
0 616 49 197 412 37 87 1
0 616 50 199 412 37 87 1
0 616 51 199 412 37 87 1
0 616 52 200 412 38 85 1
0 616 53 202 412 38 85 1
0 616 54 204 410 36 87 1
0 616 55 206 410 35 86 1
0 616 56 206 410 37 86 1
0 616 57 208 410 35 86 1
0 616 58 209 410 36 84 1
0 616 59 211 410 36 84 1
0 616 60 213 408 35 86 1
0 616 61 213 408 35 84 1
0 616 62 215 408 35 84 1
0 616 63 216 408 36 84 1
0 616 64 218 408 34 82 1
0 616 65 220 407 34 83 1
0 616 66 220 407 36 83 1
0 616 67 222 407 34 81 1
0 616 68 224 407 33 81 1
0 616 69 225 407 34 81 1
0 616 70 227 407 34 81 1
0 616 71 227 405 34 82 1
0 616 72 229 405 32 82 1
0 616 73 229 405 34 82 1
0 616 74 231 403 32 82 1
0 616 75 231 403 33 82 1
0 616 76 232 403 32 82 1
0 616 77 232 403 32 82 1
0 616 78 234 401 32 82 1
0 616 79 234 401 32 82 1
0 616 80 236 401 32 82 1
0 616 81 236 401 32 80 1
0 616 82 238 400 30 81 1
0 616 83 238 400 32 81 1
0 616 84 240 400 30 81 1
0 616 85 240 400 32 80 1
0 616 86 241 398 31 82 1
0 616 87 241 398 31 82 1
0 616 88 243 398 30 80 1
0 616 89 243 398 30 80 1
0 616 90 245 396 30 82 1
0 616 91 245 396 30 82 1
0 616 92 247 396 28 80 1
0 616 93 247 396 30 80 1
0 616 94 248 394 29 82 1
0 616 95 248 394 31 80 1
0 616 96 250 394 29 80 1
0 616 97 250 394 29 80 1
0 616 98 252 392 28 82 1
0 616 99 252 392 28 80 1
0 616 100 254 392 28 80 1
0 616 101 254 392 28 80 1
0 616 102 256 391 26 80 1
0 616 103 256 391 28 80 1
0 616 104 257 391 27 80 1
0 616 105 259 391 27 80 1
0 616 106 259 389 27 80 1
0 616 107 259 389 27 78 1
0 616 108 259 387 27 80 1
0 616 109 261 387 25 78 1
0 616 110 261 385 25 80 1
0 616 111 261 385 27 79 1
0 616 112 261 384 27 80 1
0 616 113 263 384 25 78 1
0 616 114 263 382 25 80 1
0 616 115 263 382 25 78 1
0 616 116 263 380 25 80 1
0 616 117 264 380 25 78 1
0 616 118 264 378 25 78 1
0 616 119 264 378 25 78 1
0 616 120 264 376 25 79 1
0 616 121 266 376 23 79 1
0 616 122 266 375 23 78 1
0 616 123 266 375 25 78 1
0 616 124 266 373 25 78 1
0 616 125 268 373 23 78 1
0 616 126 268 371 23 78 1
0 616 127 268 371 23 78 1
0 616 128 268 369 23 79 1
0 616 129 270 369 23 79 1
0 616 130 270 368 23 78 1
0 616 131 270 368 23 78 1
0 616 132 270 368 23 78 1
0 616 133 270 366 25 78 1
0 616 134 272 366 23 78 1
0 616 135 272 366 23 78 1
0 616 136 272 366 23 76 1
0 616 137 272 364 24 78 1
0 616 138 273 364 23 78 1
0 616 139 273 364 23 76 1
0 616 140 273 364 23 76 1
0 616 141 273 362 25 78 1
0 616 142 275 362 23 77 1
0 616 143 275 362 23 77 1
0 616 144 275 360 23 79 1
0 616 145 275 360 25 79 1
0 616 146 277 360 23 77 1
0 616 147 277 360 23 77 1
0 616 148 277 359 23 78 1
0 616 149 277 359 25 76 1
0 616 150 279 359 23 76 1
0 616 151 279 359 23 76 1
0 616 152 279 357 23 76 1
0 616 153 279 357 25 76 1
0 616 154 279 357 25 76 1
0 616 155 280 357 24 75 1
0 616 156 280 355 24 77 1
0 616 157 280 355 25 77 1
0 616 158 280 355 25 77 1
0 616 159 282 353 23 77 1
0 616 160 282 353 23 77 1
0 616 161 282 353 25 77 1
0 616 162 282 353 25 75 1
0 616 163 284 352 23 76 1
0 616 164 284 352 23 76 1
0 616 165 284 352 25 74 1
0 616 166 284 352 25 74 1
0 616 167 286 350 23 76 1
0 616 168 286 350 23 74 1
0 616 169 286 350 25 74 1
0 616 170 286 350 25 74 1
0 616 171 288 348 23 75 1
0 616 172 288 348 23 75 1
0 616 173 288 348 24 75 1
0 616 174 288 346 24 77 1
0 616 175 289 346 23 75 1
0 616 176 289 346 23 75 1
0 616 177 289 346 25 75 1
0 616 178 289 344 25 75 1
0 616 179 289 344 25 75 1
0 616 180 291 344 23 75 1
0 616 181 291 344 25 73 1
0 616 182 291 343 25 74 1
0 616 183 291 343 25 74 1
0 616 184 293 343 23 73 1
0 616 185 293 343 25 73 1
0 616 186 293 341 25 75 1
0 616 187 293 341 25 75 1
0 616 188 295 341 23 73 1
0 616 189 295 339 25 75 1
0 616 190 295 339 25 75 1
0 616 191 295 339 25 73 1
0 616 192 296 339 24 73 1
0 616 193 296 337 25 75 1
0 616 194 296 337 25 73 1
0 616 195 296 337 25 73 1
0 616 196 298 337 23 73 1
0 616 197 298 336 25 72 1
0 616 198 298 336 25 72 1
0 616 199 298 336 25 72 1
0 616 200 300 336 25 72 1
0 616 201 300 334 25 73 1
0 616 202 300 334 25 73 1
0 616 203 300 334 25 73 1
0 616 204 300 332 25 73 1
0 616 205 300 332 25 73 1
0 616 206 300 332 25 73 1
0 616 207 300 332 25 71 1
0 616 208 302 330 23 73 1
0 616 209 302 330 25 73 1
0 616 210 302 330 25 73 1
0 616 211 302 330 25 71 1
0 616 212 302 328 25 73 1
0 616 213 302 328 25 73 1
0 616 214 302 328 25 72 1
0 616 215 302 328 25 72 1
0 616 216 304 327 23 73 1
0 616 217 304 327 23 71 1
0 616 218 304 327 24 71 1
0 616 219 304 327 24 71 1
0 616 220 304 325 24 73 1
0 616 221 304 325 24 71 1
0 616 222 304 325 24 71 1
0 616 223 304 325 24 71 1
0 616 224 305 323 23 71 1
0 616 225 305 323 23 71 1
0 616 226 305 323 23 71 1
0 616 227 305 323 25 69 1
0 616 228 305 321 25 71 1
0 616 229 305 321 25 71 1
0 616 230 305 321 25 71 1
0 616 231 305 321 25 70 1
0 616 232 307 320 23 71 1
0 616 233 307 320 23 71 1
0 616 234 307 320 23 69 1
0 616 235 307 320 25 69 1
0 616 236 307 318 25 71 1
0 616 237 307 318 25 69 1
0 616 238 307 318 25 69 1
0 616 239 307 318 25 69 1
0 616 240 309 316 23 71 1
0 616 241 309 316 23 69 1
0 616 242 309 316 23 69 1
0 616 243 309 316 23 69 1
0 616 244 309 314 25 70 1
0 616 245 309 314 25 70 1
0 616 246 309 314 25 70 1
0 616 247 309 314 25 68 1
0 616 248 311 312 23 70 1
0 616 249 311 312 23 70 1
0 616 250 311 312 23 70 1
0 616 251 311 312 23 68 1
0 616 252 311 311 23 69 1
0 616 253 311 311 25 69 1
0 616 254 311 311 25 67 1
0 616 255 311 311 25 67 1
0 616 256 312 309 24 69 1
0 616 257 312 309 24 67 1
0 616 258 312 309 24 67 1
0 616 259 312 309 24 67 1
0 616 260 312 307 24 69 1
0 616 261 312 307 25 68 1
0 616 262 312 307 25 68 1
0 616 263 312 307 25 68 1
0 616 264 314 305 23 68 1
0 616 265 314 305 23 68 1
0 616 266 314 305 23 68 1
0 616 267 314 305 23 66 1
0 616 268 314 304 23 67 1
0 616 269 314 304 23 67 1
0 616 270 314 304 25 67 1
0 616 271 314 304 25 65 1
0 616 272 316 302 23 67 1
0 616 273 316 302 23 67 1
0 616 274 316 302 23 66 1
0 616 275 316 302 23 66 1
0 616 276 316 300 23 68 1
0 616 277 316 300 23 66 1
0 616 278 316 300 23 66 1
0 616 279 316 300 25 66 1
0 616 280 318 298 23 68 1
0 616 281 318 298 23 66 1
0 616 282 318 298 23 66 1
0 616 283 318 298 23 66 1
0 616 284 318 296 23 66 1
0 616 285 318 296 23 66 1
0 616 286 318 296 23 66 1
0 616 287 320 296 23 66 1
0 616 288 320 295 23 65 1
0 616 289 320 295 23 65 1
0 616 290 321 295 23 65 1
0 616 291 321 293 23 66 1
0 616 292 321 293 23 66 1
0 616 293 323 293 23 66 1
0 616 294 323 291 23 66 1
0 616 295 325 291 23 66 1
0 616 296 325 291 23 66 1
0 616 297 325 289 23 66 1
0 616 298 327 289 23 66 1
0 616 299 327 289 23 66 1
0 616 300 328 289 24 66 1
0 616 301 328 288 24 65 1
0 616 302 328 288 24 65 1
0 616 303 328 288 24 65 1
0 616 304 328 288 25 65 1
0 616 305 330 286 23 67 1
0 616 306 330 286 23 66 1
0 616 307 330 286 23 66 1
0 616 308 330 286 25 66 1
0 616 309 332 286 23 66 1
0 616 310 332 284 23 68 1
0 616 311 332 284 25 68 1
0 616 312 332 284 25 66 1
0 616 313 334 284 23 66 1
0 616 314 334 284 23 66 1
0 616 315 334 282 25 68 1
0 616 316 334 282 25 68 1
0 616 317 336 282 23 68 1
0 616 318 336 282 24 66 1
0 616 319 336 282 24 66 1
0 616 320 336 280 24 68 1
0 616 321 337 280 23 68 1
0 616 322 337 280 25 68 1
0 616 323 337 280 25 68 1
0 616 324 337 280 25 66 1
0 616 325 339 279 25 67 1
0 616 326 339 279 25 67 1
0 616 327 339 279 25 67 1
0 616 328 339 279 25 67 1
0 616 329 341 277 25 69 1
0 616 330 341 277 25 67 1
0 616 331 341 277 25 67 1
0 616 332 341 277 27 67 1
0 616 333 343 277 25 67 1
0 616 334 343 275 25 69 1
0 616 335 343 275 25 69 1
0 616 336 343 275 26 68 1
0 616 337 344 275 25 68 1
0 616 338 344 275 25 68 1
0 616 339 344 273 27 70 1
0 616 340 344 273 27 70 1
0 616 341 346 273 25 70 1
0 616 342 346 273 25 68 1
0 616 343 346 273 27 68 1
0 616 344 346 272 27 69 1
0 616 345 348 272 25 69 1
0 616 346 348 272 27 69 1
0 616 347 348 272 27 69 1
0 616 348 348 272 27 67 1
0 616 349 350 270 25 69 1
0 616 350 350 270 26 69 1
0 616 351 350 270 26 69 1
0 616 352 350 270 26 69 1
0 616 353 352 270 26 69 1
0 616 354 352 268 26 69 1
0 616 355 352 268 26 69 1
0 616 356 352 268 26 69 1
0 616 357 353 268 27 69 1
0 616 358 353 268 27 68 1
0 616 359 353 266 27 70 1
0 616 360 355 266 27 70 1
0 616 361 355 266 27 70 1
0 616 362 355 266 27 68 1
0 616 363 357 266 27 68 1
0 616 364 357 266 27 68 1
0 616 365 357 264 27 70 1
0 616 366 359 264 26 68 1
0 616 367 359 264 26 68 1
0 616 368 359 264 26 68 1
0 616 369 360 264 27 68 1
0 616 370 360 264 27 68 1
0 616 371 360 263 27 67 1
0 616 372 362 263 27 67 1
0 616 373 362 263 27 67 1
0 616 374 362 263 27 67 1
0 616 375 364 263 27 65 1
0 616 376 364 261 27 67 1
0 616 377 364 261 27 67 1
0 616 378 366 261 26 67 1
0 616 379 366 261 26 66 1
0 616 380 366 261 26 66 1
0 616 381 368 261 26 66 1
0 616 382 368 259 26 68 1
0 616 383 368 259 26 66 1
0 616 384 369 259 27 66 1
0 616 385 369 259 27 66 1
0 616 386 369 259 27 66 1
0 616 387 371 259 27 66 1
0 616 388 371 257 27 66 1
0 616 389 371 257 27 66 1
0 616 390 371 257 27 66 1
0 616 391 373 257 27 66 1
0 616 392 373 257 27 64 1
0 616 393 373 256 27 65 1
0 616 394 375 256 26 65 1
0 616 395 375 256 26 65 1
0 616 396 375 256 26 64 1
0 616 397 376 256 27 64 1
0 616 398 376 256 27 64 1
0 616 399 376 254 27 66 1
0 616 400 378 254 27 64 1
0 616 401 378 254 27 64 1
0 616 402 378 254 27 64 1
0 616 403 380 254 27 64 1
0 616 404 380 254 27 64 1
0 616 405 380 252 27 64 1
0 616 406 382 252 26 64 1
0 616 407 382 252 26 64 1
0 616 408 382 252 26 64 1
0 616 409 384 252 26 62 1
0 616 410 384 250 26 64 1
0 616 411 384 250 26 64 1
0 616 412 385 250 27 64 1
0 616 413 385 250 27 62 1
0 616 414 385 250 27 62 1
0 616 415 387 250 27 62 1
0 616 416 387 248 27 64 1
0 616 417 387 248 27 63 1
0 616 418 389 248 27 63 1
0 616 419 389 248 27 63 1
0 616 420 389 248 27 63 1
0 616 421 391 248 26 63 1
0 616 422 391 247 26 62 1
0 616 423 391 247 26 62 1
0 616 424 391 247 26 62 1
0 616 425 391 247 26 62 1
0 616 426 392 245 27 62 1
0 616 427 392 245 27 62 1
0 616 428 392 245 27 62 1
0 616 429 392 245 27 62 1
0 616 430 394 245 27 62 1
0 616 431 394 243 27 62 1
0 616 432 394 243 27 62 1
0 616 433 394 243 27 62 1
0 616 434 396 243 27 62 1
0 616 435 396 241 27 63 1
0 616 436 396 241 27 63 1
0 616 437 396 241 27 63 1
0 616 438 398 241 26 63 1
0 616 439 398 241 26 63 1
0 616 440 398 240 26 62 1
0 616 441 398 240 26 62 1
0 616 442 400 240 26 62 1
0 616 443 400 240 26 62 1
0 616 444 400 238 26 62 1
0 616 445 400 238 26 62 1
0 616 446 401 238 27 62 1
0 616 447 401 238 27 62 1
0 616 448 401 238 27 62 1
0 616 449 401 236 27 62 1
0 616 450 403 236 27 62 1
0 616 451 403 236 27 62 1
0 616 452 403 236 27 62 1
0 616 453 403 234 27 62 1
0 616 454 405 234 27 62 1
0 616 455 405 234 27 62 1
0 616 456 405 234 27 62 1
0 616 457 405 234 27 62 1
0 616 458 407 232 26 63 1
0 616 459 407 232 26 63 1
0 616 460 407 232 26 63 1
0 616 461 407 232 26 63 1
0 616 462 408 231 27 62 1
0 616 463 408 231 27 62 1
0 616 464 408 231 27 62 1
0 616 465 408 231 27 62 1
0 616 466 410 231 27 62 1
0 616 467 410 229 27 62 1
0 616 468 410 229 27 62 1
0 616 469 412 229 27 62 1
0 616 470 412 229 27 62 1
0 616 471 414 229 26 62 1
0 616 472 414 229 26 60 1
0 616 473 414 229 26 60 1
0 616 474 416 229 26 60 1
0 616 475 416 229 26 60 1
0 616 476 417 227 27 62 1
0 616 477 417 227 27 62 1
0 616 478 419 227 25 61 1
0 616 479 419 227 27 61 1
0 616 480 419 227 27 61 1
0 616 481 421 227 27 61 1
0 616 482 421 227 27 61 1
0 616 483 423 227 25 59 1
0 616 484 423 227 26 59 1
0 616 485 423 225 26 61 1
0 616 486 424 225 27 61 1
0 616 487 424 225 27 61 1
0 616 488 426 225 25 61 1
0 616 489 426 225 27 59 1
0 616 490 428 225 25 59 1
0 616 491 428 225 27 59 1
0 616 492 428 225 27 59 1
0 616 493 430 225 25 59 1
0 616 494 430 224 26 58 1
0 616 495 432 224 24 58 1
0 616 496 432 224 26 58 1
0 616 497 432 224 26 58 1
0 616 498 433 224 25 58 1
0 616 499 433 224 27 58 1
0 616 500 435 224 25 56 1
0 616 501 435 224 27 56 1
0 616 502 437 224 25 56 1
0 616 503 437 222 25 58 1
0 616 504 437 222 27 58 1
0 616 505 439 222 25 57 1
0 616 506 439 222 26 57 1
0 616 507 440 222 25 57 1
0 616 508 440 222 25 57 1
0 616 509 440 222 27 57 1
0 616 510 442 222 25 57 1
0 616 511 442 222 27 55 1
0 616 512 444 220 25 57 1
0 616 513 444 220 25 57 1
0 616 514 446 220 25 57 1
0 616 515 446 220 25 57 1
0 616 516 446 220 26 55 1
0 616 517 448 220 24 55 1
0 616 518 448 220 24 55 1
0 616 519 449 220 25 55 1
0 616 520 449 220 25 55 1
0 616 521 451 220 25 55 1
0 616 522 451 218 25 55 1
0 616 523 453 218 25 55 1
0 616 524 453 218 25 55 1
0 616 525 455 218 25 55 1
0 616 526 455 218 25 55 1
0 616 527 456 218 25 55 1
0 616 528 456 218 25 55 1
0 616 529 458 218 25 55 1
0 616 530 458 218 25 55 1
0 616 531 460 218 25 55 1
0 616 532 460 218 25 55 1
0 616 533 462 218 25 55 1
0 616 534 462 218 25 55 1
0 616 535 464 218 24 55 1
0 616 536 464 218 24 55 1
0 616 537 465 218 25 55 1
0 616 538 465 218 25 55 1
0 616 539 467 218 25 55 1
0 616 540 467 218 25 55 1
0 616 541 469 218 25 55 1
0 616 542 469 218 25 55 1
0 616 543 471 218 25 55 1
0 616 544 472 216 25 56 1
0 616 545 472 216 25 56 1
0 616 546 474 216 25 56 1
0 616 547 474 216 25 56 1
0 616 548 476 216 25 56 1
0 616 549 476 216 25 56 1
0 616 550 478 216 25 56 1
0 616 551 478 216 25 56 1
0 616 552 480 216 24 56 1
0 616 553 480 216 24 56 1
0 616 554 481 216 25 56 1
0 616 555 481 216 25 56 1
0 616 556 483 216 25 56 1
0 616 557 483 216 25 56 1
0 616 558 485 216 25 56 1
0 616 559 485 216 25 56 1
0 616 560 487 216 25 56 1
0 616 561 487 216 25 56 1
0 616 562 488 216 25 56 1
0 616 563 488 216 25 56 1
0 616 564 490 216 25 56 1
0 616 565 492 216 25 56 1
0 616 566 492 216 25 54 1
0 616 567 494 216 25 54 1
0 616 568 494 216 25 54 1
0 616 569 496 216 24 54 1
0 616 570 496 216 24 54 1
0 616 571 497 216 25 54 1
0 616 572 497 216 25 54 1
0 616 573 499 216 25 54 1
0 616 574 499 216 25 54 1
0 616 575 501 216 25 54 1
0 616 576 501 216 25 54 1
0 616 577 503 216 25 54 1
0 616 578 503 216 25 54 1
0 616 579 504 216 25 54 1
0 616 580 504 216 25 54 1
0 616 581 506 216 25 54 1
0 616 582 506 216 25 54 1
0 616 583 508 216 25 54 1
0 616 584 508 216 25 54 1
0 616 585 510 216 25 54 1
0 616 586 510 216 25 54 1
0 616 587 512 216 24 54 1
0 616 588 512 216 24 54 1
0 616 589 513 216 25 54 1
0 616 590 513 216 25 54 1
0 616 591 515 216 25 54 1
0 616 592 515 216 25 54 1
0 616 593 517 216 25 54 1
0 616 594 517 216 25 54 1
0 616 595 519 216 25 54 1
0 616 596 519 216 25 54 1
0 616 597 520 216 25 54 1
0 616 598 520 216 25 54 1
0 616 599 522 216 25 54 1
0 616 600 524 218 25 52 1
0 616 601 524 218 25 50 1
0 616 602 524 218 27 50 1
0 616 603 526 218 26 50 1
0 616 604 526 218 28 50 1
0 616 605 528 218 28 50 1
0 616 606 528 218 28 50 1
0 616 607 528 218 30 50 1
0 616 608 529 220 31 46 1
0 616 609 529 220 32 46 1
0 616 610 531 220 32 46 1
0 616 611 531 220 32 46 1
0 616 612 531 220 34 46 1
0 616 613 533 220 34 46 1
0 616 614 533 220 35 46 1
0 616 615 535 222 35 44 1
1 16 600 1160 199 36 67 1
1 16 601 1160 197 36 67 1
1 16 602 1162 197 36 67 1
1 16 603 1164 197 36 67 1
1 16 604 1166 197 35 67 1
1 16 605 1166 197 35 67 1
1 16 606 1168 197 35 67 1
1 16 607 1169 197 36 67 1
1 16 608 1171 197 36 67 1
1 16 609 1171 197 36 67 1
1 16 610 1173 197 35 67 1
1 16 611 1175 197 35 67 1
1 16 612 1176 197 36 67 1
1 16 613 1178 197 36 67 1
1 16 614 1180 197 36 67 1
1 16 615 1182 197 35 67 1
2 616 0 888 684 47 34 1
2 616 1 888 684 47 34 1
2 616 2 888 684 47 34 1
2 616 3 888 684 47 34 1
2 616 4 888 684 47 34 1
2 616 5 888 684 47 34 1
2 616 6 888 684 47 34 1
2 616 7 888 684 47 34 1
2 616 8 888 684 47 34 1
2 616 9 888 684 47 34 1
2 616 10 888 684 47 34 1
2 616 11 888 684 47 34 1
2 616 12 888 684 47 34 1
2 616 13 888 684 47 34 1
2 616 14 888 684 47 34 1
2 616 15 888 684 47 34 1
2 616 16 888 684 47 34 1
2 616 17 888 684 47 34 1
2 616 18 888 684 47 34 1
2 616 19 888 684 47 34 1
2 616 20 888 684 47 34 1
2 616 21 888 684 47 34 1
2 616 22 888 684 47 34 1
2 616 23 888 684 47 34 1
2 616 24 888 684 47 34 1
2 616 25 888 684 47 34 1
2 616 26 888 684 47 34 1
2 616 27 888 684 47 34 1
2 616 28 888 684 47 34 1
2 616 29 888 684 47 34 1
2 616 30 888 684 47 34 1
2 616 31 888 684 47 34 1
2 616 32 888 684 47 34 1
2 616 33 888 684 47 34 1
2 616 34 888 684 47 34 1
2 616 35 888 684 47 34 1
2 616 36 888 684 47 34 1
2 616 37 888 684 47 34 1
2 616 38 888 684 47 34 1
2 616 39 888 684 47 34 1
2 616 40 888 684 47 34 1
2 616 41 888 684 47 34 1
2 616 42 888 684 47 34 1
2 616 43 888 684 47 34 1
2 616 44 888 684 47 34 1
2 616 45 888 684 47 34 1
2 616 46 888 684 47 34 1
2 616 47 888 684 47 34 1
2 616 48 888 684 47 34 1
2 616 49 888 684 47 34 1
2 616 50 888 684 47 34 1
2 616 51 888 684 47 34 1
2 616 52 888 684 47 34 1
2 616 53 888 684 47 34 1
2 616 54 888 684 47 34 1
2 616 55 888 684 47 34 1
2 616 56 888 684 47 34 1
2 616 57 888 684 47 34 1
2 616 58 888 684 47 34 1
2 616 59 888 684 47 34 1
2 616 60 888 684 47 34 1
2 616 61 888 684 47 34 1
2 616 62 888 684 47 34 1
2 616 63 888 684 47 34 1
2 616 64 888 684 47 34 1
2 616 65 888 684 47 34 1
2 616 66 888 684 47 34 1
2 616 67 888 684 47 34 1
2 616 68 888 684 47 34 1
2 616 69 888 684 47 34 1
2 616 70 888 684 47 34 1
2 616 71 888 684 47 34 1
2 616 72 888 684 47 34 1
2 616 73 888 684 47 34 1
2 616 74 888 684 47 34 1
2 616 75 888 684 47 34 1
2 616 76 888 684 47 34 1
2 616 77 888 684 47 34 1
2 616 78 888 684 47 34 1
2 616 79 888 684 47 34 1
2 616 80 888 684 47 34 1
2 616 81 888 684 47 34 1
2 616 82 888 684 47 34 1
2 616 83 888 684 47 34 1
2 616 84 888 684 47 34 1
2 616 85 888 684 47 34 1
2 616 86 888 684 47 34 1
2 616 87 888 684 47 34 1
2 616 88 888 684 47 34 1
2 616 89 888 684 47 34 1
2 616 90 888 684 47 34 1
2 616 91 888 684 47 34 1
2 616 92 888 684 47 34 1
2 616 93 888 684 47 34 1
2 616 94 888 684 47 34 1
2 616 95 888 684 47 34 1
2 616 96 888 684 47 34 1
2 616 97 888 684 47 34 1
2 616 98 888 684 47 34 1
2 616 99 888 684 47 34 1
2 616 100 888 684 47 34 1
2 616 101 888 684 47 34 1
2 616 102 888 684 47 34 1
2 616 103 888 684 47 34 1
2 616 104 888 684 47 34 1
2 616 105 888 684 47 34 1
2 616 106 888 684 47 34 1
2 616 107 888 684 47 34 1
2 616 108 888 684 47 34 1
2 616 109 888 684 47 34 1
2 616 110 888 684 47 34 1
2 616 111 888 684 47 34 1
2 616 112 888 684 47 34 1
2 616 113 888 684 47 34 1
2 616 114 888 684 47 34 1
2 616 115 888 684 47 34 1
2 616 116 888 684 47 34 1
2 616 117 888 684 47 34 1
2 616 118 888 684 47 34 1
2 616 119 888 684 47 34 1
2 616 120 888 684 47 34 1
2 616 121 888 684 47 34 1
2 616 122 888 684 47 34 1
2 616 123 888 684 47 34 1
2 616 124 888 684 47 34 1
2 616 125 888 684 47 34 1
2 616 126 888 684 47 34 1
2 616 127 888 684 47 34 1
2 616 128 888 684 47 34 1
2 616 129 888 684 47 34 1
2 616 130 888 684 47 34 1
2 616 131 888 684 47 34 1
2 616 132 888 684 47 34 1
2 616 133 888 684 47 34 1
2 616 134 888 684 47 34 1
2 616 135 888 684 47 34 1
2 616 136 888 684 47 34 1
2 616 137 888 684 47 34 1
2 616 138 888 684 47 34 1
2 616 139 888 684 47 34 1
2 616 140 888 684 47 34 1
2 616 141 888 684 47 34 1
2 616 142 888 684 47 34 1
2 616 143 888 684 47 34 1
2 616 144 888 684 47 34 1
2 616 145 888 684 47 34 1
2 616 146 888 684 47 34 1
2 616 147 888 684 47 34 1
2 616 148 888 684 47 34 1
2 616 149 888 684 47 34 1
2 616 150 888 684 47 34 1
2 616 151 888 684 47 34 1
2 616 152 888 684 47 34 1
2 616 153 888 684 47 34 1
2 616 154 888 684 47 34 1
2 616 155 888 684 47 34 1
2 616 156 888 684 47 34 1
2 616 157 888 684 47 34 1
2 616 158 888 684 47 34 1
2 616 159 888 684 47 34 1
2 616 160 888 684 47 34 1
2 616 161 888 684 47 34 1
2 616 162 888 684 47 34 1
2 616 163 888 684 47 34 1
2 616 164 888 684 47 34 1
2 616 165 888 684 47 34 1
2 616 166 888 684 47 34 1
2 616 167 888 684 47 34 1
2 616 168 888 684 47 34 1
2 616 169 888 684 47 34 1
2 616 170 888 684 47 34 1
2 616 171 888 684 47 34 1
2 616 172 888 684 47 34 1
2 616 173 888 684 47 34 1
2 616 174 888 684 47 34 1
2 616 175 888 684 47 34 1
2 616 176 888 684 47 34 1
2 616 177 888 684 47 34 1
2 616 178 888 684 47 34 1
2 616 179 888 684 47 34 1
2 616 180 888 684 47 34 1
2 616 181 888 684 47 34 1
2 616 182 888 684 47 34 1
2 616 183 888 684 47 34 1
2 616 184 888 684 47 34 1
2 616 185 888 684 47 34 1
2 616 186 888 684 47 34 1
2 616 187 888 684 47 34 1
2 616 188 888 684 47 34 1
2 616 189 888 684 47 34 1
2 616 190 888 684 47 34 1
2 616 191 888 684 47 34 1
2 616 192 888 684 47 34 1
2 616 193 888 684 47 34 1
2 616 194 888 684 47 34 1
2 616 195 888 684 47 34 1
2 616 196 888 684 47 34 1
2 616 197 888 684 47 34 1
2 616 198 888 684 47 34 1
2 616 199 888 684 47 34 1
2 616 200 888 684 47 34 1
2 616 201 888 684 47 34 1
2 616 202 888 684 47 34 1
2 616 203 888 684 47 34 1
2 616 204 888 684 47 34 1
2 616 205 888 684 47 34 1
2 616 206 888 684 47 34 1
2 616 207 888 684 47 34 1
2 616 208 888 684 47 34 1
2 616 209 888 684 47 34 1
2 616 210 888 684 47 34 1
2 616 211 888 684 47 34 1
2 616 212 888 684 47 34 1
2 616 213 888 684 47 34 1
2 616 214 888 684 47 34 1
2 616 215 888 684 47 34 1
2 616 216 888 684 47 34 1
2 616 217 888 684 47 34 1
2 616 218 888 684 47 34 1
2 616 219 888 684 47 34 1
2 616 220 888 684 47 34 1
2 616 221 888 684 47 34 1
2 616 222 888 684 47 34 1
2 616 223 888 684 47 34 1
2 616 224 888 684 47 34 1
2 616 225 888 684 47 34 1
2 616 226 888 684 47 34 1
2 616 227 888 684 47 34 1
2 616 228 888 684 47 34 1
2 616 229 888 684 47 34 1
2 616 230 888 684 47 34 1
2 616 231 888 684 47 34 1
2 616 232 888 684 47 34 1
2 616 233 888 684 47 34 1
2 616 234 888 684 47 34 1
2 616 235 888 684 47 34 1
2 616 236 888 684 47 34 1
2 616 237 888 684 47 34 1
2 616 238 888 684 47 34 1
2 616 239 888 684 47 34 1
2 616 240 888 684 47 34 1
2 616 241 888 684 47 34 1
2 616 242 888 684 47 34 1
2 616 243 888 684 47 34 1
2 616 244 888 684 47 34 1
2 616 245 888 684 47 34 1
2 616 246 888 684 47 34 1
2 616 247 888 684 47 34 1
2 616 248 888 684 47 34 1
2 616 249 888 684 47 34 1
2 616 250 888 684 47 34 1
2 616 251 888 684 47 34 1
2 616 252 888 684 47 34 1
2 616 253 888 684 47 34 1
2 616 254 888 684 47 34 1
2 616 255 888 684 47 34 1
2 616 256 888 684 47 34 1
2 616 257 888 684 47 34 1
2 616 258 888 684 47 34 1
2 616 259 888 684 47 34 1
2 616 260 888 684 47 34 1
2 616 261 888 684 47 34 1
2 616 262 888 684 47 34 1
2 616 263 888 684 47 34 1
2 616 264 888 684 47 34 1
2 616 265 888 684 47 34 1
2 616 266 888 684 47 34 1
2 616 267 888 684 47 34 1
2 616 268 888 684 47 34 1
2 616 269 888 684 47 34 1
2 616 270 888 684 47 34 1
2 616 271 888 684 47 34 1
2 616 272 888 684 47 34 1
2 616 273 888 684 47 34 1
2 616 274 888 684 47 34 1
2 616 275 888 684 47 34 1
2 616 276 888 684 47 34 1
2 616 277 888 684 47 34 1
2 616 278 888 684 47 34 1
2 616 279 888 684 47 34 1
2 616 280 888 684 47 34 1
2 616 281 888 684 47 34 1
2 616 282 888 684 47 34 1
2 616 283 888 684 47 34 1
2 616 284 888 684 47 34 1
2 616 285 888 684 47 34 1
2 616 286 888 684 47 34 1
2 616 287 888 684 47 34 1
2 616 288 888 684 47 34 1
2 616 289 888 684 47 34 1
2 616 290 888 684 47 34 1
2 616 291 888 684 47 34 1
2 616 292 888 684 47 34 1
2 616 293 888 684 47 34 1
2 616 294 888 684 47 34 1
2 616 295 888 684 47 34 1
2 616 296 888 684 47 34 1
2 616 297 888 684 47 34 1
2 616 298 888 684 47 34 1
2 616 299 888 684 47 34 1
2 616 300 888 684 47 34 1
2 616 301 888 684 45 34 1
2 616 302 888 684 45 34 1
2 616 303 888 684 45 34 1
2 616 304 888 684 45 34 1
2 616 305 888 684 45 34 1
2 616 306 888 684 45 34 1
2 616 307 888 684 45 34 1
2 616 308 888 684 45 34 1
2 616 309 888 684 45 34 1
2 616 310 888 684 45 34 1
2 616 311 888 684 45 34 1
2 616 312 888 684 45 34 1
2 616 313 888 684 45 34 1
2 616 314 888 684 45 34 1
2 616 315 888 684 45 34 1
2 616 316 888 684 45 34 1
2 616 317 888 684 45 34 1
2 616 318 888 684 45 34 1
2 616 319 888 684 45 34 1
2 616 320 888 684 45 34 1
2 616 321 888 684 45 34 1
2 616 322 888 684 45 34 1
2 616 323 888 684 45 34 1
2 616 324 888 684 45 34 1
2 616 325 888 684 45 34 1
2 616 326 888 684 45 34 1
2 616 327 888 684 45 34 1
2 616 328 888 684 45 34 1
2 616 329 888 684 45 34 1
2 616 330 888 684 45 34 1
2 616 331 888 684 45 34 1
2 616 332 888 684 45 34 1
2 616 333 888 684 45 34 1
2 616 334 888 684 45 34 1
2 616 335 888 684 45 34 1
2 616 336 888 684 45 34 1
2 616 337 888 684 45 34 1
2 616 338 888 684 45 34 1
2 616 339 888 684 45 34 1
2 616 340 888 684 45 34 1
2 616 341 888 684 45 34 1
2 616 342 888 684 45 34 1
2 616 343 888 684 45 34 1
2 616 344 888 684 45 34 1
2 616 345 888 684 45 34 1
2 616 346 888 684 45 34 1
2 616 347 888 684 45 34 1
2 616 348 888 684 45 34 1
2 616 349 888 684 45 34 1
2 616 350 888 684 45 34 1
2 616 351 888 684 45 34 1
2 616 352 888 684 45 34 1
2 616 353 888 684 45 34 1
2 616 354 888 684 45 34 1
2 616 355 888 684 45 34 1
2 616 356 888 684 45 34 1
2 616 357 888 684 45 34 1
2 616 358 888 684 45 34 1
2 616 359 888 684 45 34 1
2 616 360 888 684 45 34 1
2 616 361 888 684 45 34 1
2 616 362 888 684 45 34 1
2 616 363 888 684 45 34 1
2 616 364 888 684 45 34 1
2 616 365 888 684 45 34 1
2 616 366 888 684 45 34 1
2 616 367 888 684 45 34 1
2 616 368 888 684 45 34 1
2 616 369 888 684 45 34 1
2 616 370 888 684 45 34 1
2 616 371 888 684 45 34 1
2 616 372 888 684 45 34 1
2 616 373 888 684 45 34 1
2 616 374 888 684 45 34 1
2 616 375 888 684 45 34 1
2 616 376 888 684 45 34 1
2 616 377 888 684 45 34 1
2 616 378 888 684 45 34 1
2 616 379 888 686 45 32 1
2 616 380 888 686 45 32 1
2 616 381 888 686 45 32 1
2 616 382 888 686 45 32 1
2 616 383 888 686 45 32 1
2 616 384 888 686 45 32 1
2 616 385 888 686 45 32 1
2 616 386 888 686 45 32 1
2 616 387 888 686 45 32 1
2 616 388 888 686 45 32 1
2 616 389 888 686 45 32 1
2 616 390 888 686 45 32 1
2 616 391 888 686 45 32 1
2 616 392 888 686 45 32 1
2 616 393 888 686 45 32 1
2 616 394 888 686 45 32 1
2 616 395 888 686 45 32 1
2 616 396 888 686 45 32 1
2 616 397 888 686 45 32 1
2 616 398 888 686 45 32 1
2 616 399 888 686 45 32 1
2 616 400 888 686 45 32 1
2 616 401 888 686 45 32 1
2 616 402 888 686 45 32 1
2 616 403 888 686 45 32 1
2 616 404 888 686 45 32 1
2 616 405 888 686 45 32 1
2 616 406 888 686 45 32 1
2 616 407 888 686 45 32 1
2 616 408 888 686 45 32 1
2 616 409 888 686 45 32 1
2 616 410 888 686 45 32 1
2 616 411 888 686 45 32 1
2 616 412 888 686 45 32 1
2 616 413 888 686 45 32 1
2 616 414 888 686 45 32 1
2 616 415 888 686 45 32 1
2 616 416 888 686 45 32 1
2 616 417 888 686 45 32 1
2 616 418 888 686 45 32 1
2 616 419 888 686 45 32 1
2 616 420 888 686 45 32 1
2 616 421 888 686 45 32 1
2 616 422 888 686 45 32 1
2 616 423 888 686 45 32 1
2 616 424 888 686 45 32 1
2 616 425 888 686 45 32 1
2 616 426 888 686 45 32 1
2 616 427 888 686 45 32 1
2 616 428 888 686 45 32 1
2 616 429 888 686 45 32 1
2 616 430 888 686 45 32 1
2 616 431 888 686 45 32 1
2 616 432 888 686 45 32 1
2 616 433 888 686 45 32 1
2 616 434 888 686 45 32 1
2 616 435 888 686 45 32 1
2 616 436 888 686 45 32 1
2 616 437 888 686 45 32 1
2 616 438 888 686 45 32 1
2 616 439 888 686 45 32 1
2 616 440 888 686 45 32 1
2 616 441 888 686 45 32 1
2 616 442 888 686 45 32 1
2 616 443 888 686 45 32 1
2 616 444 888 686 45 32 1
2 616 445 888 686 45 32 1
2 616 446 888 686 45 32 1
2 616 447 888 686 45 32 1
2 616 448 888 686 45 32 1
2 616 449 888 686 45 32 1
2 616 450 888 686 45 32 1
2 616 451 888 686 45 32 1
2 616 452 888 686 45 32 1
2 616 453 888 686 45 32 1
2 616 454 888 686 45 32 1
2 616 455 888 686 45 32 1
2 616 456 888 686 45 32 1
2 616 457 888 686 45 32 1
2 616 458 890 688 41 30 1
2 616 459 890 688 41 30 1
2 616 460 890 688 41 30 1
2 616 461 890 688 41 30 1
2 616 462 890 688 41 30 1
2 616 463 890 688 41 30 1
2 616 464 890 688 41 30 1
2 616 465 890 688 41 30 1
2 616 466 890 688 41 30 1
2 616 467 890 688 41 30 1
2 616 468 890 688 41 30 1
2 616 469 890 688 41 30 1
2 616 470 890 688 41 30 1
2 616 471 890 688 41 30 1
2 616 472 890 688 41 30 1
2 616 473 890 688 41 30 1
2 616 474 890 688 41 30 1
2 616 475 890 688 41 30 1
2 616 476 890 688 41 30 1
2 616 477 890 688 41 30 1
2 616 478 890 688 41 30 1
2 616 479 890 688 41 30 1
2 616 480 890 688 41 30 1
2 616 481 890 688 41 30 1
2 616 482 890 688 41 30 1
2 616 483 890 688 41 30 1
2 616 484 890 688 41 30 1
2 616 485 890 688 41 30 1
2 616 486 890 688 41 30 1
2 616 487 890 688 41 30 1
2 616 488 890 688 41 30 1
2 616 489 890 688 41 30 1
2 616 490 890 688 41 30 1
2 616 491 890 688 41 30 1
2 616 492 890 688 41 30 1
2 616 493 890 688 41 30 1
2 616 494 890 688 41 30 1
2 616 495 890 688 41 30 1
2 616 496 890 688 41 30 1
2 616 497 890 688 41 30 1
2 616 498 890 688 41 30 1
2 616 499 890 688 41 30 1
2 616 500 890 688 41 30 1
2 616 501 890 688 41 30 1
2 616 502 890 688 41 30 1
2 616 503 890 688 41 30 1
2 616 504 890 688 41 30 1
2 616 505 890 688 41 30 1
2 616 506 890 688 41 30 1
2 616 507 890 688 41 30 1
2 616 508 890 688 41 30 1
2 616 509 890 688 41 30 1
2 616 510 890 688 41 30 1
2 616 511 890 688 41 30 1
2 616 512 890 688 41 30 1
2 616 513 890 688 41 30 1
2 616 514 890 688 41 30 1
2 616 515 890 688 41 30 1
2 616 516 890 688 41 30 1
2 616 517 890 688 41 30 1
2 616 518 890 688 41 30 1
2 616 519 890 688 41 30 1
2 616 520 890 688 41 30 1
2 616 521 890 688 41 30 1
2 616 522 890 688 41 30 1
2 616 523 890 688 41 30 1
2 616 524 890 688 41 30 1
2 616 525 890 688 41 30 1
2 616 526 890 688 41 30 1
2 616 527 890 688 41 30 1
2 616 528 890 688 41 30 1
2 616 529 890 688 41 30 1
2 616 530 890 688 41 30 1
2 616 531 890 688 41 30 1
2 616 532 890 688 41 30 1
2 616 533 890 688 41 30 1
2 616 534 890 688 41 30 1
2 616 535 890 688 41 30 1
2 616 536 890 688 41 30 1
2 616 537 890 689 41 29 1
2 616 538 890 689 41 29 1
2 616 539 890 689 41 29 1
2 616 540 890 689 41 29 1
2 616 541 890 689 41 29 1
2 616 542 890 689 41 29 1
2 616 543 890 689 41 29 1
2 616 544 890 689 41 29 1
2 616 545 890 689 41 29 1
2 616 546 890 689 41 29 1
2 616 547 890 689 41 29 1
2 616 548 890 689 41 29 1
2 616 549 890 689 41 29 1
2 616 550 890 689 41 29 1
2 616 551 890 689 41 29 1
2 616 552 890 689 41 29 1
2 616 553 890 689 41 29 1
2 616 554 890 689 41 29 1
2 616 555 890 689 41 29 1
2 616 556 890 689 41 29 1
2 616 557 890 689 41 29 1
2 616 558 890 689 41 29 1
2 616 559 890 689 41 29 1
2 616 560 890 689 41 29 1
2 616 561 890 689 41 29 1
2 616 562 890 689 41 29 1
2 616 563 890 689 41 29 1
2 616 564 890 689 41 29 1
2 616 565 890 689 41 29 1
2 616 566 890 689 41 29 1
2 616 567 890 689 41 29 1
2 616 568 890 689 41 29 1
2 616 569 890 689 41 29 1
2 616 570 890 689 41 29 1
2 616 571 890 689 41 29 1
2 616 572 890 689 41 29 1
2 616 573 890 689 41 29 1
2 616 574 890 689 41 29 1
2 616 575 890 689 41 29 1
2 616 576 890 689 41 29 1
2 616 577 890 689 41 29 1
2 616 578 890 689 41 29 1
2 616 579 890 689 41 29 1
2 616 580 890 689 41 29 1
2 616 581 890 689 41 29 1
2 616 582 890 689 41 29 1
2 616 583 890 689 41 29 1
2 616 584 890 689 41 29 1
2 616 585 890 689 41 29 1
2 616 586 890 689 41 29 1
2 616 587 890 689 41 29 1
2 616 588 890 689 41 29 1
2 616 589 890 689 41 29 1
2 616 590 890 689 41 29 1
2 616 591 890 689 41 29 1
2 616 592 890 689 41 29 1
2 616 593 890 689 41 29 1
2 616 594 890 689 41 29 1
2 616 595 890 689 41 29 1
2 616 596 890 689 41 29 1
2 616 597 890 689 41 29 1
2 616 598 890 689 41 29 1
2 616 599 890 689 41 29 1
2 616 600 890 689 41 29 1
2 616 601 890 689 41 29 1
2 616 602 890 689 41 29 1
2 616 603 890 689 41 29 1
2 616 604 890 689 41 29 1
2 616 605 890 689 41 29 1
2 616 606 890 689 41 29 1
2 616 607 890 689 41 29 1
2 616 608 890 689 41 29 1
2 616 609 890 689 41 29 1
2 616 610 890 689 41 29 1
2 616 611 890 689 41 29 1
2 616 612 890 689 41 29 1
2 616 613 890 689 41 29 1
2 616 614 890 689 41 29 1
2 616 615 892 691 39 27 1
3 169 238 3 417 21 93 1
3 169 239 1 417 25 93 1
3 169 240 1 419 29 93 1
3 169 241 1 421 32 92 1
3 169 242 0 421 37 94 1
3 169 243 0 423 40 94 1
3 169 244 0 424 44 95 1
3 169 245 1 424 47 95 1
3 169 246 5 426 46 93 1
3 169 247 8 428 47 91 1
3 169 248 10 428 48 91 1
3 169 249 14 430 48 89 1
3 169 250 17 432 48 87 1
3 169 251 19 432 50 87 1
3 169 252 23 433 49 86 1
3 169 253 26 435 50 84 1
3 169 254 30 437 50 82 1
3 169 255 35 435 50 82 1
3 169 256 42 435 48 82 1
3 169 257 48 433 49 84 1
3 169 258 55 433 48 84 1
3 169 259 60 432 48 85 1
3 169 260 67 432 48 85 1
3 169 261 72 432 48 85 1
3 169 262 80 430 46 87 1
3 169 263 85 430 48 87 1
3 169 264 92 428 46 89 1
3 169 265 97 428 48 89 1
3 169 266 104 426 47 91 1
3 169 267 110 426 46 91 1
3 169 268 117 426 46 91 1
3 169 269 122 424 46 93 1
3 169 270 129 424 45 93 1
3 169 271 135 423 46 94 1
3 169 272 142 423 44 94 1
3 169 273 149 423 44 94 1
3 169 274 156 421 44 94 1
3 169 275 163 421 45 94 1
3 169 276 172 421 44 94 1
3 169 277 179 419 45 94 1
3 169 278 186 419 46 94 1
3 169 279 195 419 45 94 1
3 169 280 202 417 46 95 1
3 169 281 209 417 47 95 1
3 169 282 218 417 46 95 1
3 169 283 225 417 47 93 1
3 169 284 232 416 47 94 1
3 169 285 241 416 47 94 1
3 169 286 248 416 47 92 1
3 169 287 256 414 48 94 1
3 169 288 264 414 47 94 1
3 169 289 272 414 48 92 1
3 169 290 279 412 48 94 1
3 169 291 288 412 48 94 1
3 169 292 295 412 48 92 1
3 169 293 302 412 48 92 1
3 169 294 311 410 48 94 1
3 169 295 318 410 48 93 1
3 169 296 325 410 50 93 1
3 169 297 334 408 48 95 1
3 169 298 341 408 50 93 1
3 169 299 348 408 50 93 1
3 169 300 357 408 50 93 1
3 169 301 364 408 50 91 1
3 169 302 373 408 48 91 1
3 169 303 382 408 46 91 1
3 169 304 389 408 46 91 1
3 169 305 398 408 44 91 1
3 169 306 407 408 42 91 1
3 169 307 414 408 42 89 1
3 169 308 423 408 41 89 1
3 169 309 432 408 39 89 1
3 169 310 439 408 39 89 1
3 169 311 448 408 37 89 1
3 169 312 456 408 36 89 1
3 169 313 465 408 36 89 1
3 169 314 474 407 36 89 1
3 169 315 485 407 35 89 1
3 169 316 494 407 35 89 1
3 169 317 504 407 36 89 1
3 169 318 513 407 36 89 1
3 169 319 524 407 36 89 1
3 169 320 535 407 35 89 1
3 169 321 542 405 35 89 1
3 169 322 549 405 35 89 1
3 169 323 558 405 35 89 1
3 169 324 565 405 35 89 1
3 169 325 574 405 35 89 1
3 169 326 581 405 35 89 1
3 169 327 590 405 35 89 1
3 169 328 597 405 35 89 1
3 169 329 606 405 35 89 1
3 169 330 613 405 35 89 1
3 169 331 620 403 36 89 1
3 169 332 629 403 35 89 1
3 169 333 636 403 36 89 1
3 169 334 645 403 35 89 1
3 169 335 652 403 36 89 1
3 169 336 661 403 35 89 1
3 169 337 668 403 36 89 1
3 169 338 677 403 35 89 1
3 169 339 684 403 36 89 1
3 169 340 693 403 35 89 1
3 169 341 700 403 37 89 1
3 169 342 709 403 37 89 1
3 169 343 718 403 37 89 1
3 169 344 727 405 37 89 1
3 169 345 736 405 37 89 1
3 169 346 744 405 38 89 1
3 169 347 753 405 38 89 1
3 169 348 762 407 39 89 1
3 169 349 771 407 39 89 1
3 169 350 780 407 39 89 1
3 169 351 789 407 39 89 1
3 169 352 798 408 39 89 1
3 169 353 805 408 41 89 1
3 169 354 814 408 41 89 1
3 169 355 823 408 41 89 1
3 169 356 832 410 42 89 1
3 169 357 840 410 43 89 1
3 169 358 849 410 43 89 1
3 169 359 858 410 43 89 1
3 169 360 867 412 43 89 1
3 169 361 876 412 43 89 1
3 169 362 885 412 43 89 1
3 169 363 894 412 42 89 1
3 169 364 903 414 44 89 1
3 169 365 912 414 44 89 1
3 169 366 920 414 45 90 1
3 169 367 929 416 45 88 1
3 169 368 938 416 45 90 1
3 169 369 947 417 45 91 1
3 169 370 956 417 44 91 1
3 169 371 965 419 44 91 1
3 169 372 974 419 44 93 1
3 169 373 983 419 44 93 1
3 169 374 992 421 44 92 1
3 169 375 1000 421 45 94 1
3 169 376 1009 423 45 92 1
3 169 377 1018 423 45 94 1
3 169 378 1027 424 45 95 1
3 169 379 1036 424 44 95 1
3 169 380 1047 424 44 96 1
3 169 381 1057 424 45 96 1
3 169 382 1068 426 44 96 1
3 169 383 1079 426 44 96 1
3 169 384 1088 426 44 98 1
3 169 385 1098 426 45 98 1
3 169 386 1109 428 44 98 1
3 169 387 1120 428 44 98 1
3 169 388 1130 428 45 100 1
3 169 389 1141 430 44 99 1
3 169 390 1150 430 44 99 1
3 169 391 1160 432 43 99 1
3 169 392 1169 433 43 100 1
3 169 393 1180 435 41 100 1
3 169 394 1191 437 41 99 1
3 169 395 1200 437 40 99 1
3 169 396 1210 439 39 99 1
3 169 397 1219 440 39 100 1
3 169 398 1230 442 37 100 1
3 169 399 1240 444 38 100 1
3 169 400 1246 444 32 100 1
3 169 401 1253 446 25 99 1
3 169 402 1260 446 18 99 1
3 169 403 1267 448 11 99 1
3 169 404 1267 448 11 99 1
3 169 405 1267 448 11 99 1
3 169 406 1267 448 11 99 1
4 444 0 510 215 21 46 1
4 444 1 510 213 21 48 1
4 444 2 512 213 21 48 1
4 444 3 513 213 22 48 1
4 444 4 515 213 21 48 1
4 444 5 517 213 21 48 1
4 444 6 519 213 21 48 1
4 444 7 520 213 22 48 1
4 444 8 522 213 22 48 1
4 444 9 524 213 21 48 1
4 444 10 526 213 19 48 1
4 444 11 526 213 21 48 1
4 444 12 528 213 21 48 1
4 444 13 529 213 22 48 1
4 444 14 531 213 21 48 1
4 444 15 533 213 21 48 1
4 444 16 535 213 21 48 1
4 444 17 536 213 22 48 1
4 444 18 538 213 22 48 1
4 444 19 540 213 21 48 1
4 444 20 542 213 19 48 1
4 444 21 544 213 19 48 1
4 444 22 544 213 21 48 1
4 444 23 545 213 22 48 1
4 444 24 547 213 21 48 1
4 444 25 549 213 21 48 1
4 444 26 551 213 21 48 1
4 444 27 552 213 22 48 1
4 444 28 554 213 22 48 1
4 444 29 556 213 21 48 1
4 444 30 558 213 19 48 1
4 444 31 560 213 19 48 1
4 444 32 561 213 20 48 1
4 444 33 561 213 22 48 1
4 444 34 563 213 21 48 1
4 444 35 565 213 21 48 1
4 444 36 567 213 21 48 1
4 444 37 568 213 22 48 1
4 444 38 570 213 22 48 1
4 444 39 572 213 20 48 1
4 444 40 574 213 19 48 1
4 444 41 576 213 19 48 1
4 444 42 577 213 20 48 1
4 444 43 577 213 22 48 1
4 444 44 579 213 21 48 1
4 444 45 581 213 21 48 1
4 444 46 583 213 21 48 1
4 444 47 584 213 22 48 1
4 444 48 586 213 22 48 1
4 444 49 588 213 20 48 1
4 444 50 590 213 19 48 1
4 444 51 592 213 19 48 1
4 444 52 593 213 20 48 1
4 444 53 595 213 20 48 1
4 444 54 595 213 21 50 1
4 444 55 597 213 21 50 1
4 444 56 599 213 21 50 1
4 444 57 600 213 22 50 1
4 444 58 602 213 22 50 1
4 444 59 604 213 20 50 1
4 444 60 606 213 19 50 1
4 444 61 608 213 19 50 1
4 444 62 609 213 20 50 1
4 444 63 611 213 20 50 1
4 444 64 613 213 19 50 1
4 444 65 613 213 21 50 1
4 444 66 615 213 21 50 1
4 444 67 616 213 22 50 1
4 444 68 618 213 22 50 1
4 444 69 620 213 20 50 1
4 444 70 622 213 19 50 1
4 444 71 624 213 19 50 1
4 444 72 625 213 20 50 1
4 444 73 627 213 20 50 1
4 444 74 629 213 19 50 1
4 444 75 629 213 21 50 1
4 444 76 631 213 21 50 1
4 444 77 632 213 22 50 1
4 444 78 634 213 20 50 1
4 444 79 636 213 20 50 1
4 444 80 638 213 19 50 1
4 444 81 640 213 19 50 1
4 444 82 641 213 20 50 1
4 444 83 643 213 20 50 1
4 444 84 645 213 19 50 1
4 444 85 647 213 19 50 1
4 444 86 647 213 21 50 1
4 444 87 648 213 22 50 1
4 444 88 650 213 20 50 1
4 444 89 652 213 20 50 1
4 444 90 654 213 19 50 1
4 444 91 656 213 19 50 1
4 444 92 657 213 20 50 1
4 444 93 659 213 20 50 1
4 444 94 661 213 19 50 1
4 444 95 663 213 19 50 1
4 444 96 664 213 20 50 1
4 444 97 664 213 22 50 1
4 444 98 666 213 20 50 1
4 444 99 668 213 20 50 1
4 444 100 670 213 19 50 1
4 444 101 672 213 19 50 1
4 444 102 673 213 20 50 1
4 444 103 675 213 20 50 1
4 444 104 677 213 19 50 1
4 444 105 679 213 19 50 1
4 444 106 680 213 20 50 1
4 444 107 682 213 20 51 1
4 444 108 682 211 20 52 1
4 444 109 684 211 20 52 1
4 444 110 686 211 19 52 1
4 444 111 688 211 19 52 1
4 444 112 689 211 20 52 1
4 444 113 691 211 20 52 1
4 444 114 693 211 19 52 1
4 444 115 695 211 19 52 1
4 444 116 696 211 20 52 1
4 444 117 698 211 20 52 1
4 444 118 700 211 20 52 1
4 444 119 702 211 19 52 1
4 444 120 704 211 19 52 1
4 444 121 705 211 20 52 1
4 444 122 707 211 20 52 1
4 444 123 709 211 19 52 1
4 444 124 711 211 19 52 1
4 444 125 712 211 20 52 1
4 444 126 712 211 20 52 1
4 444 127 714 211 20 52 1
4 444 128 716 211 20 52 1
4 444 129 718 211 19 52 1
4 444 130 720 211 19 52 1
4 444 131 721 211 20 52 1
4 444 132 723 211 20 52 1
4 444 133 725 211 19 52 1
4 444 134 727 211 19 52 1
4 444 135 728 211 20 52 1
4 444 136 730 211 20 52 1
4 444 137 732 211 20 52 1
4 444 138 734 211 19 52 1
4 444 139 736 211 19 52 1
4 444 140 737 211 20 52 1
4 444 141 739 211 20 52 1
4 444 142 741 211 19 52 1
4 444 143 743 211 19 52 1
4 444 144 743 211 19 52 1
4 444 145 744 211 20 52 1
4 444 146 746 211 20 52 1
4 444 147 748 211 20 52 1
4 444 148 750 211 19 52 1
4 444 149 752 211 19 52 1
4 444 150 753 211 20 52 1
4 444 151 755 211 20 52 1
4 444 152 757 211 19 52 1
4 444 153 759 211 19 52 1
4 444 154 760 211 20 52 1
4 444 155 762 211 20 52 1
4 444 156 764 211 20 52 1
4 444 157 766 211 19 52 1
4 444 158 768 211 19 52 1
4 444 159 769 211 20 52 1
4 444 160 771 211 20 52 1
4 444 161 773 211 19 52 1
4 444 162 773 211 19 52 1
4 444 163 775 211 19 52 1
4 444 164 776 211 20 52 1
4 444 165 778 211 20 52 1
4 444 166 780 211 20 52 1
4 444 167 782 211 19 52 1
4 444 168 784 211 19 52 1
4 444 169 785 211 20 52 1
4 444 170 785 211 20 52 1
4 444 171 787 211 20 52 1
4 444 172 789 211 19 52 1
4 444 173 791 211 19 52 1
4 444 174 792 211 20 52 1
4 444 175 794 211 20 52 1
4 444 176 796 211 20 52 1
4 444 177 798 211 19 52 1
4 444 178 800 211 19 52 1
4 444 179 800 211 19 52 1
4 444 180 801 211 20 52 1
4 444 181 803 211 20 52 1
4 444 182 805 211 19 52 1
4 444 183 807 211 19 52 1
4 444 184 808 211 20 52 1
4 444 185 810 211 20 52 1
4 444 186 812 211 20 52 1
4 444 187 814 213 19 51 1
4 444 188 814 213 19 51 1
4 444 189 816 213 19 51 1
4 444 190 817 213 20 51 1
4 444 191 819 213 20 51 1
4 444 192 821 213 19 51 1
4 444 193 823 213 19 51 1
4 444 194 824 213 20 51 1
4 444 195 826 213 20 51 1
4 444 196 826 213 20 51 1
4 444 197 828 213 20 51 1
4 444 198 830 213 19 51 1
4 444 199 832 213 19 51 1
4 444 200 833 213 20 51 1
4 444 201 835 213 20 51 1
4 444 202 837 213 19 51 1
4 444 203 839 213 19 51 1
4 444 204 840 213 20 51 1
4 444 205 840 213 20 51 1
4 444 206 842 213 20 51 1
4 444 207 844 213 20 51 1
4 444 208 846 213 19 51 1
4 444 209 848 213 19 51 1
4 444 210 849 213 20 51 1
4 444 211 851 213 20 51 1
4 444 212 853 213 19 51 1
4 444 213 855 215 19 51 1
4 444 214 855 213 19 51 1
4 444 215 856 213 20 51 1
4 444 216 858 213 20 51 1
4 444 217 860 213 20 51 1
4 444 218 862 213 19 51 1
4 444 219 864 213 19 51 1
4 444 220 865 213 20 51 1
4 444 221 867 213 20 51 1
4 444 222 867 213 21 51 1
4 444 223 869 213 21 51 1
4 444 224 871 213 21 51 1
4 444 225 872 213 22 51 1
4 444 226 874 211 22 53 1
4 444 227 876 211 21 53 1
4 444 228 878 211 21 53 1
4 444 229 880 211 21 53 1
4 444 230 881 211 22 53 1
4 444 231 881 211 22 53 1
4 444 232 883 211 21 53 1
4 444 233 885 211 21 53 1
4 444 234 887 211 21 53 1
4 444 235 888 211 22 53 1
4 444 236 890 211 22 53 1
4 444 237 892 211 21 53 1
4 444 238 894 211 21 53 1
4 444 239 894 209 23 55 1
4 444 240 896 209 23 55 1
4 444 241 897 209 23 55 1
4 444 242 899 209 23 55 1
4 444 243 901 209 23 55 1
4 444 244 903 209 23 55 1
4 444 245 904 209 24 55 1
4 444 246 906 209 23 55 1
4 444 247 908 209 23 55 1
4 444 248 908 209 23 55 1
4 444 249 910 209 23 55 1
4 444 250 912 209 23 55 1
4 444 251 913 209 23 55 1
4 444 252 915 208 23 56 1
4 444 253 917 208 23 56 1
4 444 254 919 208 23 56 1
4 444 255 920 208 24 56 1
4 444 256 920 208 25 56 1
4 444 257 922 208 25 56 1
4 444 258 924 208 25 56 1
4 444 259 926 208 25 56 1
4 444 260 928 208 24 56 1
4 444 261 929 208 25 56 1
4 444 262 931 208 25 56 1
4 444 263 933 208 25 56 1
4 444 264 935 208 25 56 1
4 444 265 936 208 25 56 1
4 444 266 938 208 25 56 1
4 444 267 940 208 25 56 1
4 444 268 942 208 25 56 1
4 444 269 944 208 24 56 1
4 444 270 945 208 25 56 1
4 444 271 947 208 25 56 1
4 444 272 949 208 25 56 1
4 444 273 951 208 25 56 1
4 444 274 952 208 25 56 1
4 444 275 954 208 25 56 1
4 444 276 956 208 25 56 1
4 444 277 958 208 25 56 1
4 444 278 960 208 24 56 1
4 444 279 961 208 25 56 1
4 444 280 963 208 25 56 1
4 444 281 965 208 25 56 1
4 444 282 967 208 25 56 1
4 444 283 968 208 25 56 1
4 444 284 970 208 25 56 1
4 444 285 972 208 25 56 1
4 444 286 974 208 25 56 1
4 444 287 976 208 24 56 1
4 444 288 977 208 25 56 1
4 444 289 979 208 25 56 1
4 444 290 981 208 25 56 1
4 444 291 983 208 25 56 1
4 444 292 984 208 25 56 1
4 444 293 986 208 25 56 1
4 444 294 988 208 25 56 1
4 444 295 990 208 25 56 1
4 444 296 992 208 24 56 1
4 444 297 993 208 25 56 1
4 444 298 995 208 25 56 1
4 444 299 997 208 25 56 1
4 444 300 1000 208 25 56 1
4 444 301 1002 208 25 56 1
4 444 302 1004 208 25 56 1
4 444 303 1006 208 25 56 1
4 444 304 1008 208 24 56 1
4 444 305 1009 208 25 56 1
4 444 306 1011 208 27 56 1
4 444 307 1013 208 27 56 1
4 444 308 1015 208 26 56 1
4 444 309 1018 208 25 56 1
4 444 310 1020 208 25 56 1
4 444 311 1022 208 25 56 1
4 444 312 1024 208 26 56 1
4 444 313 1025 208 27 56 1
4 444 314 1027 208 27 56 1
4 444 315 1029 208 27 56 1
4 444 316 1031 208 26 56 1
4 444 317 1034 208 27 56 1
4 444 318 1036 208 27 56 1
4 444 319 1038 208 26 56 1
4 444 320 1040 208 26 56 1
4 444 321 1041 208 27 56 1
4 444 322 1043 208 27 56 1
4 444 323 1045 208 28 56 1
4 444 324 1047 208 28 56 1
4 444 325 1048 208 29 56 1
4 444 326 1052 208 27 56 1
4 444 327 1054 208 26 56 1
4 444 328 1056 208 26 56 1
4 444 329 1057 208 29 56 1
4 444 330 1059 208 29 56 1
4 444 331 1061 208 28 56 1
4 444 332 1063 208 28 56 1
4 444 333 1064 208 29 56 1
4 444 334 1068 209 28 57 1
4 444 335 1070 208 28 56 1
4 444 336 1072 208 28 56 1
4 444 337 1073 208 29 56 1
4 444 338 1075 208 29 56 1
4 444 339 1077 208 28 56 1
4 444 340 1079 208 28 56 1
4 444 341 1080 208 29 56 1
4 444 342 1082 208 29 56 1
4 444 343 1084 208 28 56 1
4 444 344 1086 208 28 56 1
4 444 345 1088 208 28 56 1
4 444 346 1089 208 29 56 1
4 444 347 1091 208 29 56 1
4 444 348 1093 208 28 56 1
4 444 349 1096 208 27 56 1
4 444 350 1098 208 27 56 1
4 444 351 1100 208 27 56 1
4 444 352 1102 208 26 56 1
4 444 353 1104 208 26 56 1
4 444 354 1105 208 27 56 1
4 444 355 1107 208 27 56 1
4 444 356 1109 208 27 56 1
4 444 357 1111 206 26 58 1
4 444 358 1112 206 27 58 1
4 444 359 1114 206 27 58 1
4 444 360 1116 206 27 58 1
4 444 361 1118 206 26 58 1
4 444 362 1120 206 26 58 1
4 444 363 1121 206 27 58 1
4 444 364 1125 206 25 58 1
4 444 365 1127 206 25 58 1
4 444 366 1128 206 25 58 1
4 444 367 1130 206 25 58 1
4 444 368 1132 206 25 58 1
4 444 369 1134 206 25 58 1
4 444 370 1136 206 24 58 1
4 444 371 1137 206 25 58 1
4 444 372 1139 206 25 58 1
4 444 373 1141 206 25 58 1
4 444 374 1143 206 25 58 1
4 444 375 1144 206 25 58 1
4 444 376 1146 206 25 58 1
4 444 377 1148 206 25 58 1
4 444 378 1150 206 25 58 1
4 444 379 1153 206 23 58 1
4 444 380 1155 204 23 59 1
4 444 381 1157 204 23 59 1
4 444 382 1159 204 23 59 1
4 444 383 1160 204 24 59 1
4 444 384 1162 204 23 59 1
4 444 385 1164 204 23 59 1
4 444 386 1166 204 23 59 1
4 444 387 1168 204 23 59 1
4 444 388 1169 204 23 59 1
4 444 389 1171 204 23 59 1
4 444 390 1173 202 23 59 1
4 444 391 1175 202 23 59 1
4 444 392 1176 202 24 59 1
4 444 393 1178 202 23 59 1
4 444 394 1180 202 23 59 1
4 444 395 1182 202 23 59 1
4 444 396 1184 202 23 59 1
4 444 397 1185 202 23 59 1
4 444 398 1187 202 23 59 1
4 444 399 1189 202 23 59 1
4 444 400 1191 200 23 59 1
4 444 401 1192 200 24 59 1
4 444 402 1194 200 23 59 1
4 444 403 1196 200 23 59 1
4 444 404 1198 200 23 59 1
4 444 405 1200 200 23 59 1
4 444 406 1201 200 23 59 1
4 444 407 1203 200 23 59 1
4 444 408 1205 200 23 59 1
4 444 409 1207 200 23 59 1
4 444 410 1208 199 24 58 1
4 444 411 1210 199 23 58 1
4 444 412 1212 199 23 58 1
4 444 413 1214 199 23 58 1
4 444 414 1217 199 23 58 1
4 444 415 1219 199 23 58 1
4 444 416 1221 199 23 58 1
4 444 417 1223 199 23 58 1
4 444 418 1224 199 24 58 1
4 444 419 1228 199 23 58 1
4 444 420 1230 199 23 58 1
4 444 421 1232 199 23 58 1
4 444 422 1233 199 23 58 1
4 444 423 1237 199 23 58 1
4 444 424 1239 199 23 58 1
4 444 425 1240 199 24 58 1
4 444 426 1242 199 23 58 1
4 444 427 1244 199 23 58 1
4 444 428 1246 199 23 58 1
4 444 429 1249 199 23 58 1
4 444 430 1249 197 23 59 1
4 444 431 1251 197 23 59 1
4 444 432 1253 197 21 59 1
4 444 433 1253 195 23 59 1
4 444 434 1255 195 21 59 1
4 444 435 1256 195 22 59 1
4 444 436 1258 195 20 59 1
4 444 437 1260 195 18 59 1
4 444 438 1262 195 16 59 1
4 444 439 1264 195 14 59 1
4 444 440 1265 195 13 59 1
4 444 441 1265 195 13 59 1
4 444 442 1265 195 13 59 1
4 444 443 1265 195 13 59 1
5 532 84 547 220 20 27 1
5 532 85 547 220 20 27 1
5 532 86 547 220 20 27 1
5 532 87 549 220 19 27 1
5 532 88 549 220 19 28 1
5 532 89 551 220 17 28 1
5 532 90 551 220 19 28 1
5 532 91 551 220 19 30 1
5 532 92 552 220 20 30 1
5 532 93 552 220 20 30 1
5 532 94 554 220 18 32 1
5 532 95 554 220 20 32 1
5 532 96 556 220 18 32 1
5 532 97 556 220 20 34 1
5 532 98 556 220 20 34 1
5 532 99 558 220 18 34 1
5 532 100 558 220 19 36 1
5 532 101 560 220 17 36 1
5 532 102 560 220 19 36 1
5 532 103 561 220 18 37 1
5 532 104 561 220 18 37 1
5 532 105 561 220 20 37 1
5 532 106 563 220 18 37 1
5 532 107 563 220 20 39 1
5 532 108 565 220 18 39 1
5 532 109 565 220 18 39 1
5 532 110 565 220 19 41 1
5 532 111 567 220 17 41 1
5 532 112 567 220 19 41 1
5 532 113 568 220 18 43 1
5 532 114 568 220 18 43 1
5 532 115 570 220 18 43 1
5 532 116 570 220 18 44 1
5 532 117 570 220 20 44 1
5 532 118 572 220 18 44 1
5 532 119 572 220 18 46 1
5 532 120 574 220 18 46 1
5 532 121 574 220 18 46 1
5 532 122 576 222 17 46 1
5 532 123 576 220 17 46 1
5 532 124 576 220 17 46 1
5 532 125 577 220 18 46 1
5 532 126 577 220 18 46 1
5 532 127 579 220 18 46 1
5 532 128 579 220 18 46 1
5 532 129 581 220 18 46 1
5 532 130 581 220 18 46 1
5 532 131 583 220 17 46 1
5 532 132 583 220 17 46 1
5 532 133 583 220 17 46 1
5 532 134 584 220 18 46 1
5 532 135 584 220 18 46 1
5 532 136 586 220 18 46 1
5 532 137 586 220 18 46 1
5 532 138 588 220 18 46 1
5 532 139 588 220 18 46 1
5 532 140 590 220 18 46 1
5 532 141 590 220 18 46 1
5 532 142 590 220 18 46 1
5 532 143 592 220 17 46 1
5 532 144 592 220 17 46 1
5 532 145 593 220 18 46 1
5 532 146 593 220 18 46 1
5 532 147 595 220 18 46 1
5 532 148 595 220 18 46 1
5 532 149 597 220 18 46 1
5 532 150 597 220 18 46 1
5 532 151 597 220 18 46 1
5 532 152 599 220 17 46 1
5 532 153 599 220 17 46 1
5 532 154 600 220 18 46 1
5 532 155 600 220 18 46 1
5 532 156 602 220 18 46 1
5 532 157 602 220 18 46 1
5 532 158 604 220 18 46 1
5 532 159 604 220 18 46 1
5 532 160 604 220 18 46 1
5 532 161 606 220 18 46 1
5 532 162 606 220 18 46 1
5 532 163 608 220 17 46 1
5 532 164 608 220 17 46 1
5 532 165 609 220 18 46 1
5 532 166 609 220 18 46 1
5 532 167 611 220 18 46 1
5 532 168 611 220 18 46 1
5 532 169 613 220 18 46 1
5 532 170 613 218 18 48 1
5 532 171 613 218 18 48 1
5 532 172 615 218 17 48 1
5 532 173 615 218 17 48 1
5 532 174 616 218 18 48 1
5 532 175 616 218 18 48 1
5 532 176 618 218 18 48 1
5 532 177 618 218 18 48 1
5 532 178 620 218 18 48 1
5 532 179 620 218 18 48 1
5 532 180 620 218 18 48 1
5 532 181 622 218 18 48 1
5 532 182 622 218 18 48 1
5 532 183 624 218 17 48 1
5 532 184 624 218 17 48 1
5 532 185 625 218 18 48 1
5 532 186 625 218 18 48 1
5 532 187 627 218 18 48 1
5 532 188 627 218 18 48 1
5 532 189 627 218 18 48 1
5 532 190 629 218 18 48 1
5 532 191 629 218 18 48 1
5 532 192 631 218 17 48 1
5 532 193 631 218 17 48 1
5 532 194 632 218 18 48 1
5 532 195 632 218 18 48 1
5 532 196 634 218 18 48 1
5 532 197 634 218 18 48 1
5 532 198 634 218 18 48 1
5 532 199 636 218 18 48 1
5 532 200 636 218 18 48 1
5 532 201 638 218 18 48 1
5 532 202 638 218 18 48 1
5 532 203 640 218 17 48 1
5 532 204 640 218 17 48 1
5 532 205 641 218 18 48 1
5 532 206 641 218 18 48 1
5 532 207 641 218 18 48 1
5 532 208 643 218 18 48 1
5 532 209 643 218 18 48 1
5 532 210 645 218 18 48 1
5 532 211 645 218 18 48 1
5 532 212 647 218 17 48 1
5 532 213 647 218 17 48 1
5 532 214 648 218 18 48 1
5 532 215 648 218 18 48 1
5 532 216 648 218 18 48 1
5 532 217 650 218 18 48 1
5 532 218 650 218 18 48 1
5 532 219 652 218 18 48 1
5 532 220 652 218 18 48 1
5 532 221 654 218 18 48 1
5 532 222 654 218 18 48 1
5 532 223 656 218 17 48 1
5 532 224 656 218 17 48 1
5 532 225 656 218 17 48 1
5 532 226 657 218 18 48 1
5 532 227 657 218 18 48 1
5 532 228 659 218 18 48 1
5 532 229 659 218 18 48 1
5 532 230 661 218 18 48 1
5 532 231 661 218 18 48 1
5 532 232 663 218 17 48 1
5 532 233 663 218 17 48 1
5 532 234 663 218 17 48 1
5 532 235 664 218 18 48 1
5 532 236 664 218 18 48 1
5 532 237 666 218 18 48 1
5 532 238 666 218 18 48 1
5 532 239 668 218 18 48 1
5 532 240 668 218 18 48 1
5 532 241 670 218 18 48 1
5 532 242 670 218 18 48 1
5 532 243 670 218 18 48 1
5 532 244 672 218 17 48 1
5 532 245 672 218 17 48 1
5 532 246 673 218 18 48 1
5 532 247 673 218 18 48 1
5 532 248 675 218 18 48 1
5 532 249 675 218 18 48 1
5 532 250 677 218 18 48 1
5 532 251 677 218 18 48 1
5 532 252 677 218 18 48 1
5 532 253 679 218 17 48 1
5 532 254 679 218 17 48 1
5 532 255 680 218 18 48 1
5 532 256 680 218 18 48 1
5 532 257 682 218 18 48 1
5 532 258 682 218 18 48 1
5 532 259 684 218 18 48 1
5 532 260 684 218 18 48 1
5 532 261 684 218 18 48 1
5 532 262 686 218 18 48 1
5 532 263 686 218 18 48 1
5 532 264 688 218 17 48 1
5 532 265 688 218 17 48 1
5 532 266 689 218 18 48 1
5 532 267 689 218 18 48 1
5 532 268 691 218 18 48 1
5 532 269 691 218 18 48 1
5 532 270 693 218 18 48 1
5 532 271 693 216 18 48 1
5 532 272 695 216 17 48 1
5 532 273 695 216 17 48 1
5 532 274 696 216 18 48 1
5 532 275 698 216 18 48 1
5 532 276 698 216 18 48 1
5 532 277 700 216 18 48 1
5 532 278 700 216 18 48 1
5 532 279 702 216 18 48 1
5 532 280 704 216 17 48 1
5 532 281 704 216 17 48 1
5 532 282 705 216 18 48 1
5 532 283 705 216 18 48 1
5 532 284 707 216 18 48 1
5 532 285 709 216 18 48 1
5 532 286 709 215 18 48 1
5 532 287 711 215 17 48 1
5 532 288 711 215 17 48 1
5 532 289 712 215 18 48 1
5 532 290 714 215 18 48 1
5 532 291 714 215 18 48 1
5 532 292 716 215 18 48 1
5 532 293 716 215 18 48 1
5 532 294 718 215 18 48 1
5 532 295 720 215 17 48 1
5 532 296 720 215 17 48 1
5 532 297 721 215 18 48 1
5 532 298 721 215 18 48 1
5 532 299 723 215 18 48 1
5 532 300 725 215 18 48 1
5 532 301 725 215 18 48 1
5 532 302 727 215 17 48 1
5 532 303 727 215 17 48 1
5 532 304 728 215 18 48 1
5 532 305 730 215 16 48 1
5 532 306 730 215 18 48 1
5 532 307 732 215 18 48 1
5 532 308 732 215 18 48 1
5 532 309 734 215 18 48 1
5 532 310 736 215 16 48 1
5 532 311 736 215 17 48 1
5 532 312 737 215 16 48 1
5 532 313 737 216 18 47 1
5 532 314 739 216 18 47 1
5 532 315 741 216 16 47 1
5 532 316 741 216 18 47 1
5 532 317 743 216 16 47 1
5 532 318 743 216 17 47 1
5 532 319 744 216 18 47 1
5 532 320 746 216 16 47 1
5 532 321 746 216 18 47 1
5 532 322 748 216 16 47 1
5 532 323 748 216 18 47 1
5 532 324 750 216 16 47 1
5 532 325 752 218 16 45 1
5 532 326 752 218 17 45 1
5 532 327 753 218 16 45 1
5 532 328 753 218 18 45 1
5 532 329 755 218 16 45 1
5 532 330 757 218 16 45 1
5 532 331 757 218 16 45 1
5 532 332 759 218 16 45 1
5 532 333 759 218 17 45 1
5 532 334 760 218 16 45 1
5 532 335 762 218 16 45 1
5 532 336 762 218 16 45 1
5 532 337 764 218 16 45 1
5 532 338 764 220 18 43 1
5 532 339 766 220 16 43 1
5 532 340 768 220 16 43 1
5 532 341 768 220 16 43 1
5 532 342 769 220 16 43 1
5 532 343 769 220 16 43 1
5 532 344 771 220 16 43 1
5 532 345 773 220 16 43 1
5 532 346 773 220 16 43 1
5 532 347 775 220 16 43 1
5 532 348 775 220 16 43 1
5 532 349 776 220 16 43 1
5 532 350 778 222 16 41 1
5 532 351 778 220 16 43 1
5 532 352 780 220 16 43 1
5 532 353 782 220 16 43 1
5 532 354 782 220 18 43 1
5 532 355 784 220 16 43 1
5 532 356 785 220 16 43 1
5 532 357 785 220 18 43 1
5 532 358 787 220 18 43 1
5 532 359 789 220 16 43 1
5 532 360 789 220 18 43 1
5 532 361 791 220 17 43 1
5 532 362 792 220 18 43 1
5 532 363 792 220 18 43 1
5 532 364 794 220 18 43 1
5 532 365 796 220 18 43 1
5 532 366 796 220 20 43 1
5 532 367 798 220 18 43 1
5 532 368 800 220 17 43 1
5 532 369 800 220 19 43 1
5 532 370 801 220 20 43 1
5 532 371 803 220 18 43 1
5 532 372 803 220 20 43 1
5 532 373 805 220 19 43 1
5 532 374 807 220 19 43 1
5 532 375 807 220 21 43 1
5 532 376 808 220 20 43 1
5 532 377 810 220 20 43 1
5 532 378 810 220 22 43 1
5 532 379 812 220 21 43 1
5 532 380 814 220 19 43 1
5 532 381 814 220 21 43 1
5 532 382 816 220 21 43 1
5 532 383 817 220 22 43 1
5 532 384 817 220 22 43 1
5 532 385 819 220 21 43 1
5 532 386 821 220 21 43 1
5 532 387 821 220 23 43 1
5 532 388 823 220 21 43 1
5 532 389 824 220 22 43 1
5 532 390 824 220 24 43 1
5 532 391 826 220 23 43 1
5 532 392 828 220 21 43 1
5 532 393 828 220 23 43 1
5 532 394 830 220 23 43 1
5 532 395 832 220 23 43 1
5 532 396 833 220 23 44 1
5 532 397 833 220 23 44 1
5 532 398 835 220 23 44 1
5 532 399 837 220 23 44 1
5 532 400 839 220 23 44 1
5 532 401 840 220 24 44 1
5 532 402 840 220 24 44 1
5 532 403 842 220 23 44 1
5 532 404 844 220 23 44 1
5 532 405 846 220 23 44 1
5 532 406 848 220 23 44 1
5 532 407 848 220 23 44 1
5 532 408 849 220 23 44 1
5 532 409 851 220 23 44 1
5 532 410 853 220 23 44 1
5 532 411 855 220 23 44 1
5 532 412 855 220 23 44 1
5 532 413 856 220 24 44 1
5 532 414 858 220 23 44 1
5 532 415 860 220 23 44 1
5 532 416 862 220 23 44 1
5 532 417 862 220 23 44 1
5 532 418 864 220 23 44 1
5 532 419 865 220 23 44 1
5 532 420 867 220 23 44 1
5 532 421 869 220 23 44 1
5 532 422 869 220 23 44 1
5 532 423 871 220 23 44 1
5 532 424 872 220 24 44 1
5 532 425 874 220 23 44 1
5 532 426 876 220 23 44 1
5 532 427 876 220 23 44 1
5 532 428 878 220 23 44 1
5 532 429 880 220 23 44 1
5 532 430 881 220 23 44 1
5 532 431 883 220 23 44 1
5 532 432 883 220 23 44 1
5 532 433 885 220 23 44 1
5 532 434 887 220 23 44 1
5 532 435 888 220 24 44 1
5 532 436 890 220 23 44 1
5 532 437 890 220 23 44 1
5 532 438 892 220 23 44 1
5 532 439 894 220 23 44 1
5 532 440 896 220 23 44 1
5 532 441 897 220 23 44 1
5 532 442 899 220 23 44 1
5 532 443 899 218 23 45 1
5 532 444 901 218 23 45 1
5 532 445 903 218 23 45 1
5 532 446 904 218 24 45 1
5 532 447 906 218 23 45 1
5 532 448 908 218 23 45 1
5 532 449 910 218 23 45 1
5 532 450 912 218 23 45 1
5 532 451 913 218 23 45 1
5 532 452 915 218 23 45 1
5 532 453 917 218 23 45 1
5 532 454 919 218 23 45 1
5 532 455 920 218 24 45 1
5 532 456 920 218 24 45 1
5 532 457 922 218 23 45 1
5 532 458 924 218 23 45 1
5 532 459 926 218 23 45 1
5 532 460 928 218 23 45 1
5 532 461 929 218 23 45 1
5 532 462 931 218 23 45 1
5 532 463 933 218 23 45 1
5 532 464 935 218 23 45 1
5 532 465 936 216 24 45 1
5 532 466 938 216 23 45 1
5 532 467 940 216 23 45 1
5 532 468 942 216 23 45 1
5 532 469 942 216 23 45 1
5 532 470 944 216 23 45 1
5 532 471 945 216 23 45 1
5 532 472 947 216 23 45 1
5 532 473 949 216 23 45 1
5 532 474 951 216 23 45 1
5 532 475 952 216 24 45 1
5 532 476 954 216 23 45 1
5 532 477 956 216 23 45 1
5 532 478 958 216 23 45 1
5 532 479 960 216 23 45 1
5 532 480 961 216 23 45 1
5 532 481 963 216 23 45 1
5 532 482 963 216 23 45 1
5 532 483 965 216 23 45 1
5 532 484 967 216 23 45 1
5 532 485 968 216 24 45 1
5 532 486 970 216 23 45 1
5 532 487 972 215 23 44 1
5 532 488 974 215 23 44 1
5 532 489 976 215 23 44 1
5 532 490 977 215 23 44 1
5 532 491 979 215 23 44 1
5 532 492 981 215 23 44 1
5 532 493 983 215 23 44 1
5 532 494 984 215 24 44 1
5 532 495 984 215 24 44 1
5 532 496 986 215 23 44 1
5 532 497 988 215 23 44 1
5 532 498 990 215 23 44 1
5 532 499 992 215 23 44 1
5 532 500 993 215 23 44 1
5 532 501 995 215 23 44 1
5 532 502 997 215 23 44 1
5 532 503 999 215 23 44 1
5 532 504 1000 215 24 44 1
5 532 505 1002 215 23 44 1
5 532 506 1004 215 23 44 1
5 532 507 1006 215 23 44 1
5 532 508 1008 215 23 44 1
5 532 509 1008 213 23 44 1
5 532 510 1009 213 23 44 1
5 532 511 1011 213 23 44 1
5 532 512 1013 213 23 44 1
5 532 513 1015 213 23 44 1
5 532 514 1016 213 24 44 1
5 532 515 1018 213 23 44 1
5 532 516 1020 213 23 44 1
5 532 517 1022 213 23 44 1
5 532 518 1024 213 23 44 1
5 532 519 1025 213 23 44 1
5 532 520 1027 213 23 44 1
5 532 521 1029 213 23 44 1
5 532 522 1031 213 23 44 1
5 532 523 1032 213 24 44 1
5 532 524 1034 213 23 44 1
5 532 525 1036 213 23 44 1
5 532 526 1038 213 23 44 1
5 532 527 1040 213 23 44 1
5 532 528 1041 213 23 44 1
5 532 529 1043 213 23 44 1
5 532 530 1045 213 23 44 1
5 532 531 1047 213 23 44 1
5 532 532 1048 213 24 44 1
5 532 533 1050 213 23 44 1
5 532 534 1052 213 23 44 1
5 532 535 1054 213 23 44 1
5 532 536 1056 213 23 44 1
5 532 537 1057 213 23 44 1
5 532 538 1059 213 23 44 1
5 532 539 1061 213 23 44 1
5 532 540 1063 213 23 44 1
5 532 541 1064 213 24 44 1
5 532 542 1064 213 24 44 1
5 532 543 1066 213 23 44 1
5 532 544 1068 213 23 44 1
5 532 545 1070 213 23 44 1
5 532 546 1072 213 23 44 1
5 532 547 1073 213 23 44 1
5 532 548 1075 213 23 44 1
5 532 549 1077 213 23 44 1
5 532 550 1079 213 23 44 1
5 532 551 1080 213 24 44 1
5 532 552 1082 213 23 44 1
5 532 553 1084 213 23 44 1
5 532 554 1086 213 23 44 1
5 532 555 1088 213 23 44 1
5 532 556 1089 213 23 44 1
5 532 557 1091 213 23 44 1
5 532 558 1093 213 23 44 1
5 532 559 1095 213 23 44 1
5 532 560 1096 213 24 44 1
5 532 561 1098 213 23 44 1
5 532 562 1100 213 23 44 1
5 532 563 1102 213 23 44 1
5 532 564 1104 213 23 44 1
5 532 565 1105 213 23 44 1
5 532 566 1107 213 23 44 1
5 532 567 1109 213 23 44 1
5 532 568 1111 213 23 44 1
5 532 569 1112 213 24 44 1
5 532 570 1114 213 23 44 1
5 532 571 1116 213 23 44 1
5 532 572 1118 213 23 44 1
5 532 573 1120 213 23 44 1
5 532 574 1121 213 23 44 1
5 532 575 1121 211 23 45 1
5 532 576 1123 211 23 45 1
5 532 577 1125 211 23 45 1
5 532 578 1127 211 23 45 1
5 532 579 1128 211 24 45 1
5 532 580 1130 211 23 45 1
5 532 581 1132 211 23 45 1
5 532 582 1134 211 23 45 1
5 532 583 1136 211 23 45 1
5 532 584 1137 211 23 45 1
5 532 585 1139 211 23 45 1
5 532 586 1141 211 23 45 1
5 532 587 1143 211 23 45 1
5 532 588 1144 211 24 45 1
5 532 589 1146 211 23 45 1
5 532 590 1148 211 23 45 1
5 532 591 1150 211 23 45 1
5 532 592 1152 211 23 45 1
5 532 593 1153 211 23 45 1
5 532 594 1155 211 23 45 1
5 532 595 1155 209 23 45 1
5 532 596 1157 209 23 45 1
5 532 597 1159 209 23 45 1
5 532 598 1160 209 24 45 1
5 532 599 1162 209 23 45 1
5 532 600 1164 209 23 45 1
5 532 601 1166 209 23 45 1
5 532 602 1168 209 23 45 1
5 532 603 1169 209 23 45 1
5 532 604 1171 209 23 45 1
5 532 605 1173 209 23 45 1
5 532 606 1175 209 23 45 1
5 532 607 1176 209 24 45 1
5 532 608 1178 209 23 45 1
5 532 609 1180 209 23 45 1
5 532 610 1182 209 23 45 1
5 532 611 1184 209 23 45 1
5 532 612 1185 209 23 45 1
5 532 613 1187 209 23 45 1
5 532 614 1189 209 23 45 1
5 532 615 1191 209 23 45 1
6 616 0 88 435 36 94 1
6 616 1 88 433 36 95 1
6 616 2 90 433 36 93 1
6 616 3 92 433 36 91 1
6 616 4 94 433 35 89 1
6 616 5 96 432 33 88 1
6 616 6 96 432 35 87 1
6 616 7 97 432 36 85 1
6 616 8 99 432 36 83 1
6 616 9 101 430 35 83 1
6 616 10 103 430 33 82 1
6 616 11 104 430 34 80 1
6 616 12 104 430 36 78 1
6 616 13 106 428 36 78 1
6 616 14 108 428 34 76 1
6 616 15 110 428 34 75 1
6 616 16 112 428 33 73 1
6 616 17 112 426 35 75 1
6 616 18 113 426 36 73 1
6 616 19 115 426 34 71 1
6 616 20 117 426 34 70 1
6 616 21 119 424 33 70 1
6 616 22 120 424 34 68 1
6 616 23 120 424 34 66 1
6 616 24 122 424 34 64 1
6 616 25 124 424 34 63 1
6 616 26 126 423 34 62 1
6 616 27 128 423 33 60 1
6 616 28 128 423 33 58 1
6 616 29 129 423 34 57 1
6 616 30 131 421 34 57 1
6 616 31 133 421 34 55 1
6 616 32 135 421 32 53 1
6 616 33 136 421 32 51 1
6 616 34 136 419 34 53 1
6 616 35 138 419 34 52 1
6 616 36 140 419 34 50 1
6 616 37 142 419 32 48 1
6 616 38 144 417 32 48 1
6 616 39 144 417 33 47 1
6 616 40 145 417 34 45 1
6 616 41 147 417 32 43 1
6 616 42 149 416 32 42 1
6 616 43 151 416 32 40 1
6 616 44 152 416 32 39 1
6 616 45 152 416 34 37 1
6 616 46 154 414 32 37 1
6 616 47 156 414 32 35 1
6 616 48 158 414 32 34 1
6 616 49 160 414 32 32 1
6 616 50 161 414 32 32 1
6 616 51 161 412 32 32 1
6 616 52 163 412 32 32 1
6 616 53 165 412 32 32 1
6 616 54 167 412 32 32 1
6 616 55 168 412 31 32 1
6 616 56 168 410 32 34 1
6 616 57 170 410 32 34 1
6 616 58 172 410 32 34 1
6 616 59 174 410 30 32 1
6 616 60 176 410 30 32 1
6 616 61 177 410 31 32 1
6 616 62 177 408 32 34 1
6 616 63 179 408 30 34 1
6 616 64 181 408 30 34 1
6 616 65 183 408 30 34 1
6 616 66 184 408 31 34 1
6 616 67 186 408 30 34 1
6 616 68 186 407 30 35 1
6 616 69 188 407 30 35 1
6 616 70 188 407 30 35 1
6 616 71 190 405 30 37 1
6 616 72 190 405 30 39 1
6 616 73 192 405 30 39 1
6 616 74 192 403 30 41 1
6 616 75 193 403 31 41 1
6 616 76 193 403 31 41 1
6 616 77 195 403 30 43 1
6 616 78 195 401 30 45 1
6 616 79 197 401 30 45 1
6 616 80 199 401 28 45 1
6 616 81 199 400 30 46 1
6 616 82 200 400 29 48 1
6 616 83 200 400 31 48 1
6 616 84 202 400 29 48 1
6 616 85 202 398 30 50 1
6 616 86 204 398 28 50 1
6 616 87 204 398 30 51 1
6 616 88 206 396 28 53 1
6 616 89 206 396 30 53 1
6 616 90 208 396 28 53 1
6 616 91 209 396 29 55 1
6 616 92 209 394 29 57 1
6 616 93 211 394 29 57 1
6 616 94 211 394 29 57 1
6 616 95 213 392 28 59 1
6 616 96 213 392 28 59 1
6 616 97 215 392 28 59 1
6 616 98 215 391 28 60 1
6 616 99 216 391 29 60 1
6 616 100 216 391 29 60 1
6 616 101 218 389 29 62 1
6 616 102 218 389 29 62 1
6 616 103 220 389 28 64 1
6 616 104 222 387 26 66 1
6 616 105 222 387 28 66 1
6 616 106 224 387 26 66 1
6 616 107 224 385 28 68 1
6 616 108 225 385 27 68 1
6 616 109 225 385 29 68 1
6 616 110 227 384 27 69 1
6 616 111 227 384 29 69 1
6 616 112 229 384 27 69 1
6 616 113 229 382 28 71 1
6 616 114 231 382 26 71 1
6 616 115 232 382 27 73 1
6 616 116 232 380 27 73 1
6 616 117 232 380 27 73 1
6 616 118 232 380 27 73 1
6 616 119 234 378 27 73 1
6 616 120 234 378 27 73 1
6 616 121 234 378 27 73 1
6 616 122 234 376 27 73 1
6 616 123 236 376 27 73 1
6 616 124 236 376 27 73 1
6 616 125 236 375 27 73 1
6 616 126 236 375 27 73 1
6 616 127 238 375 26 73 1
6 616 128 238 375 26 73 1
6 616 129 238 373 26 73 1
6 616 130 238 373 26 73 1
6 616 131 240 373 26 73 1
6 616 132 240 371 26 73 1
6 616 133 240 371 26 73 1
6 616 134 240 371 26 73 1
6 616 135 241 369 27 73 1
6 616 136 241 369 27 73 1
6 616 137 241 369 27 73 1
6 616 138 241 368 27 72 1
6 616 139 243 368 27 72 1
6 616 140 243 368 27 72 1
6 616 141 243 368 27 72 1
6 616 142 243 366 27 73 1
6 616 143 245 366 27 73 1
6 616 144 245 366 27 73 1
6 616 145 245 364 27 73 1
6 616 146 245 364 27 73 1
6 616 147 247 364 26 73 1
6 616 148 247 362 26 73 1
6 616 149 247 362 26 73 1
6 616 150 247 362 26 73 1
6 616 151 248 362 27 73 1
6 616 152 248 360 27 73 1
6 616 153 248 360 27 73 1
6 616 154 248 360 27 73 1
6 616 155 250 359 27 73 1
6 616 156 250 359 27 73 1
6 616 157 250 359 27 73 1
6 616 158 250 357 27 73 1
6 616 159 252 357 27 73 1
6 616 160 252 357 27 73 1
6 616 161 252 355 27 73 1
6 616 162 252 355 27 73 1
6 616 163 254 355 26 73 1
6 616 164 254 355 26 73 1
6 616 165 254 353 26 73 1
6 616 166 254 353 26 73 1
6 616 167 256 353 26 73 1
6 616 168 256 352 26 72 1
6 616 169 256 352 26 72 1
6 616 170 256 352 26 72 1
6 616 171 257 350 27 73 1
6 616 172 257 350 27 73 1
6 616 173 257 350 27 73 1
6 616 174 257 348 27 73 1
6 616 175 259 348 27 73 1
6 616 176 259 348 27 73 1
6 616 177 259 348 27 73 1
6 616 178 259 346 27 73 1
6 616 179 261 346 27 73 1
6 616 180 261 346 27 73 1
6 616 181 261 344 27 73 1
6 616 182 261 344 27 73 1
6 616 183 263 344 26 73 1
6 616 184 263 343 26 73 1
6 616 185 263 343 26 73 1
6 616 186 263 343 26 73 1
6 616 187 264 343 27 73 1
6 616 188 264 341 27 73 1
6 616 189 264 341 27 73 1
6 616 190 264 341 27 73 1
6 616 191 266 339 27 73 1
6 616 192 266 339 27 73 1
6 616 193 266 339 27 73 1
6 616 194 266 337 27 73 1
6 616 195 268 337 27 73 1
6 616 196 268 337 27 73 1
6 616 197 268 336 27 72 1
6 616 198 268 336 27 72 1
6 616 199 270 336 26 72 1
6 616 200 270 336 26 72 1
6 616 201 270 334 26 73 1
6 616 202 270 334 26 73 1
6 616 203 272 334 26 73 1
6 616 204 272 332 26 73 1
6 616 205 272 332 26 73 1
6 616 206 272 332 26 73 1
6 616 207 273 330 27 73 1
6 616 208 273 330 27 73 1
6 616 209 273 330 27 73 1
6 616 210 275 330 27 73 1
6 616 211 275 328 27 73 1
6 616 212 275 328 27 73 1
6 616 213 275 328 27 73 1
6 616 214 275 328 27 72 1
6 616 215 277 327 27 73 1
6 616 216 277 327 27 73 1
6 616 217 277 327 27 71 1
6 616 218 277 327 27 71 1
6 616 219 277 325 27 73 1
6 616 220 279 325 26 73 1
6 616 221 279 325 26 71 1
6 616 222 279 325 26 71 1
6 616 223 279 323 26 73 1
6 616 224 279 323 26 71 1
6 616 225 280 323 27 71 1
6 616 226 280 323 27 71 1
6 616 227 280 321 27 73 1
6 616 228 280 321 27 71 1
6 616 229 280 321 27 71 1
6 616 230 282 321 27 71 1
6 616 231 282 320 27 71 1
6 616 232 282 320 27 71 1
6 616 233 282 320 27 71 1
6 616 234 282 320 27 71 1
6 616 235 284 318 27 71 1
6 616 236 284 318 27 71 1
6 616 237 284 318 27 71 1
6 616 238 284 318 27 69 1
6 616 239 284 316 27 71 1
6 616 240 286 316 26 71 1
6 616 241 286 316 26 71 1
6 616 242 286 316 26 69 1
6 616 243 286 314 26 71 1
6 616 244 286 314 26 71 1
6 616 245 288 314 26 70 1
6 616 246 288 314 26 70 1
6 616 247 288 312 26 72 1
6 616 248 288 312 26 72 1
6 616 249 288 312 26 70 1
6 616 250 289 312 27 70 1
6 616 251 289 311 27 71 1
6 616 252 289 311 27 69 1
6 616 253 289 311 27 69 1
6 616 254 289 311 27 69 1
6 616 255 291 311 27 69 1
6 616 256 291 309 27 69 1
6 616 257 291 309 27 69 1
6 616 258 291 309 27 69 1
6 616 259 291 309 27 67 1
6 616 260 293 307 27 69 1
6 616 261 293 307 27 69 1
6 616 262 293 307 27 68 1
6 616 263 293 307 27 68 1
6 616 264 293 305 27 70 1
6 616 265 295 305 26 70 1
6 616 266 295 305 26 68 1
6 616 267 295 305 26 68 1
6 616 268 295 304 26 69 1
6 616 269 295 304 26 67 1
6 616 270 296 304 27 67 1
6 616 271 296 304 27 67 1
6 616 272 296 302 27 69 1
6 616 273 296 302 27 67 1
6 616 274 296 302 27 67 1
6 616 275 298 302 27 67 1
6 616 276 298 300 27 68 1
6 616 277 298 300 27 68 1
6 616 278 298 300 27 68 1
6 616 279 298 300 27 68 1
6 616 280 300 298 27 68 1
6 616 281 300 298 27 68 1
6 616 282 300 298 27 68 1
6 616 283 300 298 27 66 1
6 616 284 300 296 27 68 1
6 616 285 302 296 26 68 1
6 616 286 302 296 26 68 1
6 616 287 302 296 26 66 1
6 616 288 302 295 26 67 1
6 616 289 302 295 26 67 1
6 616 290 304 295 26 65 1
6 616 291 304 295 26 65 1
6 616 292 304 293 26 67 1
6 616 293 304 293 26 67 1
6 616 294 304 293 26 66 1
6 616 295 305 293 27 66 1
6 616 296 305 291 27 68 1
6 616 297 305 291 27 66 1
6 616 298 305 291 27 66 1
6 616 299 305 291 27 66 1
6 616 300 307 291 27 66 1
6 616 301 307 289 27 66 1
6 616 302 307 289 27 66 1
6 616 303 307 289 27 66 1
6 616 304 307 288 27 65 1
6 616 305 309 288 27 65 1
6 616 306 309 288 27 65 1
6 616 307 309 288 27 65 1
6 616 308 309 286 27 66 1
6 616 309 311 286 25 66 1
6 616 310 311 286 26 66 1
6 616 311 311 286 26 66 1
6 616 312 311 284 26 66 1
6 616 313 311 284 26 66 1
6 616 314 312 284 25 66 1
6 616 315 312 284 27 66 1
6 616 316 312 282 27 66 1
6 616 317 312 282 27 66 1
6 616 318 314 282 25 66 1
6 616 319 314 282 25 66 1
6 616 320 314 280 27 66 1
6 616 321 314 280 27 66 1
6 616 322 314 280 27 66 1
6 616 323 316 280 25 66 1
6 616 324 316 279 27 65 1
6 616 325 316 279 27 65 1
6 616 326 316 279 27 65 1
6 616 327 318 279 25 65 1
6 616 328 318 277 25 66 1
6 616 329 318 277 26 66 1
6 616 330 318 277 26 66 1
6 616 331 320 277 24 66 1
6 616 332 320 275 24 66 1
6 616 333 320 275 24 66 1
6 616 334 320 275 26 66 1
6 616 335 320 273 26 66 1
6 616 336 321 273 25 66 1
6 616 337 321 273 25 66 1
6 616 338 321 273 25 66 1
6 616 339 321 272 27 65 1
6 616 340 323 272 25 65 1
6 616 341 323 272 25 65 1
6 616 342 323 272 25 65 1
6 616 343 323 270 27 66 1
6 616 344 323 270 27 66 1
6 616 345 325 270 25 66 1
6 616 346 325 270 25 66 1
6 616 347 325 268 25 66 1
6 616 348 325 268 27 66 1
6 616 349 327 268 25 66 1
6 616 350 327 268 25 66 1
6 616 351 327 266 25 66 1
6 616 352 327 266 25 66 1
6 616 353 327 266 26 66 1
6 616 354 328 266 25 66 1
6 616 355 328 264 25 66 1
6 616 356 328 264 25 66 1
6 616 357 328 264 25 66 1
6 616 358 330 264 25 66 1
6 616 359 330 263 25 65 1
6 616 360 330 263 25 65 1
6 616 361 330 263 25 65 1
6 616 362 332 263 25 65 1
6 616 363 332 261 25 66 1
6 616 364 332 261 25 66 1
6 616 365 332 261 25 66 1
6 616 366 334 261 25 66 1
6 616 367 334 261 25 64 1
6 616 368 334 261 25 64 1
6 616 369 336 259 24 66 1
6 616 370 336 259 24 66 1
6 616 371 336 259 24 64 1
6 616 372 337 259 25 64 1
6 616 373 337 259 25 64 1
6 616 374 337 259 25 64 1
6 616 375 339 257 25 66 1
6 616 376 339 257 25 64 1
6 616 377 339 257 25 64 1
6 616 378 341 257 25 64 1
6 616 379 341 257 25 64 1
6 616 380 341 257 25 63 1
6 616 381 343 256 25 64 1
6 616 382 343 256 25 64 1
6 616 383 343 256 25 64 1
6 616 384 344 256 25 64 1
6 616 385 344 256 25 62 1
6 616 386 344 256 25 62 1
6 616 387 344 256 25 62 1
6 616 388 346 254 25 64 1
6 616 389 346 254 25 62 1
6 616 390 346 254 25 62 1
6 616 391 348 254 25 62 1
6 616 392 348 254 25 62 1
6 616 393 348 254 25 60 1
6 616 394 350 252 25 62 1
6 616 395 350 252 25 62 1
6 616 396 350 252 25 62 1
6 616 397 352 252 24 62 1
6 616 398 352 252 24 60 1
6 616 399 352 252 24 60 1
6 616 400 353 250 25 62 1
6 616 401 353 250 25 62 1
6 616 402 353 250 25 61 1
6 616 403 355 250 25 61 1
6 616 404 355 250 25 61 1
6 616 405 355 250 25 61 1
6 616 406 357 250 25 61 1
6 616 407 357 248 25 61 1
6 616 408 357 248 25 61 1
6 616 409 359 248 25 61 1
6 616 410 359 248 25 61 1
6 616 411 360 248 25 61 1
6 616 412 360 247 25 60 1
6 616 413 362 247 25 60 1
6 616 414 362 247 25 60 1
6 616 415 362 247 25 60 1
6 616 416 364 247 25 60 1
6 616 417 364 245 25 60 1
6 616 418 366 245 25 60 1
6 616 419 366 245 25 60 1
6 616 420 368 245 24 60 1
6 616 421 368 245 24 60 1
6 616 422 369 245 25 60 1
6 616 423 369 243 25 61 1
6 616 424 369 243 25 61 1
6 616 425 371 243 25 61 1
6 616 426 371 243 25 61 1
6 616 427 373 243 25 61 1
6 616 428 373 241 25 61 1
6 616 429 375 241 25 61 1
6 616 430 375 241 25 61 1
6 616 431 375 241 25 61 1
6 616 432 376 241 25 61 1
6 616 433 376 240 25 60 1
6 616 434 378 240 25 60 1
6 616 435 378 240 25 60 1
6 616 436 380 240 25 60 1
6 616 437 380 240 25 60 1
6 616 438 382 240 25 60 1
6 616 439 382 238 25 60 1
6 616 440 382 238 25 60 1
6 616 441 382 238 25 60 1
6 616 442 382 236 25 60 1
6 616 443 384 236 24 60 1
6 616 444 384 236 24 60 1
6 616 445 384 236 24 59 1
6 616 446 384 234 24 61 1
6 616 447 385 234 25 61 1
6 616 448 385 234 25 59 1
6 616 449 385 232 25 61 1
6 616 450 385 232 25 61 1
6 616 451 387 232 25 61 1
6 616 452 387 232 25 59 1
6 616 453 387 231 25 60 1
6 616 454 387 231 25 60 1
6 616 455 387 231 25 58 1
6 616 456 389 229 25 60 1
6 616 457 389 229 25 60 1
6 616 458 389 229 25 59 1
6 616 459 389 229 25 59 1
6 616 460 391 227 25 61 1
6 616 461 391 227 25 61 1
6 616 462 391 227 25 59 1
6 616 463 391 227 25 59 1
6 616 464 392 225 25 61 1
6 616 465 392 225 25 59 1
6 616 466 392 225 25 59 1
6 616 467 392 224 25 60 1
6 616 468 392 224 25 58 1
6 616 469 394 224 25 58 1
6 616 470 394 224 25 58 1
6 616 471 394 222 25 60 1
6 616 472 394 222 25 58 1
6 616 473 396 222 25 58 1
6 616 474 396 220 25 60 1
6 616 475 396 220 25 59 1
6 616 476 396 220 25 59 1
6 616 477 398 220 25 59 1
6 616 478 398 218 25 59 1
6 616 479 398 218 25 59 1
6 616 480 398 218 25 59 1
6 616 481 400 218 24 59 1
6 616 482 400 218 24 59 1
6 616 483 400 218 24 59 1
6 616 484 401 218 25 59 1
6 616 485 401 218 25 59 1
6 616 486 401 218 25 59 1
6 616 487 403 218 25 59 1
6 616 488 403 218 25 59 1
6 616 489 405 218 25 59 1
6 616 490 405 218 25 59 1
6 616 491 405 218 25 59 1
6 616 492 407 218 25 59 1
6 616 493 407 218 25 59 1
6 616 494 407 218 25 59 1
6 616 495 408 218 25 59 1
6 616 496 408 218 25 59 1
6 616 497 410 218 25 59 1
6 616 498 410 218 25 59 1
6 616 499 410 218 25 59 1
6 616 500 412 218 25 59 1
6 616 501 412 218 25 59 1
6 616 502 414 218 25 59 1
6 616 503 414 218 25 57 1
6 616 504 416 218 24 57 1
6 616 505 416 218 24 57 1
6 616 506 417 218 25 57 1
6 616 507 417 218 25 57 1
6 616 508 419 218 25 57 1
6 616 509 419 218 25 57 1
6 616 510 421 218 25 57 1
6 616 511 421 218 25 57 1
6 616 512 423 218 25 57 1
6 616 513 423 218 25 57 1
6 616 514 424 218 25 57 1
6 616 515 424 218 25 57 1
6 616 516 426 218 25 57 1
6 616 517 426 218 25 57 1
6 616 518 428 218 25 57 1
6 616 519 428 218 25 57 1
6 616 520 430 218 25 57 1
6 616 521 430 218 25 57 1
6 616 522 432 218 24 57 1
6 616 523 432 218 24 57 1
6 616 524 433 218 25 57 1
6 616 525 433 218 25 57 1
6 616 526 435 218 25 57 1
6 616 527 435 218 25 57 1
6 616 528 437 218 25 57 1
6 616 529 437 218 25 57 1
6 616 530 439 218 25 57 1
6 616 531 439 218 25 57 1
6 616 532 440 218 25 57 1
6 616 533 440 218 25 57 1
6 616 534 442 218 25 57 1
6 616 535 442 218 25 57 1
6 616 536 444 218 25 57 1
6 616 537 444 218 25 57 1
6 616 538 446 218 25 57 1
6 616 539 446 218 25 57 1
6 616 540 448 218 24 57 1
6 616 541 448 218 24 57 1
6 616 542 449 218 25 57 1
6 616 543 449 218 25 57 1
6 616 544 451 218 25 57 1
6 616 545 451 218 25 57 1
6 616 546 453 218 25 57 1
6 616 547 455 218 25 57 1
6 616 548 455 216 25 57 1
6 616 549 456 216 25 57 1
6 616 550 456 216 25 57 1
6 616 551 458 216 25 57 1
6 616 552 458 216 25 57 1
6 616 553 460 216 25 57 1
6 616 554 460 216 25 57 1
6 616 555 462 216 25 57 1
6 616 556 462 216 25 57 1
6 616 557 464 216 24 57 1
6 616 558 464 216 24 57 1
6 616 559 465 216 25 57 1
6 616 560 465 216 25 57 1
6 616 561 467 216 25 57 1
6 616 562 467 216 25 57 1
6 616 563 469 216 25 57 1
6 616 564 469 216 25 57 1
6 616 565 471 216 25 56 1
6 616 566 471 216 25 56 1
6 616 567 472 216 25 56 1
6 616 568 472 216 25 56 1
6 616 569 474 216 25 56 1
6 616 570 474 216 25 56 1
6 616 571 476 216 25 56 1
6 616 572 476 216 25 56 1
6 616 573 478 216 25 56 1
6 616 574 480 215 24 57 1
6 616 575 480 215 24 57 1
6 616 576 481 215 25 57 1
6 616 577 481 215 25 57 1
6 616 578 483 215 25 57 1
6 616 579 483 215 25 57 1
6 616 580 485 215 25 57 1
6 616 581 485 215 25 57 1
6 616 582 487 215 25 55 1
6 616 583 487 215 25 55 1
6 616 584 488 215 25 55 1
6 616 585 488 215 25 55 1
6 616 586 490 215 25 55 1
6 616 587 490 215 25 55 1
6 616 588 492 215 25 55 1
6 616 589 492 215 25 55 1
6 616 590 494 215 25 55 1
6 616 591 494 215 25 55 1
6 616 592 496 215 24 55 1
6 616 593 496 215 24 55 1
6 616 594 497 215 25 55 1
6 616 595 497 215 25 55 1
6 616 596 499 215 25 55 1
6 616 597 499 215 25 55 1
6 616 598 501 215 25 55 1
6 616 599 503 215 25 55 1
6 616 600 503 215 25 55 1
6 616 601 503 215 25 55 1
6 616 602 503 215 26 55 1
6 616 603 504 215 25 55 1
6 616 604 504 215 27 55 1
6 616 605 506 215 27 55 1
6 616 606 506 215 27 55 1
6 616 607 508 215 27 55 1
6 616 608 508 215 27 55 1
6 616 609 510 215 26 55 1
6 616 610 510 215 28 55 1
6 616 611 512 215 26 55 1
6 616 612 512 215 28 55 1
6 616 613 513 215 27 55 1
6 616 614 513 215 29 55 1
6 616 615 515 216 29 54 1
7 322 0 131 350 32 73 1
7 322 1 129 350 32 73 1
7 322 2 128 350 32 74 1
7 322 3 128 352 32 72 1
7 322 4 126 352 32 74 1
7 322 5 126 353 32 73 1
7 322 6 124 353 32 75 1
7 322 7 124 355 32 73 1
7 322 8 122 355 32 75 1
7 322 9 122 357 30 73 1
7 322 10 120 357 32 75 1
7 322 11 119 359 32 74 1
7 322 12 119 359 32 74 1
7 322 13 117 360 32 75 1
7 322 14 117 360 32 75 1
7 322 15 115 362 32 75 1
7 322 16 115 362 32 75 1
7 322 17 113 362 32 77 1
7 322 18 113 364 31 75 1
7 322 19 112 364 32 76 1
7 322 20 112 366 30 74 1
7 322 21 110 366 32 76 1
7 322 22 108 368 32 76 1
7 322 23 108 368 32 76 1
7 322 24 106 369 32 77 1
7 322 25 106 369 30 77 1
7 322 26 104 371 32 77 1
7 322 27 104 371 31 77 1
7 322 28 103 373 32 76 1
7 322 29 103 373 30 76 1
7 322 30 101 375 32 76 1
7 322 31 101 375 30 76 1
7 322 32 99 376 32 77 1
7 322 33 97 376 32 79 1
7 322 34 97 376 31 79 1
7 322 35 96 378 32 78 1
7 322 36 96 378 30 78 1
7 322 37 94 380 32 78 1
7 322 38 94 380 30 78 1
7 322 39 92 382 32 78 1
7 322 40 92 382 30 78 1
7 322 41 90 384 30 78 1
7 322 42 90 384 30 78 1
7 322 43 88 385 31 79 1
7 322 44 87 385 32 80 1
7 322 45 87 387 30 78 1
7 322 46 85 387 32 80 1
7 322 47 85 389 30 78 1
7 322 48 83 389 32 80 1
7 322 49 83 389 30 80 1
7 322 50 81 391 31 80 1
7 322 51 81 391 31 80 1
7 322 52 80 392 30 80 1
7 322 53 80 392 30 80 1
7 322 54 78 394 30 80 1
7 322 55 76 394 32 82 1
7 322 56 76 396 30 80 1
7 322 57 74 396 30 82 1
7 322 58 74 398 30 80 1
7 322 59 72 398 31 82 1
7 322 60 72 400 31 80 1
7 322 61 71 400 30 81 1
7 322 62 71 401 30 80 1
7 322 63 69 401 30 82 1
7 322 64 69 403 30 82 1
7 322 65 67 403 30 82 1
7 322 66 65 403 31 82 1
7 322 67 64 403 30 82 1
7 322 68 64 405 30 82 1
7 322 69 62 405 30 82 1
7 322 70 60 405 30 82 1
7 322 71 60 407 30 81 1
7 322 72 58 407 30 81 1
7 322 73 56 407 31 81 1
7 322 74 56 408 31 82 1
7 322 75 55 408 30 82 1
7 322 76 53 408 30 82 1
7 322 77 51 410 30 82 1
7 322 78 51 410 30 82 1
7 322 79 49 410 31 82 1
7 322 80 48 412 30 82 1
7 322 81 48 412 30 82 1
7 322 82 46 412 30 82 1
7 322 83 44 414 30 82 1
7 322 84 44 414 30 82 1
7 322 85 42 414 30 82 1
7 322 86 40 416 31 81 1
7 322 87 40 416 31 81 1
7 322 88 39 416 30 81 1
7 322 89 37 417 30 82 1
7 322 90 35 417 30 82 1
7 322 91 35 417 30 82 1
7 322 92 33 419 31 82 1
7 322 93 32 419 30 82 1
7 322 94 32 419 30 82 1
7 322 95 30 421 30 82 1
7 322 96 28 421 30 82 1
7 322 97 28 421 30 82 1
7 322 98 26 423 30 81 1
7 322 99 24 423 31 81 1
7 322 100 23 423 30 81 1
7 322 101 23 424 30 82 1
7 322 102 21 424 30 82 1
7 322 103 19 424 30 82 1
7 322 104 19 426 30 82 1
7 322 105 17 426 31 82 1
7 322 106 16 426 30 82 1
7 322 107 16 428 30 82 1
7 322 108 14 428 30 82 1
7 322 109 12 428 30 82 1
7 322 110 12 430 30 82 1
7 322 111 10 430 30 82 1
7 322 112 10 430 29 82 1
7 322 113 8 430 29 82 1
7 322 114 8 430 27 82 1
7 322 115 7 430 26 82 1
7 322 116 7 432 25 81 1
7 322 117 5 432 25 81 1
7 322 118 5 432 25 81 1
7 322 119 5 432 23 81 1
7 322 120 3 432 23 81 1
7 322 121 3 433 21 82 1
7 322 122 1 433 22 82 1
7 322 123 1 433 20 82 1
7 322 124 0 433 19 82 1
7 322 125 0 433 17 82 1
7 322 126 0 435 17 82 1
7 322 127 0 435 17 82 1
7 322 128 0 435 17 82 1
7 322 129 0 435 17 82 1
7 322 130 0 435 17 82 1
7 322 131 0 435 17 82 1
7 322 132 0 435 17 82 1
7 322 133 0 435 17 82 1
7 322 134 0 435 17 82 1
7 322 321 69 403 30 82 1
8 322 0 179 376 32 66 1
8 322 1 177 376 32 66 1
8 322 2 176 376 32 66 1
8 322 3 174 376 32 68 1
8 322 4 174 378 32 66 1
8 322 5 172 378 32 68 1
8 322 6 170 378 32 68 1
8 322 7 170 380 32 68 1
8 322 8 168 380 32 68 1
8 322 9 167 380 32 69 1
8 322 10 167 382 32 67 1
8 322 11 165 382 32 67 1
8 322 12 163 382 32 69 1
8 322 13 163 384 32 67 1
8 322 14 161 384 32 69 1
8 322 15 160 384 32 69 1
8 322 16 160 385 32 70 1
8 322 17 158 385 32 70 1
8 322 18 156 385 32 71 1
8 322 19 156 387 32 69 1
8 322 20 154 387 32 69 1
8 322 21 152 387 32 71 1
8 322 22 152 389 32 69 1
8 322 23 151 389 32 71 1
8 322 24 149 389 32 71 1
8 322 25 149 391 30 71 1
8 322 26 147 391 32 71 1
8 322 27 145 391 32 73 1
8 322 28 145 392 31 72 1
8 322 29 144 392 32 72 1
8 322 30 142 392 32 73 1
8 322 31 142 394 30 71 1
8 322 32 140 394 32 73 1
8 322 33 138 394 32 73 1
8 322 34 138 396 30 73 1
8 322 35 136 396 32 73 1
8 322 36 135 396 32 75 1
8 322 37 135 398 30 73 1
8 322 38 133 398 32 73 1
8 322 39 131 398 32 74 1
8 322 40 131 400 30 72 1
8 322 41 129 400 32 74 1
8 322 42 128 400 32 74 1
8 322 43 128 401 30 75 1
8 322 44 126 401 32 75 1
8 322 45 124 401 32 77 1
8 322 46 124 403 30 75 1
8 322 47 122 403 32 77 1
8 322 48 120 403 32 77 1
8 322 49 120 405 31 75 1
8 322 50 119 405 30 76 1
8 322 51 117 405 32 76 1
8 322 52 117 407 30 76 1
8 322 53 115 407 30 76 1
8 322 54 113 407 32 78 1
8 322 55 113 408 31 77 1
8 322 56 112 408 30 79 1
8 322 57 110 408 32 79 1
8 322 58 110 410 30 77 1
8 322 59 108 410 30 78 1
8 322 60 106 410 32 78 1
8 322 61 106 412 30 78 1
8 322 62 104 412 31 78 1
8 322 63 103 412 32 80 1
8 322 64 103 414 30 78 1
8 322 65 101 414 30 80 1
8 322 66 99 414 32 80 1
8 322 67 99 416 30 78 1
8 322 68 97 416 31 80 1
8 322 69 96 416 32 80 1
8 322 70 96 417 30 80 1
8 322 71 94 417 30 80 1
8 322 72 92 417 30 82 1
8 322 73 92 419 30 80 1
8 322 74 90 419 30 82 1
8 322 75 88 419 31 82 1
8 322 76 88 421 31 80 1
8 322 77 87 421 30 82 1
8 322 78 85 421 30 82 1
8 322 79 85 423 30 81 1
8 322 80 83 423 30 81 1
8 322 81 81 423 31 83 1
8 322 82 81 424 31 82 1
8 322 83 80 424 30 84 1
8 322 84 78 424 30 84 1
8 322 85 78 426 30 82 1
8 322 86 76 426 30 84 1
8 322 87 74 426 30 84 1
8 322 88 74 428 30 84 1
8 322 89 72 428 31 84 1
8 322 90 71 428 30 85 1
8 322 91 71 430 30 83 1
8 322 92 69 430 30 85 1
8 322 93 67 430 30 85 1
8 322 94 67 432 30 85 1
8 322 95 65 432 31 85 1
8 322 96 64 432 30 85 1
8 322 97 62 432 30 85 1
8 322 98 60 432 30 85 1
8 322 99 58 433 30 86 1
8 322 100 56 433 31 86 1
8 322 101 56 433 31 86 1
8 322 102 55 433 30 86 1
8 322 103 53 435 30 85 1
8 322 104 51 435 30 85 1
8 322 105 49 435 31 85 1
8 322 106 48 435 30 85 1
8 322 107 48 437 30 85 1
8 322 108 46 437 30 85 1
8 322 109 44 437 30 85 1
8 322 110 42 437 30 85 1
8 322 111 40 437 31 85 1
8 322 112 39 439 30 85 1
8 322 113 39 439 30 85 1
8 322 114 37 439 30 85 1
8 322 115 35 439 30 85 1
8 322 116 33 440 31 86 1
8 322 117 32 440 30 86 1
8 322 118 30 440 30 86 1
8 322 119 30 440 30 86 1
8 322 120 28 442 30 86 1
8 322 121 26 442 30 86 1
8 322 122 24 442 31 86 1
8 322 123 23 442 30 86 1
8 322 124 21 442 30 86 1
8 322 125 21 444 30 85 1
8 322 126 19 444 30 85 1
8 322 127 17 444 31 85 1
8 322 128 16 444 30 85 1
8 322 129 14 446 30 85 1
8 322 130 12 446 30 85 1
8 322 131 12 446 30 85 1
8 322 132 10 446 30 85 1
8 322 133 8 448 31 85 1
8 322 134 7 448 30 85 1
8 322 135 5 448 30 85 1
8 322 136 3 448 30 85 1
8 322 137 3 449 30 86 1
8 322 138 1 449 31 86 1
8 322 139 1 449 29 86 1
8 322 140 1 449 29 86 1
8 322 141 1 449 27 86 1
8 322 142 1 449 27 86 1
8 322 143 1 449 25 86 1
8 322 144 1 449 23 86 1
8 322 145 0 449 24 86 1
8 322 146 0 449 23 86 1
8 322 147 0 449 23 86 1
8 322 148 0 449 21 86 1
8 322 149 0 449 19 86 1
8 322 150 0 449 19 86 1
8 322 151 0 449 17 86 1
8 322 152 0 451 17 85 1
8 322 153 0 451 17 85 1
8 322 154 0 451 17 85 1
8 322 155 0 451 17 85 1
8 322 156 0 451 17 85 1
8 322 157 0 451 17 85 1
8 322 158 0 451 17 85 1
8 322 159 0 451 17 85 1
8 322 160 0 451 17 85 1
8 322 161 0 451 17 85 1
8 322 162 0 451 17 85 1
8 322 163 0 451 17 85 1
8 322 321 67 432 30 85 1
9 322 0 215 382 35 67 1
9 322 1 213 382 35 67 1
9 322 2 211 382 36 67 1
9 322 3 209 382 36 67 1
9 322 4 209 384 36 65 1
9 322 5 208 384 35 65 1
9 322 6 206 384 35 65 1
9 322 7 206 385 34 64 1
9 322 8 204 385 36 64 1
9 322 9 202 385 36 64 1
9 322 10 202 387 34 62 1
9 322 11 200 387 34 62 1
9 322 12 199 387 35 62 1
9 322 13 197 387 35 62 1
9 322 14 197 389 34 60 1
9 322 15 195 389 34 60 1
9 322 16 193 389 36 60 1
9 322 17 193 391 34 58 1
9 322 18 192 391 33 58 1
9 322 19 190 391 34 58 1
9 322 20 190 392 34 57 1
9 322 21 188 392 34 57 1
9 322 22 186 392 34 57 1
9 322 23 184 392 34 57 1
9 322 24 183 392 33 57 1
9 322 25 181 394 34 55 1
9 322 26 181 394 34 55 1
9 322 27 179 394 34 55 1
9 322 28 177 394 34 57 1
9 322 29 176 396 33 55 1
9 322 30 174 396 34 55 1
9 322 31 174 396 34 55 1
9 322 32 172 396 34 55 1
9 322 33 170 396 34 55 1
9 322 34 168 398 34 53 1
9 322 35 167 398 33 55 1
9 322 36 165 398 34 55 1
9 322 37 165 398 34 55 1
9 322 38 163 400 34 53 1
9 322 39 161 400 34 53 1
9 322 40 160 400 33 53 1
9 322 41 158 400 34 53 1
9 322 42 158 401 34 54 1
9 322 43 156 401 34 54 1
9 322 44 154 401 34 54 1
9 322 45 152 401 34 54 1
9 322 46 151 401 33 54 1
9 322 47 151 403 33 53 1
9 322 48 149 403 34 53 1
9 322 49 147 403 34 53 1
9 322 50 145 403 34 53 1
9 322 51 144 403 33 53 1
9 322 52 144 405 33 53 1
9 322 53 142 405 34 53 1
9 322 54 140 405 34 53 1
9 322 55 138 405 34 53 1
9 322 56 136 405 34 53 1
9 322 57 136 407 34 53 1
9 322 58 135 407 33 53 1
9 322 59 133 407 34 53 1
9 322 60 131 407 34 53 1
9 322 61 129 407 34 53 1
9 322 62 129 408 34 54 1
9 322 63 128 408 33 54 1
9 322 64 126 408 34 54 1
9 322 65 124 408 34 54 1
9 322 66 122 408 34 54 1
9 322 67 122 410 34 54 1
9 322 68 120 410 34 55 1
9 322 69 119 410 33 57 1
9 322 70 117 410 34 59 1
9 322 71 117 412 32 59 1
9 322 72 115 412 34 60 1
9 322 73 113 412 34 62 1
9 322 74 113 414 32 62 1
9 322 75 112 414 32 64 1
9 322 76 110 414 32 66 1
9 322 77 110 416 32 65 1
9 322 78 108 416 32 67 1
9 322 79 106 416 32 69 1
9 322 80 106 417 30 70 1
9 322 81 104 417 31 71 1
9 322 82 103 417 32 75 1
9 322 83 101 417 32 77 1
9 322 84 101 419 30 77 1
9 322 85 99 419 30 78 1
9 322 86 97 419 31 80 1
9 322 87 97 421 31 80 1
9 322 88 96 421 30 82 1
9 322 89 94 421 30 83 1
9 322 90 94 423 28 83 1
9 322 91 92 423 28 85 1
9 322 92 90 423 30 87 1
9 322 93 90 424 29 88 1
9 322 94 88 424 29 89 1
9 322 95 87 424 28 91 1
9 322 96 87 426 28 93 1
9 322 97 85 426 28 93 1
9 322 98 83 426 29 93 1
9 322 99 83 426 29 93 1
9 322 100 81 426 29 93 1
9 322 101 81 426 29 94 1
9 322 102 80 426 28 94 1
9 322 103 80 426 28 94 1
9 322 104 78 426 28 94 1
9 322 105 78 426 28 94 1
9 322 106 76 426 28 96 1
9 322 107 76 426 28 96 1
9 322 108 74 428 29 94 1
9 322 109 72 428 29 94 1
9 322 110 72 428 29 94 1
9 322 111 71 428 28 96 1
9 322 112 71 428 28 96 1
9 322 113 69 428 28 96 1
9 322 114 69 428 28 96 1
9 322 115 67 428 29 96 1
9 322 116 67 428 29 98 1
9 322 117 65 428 29 98 1
9 322 118 65 428 29 98 1
9 322 119 64 428 28 98 1
9 322 120 64 430 28 98 1
9 322 121 62 430 28 98 1
9 322 122 60 430 28 98 1
9 322 123 58 430 29 99 1
9 322 124 58 430 29 99 1
9 322 125 56 430 29 99 1
9 322 126 55 430 28 101 1
9 322 127 53 430 30 101 1
9 322 128 53 432 28 101 1
9 322 129 51 432 29 101 1
9 322 130 49 432 31 101 1
9 322 131 48 432 30 103 1
9 322 132 48 432 28 103 1
9 322 133 46 432 30 104 1
9 322 134 44 432 30 104 1
9 322 135 42 433 30 103 1
9 322 136 42 433 30 105 1
9 322 137 40 433 31 105 1
9 322 138 39 433 30 107 1
9 322 139 37 433 32 107 1
9 322 140 37 433 30 107 1
9 322 141 35 433 30 109 1
9 322 142 33 435 32 107 1
9 322 143 32 435 32 109 1
9 322 144 32 435 30 109 1
9 322 145 30 435 32 109 1
9 322 146 28 435 32 110 1
9 322 147 26 435 32 110 1
9 322 148 26 435 32 112 1
9 322 149 24 437 32 110 1
9 322 150 23 437 32 110 1
9 322 151 21 437 34 112 1
9 322 152 21 437 32 112 1
9 322 153 19 437 32 114 1
9 322 154 17 437 34 114 1
9 322 155 16 437 33 114 1
9 322 156 16 439 32 113 1
9 322 157 14 439 34 113 1
9 322 158 12 439 34 115 1
9 322 159 10 439 34 115 1
9 322 160 10 439 34 115 1
9 322 161 8 439 34 117 1
9 322 162 7 439 33 117 1
9 322 163 7 440 33 118 1
9 322 164 5 440 34 118 1
9 322 165 5 442 32 118 1
9 322 166 5 442 30 118 1
9 322 167 3 444 30 117 1
9 322 168 3 444 29 117 1
9 322 169 3 446 27 117 1
9 322 170 3 446 25 117 1
9 322 171 1 448 25 117 1
9 322 172 1 448 23 117 1
9 322 173 1 449 22 118 1
9 322 174 1 449 20 118 1
9 322 175 0 451 19 117 1
9 322 176 0 451 17 117 1
9 322 177 0 453 16 117 1
9 322 178 0 455 16 117 1
9 322 179 0 455 16 117 1
9 322 180 0 455 16 117 1
9 322 181 0 455 16 117 1
9 322 182 0 455 16 117 1
9 322 183 0 455 16 117 1
9 322 184 0 455 16 117 1
9 322 185 0 455 16 117 1
9 322 186 0 455 16 117 1
9 322 187 0 455 16 117 1
9 322 188 0 455 16 117 1
9 322 189 0 455 16 117 1
9 322 190 0 455 16 117 1
9 322 321 87 426 28 93 1
