0 57 451 1239 574 39 145 1
0 57 452 1235 565 41 154 1
0 57 453 1232 558 44 161 1
0 57 454 1228 549 48 170 1
0 57 455 1226 542 50 177 1
0 57 456 1223 533 53 185 1
0 57 457 1219 526 57 192 1
0 57 458 1216 517 60 201 1
0 57 459 1214 510 62 208 1
0 57 460 1208 508 63 206 1
0 57 461 1203 506 64 206 1
0 57 462 1200 504 64 207 1
0 57 463 1194 503 66 206 1
0 57 464 1189 501 67 206 1
0 57 465 1185 499 68 206 1
0 57 466 1180 497 69 207 1
0 57 467 1176 496 70 206 1
0 57 468 1171 494 71 206 1
0 57 469 1166 492 73 206 1
0 57 470 1162 490 73 206 1
0 57 471 1157 488 75 207 1
0 57 472 1153 487 75 206 1
0 57 473 1148 485 75 206 1
0 57 474 1143 483 74 206 1
0 57 475 1137 481 77 207 1
0 57 476 1132 481 76 205 1
0 57 477 1127 480 76 204 1
0 57 478 1121 478 79 204 1
0 57 479 1116 478 78 202 1
0 57 480 1111 476 78 203 1
0 57 481 1107 474 78 203 1
0 57 482 1102 472 78 203 1
0 57 483 1096 472 79 201 1
0 57 484 1091 471 80 201 1
0 57 485 1086 469 80 201 1
0 57 486 1080 469 80 199 1
0 57 487 1075 467 82 199 1
0 57 488 1070 465 82 199 1
0 57 489 1066 465 82 198 1
0 57 490 1061 464 82 195 1
0 57 491 1057 462 82 195 1
0 57 492 1054 462 82 194 1
0 57 493 1048 460 82 192 1
0 57 494 1045 458 82 192 1
0 57 495 1041 458 82 190 1
0 57 496 1038 456 82 191 1
0 57 497 1032 455 82 188 1
0 57 498 1029 455 82 186 1
0 57 499 1025 453 82 187 1
0 57 500 1020 451 82 185 1
0 57 501 1016 451 82 183 1
0 57 502 1013 449 82 183 1
0 57 503 1009 449 82 182 1
0 57 504 1006 446 80 179 1
0 57 505 1004 442 76 180 1
0 57 506 1000 439 75 177 1
0 57 507 999 435 71 178 1
1 208 300 524 360 37 66 4
1 208 301 524 360 37 66 4
1 208 302 526 360 37 66 4
1 208 303 526 362 37 66 4
1 208 304 528 362 37 66 4
1 208 305 528 362 39 66 4
1 208 306 529 364 38 66 4
1 208 307 529 364 39 66 4
1 208 308 531 366 39 66 4
1 208 309 531 366 39 66 4
1 208 310 533 366 39 66 4
1 208 311 533 368 39 65 4
1 208 312 535 368 39 65 4
1 208 313 535 368 41 65 4
1 208 314 536 369 40 66 4
1 208 315 536 369 41 66 4
1 208 316 538 371 41 66 4
1 208 317 538 371 41 66 4
1 208 318 540 371 41 66 4
1 208 319 540 373 41 66 4
1 208 320 542 373 41 66 4
1 208 321 542 373 42 66 4
1 208 322 544 375 40 65 4
1 208 323 544 375 42 65 4
1 208 324 545 376 43 66 4
1 208 325 545 376 43 66 4
1 208 326 547 376 43 66 4
1 208 327 547 378 43 66 4
1 208 328 549 378 43 66 4
1 208 329 549 378 44 66 4
1 208 330 551 380 42 66 4
1 208 331 551 380 44 66 4
1 208 332 552 382 45 66 4
1 208 333 552 382 45 66 4
1 208 334 554 382 45 66 4
1 208 335 554 384 45 65 4
1 208 336 556 384 44 65 4
1 208 337 556 384 46 65 4
1 208 338 558 385 44 66 4
1 208 339 558 385 46 66 4
1 208 340 560 387 46 66 4
1 208 341 560 387 46 66 4
1 208 342 561 387 47 68 4
1 208 343 561 389 48 66 4
1 208 344 563 389 48 67 4
1 208 345 565 389 46 67 4
1 208 346 565 391 48 67 4
1 208 347 567 391 48 67 4
1 208 348 568 391 48 69 4
1 208 349 568 392 50 68 4
1 208 350 570 392 48 70 4
1 208 351 572 392 48 70 4
1 208 352 572 394 50 70 4
1 208 353 574 394 50 70 4
1 208 354 576 396 49 69 4
1 208 355 576 396 49 69 4
1 208 356 577 396 50 71 4
1 208 357 579 398 50 69 4
1 208 358 581 398 50 71 4
1 208 359 581 398 51 71 4
1 208 360 583 400 51 71 4
1 208 361 584 400 52 71 4
1 208 362 586 401 52 71 4
1 208 363 586 401 54 71 4
1 208 364 588 401 53 73 4
1 208 365 590 403 53 71 4
1 208 366 592 403 53 73 4
1 208 367 592 403 55 73 4
1 208 368 593 405 54 73 4
1 208 369 595 405 53 73 4
1 208 370 597 407 53 73 4
1 208 371 597 407 55 73 4
1 208 372 599 407 55 74 4
1 208 373 600 408 56 75 4
1 208 374 602 408 55 75 4
1 208 375 602 408 57 77 4
1 208 376 604 410 57 75 4
1 208 377 606 410 57 77 4
1 208 378 608 412 56 75 4
1 208 379 608 412 58 76 4
1 208 380 609 412 59 76 4
1 208 381 611 414 57 76 4
1 208 382 613 414 57 76 4
1 208 383 613 414 59 78 4
1 208 384 615 416 58 76 4
1 208 385 616 416 59 78 4
1 208 386 618 417 59 77 4
1 208 387 618 417 61 79 4
1 208 388 620 417 60 79 4
1 208 389 622 419 60 78 4
1 208 390 624 419 60 80 4
1 208 391 624 419 62 80 4
1 208 392 625 421 63 80 4
1 208 393 627 421 62 80 4
1 208 394 629 423 60 80 4
1 208 395 629 423 62 80 4
1 208 396 631 423 62 81 4
1 208 397 632 424 63 80 4
1 208 398 634 424 62 82 4
1 208 399 634 424 64 82 4
1 208 400 636 426 64 82 4
1 208 401 638 426 64 82 4
1 208 402 640 428 64 82 4
1 208 403 640 428 65 82 4
1 208 404 641 428 66 84 4
1 208 405 643 430 66 82 4
1 208 406 645 430 66 83 4
1 208 407 647 432 65 83 4
1 208 408 648 432 66 83 4
1 208 409 650 433 66 84 4
1 208 410 652 433 66 84 4
1 208 411 654 435 67 84 4
1 208 412 656 435 67 84 4
1 208 413 657 437 68 83 4
1 208 414 659 437 69 83 4
1 208 415 661 439 69 83 4
1 208 416 663 439 69 83 4
1 208 417 666 440 70 84 4
1 208 418 668 440 69 84 4
1 208 419 670 442 69 84 4
1 208 420 672 442 69 84 4
1 208 421 673 444 71 84 4
1 208 422 675 444 71 84 4
1 208 423 677 446 71 83 4
1 208 424 679 446 73 83 4
1 208 425 680 448 73 83 4
1 208 426 682 448 73 83 4
1 208 427 686 449 73 84 4
1 208 428 688 449 72 84 4
1 208 429 689 451 73 84 4
1 208 430 691 451 73 84 4
1 208 431 693 453 75 83 4
1 208 432 695 453 74 83 4
1 208 433 696 455 75 83 4
1 208 434 698 455 77 83 4
1 208 435 700 456 76 84 4
1 208 436 702 456 76 84 4
1 208 437 705 458 77 84 4
1 208 438 707 458 77 84 4
1 208 439 711 460 76 84 4
1 208 440 712 462 77 83 4
1 208 441 716 464 76 83 4
1 208 442 718 464 76 83 4
1 208 443 721 465 77 84 4
1 208 444 723 467 77 84 4
1 208 445 727 469 76 83 4
1 208 446 728 469 77 83 4
1 208 447 732 471 76 83 4
1 208 448 734 472 76 84 4
1 208 449 737 474 77 84 4
1 208 450 739 474 77 84 4
1 208 451 743 476 76 84 4
1 208 452 744 478 77 83 4
1 208 453 748 480 76 83 4
1 208 454 750 480 76 83 4
1 208 455 752 480 76 85 4
1 208 456 753 481 79 86 4
1 208 457 755 481 78 86 4
1 208 458 757 483 78 85 4
1 208 459 760 483 79 87 4
1 208 460 762 485 78 87 4
1 208 461 764 485 80 87 4
1 208 462 766 487 80 87 4
1 208 463 768 487 80 89 4
1 208 464 769 487 82 89 4
1 208 465 773 488 80 89 4
1 208 466 775 488 81 91 4
1 208 467 776 490 82 91 4
1 208 468 778 490 82 91 4
1 208 469 780 492 84 91 4
1 208 470 782 492 83 92 4
1 208 471 785 494 84 92 4
1 208 472 787 494 84 94 4
1 208 473 789 496 83 94 4
1 208 474 792 497 84 95 4
1 208 475 794 499 84 96 4
1 208 476 796 501 84 96 4
1 208 477 800 503 83 96 4
1 208 478 801 504 84 96 4
1 208 479 803 506 85 98 4
1 208 480 807 508 83 98 4
1 208 481 808 510 84 98 4
1 208 482 810 512 86 97 4
1 208 483 814 513 83 100 4
1 208 484 816 515 85 100 4
1 208 485 817 517 86 99 4
1 208 486 821 519 83 99 4
1 208 487 823 520 85 102 4
1 208 488 824 522 86 102 4
1 208 489 828 524 85 101 4
1 208 490 830 526 85 101 4
1 208 491 832 528 85 103 4
1 208 492 835 529 85 103 4
1 208 493 837 531 85 103 4
1 208 494 839 533 85 103 4
1 208 495 842 535 86 105 4
1 208 496 844 536 85 105 4
1 208 497 846 538 87 105 4
1 208 498 849 540 86 105 4
1 208 499 851 542 85 106 4
1 208 500 853 544 87 106 4
1 208 501 856 545 86 107 4
1 208 502 858 547 87 107 4
1 208 503 860 549 87 108 4
1 208 504 864 551 85 108 4
1 208 505 865 552 87 109 4
1 208 506 867 554 87 109 4
1 208 507 871 556 87 110 4
2 508 0 384 266 32 64 1
2 508 1 384 266 32 64 1
2 508 2 384 266 32 64 1
2 508 3 384 266 32 64 1
2 508 4 385 266 32 64 1
2 508 5 385 266 32 64 1
2 508 6 385 266 32 64 1
2 508 7 385 266 32 64 1
2 508 8 387 266 32 64 1
2 508 9 387 266 32 64 1
2 508 10 387 266 32 66 1
2 508 11 387 266 32 66 1
2 508 12 389 268 32 64 1
2 508 13 389 268 32 64 1
2 508 14 389 268 32 64 1
2 508 15 389 268 32 64 1
2 508 16 391 268 32 64 1
2 508 17 391 268 32 64 1
2 508 18 391 268 32 64 1
2 508 19 391 268 32 64 1
2 508 20 392 268 32 66 1
2 508 21 392 268 32 66 1
2 508 22 392 268 32 66 1
2 508 23 392 270 32 64 1
2 508 24 394 270 32 64 1
2 508 25 394 270 32 64 1
2 508 26 394 270 32 64 1
2 508 27 394 270 32 64 1
2 508 28 396 270 32 64 1
2 508 29 396 270 32 64 1
2 508 30 396 270 32 66 1
2 508 31 396 270 32 66 1
2 508 32 398 270 32 66 1
2 508 33 398 270 32 66 1
2 508 34 398 272 32 64 1
2 508 35 400 272 32 64 1
2 508 36 400 272 32 64 1
2 508 37 400 272 32 64 1
2 508 38 400 272 32 64 1
2 508 39 401 272 32 65 1
2 508 40 401 272 32 65 1
2 508 41 401 272 32 65 1
2 508 42 401 272 32 65 1
2 508 43 403 272 32 65 1
2 508 44 403 272 32 65 1
2 508 45 403 272 32 65 1
2 508 46 403 273 32 64 1
2 508 47 405 273 32 64 1
2 508 48 405 273 32 64 1
2 508 49 405 273 32 66 1
2 508 50 405 273 32 66 1
2 508 51 407 273 32 66 1
2 508 52 407 273 32 66 1
2 508 53 407 273 32 66 1
2 508 54 407 273 32 66 1
2 508 55 408 273 32 66 1
2 508 56 408 273 32 66 1
2 508 57 408 275 32 64 1
2 508 58 408 275 32 64 1
2 508 59 410 275 32 66 1
2 508 60 410 275 32 66 1
2 508 61 410 275 32 66 1
2 508 62 410 275 32 66 1
2 508 63 412 275 32 66 1
2 508 64 412 275 32 66 1
2 508 65 412 275 32 66 1
2 508 66 412 275 32 66 1
2 508 67 414 275 32 66 1
2 508 68 414 277 32 66 1
2 508 69 414 277 32 66 1
2 508 70 416 277 32 66 1
2 508 71 416 277 32 66 1
2 508 72 416 277 32 66 1
2 508 73 416 277 32 66 1
2 508 74 417 277 32 66 1
2 508 75 417 277 32 66 1
2 508 76 417 277 32 66 1
2 508 77 417 277 32 66 1
2 508 78 419 277 32 67 1
2 508 79 419 277 32 67 1
2 508 80 419 279 32 65 1
2 508 81 419 279 32 65 1
2 508 82 421 279 32 65 1
2 508 83 421 279 32 65 1
2 508 84 421 279 32 65 1
2 508 85 421 279 32 65 1
2 508 86 423 279 32 65 1
2 508 87 423 279 32 65 1
2 508 88 423 279 32 67 1
2 508 89 423 279 32 67 1
2 508 90 424 279 32 67 1
2 508 91 424 280 32 66 1
2 508 92 424 280 32 66 1
2 508 93 424 280 32 66 1
2 508 94 426 280 32 66 1
2 508 95 426 280 32 66 1
2 508 96 426 280 32 66 1
2 508 97 426 280 32 66 1
2 508 98 428 280 32 68 1
2 508 99 428 280 32 68 1
2 508 100 428 280 32 68 1
2 508 101 428 280 32 68 1
2 508 102 430 282 32 66 1
2 508 103 430 282 32 66 1
2 508 104 430 282 32 66 1
2 508 105 432 282 32 66 1
2 508 106 432 282 32 66 1
2 508 107 432 282 32 68 1
2 508 108 432 282 32 68 1
2 508 109 433 282 32 68 1
2 508 110 433 282 32 68 1
2 508 111 433 282 32 68 1
2 508 112 433 282 32 68 1
2 508 113 435 282 32 68 1
2 508 114 435 284 32 66 1
2 508 115 435 284 32 66 1
2 508 116 435 284 32 66 1
2 508 117 437 284 32 68 1
2 508 118 437 284 32 68 1
2 508 119 437 284 32 68 1
2 508 120 437 284 32 68 1
2 508 121 439 284 32 68 1
2 508 122 439 284 32 68 1
2 508 123 439 284 32 68 1
2 508 124 439 284 32 68 1
2 508 125 440 286 32 66 1
2 508 126 440 286 32 66 1
2 508 127 440 286 32 67 1
2 508 128 440 286 32 67 1
2 508 129 442 286 32 67 1
2 508 130 442 286 32 67 1
2 508 131 442 286 32 67 1
2 508 132 442 286 32 67 1
2 508 133 444 286 32 67 1
2 508 134 444 286 32 67 1
2 508 135 444 286 32 67 1
2 508 136 446 288 32 67 1
2 508 137 446 288 32 67 1
2 508 138 446 288 34 67 1
2 508 139 448 288 32 67 1
2 508 140 448 288 33 69 1
2 508 141 448 288 35 69 1
2 508 142 449 288 34 69 1
2 508 143 449 288 36 69 1
2 508 144 449 288 36 71 1
2 508 145 451 288 36 71 1
2 508 146 451 288 37 71 1
2 508 147 451 288 37 71 1
2 508 148 453 288 37 72 1
2 508 149 453 288 37 72 1
2 508 150 453 288 39 72 1
2 508 151 455 288 39 74 1
2 508 152 455 288 39 74 1
2 508 153 455 288 39 74 1
2 508 154 455 288 41 74 1
2 508 155 456 288 40 74 1
2 508 156 456 288 40 76 1
2 508 157 456 288 41 76 1
2 508 158 458 288 39 76 1
2 508 159 458 288 41 76 1
2 508 160 458 289 41 75 1
2 508 161 460 289 39 77 1
2 508 162 460 289 41 77 1
2 508 163 460 289 41 77 1
2 508 164 462 289 39 77 1
2 508 165 462 289 41 77 1
2 508 166 462 289 41 79 1
2 508 167 464 289 40 79 1
2 508 168 464 291 40 77 1
2 508 169 464 291 40 77 1
2 508 170 465 291 41 78 1
2 508 171 465 291 41 78 1
2 508 172 465 291 43 78 1
2 508 173 465 291 43 78 1
2 508 174 467 291 41 78 1
2 508 175 467 291 43 80 1
2 508 176 467 291 43 80 1
2 508 177 469 293 41 78 1
2 508 178 469 293 43 78 1
2 508 179 469 293 43 78 1
2 508 180 471 293 42 80 1
2 508 181 471 293 42 80 1
2 508 182 471 293 42 80 1
2 508 183 472 293 43 80 1
2 508 184 472 293 43 80 1
2 508 185 472 295 43 80 1
2 508 186 474 295 43 80 1
2 508 187 474 295 43 80 1
2 508 188 474 295 45 80 1
2 508 189 476 295 43 81 1
2 508 190 476 295 43 81 1
2 508 191 476 295 44 81 1
2 508 192 476 295 44 81 1
2 508 193 478 295 44 81 1
2 508 194 478 296 44 82 1
2 508 195 478 296 44 82 1
2 508 196 480 296 44 82 1
2 508 197 480 296 44 82 1
2 508 198 480 296 44 82 1
2 508 199 481 296 45 84 1
2 508 200 481 296 45 84 1
2 508 201 481 296 47 84 1
2 508 202 483 298 45 82 1
2 508 203 483 298 45 82 1
2 508 204 483 298 46 84 1
2 508 205 485 298 44 84 1
2 508 206 485 298 44 84 1
2 508 207 485 298 46 84 1
2 508 208 487 298 44 86 1
2 508 209 487 298 46 86 1
2 508 210 487 298 46 86 1
2 508 211 487 300 46 84 1
2 508 212 488 300 47 84 1
2 508 213 488 300 47 85 1
2 508 214 488 300 48 85 1
2 508 215 490 300 46 85 1
2 508 216 490 300 46 85 1
2 508 217 490 300 48 85 1
2 508 218 492 300 46 87 1
2 508 219 492 302 46 85 1
2 508 220 492 302 48 85 1
2 508 221 494 302 46 85 1
2 508 222 494 302 48 85 1
2 508 223 494 302 48 87 1
2 508 224 496 302 46 87 1
2 508 225 496 302 48 87 1
2 508 226 496 302 48 87 1
2 508 227 497 304 48 87 1
2 508 228 497 304 48 87 1
2 508 229 497 304 48 87 1
2 508 230 499 304 48 87 1
2 508 231 499 304 48 87 1
2 508 232 501 304 48 88 1
2 508 233 501 304 48 88 1
2 508 234 503 304 48 88 1
2 508 235 503 304 48 88 1
2 508 236 504 304 48 90 1
2 508 237 504 304 48 90 1
2 508 238 504 304 48 90 1
2 508 239 506 304 48 90 1
2 508 240 506 304 48 90 1
2 508 241 508 304 48 92 1
2 508 242 508 304 48 92 1
2 508 243 510 304 48 92 1
2 508 244 510 304 48 92 1
2 508 245 512 305 48 93 1
2 508 246 512 305 48 93 1
2 508 247 512 305 48 93 1
2 508 248 513 305 48 93 1
2 508 249 513 305 48 95 1
2 508 250 515 305 48 95 1
2 508 251 515 307 48 93 1
2 508 252 517 307 48 94 1
2 508 253 517 307 48 94 1
2 508 254 519 307 48 94 1
2 508 255 519 307 48 96 1
2 508 256 520 309 48 94 1
2 508 257 520 309 48 94 1
2 508 258 522 309 48 96 1
2 508 259 522 309 48 96 1
2 508 260 524 309 48 96 1
2 508 261 524 309 48 96 1
2 508 262 526 311 48 96 1
2 508 263 526 311 48 96 1
2 508 264 528 311 48 96 1
2 508 265 528 311 48 97 1
2 508 266 529 311 48 97 1
2 508 267 529 312 48 96 1
2 508 268 531 312 48 98 1
2 508 269 531 312 48 98 1
2 508 270 533 312 48 98 1
2 508 271 533 312 48 100 1
2 508 272 535 312 48 100 1
2 508 273 535 314 48 98 1
2 508 274 536 314 48 98 1
2 508 275 536 314 48 100 1
2 508 276 538 314 48 100 1
2 508 277 538 314 48 100 1
2 508 278 540 316 48 100 1
2 508 279 540 316 48 100 1
2 508 280 542 316 48 100 1
2 508 281 542 316 48 101 1
2 508 282 544 316 48 101 1
2 508 283 544 316 48 101 1
2 508 284 545 318 48 101 1
2 508 285 545 318 48 101 1
2 508 286 547 318 48 101 1
2 508 287 547 318 48 101 1
2 508 288 549 318 48 103 1
2 508 289 549 320 48 101 1
2 508 290 551 320 48 101 1
2 508 291 551 320 48 103 1
2 508 292 552 320 48 103 1
2 508 293 552 320 48 103 1
2 508 294 554 320 48 104 1
2 508 295 554 321 48 103 1
2 508 296 556 321 48 103 1
2 508 297 556 321 48 105 1
2 508 298 558 321 48 105 1
2 508 299 558 321 48 105 1
2 508 300 560 323 48 105 1
2 508 301 560 323 48 105 1
2 508 302 560 323 48 105 1
2 508 303 561 323 48 105 1
2 508 304 561 323 48 105 1
2 508 305 563 325 48 103 1
2 508 306 563 325 48 103 1
2 508 307 565 325 48 103 1
2 508 308 565 325 48 103 1
2 508 309 567 325 48 103 1
2 508 310 567 327 48 103 1
2 508 311 568 327 48 103 1
2 508 312 568 327 48 103 1
2 508 313 570 327 48 103 1
2 508 314 570 327 48 103 1
2 508 315 572 328 48 102 1
2 508 316 572 328 48 102 1
2 508 317 574 328 48 102 1
2 508 318 574 328 48 102 1
2 508 319 576 330 48 102 1
2 508 320 576 330 48 102 1
2 508 321 577 330 48 102 1
2 508 322 577 330 50 103 1
2 508 323 579 330 48 103 1
2 508 324 581 330 48 105 1
2 508 325 581 330 50 105 1
2 508 326 583 330 49 107 1
2 508 327 584 332 48 105 1
2 508 328 584 332 50 107 1
2 508 329 586 332 50 107 1
2 508 330 588 332 48 108 1
2 508 331 588 332 50 108 1
2 508 332 590 332 50 110 1
2 508 333 590 332 51 110 1
2 508 334 592 332 49 110 1
2 508 335 593 334 50 110 1
2 508 336 593 334 52 110 1
2 508 337 595 334 50 112 1
2 508 338 597 334 50 112 1
2 508 339 597 334 51 114 1
2 508 340 599 334 51 114 1
2 508 341 600 334 50 115 1
2 508 342 600 334 52 115 1
2 508 343 602 336 52 115 1
2 508 344 604 336 50 115 1
2 508 345 604 336 52 117 1
2 508 346 606 336 51 117 1
2 508 347 606 336 53 117 1
2 508 348 608 336 51 119 1
2 508 349 609 336 52 119 1
2 508 350 609 336 54 120 1
2 508 351 611 337 52 119 1
2 508 352 613 337 51 121 1
2 508 353 613 337 53 121 1
2 508 354 615 337 53 123 1
2 508 355 616 337 52 123 1
2 508 356 616 337 54 125 1
2 508 357 618 337 54 125 1
2 508 358 620 339 53 125 1
2 508 359 620 339 53 125 1
2 508 360 622 339 53 126 1
2 508 361 624 341 53 124 1
2 508 362 625 341 54 126 1
2 508 363 627 343 53 124 1
2 508 364 629 343 53 126 1
2 508 365 631 344 53 127 1
2 508 366 632 344 54 127 1
2 508 367 634 346 54 126 1
2 508 368 634 346 55 126 1
2 508 369 636 346 55 128 1
2 508 370 638 348 55 126 1
2 508 371 640 348 55 128 1
2 508 372 641 350 55 128 1
2 508 373 643 350 55 128 1
2 508 374 645 352 55 128 1
2 508 375 647 352 53 128 1
2 508 376 648 353 54 128 1
2 508 377 650 353 54 128 1
2 508 378 650 353 55 130 1
2 508 379 652 355 55 130 1
2 508 380 654 355 55 130 1
2 508 381 656 357 55 130 1
2 508 382 657 357 55 130 1
2 508 383 659 359 55 129 1
2 508 384 661 359 55 129 1
2 508 385 663 360 55 130 1
2 508 386 664 360 56 132 1
2 508 387 666 362 55 130 1
2 508 388 666 362 57 132 1
2 508 389 668 362 57 132 1
2 508 390 670 364 57 132 1
2 508 391 672 364 55 132 1
2 508 392 673 366 55 131 1
2 508 393 675 366 55 133 1
2 508 394 677 368 55 131 1
2 508 395 679 368 55 133 1
2 508 396 680 369 56 132 1
2 508 397 682 369 55 134 1
2 508 398 682 369 57 134 1
2 508 399 684 371 57 133 1
2 508 400 686 371 57 135 1
2 508 401 688 373 56 133 1
2 508 402 689 373 57 135 1
2 508 403 691 375 57 133 1
2 508 404 693 375 57 135 1
2 508 405 695 376 57 134 1
2 508 406 696 376 57 136 1
2 508 407 698 378 57 135 1
2 508 408 700 378 57 135 1
2 508 409 702 378 57 135 1
2 508 410 704 380 58 135 1
2 508 411 705 380 59 135 1
2 508 412 707 380 59 135 1
2 508 413 711 382 58 135 1
2 508 414 712 382 59 135 1
2 508 415 714 382 59 135 1
2 508 416 716 384 60 135 1
2 508 417 718 384 60 135 1
2 508 418 721 385 61 135 1
2 508 419 723 385 61 135 1
2 508 420 725 385 60 135 1
2 508 421 727 387 62 135 1
2 508 422 728 387 63 135 1
2 508 423 730 387 62 135 1
2 508 424 734 389 62 135 1
2 508 425 736 389 62 135 1
2 508 426 737 391 64 135 1
2 508 427 739 391 64 135 1
2 508 428 741 391 64 135 1
2 508 429 744 392 64 136 1
2 508 430 746 392 64 136 1
2 508 431 748 392 64 136 1
2 508 432 750 394 66 135 1
2 508 433 752 394 65 135 1
2 508 434 755 396 66 135 1
2 508 435 757 396 66 135 1
2 508 436 759 396 65 137 1
2 508 437 762 398 66 137 1
2 508 438 764 398 66 138 1
2 508 439 768 398 65 140 1
2 508 440 769 400 66 138 1
2 508 441 771 400 66 140 1
2 508 442 775 400 65 142 1
2 508 443 776 401 66 143 1
2 508 444 780 401 66 144 1
2 508 445 782 401 66 144 1
2 508 446 784 403 65 144 1
2 508 447 787 403 66 146 1
2 508 448 789 403 66 148 1
2 508 449 792 405 66 147 1
2 508 450 794 405 66 149 1
2 508 451 796 407 68 149 1
2 508 452 800 407 67 151 1
2 508 453 801 408 70 152 1
2 508 454 805 408 67 153 1
2 508 455 807 410 69 153 1
2 508 456 808 410 72 155 1
2 508 457 812 412 71 155 1
2 508 458 814 414 71 154 1
2 508 459 817 414 71 156 1
2 508 460 819 416 73 156 1
2 508 461 823 416 73 158 1
2 508 462 824 417 73 159 1
2 508 463 826 417 75 160 1
2 508 464 830 419 74 162 1
2 508 465 832 419 76 164 1
2 508 466 835 421 77 163 1
2 508 467 837 423 76 163 1
2 508 468 839 423 78 165 1
2 508 469 842 424 78 166 1
2 508 470 844 424 80 168 1
2 508 471 848 426 78 167 1
2 508 472 849 426 80 169 1
2 508 473 853 428 80 169 1
2 508 474 855 428 81 171 1
2 508 475 856 430 82 170 1
2 508 476 860 432 82 170 1
2 508 477 862 432 83 172 1
2 508 478 865 433 84 175 1
2 508 479 867 433 85 176 1
2 508 480 869 435 85 176 1
2 508 481 872 435 86 178 1
2 508 482 874 437 87 178 1
2 508 483 878 437 87 179 1
2 508 484 880 439 87 179 1
2 508 485 883 440 87 180 1
2 508 486 885 440 89 182 1
2 508 487 887 442 90 182 1
2 508 488 890 442 89 183 1
2 508 489 892 444 91 183 1
2 508 490 896 444 90 185 1
2 508 491 897 446 93 185 1
2 508 492 901 448 92 186 1
2 508 493 903 449 92 187 1
2 508 494 906 451 91 187 1
2 508 495 908 453 91 188 1
2 508 496 912 455 88 188 1
2 508 497 913 458 91 189 1
2 508 498 917 460 89 188 1
2 508 499 919 462 89 190 1
2 508 500 922 464 87 190 1
2 508 501 924 465 87 192 1
2 508 502 928 469 87 190 1
2 508 503 929 471 87 192 1
2 508 504 933 472 85 192 1
2 508 505 935 474 85 194 1
2 508 506 938 476 84 194 1
2 508 507 942 480 83 193 1
3 208 300 307 227 20 46 1
3 208 301 307 227 20 46 1
3 208 302 307 227 20 46 1
3 208 303 307 227 20 46 1
3 208 304 307 227 20 46 1
3 208 305 307 227 20 46 1
3 208 306 307 227 20 46 1
3 208 307 307 227 21 46 1
3 208 308 307 227 21 46 1
3 208 309 307 227 21 46 1
3 208 310 307 227 21 46 1
3 208 311 307 227 21 46 1
3 208 312 307 227 21 46 1
3 208 313 307 227 23 46 1
3 208 314 307 225 23 47 1
3 208 315 307 225 23 47 1
3 208 316 309 225 23 47 1
3 208 317 309 225 23 47 1
3 208 318 309 225 23 47 1
3 208 319 311 225 23 47 1
3 208 320 311 225 23 47 1
3 208 321 311 225 23 47 1
3 208 322 312 225 24 47 1
3 208 323 312 225 24 47 1
3 208 324 312 225 24 47 1
3 208 325 314 225 23 47 1
3 208 326 314 225 23 47 1
3 208 327 314 225 23 47 1
3 208 328 316 225 23 47 1
3 208 329 316 224 23 46 1
3 208 330 316 224 23 46 1
3 208 331 318 224 23 46 1
3 208 332 318 224 23 46 1
3 208 333 318 224 23 46 1
3 208 334 320 224 23 46 1
3 208 335 320 224 23 46 1
3 208 336 320 224 23 46 1
3 208 337 321 224 23 46 1
3 208 338 321 224 23 46 1
3 208 339 321 224 23 46 1
3 208 340 323 224 23 46 1
3 208 341 323 224 23 46 1
3 208 342 323 224 23 46 1
3 208 343 325 224 23 46 1
3 208 344 325 224 23 46 1
3 208 345 325 224 23 46 1
3 208 346 325 224 23 46 1
3 208 347 325 224 23 46 1
3 208 492 314 225 23 47 1
3 208 493 312 224 24 46 1
3 208 494 312 224 24 46 1
3 208 495 311 224 23 46 1
3 208 496 311 224 23 46 1
3 208 497 311 224 23 46 1
3 208 498 309 224 23 46 1
3 208 499 309 224 23 46 1
3 208 500 307 222 23 46 1
3 208 501 307 222 23 46 1
3 208 502 307 222 23 46 1
3 208 503 305 222 23 46 1
3 208 504 305 222 23 46 1
3 208 505 304 222 23 46 1
3 208 506 304 222 23 46 1
3 208 507 304 222 23 46 1
4 145 363 0 327 21 80 1
4 145 364 0 325 23 82 1
4 145 365 1 323 23 84 1
4 145 366 1 321 27 86 1
4 145 367 3 320 27 87 1
4 145 368 5 320 27 87 1
4 145 369 5 318 30 89 1
4 145 370 7 316 30 91 1
4 145 371 7 314 32 93 1
4 145 372 8 312 34 95 1
4 145 373 10 312 34 95 1
4 145 374 10 311 36 96 1
4 145 375 12 309 37 98 1
4 145 376 12 307 39 100 1
4 145 377 14 305 39 102 1
4 145 378 16 305 40 103 1
4 145 379 17 305 43 103 1
4 145 380 19 305 45 103 1
4 145 381 21 305 46 103 1
4 145 382 24 305 48 103 1
4 145 383 26 305 50 103 1
4 145 384 28 305 52 103 1
4 145 385 30 305 53 103 1
4 145 386 33 305 55 103 1
4 145 387 35 305 55 103 1
4 145 388 37 305 55 103 1
4 145 389 40 305 54 103 1
4 145 390 42 305 54 103 1
4 145 391 44 305 53 103 1
4 145 392 48 305 51 103 1
4 145 393 49 305 54 103 1
4 145 394 51 305 53 103 1
4 145 395 55 305 51 103 1
4 145 396 56 305 52 103 1
4 145 397 58 305 52 103 1
4 145 398 62 305 50 103 1
4 145 399 64 305 49 103 1
4 145 400 67 307 50 103 1
4 145 401 69 307 50 103 1
4 145 402 71 307 49 103 1
4 145 403 72 307 50 103 1
4 145 404 76 307 50 103 1
4 145 405 78 307 50 105 1
4 145 406 80 307 49 105 1
4 145 407 83 307 50 105 1
4 145 408 85 307 50 105 1
4 145 409 87 307 49 105 1
4 145 410 88 309 50 105 1
4 145 411 92 309 50 105 1
4 145 412 94 309 50 105 1
4 145 413 96 309 49 105 1
4 145 414 99 309 50 105 1
4 145 415 101 309 50 107 1
4 145 416 103 309 49 107 1
4 145 417 104 309 50 107 1
4 145 418 108 309 50 107 1
4 145 419 110 311 50 106 1
4 145 420 112 311 49 106 1
4 145 421 115 311 50 106 1
4 145 422 117 311 50 106 1
4 145 423 119 311 49 106 1
4 145 424 120 311 50 108 1
4 145 425 124 311 50 108 1
4 145 426 126 311 50 108 1
4 145 427 128 311 49 108 1
4 145 428 131 311 50 108 1
4 145 429 133 312 50 109 1
4 145 430 135 312 49 109 1
4 145 431 136 312 50 109 1
4 145 432 140 312 50 109 1
4 145 433 142 312 50 109 1
4 145 434 144 312 49 111 1
4 145 435 147 312 50 111 1
4 145 436 149 312 50 111 1
4 145 437 151 312 49 111 1
4 145 438 154 314 50 110 1
4 145 439 156 314 50 110 1
4 145 440 158 314 50 110 1
4 145 441 160 314 49 110 1
4 145 442 161 314 52 112 1
4 145 443 163 314 52 112 1
4 145 444 165 314 51 112 1
4 145 445 167 314 53 114 1
4 145 446 168 314 54 114 1
4 145 447 170 314 54 114 1
4 145 448 172 316 55 114 1
4 145 449 174 316 55 114 1
4 145 450 176 316 55 114 1
4 145 451 177 316 55 114 1
4 145 452 179 316 57 116 1
4 145 453 183 316 55 116 1
4 145 454 184 316 56 116 1
4 145 455 186 316 57 117 1
4 145 456 188 316 57 117 1
4 145 457 190 316 57 117 1
4 145 458 192 318 58 117 1
4 145 459 193 318 59 117 1
4 145 460 195 318 59 117 1
4 145 461 197 318 59 117 1
4 145 462 199 318 60 119 1
4 145 463 200 318 61 119 1
4 145 464 202 318 61 119 1
4 145 465 204 318 62 121 1
4 145 466 206 318 62 121 1
4 145 467 208 318 62 121 1
4 145 468 211 320 62 120 1
4 145 469 213 320 62 120 1
4 145 470 215 320 62 120 1
4 145 471 216 320 63 120 1
4 145 472 220 320 62 120 1
4 145 473 222 321 62 119 1
4 145 474 224 321 62 119 1
4 145 475 227 321 62 119 1
4 145 476 229 321 62 121 1
4 145 477 231 321 62 121 1
4 145 478 234 323 62 119 1
4 145 479 236 323 62 119 1
4 145 480 238 323 62 119 1
4 145 481 241 323 63 119 1
4 145 482 243 323 62 119 1
4 145 483 245 325 62 117 1
4 145 484 247 325 62 119 1
4 145 485 250 325 62 119 1
4 145 486 252 325 62 119 1
4 145 487 254 325 62 119 1
4 145 488 257 327 63 117 1
4 145 489 259 327 62 117 1
4 145 490 261 327 62 117 1
4 145 491 264 327 63 117 1
4 145 492 266 327 62 119 1
4 145 493 268 328 62 118 1
4 145 494 272 328 62 118 1
4 145 495 273 328 63 118 1
4 145 496 275 328 62 118 1
4 145 497 277 328 62 118 1
4 145 498 280 330 63 116 1
4 145 499 282 330 62 116 1
4 145 500 284 330 62 118 1
4 145 501 288 330 62 118 1
4 145 502 289 330 63 118 1
4 145 503 291 332 62 116 1
4 145 504 295 332 62 116 1
4 145 505 296 332 63 116 1
4 145 506 298 332 62 116 1
4 145 507 302 334 62 115 1
5 322 0 211 225 14 38 1
5 322 1 209 225 15 38 1
5 322 2 209 225 15 38 1
5 322 3 209 225 15 38 1
5 322 4 209 225 15 38 1
5 322 5 209 225 15 38 1
5 322 6 209 225 15 38 1
5 322 7 209 225 15 38 1
5 322 8 209 225 15 38 1
5 322 9 209 225 15 38 1
5 322 10 209 225 15 38 1
5 322 11 209 225 15 38 1
5 322 12 209 225 15 38 1
5 322 13 209 225 15 38 1
5 322 14 209 225 15 38 1
5 322 15 209 225 15 38 1
5 322 16 209 225 15 38 1
5 322 17 209 225 15 38 1
5 322 18 209 225 15 38 1
5 322 19 209 225 15 38 1
5 322 20 209 225 15 38 1
5 322 21 209 225 15 38 1
5 322 22 209 225 15 38 1
5 322 23 209 225 15 38 1
5 322 24 209 225 15 38 1
5 322 25 209 225 15 38 1
5 322 26 209 225 15 38 1
5 322 27 209 225 15 38 1
5 322 28 209 225 15 38 1
5 322 29 209 225 15 38 1
5 322 30 209 225 15 38 1
5 322 31 209 225 15 38 1
5 322 32 209 225 15 38 1
5 322 33 209 225 15 38 1
5 322 34 209 225 15 38 1
5 322 35 209 225 15 38 1
5 322 36 209 225 15 38 1
5 322 37 209 225 15 38 1
5 322 38 209 225 15 38 1
5 322 39 209 225 15 38 1
5 322 40 209 225 15 38 1
5 322 41 209 225 15 38 1
5 322 42 208 225 14 38 1
5 322 43 208 225 14 38 1
5 322 44 208 225 14 38 1
5 322 45 208 225 14 38 1
5 322 46 208 225 14 38 1
5 322 47 208 225 14 38 1
5 322 48 208 225 14 38 1
5 322 49 208 225 14 38 1
5 322 50 208 225 14 38 1
5 322 51 208 225 14 38 1
5 322 52 208 225 14 38 1
5 322 53 208 225 14 38 1
5 322 54 208 225 14 38 1
5 322 55 208 225 14 38 1
5 322 56 208 225 14 38 1
5 322 57 208 225 14 38 1
5 322 58 208 225 14 38 1
5 322 59 208 225 14 38 1
5 322 60 208 225 14 38 1
5 322 61 208 225 14 38 1
5 322 62 208 225 14 38 1
5 322 63 208 225 14 38 1
5 322 64 208 225 14 38 1
5 322 65 208 225 14 38 1
5 322 66 208 225 14 38 1
5 322 67 208 225 14 38 1
5 322 68 208 225 14 38 1
5 322 69 208 225 14 38 1
5 322 70 208 225 14 38 1
5 322 71 208 225 14 38 1
5 322 72 208 225 14 38 1
5 322 73 208 225 14 38 1
5 322 74 208 225 14 38 1
5 322 75 208 225 14 38 1
5 322 76 208 225 14 38 1
5 322 77 208 225 14 38 1
5 322 78 208 225 14 38 1
5 322 79 208 225 14 38 1
5 322 80 208 225 14 38 1
5 322 81 208 225 14 38 1
5 322 82 208 225 14 38 1
5 322 83 208 225 14 38 1
5 322 84 206 225 14 38 1
5 322 85 206 225 14 38 1
5 322 86 206 225 14 38 1
5 322 87 206 225 14 38 1
5 322 88 206 225 14 38 1
5 322 89 206 225 14 38 1
5 322 90 206 225 14 38 1
5 322 91 206 225 14 38 1
5 322 92 206 225 14 38 1
5 322 93 206 225 14 38 1
5 322 94 206 225 14 38 1
5 322 95 206 225 14 38 1
5 322 96 206 225 14 38 1
5 322 97 206 225 14 38 1
5 322 98 206 225 14 38 1
5 322 99 206 225 14 38 1
5 322 100 206 225 14 38 1
5 322 101 206 225 14 38 1
5 322 102 206 225 14 38 1
5 322 103 206 225 14 38 1
5 322 104 206 225 14 38 1
5 322 105 206 225 14 38 1
5 322 106 206 225 14 38 1
5 322 107 206 225 14 38 1
5 322 108 206 225 14 38 1
5 322 109 206 225 14 38 1
5 322 110 206 225 14 38 1
5 322 111 206 225 14 38 1
5 322 112 206 225 14 38 1
5 322 113 206 225 14 38 1
5 322 114 206 225 14 38 1
5 322 115 206 225 14 38 1
5 322 116 206 225 14 38 1
5 322 117 206 225 14 38 1
5 322 118 206 225 14 38 1
5 322 119 206 225 14 38 1
5 322 120 206 225 14 38 1
5 322 121 206 225 14 38 1
5 322 122 206 225 14 38 1
5 322 123 206 225 14 38 1
5 322 124 206 225 14 38 1
5 322 125 206 225 14 38 1
5 322 126 206 225 14 38 1
5 322 127 206 225 14 38 1
5 322 128 206 225 14 38 1
5 322 129 206 225 14 38 1
5 322 130 206 225 14 38 1
5 322 131 206 225 14 38 1
5 322 132 206 225 14 38 1
5 322 133 206 225 14 38 1
5 322 134 206 225 14 38 1
5 322 135 206 225 14 38 1
5 322 136 206 225 14 38 1
5 322 137 206 225 14 38 1
5 322 138 206 225 14 38 1
5 322 139 206 225 14 38 1
5 322 140 206 225 14 38 1
5 322 141 206 225 14 38 1
5 322 142 206 225 14 38 1
5 322 143 206 225 14 38 1
5 322 144 206 225 14 38 1
5 322 145 206 225 14 38 1
5 322 146 206 225 14 38 1
5 322 147 206 225 14 38 1
5 322 148 206 225 14 38 1
5 322 149 206 225 14 38 1
5 322 150 206 225 14 38 1
5 322 151 206 225 14 38 1
5 322 152 206 225 14 38 1
5 322 153 206 225 14 38 1
5 322 154 206 225 14 38 1
5 322 155 206 225 14 38 1
5 322 156 206 225 14 38 1
5 322 157 206 225 14 38 1
5 322 158 206 225 14 38 1
5 322 159 206 225 14 38 1
5 322 160 206 225 14 38 1
5 322 161 206 225 14 38 1
5 322 162 206 225 14 38 1
5 322 163 206 225 14 38 1
5 322 164 206 225 14 38 1
5 322 165 206 225 14 38 1
5 322 166 206 225 14 38 1
5 322 167 206 225 14 38 1
5 322 168 206 225 14 38 1
5 322 169 206 225 14 38 1
5 322 170 206 225 14 38 1
5 322 171 206 225 14 38 1
5 322 172 206 225 14 38 1
5 322 173 206 225 14 38 1
5 322 174 206 225 14 38 1
5 322 175 206 225 14 38 1
5 322 176 206 225 14 38 1
5 322 177 206 225 14 38 1
5 322 178 206 225 14 38 1
5 322 179 206 225 14 38 1
5 322 180 206 225 14 38 1
5 322 181 206 225 14 38 1
5 322 182 206 225 14 38 1
5 322 183 206 225 14 38 1
5 322 184 206 225 14 38 1
5 322 185 206 225 14 38 1
5 322 186 206 225 14 38 1
5 322 187 206 225 14 38 1
5 322 188 206 225 14 38 1
5 322 189 206 225 14 38 1
5 322 190 206 225 14 38 1
5 322 191 206 225 14 38 1
5 322 192 206 225 14 38 1
5 322 193 206 225 14 38 1
5 322 194 206 225 14 38 1
5 322 195 206 225 14 38 1
5 322 196 206 225 14 38 1
5 322 197 206 225 14 38 1
5 322 198 206 225 14 38 1
5 322 199 206 225 14 38 1
5 322 200 206 225 14 38 1
5 322 201 206 225 14 38 1
5 322 202 206 225 14 38 1
5 322 203 206 225 14 38 1
5 322 204 206 225 14 38 1
5 322 205 206 225 14 38 1
5 322 206 206 225 14 38 1
5 322 207 206 225 14 38 1
5 322 208 206 225 14 38 1
5 322 209 206 225 14 38 1
5 322 210 206 225 14 38 1
5 322 211 206 225 14 38 1
5 322 212 206 225 14 38 1
5 322 213 206 225 14 38 1
5 322 214 206 225 14 38 1
5 322 215 206 225 14 38 1
5 322 216 206 225 14 38 1
5 322 217 206 225 14 38 1
5 322 218 206 225 14 38 1
5 322 219 206 225 14 38 1
5 322 220 206 225 14 38 1
5 322 221 206 225 14 38 1
5 322 222 206 225 14 38 1
5 322 223 206 225 14 38 1
5 322 224 206 225 14 38 1
5 322 225 206 225 14 38 1
5 322 226 206 225 14 38 1
5 322 227 206 225 14 38 1
5 322 228 206 225 14 38 1
5 322 229 206 225 14 38 1
5 322 230 206 225 14 38 1
5 322 231 206 225 14 38 1
5 322 232 206 225 14 38 1
5 322 233 206 225 14 38 1
5 322 234 206 225 14 38 1
5 322 235 206 225 14 38 1
5 322 236 206 225 14 38 1
5 322 237 206 225 14 38 1
5 322 238 206 225 14 38 1
5 322 239 206 225 14 38 1
5 322 240 206 225 14 38 1
5 322 241 206 225 14 38 1
5 322 242 206 225 14 38 1
5 322 243 206 225 14 38 1
5 322 244 206 225 14 38 1
5 322 245 206 225 14 38 1
5 322 246 206 225 14 38 1
5 322 247 206 225 14 38 1
5 322 248 206 225 14 38 1
5 322 249 206 225 14 38 1
5 322 250 206 225 14 38 1
5 322 251 206 225 14 38 1
5 322 252 206 225 14 38 1
5 322 253 206 225 14 38 1
5 322 254 206 225 14 38 1
5 322 255 206 225 14 38 1
5 322 256 206 225 14 38 1
5 322 257 206 225 14 38 1
5 322 258 206 225 14 38 1
5 322 259 206 225 14 38 1
5 322 260 206 225 14 38 1
5 322 261 206 225 14 38 1
5 322 262 206 225 14 38 1
5 322 263 206 225 14 38 1
5 322 264 206 225 14 38 1
5 322 265 206 225 14 38 1
5 322 266 206 225 14 38 1
5 322 267 206 225 14 38 1
5 322 268 206 225 14 38 1
5 322 269 206 225 14 38 1
5 322 270 206 225 14 38 1
5 322 271 206 225 14 38 1
5 322 272 206 225 14 38 1
5 322 273 206 225 14 38 1
5 322 274 206 225 14 38 1
5 322 275 206 225 14 38 1
5 322 276 206 225 14 38 1
5 322 277 206 225 14 38 1
5 322 278 206 225 14 38 1
5 322 279 206 225 14 38 1
5 322 280 206 225 14 38 1
5 322 281 206 225 14 38 1
5 322 282 206 225 14 38 1
5 322 283 206 225 14 38 1
5 322 284 206 225 14 38 1
5 322 285 206 225 14 38 1
5 322 286 206 225 14 38 1
5 322 287 206 225 14 38 1
5 322 288 206 225 14 38 1
5 322 289 206 225 14 38 1
5 322 290 206 225 14 38 1
5 322 291 206 225 14 38 1
5 322 292 206 225 14 38 1
5 322 293 206 225 14 38 1
5 322 294 206 225 14 38 1
5 322 295 206 225 14 38 1
5 322 296 206 225 14 38 1
5 322 297 206 225 14 38 1
5 322 298 206 225 14 38 1
5 322 299 206 225 14 38 1
5 322 300 206 225 14 38 1
5 322 301 206 225 14 38 1
5 322 302 206 225 14 38 1
5 322 303 206 225 14 38 1
5 322 304 206 225 14 38 1
5 322 305 206 225 14 38 1
5 322 306 206 225 14 38 1
5 322 307 206 225 14 38 1
5 322 308 206 225 14 38 1
5 322 309 206 225 14 38 1
5 322 310 206 225 14 38 1
5 322 311 206 225 14 38 1
5 322 312 206 225 14 38 1
5 322 313 206 225 14 38 1
5 322 314 206 225 14 38 1
5 322 315 206 225 14 38 1
5 322 316 206 225 14 38 1
5 322 317 206 225 14 38 1
5 322 318 206 225 14 38 1
5 322 319 206 225 14 38 1
5 322 320 206 225 14 38 1
5 322 321 206 225 14 38 1
6 322 0 224 224 16 37 1
6 322 1 222 224 16 37 1
6 322 2 222 224 16 37 1
6 322 3 222 224 16 37 1
6 322 4 222 224 16 37 1
6 322 5 222 224 16 37 1
6 322 6 222 224 16 37 1
6 322 7 222 224 16 37 1
6 322 8 222 224 16 37 1
6 322 9 222 224 16 37 1
6 322 10 222 224 16 37 1
6 322 11 222 224 16 37 1
6 322 12 222 224 16 37 1
6 322 13 222 224 16 37 1
6 322 14 222 224 16 37 1
6 322 15 222 224 16 37 1
6 322 16 222 224 16 37 1
6 322 17 222 224 16 37 1
6 322 18 222 224 16 37 1
6 322 19 222 224 16 37 1
6 322 20 222 224 16 37 1
6 322 21 222 224 16 37 1
6 322 22 222 224 16 37 1
6 322 23 222 224 16 37 1
6 322 24 222 224 16 37 1
6 322 25 222 224 16 37 1
6 322 26 222 224 16 37 1
6 322 27 222 224 16 37 1
6 322 28 222 224 16 37 1
6 322 29 222 224 16 37 1
6 322 30 222 224 16 37 1
6 322 31 222 224 16 37 1
6 322 32 222 224 16 37 1
6 322 33 222 224 16 37 1
6 322 34 222 224 16 37 1
6 322 35 222 224 16 37 1
6 322 36 222 224 16 37 1
6 322 37 222 224 16 37 1
6 322 38 222 224 16 37 1
6 322 39 222 224 16 37 1
6 322 40 222 224 16 37 1
6 322 41 222 224 16 37 1
6 322 42 222 224 16 37 1
6 322 43 222 224 16 37 1
6 322 44 222 224 16 37 1
6 322 45 222 224 16 37 1
6 322 46 222 224 16 37 1
6 322 47 222 224 16 37 1
6 322 48 222 224 16 37 1
6 322 49 222 224 16 37 1
6 322 50 222 224 16 37 1
6 322 51 222 224 16 37 1
6 322 52 222 224 16 37 1
6 322 53 222 224 16 37 1
6 322 54 222 224 16 37 1
6 322 55 222 224 16 37 1
6 322 56 222 224 16 37 1
6 322 57 222 224 16 37 1
6 322 58 222 224 16 37 1
6 322 59 222 224 16 37 1
6 322 60 222 224 16 37 1
6 322 61 222 224 16 37 1
6 322 62 222 224 16 37 1
6 322 63 220 224 16 37 1
6 322 64 220 224 16 37 1
6 322 65 220 224 16 37 1
6 322 66 220 224 16 37 1
6 322 67 220 224 16 37 1
6 322 68 220 224 16 37 1
6 322 69 220 224 16 37 1
6 322 70 220 224 16 37 1
6 322 71 220 224 16 37 1
6 322 72 220 224 16 37 1
6 322 73 220 224 16 37 1
6 322 74 220 224 16 37 1
6 322 75 220 224 16 37 1
6 322 76 220 224 16 37 1
6 322 77 220 224 16 37 1
6 322 78 220 224 16 37 1
6 322 79 220 224 16 37 1
6 322 80 220 224 16 37 1
6 322 81 220 224 16 37 1
6 322 82 220 224 16 37 1
6 322 83 220 224 16 37 1
6 322 84 220 224 16 37 1
6 322 85 220 224 16 37 1
6 322 86 220 224 16 37 1
6 322 87 220 224 16 37 1
6 322 88 220 224 16 37 1
6 322 89 220 224 16 37 1
6 322 90 220 224 16 37 1
6 322 91 220 224 16 37 1
6 322 92 220 224 16 37 1
6 322 93 220 224 16 37 1
6 322 94 220 224 16 37 1
6 322 95 220 224 16 37 1
6 322 96 220 224 16 37 1
6 322 97 220 224 16 37 1
6 322 98 220 224 16 37 1
6 322 99 220 224 16 37 1
6 322 100 220 224 16 37 1
6 322 101 220 224 16 37 1
6 322 102 220 224 16 37 1
6 322 103 220 224 16 37 1
6 322 104 220 224 16 37 1
6 322 105 220 224 16 37 1
6 322 106 220 224 16 37 1
6 322 107 220 224 16 37 1
6 322 108 220 224 16 37 1
6 322 109 220 224 16 37 1
6 322 110 220 224 16 37 1
6 322 111 220 224 16 37 1
6 322 112 220 224 16 37 1
6 322 113 220 224 16 37 1
6 322 114 220 224 16 37 1
6 322 115 220 224 16 37 1
6 322 116 220 224 16 37 1
6 322 117 220 224 16 37 1
6 322 118 220 224 16 37 1
6 322 119 220 224 16 37 1
6 322 120 220 224 16 37 1
6 322 121 220 224 16 37 1
6 322 122 220 224 16 37 1
6 322 123 220 224 16 37 1
6 322 124 220 224 16 37 1
6 322 125 220 225 16 38 1
6 322 126 218 225 16 38 1
6 322 127 218 225 16 38 1
6 322 128 218 225 16 38 1
6 322 129 218 225 16 38 1
6 322 130 218 225 16 38 1
6 322 131 218 225 16 38 1
6 322 132 218 225 16 38 1
6 322 133 218 225 16 38 1
6 322 134 218 225 16 38 1
6 322 135 218 225 16 38 1
6 322 136 218 225 16 38 1
6 322 137 218 225 16 38 1
6 322 138 218 225 16 38 1
6 322 139 218 225 16 38 1
6 322 140 218 225 16 38 1
6 322 141 218 225 16 38 1
6 322 142 218 225 16 38 1
6 322 143 218 225 16 38 1
6 322 144 218 225 16 38 1
6 322 145 218 225 16 38 1
6 322 146 218 225 16 38 1
6 322 147 218 225 16 38 1
6 322 148 218 225 16 38 1
6 322 149 218 225 16 38 1
6 322 150 216 225 16 38 1
6 322 151 216 225 16 38 1
6 322 152 216 225 16 38 1
6 322 153 216 225 16 38 1
6 322 154 216 225 16 38 1
6 322 155 216 225 16 38 1
6 322 156 216 225 16 38 1
6 322 157 216 225 16 38 1
6 322 158 216 225 16 38 1
6 322 159 216 225 16 38 1
6 322 160 216 225 16 38 1
6 322 161 216 225 16 38 1
6 322 162 216 225 16 38 1
6 322 163 216 225 16 38 1
6 322 164 216 225 16 38 1
6 322 165 216 225 16 38 1
6 322 166 216 225 16 38 1
6 322 167 216 225 16 38 1
6 322 168 216 225 16 38 1
6 322 169 216 225 16 38 1
6 322 170 216 225 16 38 1
6 322 171 216 225 16 38 1
6 322 172 216 225 16 38 1
6 322 173 216 225 16 38 1
6 322 174 216 225 16 38 1
6 322 175 215 225 16 38 1
6 322 176 215 225 16 38 1
6 322 177 215 225 16 38 1
6 322 178 215 225 16 38 1
6 322 179 215 225 16 38 1
6 322 180 215 225 16 38 1
6 322 181 215 225 16 38 1
6 322 182 215 225 16 38 1
6 322 183 215 225 16 38 1
6 322 184 215 225 16 38 1
6 322 185 215 225 16 38 1
6 322 186 215 225 16 38 1
6 322 187 215 225 16 38 1
6 322 188 215 225 16 38 1
6 322 189 215 225 16 38 1
6 322 190 215 225 16 38 1
6 322 191 215 225 16 38 1
6 322 192 215 225 16 38 1
6 322 193 215 225 16 38 1
6 322 194 215 225 16 38 1
6 322 195 215 225 16 38 1
6 322 196 215 225 16 38 1
6 322 197 215 225 16 38 1
6 322 198 215 225 16 38 1
6 322 199 215 225 16 38 1
6 322 200 215 225 16 38 1
6 322 201 215 225 16 38 1
6 322 202 215 225 16 38 1
6 322 203 215 225 16 38 1
6 322 204 215 225 16 38 1
6 322 205 215 225 16 38 1
6 322 206 215 225 16 38 1
6 322 207 215 225 16 38 1
6 322 208 215 225 16 38 1
6 322 209 215 225 16 38 1
6 322 210 215 225 16 38 1
6 322 211 215 225 16 38 1
6 322 212 215 225 16 38 1
6 322 213 215 225 16 38 1
6 322 214 215 225 16 38 1
6 322 215 215 225 16 38 1
6 322 216 215 225 16 38 1
6 322 217 215 225 16 38 1
6 322 218 215 225 16 38 1
6 322 219 215 225 16 38 1
6 322 220 215 225 16 38 1
6 322 221 215 225 16 38 1
6 322 222 215 225 16 38 1
6 322 223 215 225 16 38 1
6 322 224 215 225 16 38 1
6 322 225 215 225 16 38 1
6 322 226 215 225 16 38 1
6 322 227 215 225 16 38 1
6 322 228 215 225 16 38 1
6 322 229 215 225 16 38 1
6 322 230 215 225 16 38 1
6 322 231 215 225 16 38 1
6 322 232 215 225 16 38 1
6 322 233 215 225 16 38 1
6 322 234 215 225 16 38 1
6 322 235 215 225 16 38 1
6 322 236 215 225 16 38 1
6 322 237 215 225 16 38 1
6 322 238 215 225 16 38 1
6 322 239 215 225 16 38 1
6 322 240 215 225 16 38 1
6 322 241 215 225 16 38 1
6 322 242 215 225 16 38 1
6 322 243 215 225 16 38 1
6 322 244 215 225 16 38 1
6 322 245 215 225 16 38 1
6 322 246 215 225 16 38 1
6 322 247 215 225 16 38 1
6 322 248 215 225 16 38 1
6 322 249 215 225 16 38 1
6 322 250 215 225 16 38 1
6 322 251 215 225 16 38 1
6 322 252 215 225 16 38 1
6 322 253 215 225 16 38 1
6 322 254 215 225 16 38 1
6 322 255 215 225 16 38 1
6 322 256 215 225 16 38 1
6 322 257 215 225 16 38 1
6 322 258 215 225 16 38 1
6 322 259 215 225 16 38 1
6 322 260 215 225 16 38 1
6 322 261 215 225 16 38 1
6 322 262 215 225 16 38 1
6 322 263 215 225 16 38 1
6 322 264 215 225 16 38 1
6 322 265 215 225 16 38 1
6 322 266 215 225 16 38 1
6 322 267 215 225 16 38 1
6 322 268 215 225 16 38 1
6 322 269 215 225 16 38 1
6 322 270 215 225 16 38 1
6 322 271 215 225 16 38 1
6 322 272 215 225 16 38 1
6 322 273 215 225 16 38 1
6 322 274 215 225 16 38 1
6 322 275 215 225 16 38 1
6 322 276 215 225 16 38 1
6 322 277 215 225 16 38 1
6 322 278 215 225 16 38 1
6 322 279 215 225 16 38 1
6 322 280 215 225 16 38 1
6 322 281 215 225 16 38 1
6 322 282 215 225 16 38 1
6 322 283 215 225 16 38 1
6 322 284 215 225 16 38 1
6 322 285 215 225 16 38 1
6 322 286 215 225 16 38 1
6 322 287 215 225 16 38 1
6 322 288 215 225 16 38 1
6 322 289 215 225 16 38 1
6 322 290 215 225 16 38 1
6 322 291 215 225 16 38 1
6 322 292 215 225 16 38 1
6 322 293 215 225 16 38 1
6 322 294 215 225 16 38 1
6 322 295 215 225 16 38 1
6 322 296 215 225 16 38 1
6 322 297 215 225 16 38 1
6 322 298 215 225 16 38 1
6 322 299 215 225 16 38 1
6 322 300 215 225 16 38 1
6 322 301 215 225 16 38 1
6 322 302 215 225 16 38 1
6 322 303 215 225 16 38 1
6 322 304 215 225 16 38 1
6 322 305 215 225 16 38 1
6 322 306 215 225 16 38 1
6 322 307 215 225 16 38 1
6 322 308 215 225 16 38 1
6 322 309 215 225 16 38 1
6 322 310 215 225 16 38 1
6 322 311 215 225 16 38 1
6 322 312 215 225 16 38 1
6 322 313 215 225 16 38 1
6 322 314 215 225 16 38 1
6 322 315 215 225 16 38 1
6 322 316 215 225 16 38 1
6 322 317 215 225 16 38 1
6 322 318 215 225 16 38 1
6 322 319 215 225 16 38 1
6 322 320 215 225 16 38 1
6 322 321 215 225 16 38 1
7 322 0 264 231 18 46 1
7 322 1 263 231 17 46 1
7 322 2 263 231 17 46 1
7 322 3 263 231 17 46 1
7 322 4 263 231 17 46 1
7 322 5 263 231 17 46 1
7 322 6 263 231 17 46 1
7 322 7 263 231 17 46 1
7 322 8 263 231 17 46 1
7 322 9 263 231 17 46 1
7 322 10 263 231 17 46 1
7 322 11 263 231 17 46 1
7 322 12 261 231 18 46 1
7 322 13 261 231 18 46 1
7 322 14 261 231 18 46 1
7 322 15 261 231 18 46 1
7 322 16 261 231 18 46 1
7 322 17 261 231 18 46 1
7 322 18 261 231 18 46 1
7 322 19 261 231 18 46 1
7 322 20 261 231 18 46 1
7 322 21 261 231 18 46 1
7 322 22 261 231 18 46 1
7 322 23 261 231 18 46 1
7 322 24 259 231 18 46 1
7 322 25 259 231 18 46 1
7 322 26 259 231 18 46 1
7 322 27 259 231 18 46 1
7 322 28 259 231 18 46 1
7 322 29 259 231 18 46 1
7 322 30 259 231 18 46 1
7 322 31 259 231 18 46 1
7 322 32 259 231 18 46 1
7 322 33 259 231 18 46 1
7 322 34 259 231 18 46 1
7 322 35 257 231 18 46 1
7 322 36 257 231 18 46 1
7 322 37 257 231 18 46 1
7 322 38 257 231 18 46 1
7 322 39 257 231 18 46 1
7 322 40 257 231 18 46 1
7 322 41 257 231 18 46 1
7 322 42 257 231 18 46 1
7 322 43 257 231 18 46 1
7 322 44 257 231 18 46 1
7 322 45 257 231 18 46 1
7 322 46 257 231 18 46 1
7 322 47 256 231 17 46 1
7 322 48 256 231 17 46 1
7 322 49 256 231 17 46 1
7 322 50 256 231 17 46 1
7 322 51 256 231 17 46 1
7 322 52 256 231 17 46 1
7 322 53 256 231 17 46 1
7 322 54 256 231 17 46 1
7 322 55 256 231 17 46 1
7 322 56 256 231 17 46 1
7 322 57 256 231 17 46 1
7 322 58 256 231 17 46 1
7 322 59 254 231 18 44 1
7 322 60 254 231 18 44 1
7 322 61 254 231 18 44 1
7 322 62 254 231 18 44 1
7 322 63 254 231 18 44 1
7 322 64 254 231 18 44 1
7 322 65 254 231 18 42 1
7 322 66 254 231 18 42 1
7 322 67 254 231 18 42 1
7 322 68 254 231 18 42 1
7 322 69 254 231 18 42 1
7 322 70 254 231 18 42 1
7 322 71 254 231 18 41 1
7 322 72 254 231 18 41 1
7 322 73 254 231 18 41 1
7 322 74 254 231 18 41 1
7 322 75 254 231 18 41 1
7 322 76 254 231 18 41 1
7 322 77 252 231 18 39 1
7 322 78 252 231 18 39 1
7 322 79 252 231 18 39 1
7 322 80 252 231 18 39 1
7 322 81 252 231 18 39 1
7 322 82 252 231 18 39 1
7 322 83 252 231 18 37 1
7 322 84 252 231 18 37 1
7 322 85 252 231 18 37 1
7 322 86 252 231 18 37 1
7 322 87 252 231 18 37 1
7 322 88 252 231 18 37 1
7 322 89 252 231 18 35 1
7 322 90 252 231 18 35 1
7 322 91 252 231 18 35 1
7 322 92 252 231 18 35 1
7 322 93 252 231 18 35 1
7 322 94 252 231 18 35 1
7 322 95 252 231 18 35 1
7 322 96 250 229 18 35 1
7 322 97 250 229 18 35 1
7 322 98 250 229 18 35 1
7 322 99 250 229 18 35 1
7 322 100 250 229 18 35 1
7 322 101 250 229 18 35 1
7 322 102 250 229 18 35 1
7 322 103 250 229 18 35 1
7 322 104 250 229 18 35 1
7 322 105 250 229 18 35 1
7 322 106 250 229 18 35 1
7 322 107 250 229 18 35 1
7 322 108 250 229 18 35 1
7 322 109 250 229 18 35 1
7 322 110 250 229 18 35 1
7 322 111 250 229 18 35 1
7 322 112 250 229 18 35 1
7 322 113 250 229 18 35 1
7 322 114 250 229 18 35 1
7 322 115 250 229 18 35 1
7 322 116 250 229 18 35 1
7 322 117 250 229 18 35 1
7 322 118 250 229 18 35 1
7 322 119 250 229 18 35 1
7 322 120 250 229 18 35 1
7 322 121 250 229 18 35 1
7 322 122 250 229 18 35 1
7 322 123 250 229 18 35 1
7 322 124 250 229 18 35 1
7 322 125 250 229 18 35 1
7 322 126 250 229 18 35 1
7 322 127 250 229 18 35 1
7 322 128 250 229 18 35 1
7 322 129 250 229 18 35 1
7 322 130 250 229 18 35 1
7 322 131 250 229 18 35 1
7 322 132 250 229 18 35 1
7 322 133 250 229 18 35 1
7 322 134 250 229 18 35 1
7 322 135 250 229 18 35 1
7 322 136 250 229 18 35 1
7 322 137 250 229 18 35 1
7 322 138 250 229 18 35 1
7 322 139 250 229 18 35 1
7 322 140 250 229 18 35 1
7 322 141 250 229 18 35 1
7 322 142 250 229 18 35 1
7 322 143 248 229 18 35 1
7 322 144 248 229 18 35 1
7 322 145 248 229 18 35 1
7 322 146 248 229 18 35 1
7 322 147 248 229 18 35 1
7 322 148 248 229 18 35 1
7 322 149 248 229 18 35 1
7 322 150 248 229 18 35 1
7 322 151 248 229 18 35 1
7 322 152 248 229 18 35 1
7 322 153 248 229 18 35 1
7 322 154 248 229 18 35 1
7 322 155 248 229 18 35 1
7 322 156 248 229 18 35 1
7 322 157 248 229 18 35 1
7 322 158 248 229 18 35 1
7 322 159 248 229 18 35 1
7 322 160 248 229 18 35 1
7 322 161 248 229 18 35 1
7 322 162 248 229 18 35 1
7 322 163 248 229 18 35 1
7 322 164 248 229 18 35 1
7 322 165 248 229 18 35 1
7 322 166 248 229 18 35 1
7 322 167 248 229 18 35 1
7 322 168 248 229 18 35 1
7 322 169 248 229 18 35 1
7 322 170 248 229 18 35 1
7 322 171 248 229 18 35 1
7 322 172 248 229 18 35 1
7 322 173 248 229 18 35 1
7 322 174 248 229 18 35 1
7 322 175 248 229 18 35 1
7 322 176 248 229 18 35 1
7 322 177 248 229 18 35 1
7 322 178 248 229 18 35 1
7 322 179 248 229 18 35 1
7 322 180 248 229 18 35 1
7 322 181 248 229 18 35 1
7 322 182 248 229 18 35 1
7 322 183 248 229 18 35 1
7 322 184 248 229 18 35 1
7 322 185 248 229 18 35 1
7 322 186 248 229 18 35 1
7 322 187 248 229 18 35 1
7 322 188 248 229 18 35 1
7 322 189 248 229 18 35 1
7 322 190 248 229 18 35 1
7 322 191 248 229 18 35 1
7 322 192 248 229 18 35 1
7 322 193 248 229 18 35 1
7 322 194 248 229 18 35 1
7 322 195 248 229 18 35 1
7 322 196 248 229 18 35 1
7 322 197 248 229 18 35 1
7 322 198 248 227 18 36 1
7 322 199 248 227 18 36 1
7 322 200 248 227 18 36 1
7 322 201 248 227 18 36 1
7 322 202 250 227 18 36 1
7 322 203 250 227 18 36 1
7 322 204 250 225 18 36 1
7 322 205 250 225 18 36 1
7 322 206 252 225 18 36 1
7 322 207 252 225 18 36 1
7 322 208 252 225 18 36 1
7 322 209 252 225 18 36 1
7 322 210 254 225 18 36 1
7 322 211 252 225 18 36 1
7 322 212 252 225 18 36 1
7 322 213 252 225 18 36 1
7 322 214 252 225 18 36 1
7 322 215 252 225 18 36 1
7 322 216 252 225 18 36 1
7 322 217 252 225 18 36 1
7 322 218 252 225 18 36 1
7 322 219 252 225 18 36 1
7 322 220 252 225 18 36 1
7 322 221 252 225 18 36 1
7 322 222 252 225 18 36 1
7 322 223 252 225 18 36 1
7 322 224 250 225 18 36 1
7 322 225 250 225 18 36 1
7 322 226 250 225 18 36 1
7 322 227 250 225 18 36 1
7 322 228 250 225 18 36 1
7 322 229 250 225 18 36 1
7 322 230 250 225 18 36 1
7 322 231 250 225 18 36 1
7 322 232 250 225 18 36 1
7 322 233 250 225 18 36 1
7 322 234 250 225 18 36 1
7 322 235 250 225 18 36 1
7 322 236 250 225 18 36 1
7 322 237 248 225 18 36 1
7 322 238 248 225 18 36 1
7 322 239 248 225 18 36 1
7 322 240 248 225 18 36 1
7 322 241 248 225 18 36 1
7 322 242 248 225 18 36 1
7 322 243 248 225 18 36 1
7 322 244 248 225 18 36 1
7 322 245 248 225 18 36 1
7 322 246 248 225 18 36 1
7 322 247 248 225 18 36 1
7 322 248 248 225 18 36 1
7 322 249 248 225 18 36 1
7 322 250 247 225 17 36 1
7 322 251 247 225 17 36 1
7 322 252 247 225 17 36 1
7 322 253 247 225 17 36 1
7 322 254 247 225 17 36 1
7 322 255 247 225 17 36 1
7 322 256 247 225 17 36 1
7 322 257 247 225 17 36 1
7 322 258 247 225 17 36 1
7 322 259 247 225 17 36 1
7 322 260 247 225 17 36 1
7 322 261 247 225 17 36 1
7 322 262 247 225 17 36 1
7 322 263 247 225 17 36 1
7 322 264 247 225 17 36 1
7 322 265 247 225 17 36 1
7 322 266 247 225 17 36 1
7 322 267 247 225 17 36 1
7 322 268 247 225 17 36 1
7 322 269 247 225 17 36 1
7 322 270 247 225 17 36 1
7 322 271 247 225 17 36 1
7 322 272 247 225 17 36 1
7 322 273 247 225 17 36 1
7 322 274 247 225 17 36 1
7 322 275 247 225 17 36 1
7 322 276 247 225 17 36 1
7 322 277 247 225 17 36 1
7 322 278 247 225 17 36 1
7 322 279 247 225 17 36 1
7 322 280 247 225 17 36 1
7 322 281 247 225 17 36 1
7 322 282 247 225 17 36 1
7 322 283 247 225 17 36 1
7 322 284 247 225 17 36 1
7 322 285 247 225 17 36 1
7 322 286 247 225 17 36 1
7 322 287 247 225 17 36 1
7 322 288 247 225 17 36 1
7 322 289 247 225 17 36 1
7 322 290 247 225 17 36 1
7 322 291 247 225 17 36 1
7 322 292 245 225 18 36 1
7 322 293 245 225 18 36 1
7 322 294 245 225 18 36 1
7 322 295 245 225 18 36 1
7 322 296 245 225 18 36 1
7 322 297 245 225 18 36 1
7 322 298 245 225 18 36 1
7 322 299 245 225 18 36 1
7 322 300 245 225 18 36 1
7 322 301 243 225 18 36 1
7 322 302 243 225 18 36 1
7 322 303 243 225 18 36 1
7 322 304 243 225 18 36 1
7 322 305 243 225 18 36 1
7 322 306 243 225 18 36 1
7 322 307 243 225 18 36 1
7 322 308 243 225 18 36 1
7 322 309 243 227 18 36 1
7 322 310 245 225 18 36 1
7 322 311 245 225 18 36 1
7 322 312 245 225 18 36 1
7 322 313 245 225 18 36 1
7 322 314 245 225 18 36 1
7 322 315 245 225 18 36 1
7 322 316 245 225 18 36 1
7 322 317 245 225 18 36 1
7 322 318 245 225 18 36 1
7 322 319 245 225 18 36 1
7 322 320 245 225 18 36 1
7 322 321 245 227 18 36 1
8 321 0 275 232 25 43 1
8 321 1 273 232 25 43 1
8 321 2 273 232 25 43 1
8 321 3 273 232 25 43 1
8 321 4 273 232 25 43 1
8 321 5 273 232 25 43 1
8 321 6 273 232 25 43 1
8 321 7 273 232 25 43 1
8 321 8 273 232 25 43 1
8 321 9 273 232 25 43 1
8 321 10 273 232 25 43 1
8 321 11 273 232 25 43 1
8 321 12 273 232 25 43 1
8 321 13 273 232 25 43 1
8 321 14 273 232 25 43 1
8 321 15 272 232 24 43 1
8 321 16 272 232 24 43 1
8 321 17 272 232 24 43 1
8 321 18 272 232 24 43 1
8 321 19 272 232 24 43 1
8 321 20 272 232 24 43 1
8 321 21 272 232 24 43 1
8 321 22 272 232 24 43 1
8 321 23 272 232 24 43 1
8 321 24 272 232 24 43 1
8 321 25 272 232 24 43 1
8 321 26 272 232 24 43 1
8 321 27 272 232 24 43 1
8 321 28 272 232 24 43 1
8 321 29 272 232 24 43 1
8 321 30 270 232 25 43 1
8 321 31 270 232 25 43 1
8 321 32 270 232 25 43 1
8 321 33 270 232 25 43 1
8 321 34 270 232 25 43 1
8 321 35 270 232 25 43 1
8 321 36 270 232 25 43 1
8 321 37 270 232 25 43 1
8 321 38 270 232 25 43 1
8 321 39 270 232 25 43 1
8 321 40 270 232 25 43 1
8 321 41 270 232 25 43 1
8 321 42 270 232 25 43 1
8 321 43 270 232 25 43 1
8 321 44 268 232 25 43 1
8 321 45 268 232 25 43 1
8 321 46 268 232 25 43 1
8 321 47 268 232 25 43 1
8 321 48 268 232 25 43 1
8 321 49 268 232 25 43 1
8 321 50 268 232 25 43 1
8 321 51 268 232 25 43 1
8 321 52 268 232 25 43 1
8 321 53 268 232 25 43 1
8 321 54 268 232 25 43 1
8 321 55 268 232 25 43 1
8 321 56 268 232 25 43 1
8 321 57 268 232 25 43 1
8 321 58 268 232 25 43 1
8 321 59 268 232 25 41 1
8 321 60 268 232 25 41 1
8 321 61 268 232 25 41 1
8 321 62 268 232 25 41 1
8 321 63 268 232 25 41 1
8 321 64 268 232 25 41 1
8 321 65 268 232 25 41 1
8 321 66 268 232 25 41 1
8 321 67 268 232 25 41 1
8 321 68 268 232 25 41 1
8 321 69 268 232 25 41 1
8 321 70 268 232 25 41 1
8 321 71 268 232 25 40 1
8 321 72 268 232 25 40 1
8 321 73 268 232 25 40 1
8 321 74 268 232 25 40 1
8 321 75 268 232 25 40 1
8 321 76 268 232 25 40 1
8 321 77 268 232 25 40 1
8 321 78 268 232 25 40 1
8 321 79 268 232 25 40 1
8 321 80 268 232 25 40 1
8 321 81 268 232 25 40 1
8 321 82 268 232 25 40 1
8 321 83 268 232 25 38 1
8 321 84 268 232 25 38 1
8 321 85 268 232 25 38 1
8 321 86 268 232 25 38 1
8 321 87 268 232 25 38 1
8 321 88 268 232 25 38 1
8 321 89 268 232 25 38 1
8 321 90 268 232 25 38 1
8 321 91 268 232 25 38 1
8 321 92 268 232 25 38 1
8 321 93 268 232 25 38 1
8 321 94 268 232 25 38 1
8 321 95 268 232 25 38 1
8 321 96 268 232 25 38 1
8 321 97 268 232 25 38 1
8 321 98 268 232 25 38 1
8 321 99 268 232 25 38 1
8 321 100 268 232 25 38 1
8 321 101 268 232 25 38 1
8 321 102 268 232 25 38 1
8 321 103 268 232 25 38 1
8 321 104 270 232 25 38 1
8 321 105 270 232 25 38 1
8 321 106 270 232 25 38 1
8 321 107 270 232 25 38 1
8 321 108 270 232 25 38 1
8 321 109 270 232 25 38 1
8 321 110 270 232 25 38 1
8 321 111 270 232 25 38 1
8 321 112 270 232 25 38 1
8 321 113 272 232 24 38 1
8 321 114 272 232 24 38 1
8 321 115 272 232 24 38 1
8 321 116 272 232 24 38 1
8 321 117 272 232 24 38 1
8 321 118 272 232 24 38 1
8 321 119 272 232 24 38 1
8 321 120 272 232 24 38 1
8 321 121 272 232 24 38 1
8 321 122 273 232 25 38 1
8 321 123 273 232 25 38 1
8 321 124 273 232 25 38 1
8 321 125 273 232 25 38 1
8 321 126 273 232 25 38 1
8 321 127 273 232 25 38 1
8 321 128 273 232 25 38 1
8 321 129 273 232 25 38 1
8 321 130 273 232 25 38 1
8 321 131 275 232 25 38 1
8 321 132 275 231 25 37 1
8 321 133 275 231 25 37 1
8 321 134 275 231 25 37 1
8 321 135 275 231 25 37 1
8 321 136 275 231 25 37 1
8 321 137 275 231 25 37 1
8 321 138 275 231 25 37 1
8 321 139 275 229 25 37 1
8 321 140 275 229 25 37 1
8 321 141 275 229 25 37 1
8 321 142 275 229 25 37 1
8 321 143 275 229 25 37 1
8 321 144 275 229 25 37 1
8 321 145 275 229 25 37 1
8 321 146 275 229 25 37 1
8 321 147 275 227 25 37 1
8 321 148 275 227 25 37 1
8 321 149 275 227 25 37 1
8 321 150 275 227 25 37 1
8 321 151 275 227 25 37 1
8 321 152 275 227 25 37 1
8 321 153 275 227 25 37 1
8 321 154 275 227 25 37 1
8 321 155 275 225 25 38 1
8 321 156 275 225 25 38 1
8 321 157 275 225 25 38 1
8 321 158 275 225 25 38 1
8 321 159 275 225 25 38 1
8 321 160 275 225 25 38 1
8 321 161 275 225 25 38 1
8 321 162 275 225 25 38 1
8 321 163 275 224 25 37 1
8 321 164 275 224 25 37 1
8 321 165 275 224 25 37 1
8 321 166 275 224 25 37 1
8 321 167 275 224 25 37 1
8 321 168 275 224 25 37 1
8 321 169 275 224 25 37 1
8 321 170 275 224 25 37 1
8 321 171 275 222 25 37 1
8 321 172 275 222 25 37 1
8 321 173 275 222 25 37 1
8 321 174 275 222 25 37 1
8 321 175 275 222 25 37 1
8 321 176 275 222 25 37 1
8 321 177 275 222 25 37 1
8 321 178 275 222 25 37 1
8 321 179 273 222 25 37 1
8 321 180 273 222 25 37 1
8 321 181 273 222 25 37 1
8 321 182 273 222 25 37 1
8 321 183 273 222 25 37 1
8 321 184 273 222 25 37 1
8 321 185 273 222 25 37 1
8 321 186 273 222 25 37 1
8 321 187 273 222 25 37 1
8 321 188 273 222 25 37 1
8 321 189 273 222 25 37 1
8 321 190 273 222 25 37 1
8 321 191 273 222 25 37 1
8 321 192 273 222 25 37 1
8 321 193 273 222 25 37 1
8 321 194 273 222 25 37 1
8 321 195 273 222 25 37 1
8 321 196 273 222 25 37 1
8 321 197 273 222 25 37 1
8 321 198 273 222 25 37 1
8 321 199 273 222 25 37 1
8 321 200 272 222 24 37 1
8 321 201 272 222 24 37 1
8 321 202 272 222 24 37 1
8 321 203 272 222 24 37 1
8 321 204 272 222 24 37 1
8 321 205 272 222 24 37 1
8 321 206 272 222 24 37 1
8 321 207 272 222 24 37 1
8 321 208 272 222 24 37 1
8 321 209 272 222 24 37 1
8 321 210 272 222 24 37 1
8 321 211 272 222 24 37 1
8 321 212 272 222 24 37 1
8 321 213 272 222 24 37 1
8 321 214 272 222 24 37 1
8 321 215 272 222 24 37 1
8 321 216 272 222 24 37 1
8 321 217 272 222 24 37 1
8 321 218 272 222 24 37 1
8 321 219 272 222 24 37 1
8 321 220 272 222 24 37 1
8 321 221 270 224 25 37 1
8 321 222 270 224 25 37 1
8 321 223 270 224 25 37 1
8 321 224 270 224 25 37 1
8 321 225 270 224 25 37 1
8 321 226 270 224 25 37 1
8 321 227 270 224 25 37 1
8 321 228 270 224 25 37 1
8 321 229 270 224 25 37 1
8 321 230 270 224 25 37 1
8 321 231 270 224 25 37 1
8 321 232 270 224 25 37 1
8 321 233 270 224 25 37 1
8 321 234 270 224 25 37 1
8 321 235 270 224 25 37 1
8 321 236 270 224 25 37 1
8 321 237 270 224 25 37 1
8 321 238 270 224 25 37 1
8 321 239 270 224 25 37 1
8 321 240 270 224 25 37 1
8 321 241 270 224 25 37 1
8 321 242 268 224 25 37 1
8 321 243 268 224 25 37 1
8 321 244 268 224 25 37 1
8 321 245 268 224 25 37 1
8 321 246 268 224 25 37 1
8 321 247 268 224 25 37 1
8 321 248 268 224 25 37 1
8 321 249 268 224 25 37 1
8 321 250 268 224 25 37 1
8 321 251 268 224 25 37 1
8 321 252 268 224 25 37 1
8 321 253 268 224 25 37 1
8 321 254 268 224 25 37 1
8 321 255 268 224 25 37 1
8 321 256 268 224 25 37 1
8 321 257 268 224 25 37 1
8 321 258 268 224 25 37 1
8 321 259 268 224 25 37 1
8 321 260 268 224 25 37 1
8 321 261 268 224 25 37 1
8 321 262 268 224 25 37 1
8 321 263 268 225 25 38 1
8 321 264 266 225 25 38 1
8 321 265 266 225 25 38 1
8 321 266 266 225 25 38 1
8 321 267 266 225 25 38 1
8 321 268 266 225 25 38 1
8 321 269 266 225 25 38 1
8 321 270 266 225 25 38 1
8 321 271 266 225 25 38 1
8 321 272 266 225 25 38 1
8 321 273 266 225 25 38 1
8 321 274 266 225 25 38 1
8 321 275 266 225 25 38 1
8 321 276 264 225 25 38 1
8 321 277 264 225 25 38 1
8 321 278 264 225 25 38 1
8 321 279 264 225 25 38 1
8 321 280 264 225 25 38 1
8 321 281 264 225 25 38 1
8 321 282 264 225 25 38 1
8 321 283 264 225 25 38 1
8 321 284 264 225 25 38 1
8 321 285 264 225 25 38 1
8 321 286 264 225 25 38 1
8 321 287 264 225 25 38 1
8 321 288 263 225 25 38 1
8 321 289 263 225 25 38 1
8 321 290 263 225 25 38 1
8 321 291 263 225 25 38 1
8 321 292 263 225 25 38 1
8 321 293 263 225 25 38 1
8 321 294 263 225 25 38 1
8 321 295 263 225 25 38 1
8 321 296 263 225 25 38 1
8 321 297 263 225 25 38 1
8 321 298 263 225 25 38 1
8 321 299 263 225 25 38 1
8 321 300 261 225 25 38 1
8 321 301 261 225 25 38 1
8 321 302 261 225 25 38 1
8 321 303 261 225 25 38 1
8 321 304 261 225 25 38 1
8 321 305 261 225 25 38 1
8 321 306 261 225 25 38 1
8 321 307 261 225 25 38 1
8 321 308 261 225 25 38 1
8 321 309 261 225 25 38 1
8 321 310 259 224 25 37 1
8 321 311 259 224 25 37 1
8 321 312 259 224 25 37 1
8 321 313 259 224 25 37 1
8 321 314 259 224 25 37 1
8 321 315 259 224 25 37 1
8 321 316 257 224 25 37 1
8 321 317 257 224 25 37 1
8 321 318 257 224 25 37 1
8 321 319 257 224 25 37 1
8 321 320 257 224 25 37 1
9 322 0 298 231 27 42 1
9 322 1 298 229 27 43 1
9 322 2 298 229 27 43 1
9 322 3 298 229 27 43 1
9 322 4 298 229 27 43 1
9 322 5 298 229 27 43 1
9 322 6 298 229 27 43 1
9 322 7 298 229 27 43 1
9 322 8 298 229 27 43 1
9 322 9 298 229 27 43 1
9 322 10 298 229 27 43 1
9 322 11 298 229 27 43 1
9 322 12 298 229 27 43 1
9 322 13 298 229 27 43 1
9 322 14 298 229 27 43 1
9 322 15 298 229 27 43 1
9 322 16 298 229 27 43 1
9 322 17 298 229 27 43 1
9 322 18 298 229 27 43 1
9 322 19 298 229 27 43 1
9 322 20 298 229 27 43 1
9 322 21 298 229 27 43 1
9 322 22 298 229 27 43 1
9 322 23 298 229 27 43 1
9 322 24 298 229 27 43 1
9 322 25 298 229 27 43 1
9 322 26 298 229 27 43 1
9 322 27 298 229 27 43 1
9 322 28 298 229 27 43 1
9 322 29 298 229 27 43 1
9 322 30 298 229 27 43 1
9 322 31 298 229 27 43 1
9 322 32 300 229 27 43 1
9 322 33 300 229 27 43 1
9 322 34 300 229 27 43 1
9 322 35 300 229 27 43 1
9 322 36 300 229 27 43 1
9 322 37 300 229 27 43 1
9 322 38 300 229 27 43 1
9 322 39 300 229 27 43 1
9 322 40 300 229 27 43 1
9 322 41 300 229 27 43 1
9 322 42 300 229 27 43 1
9 322 43 300 229 27 43 1
9 322 44 300 229 27 43 1
9 322 45 300 229 27 43 1
9 322 46 300 229 27 43 1
9 322 47 300 229 27 43 1
9 322 48 300 227 27 43 1
9 322 49 300 227 27 43 1
9 322 50 300 227 27 43 1
9 322 51 300 227 27 43 1
9 322 52 300 227 27 43 1
9 322 53 300 227 27 43 1
9 322 54 300 227 27 43 1
9 322 55 300 227 27 43 1
9 322 56 300 227 27 43 1
9 322 57 300 227 27 43 1
9 322 58 300 227 27 43 1
9 322 59 300 227 27 43 1
9 322 60 300 227 27 43 1
9 322 61 300 227 27 43 1
9 322 62 300 227 27 43 1
9 322 63 300 227 27 43 1
9 322 64 302 227 26 43 1
9 322 65 302 227 26 43 1
9 322 66 302 227 26 43 1
9 322 67 302 227 26 43 1
9 322 68 302 227 26 43 1
9 322 69 302 227 26 43 1
9 322 70 302 227 26 43 1
9 322 71 302 227 26 43 1
9 322 72 302 227 26 43 1
9 322 73 302 227 26 43 1
9 322 74 302 227 26 43 1
9 322 75 302 227 26 43 1
9 322 76 302 227 26 43 1
9 322 77 302 227 26 43 1
9 322 78 302 227 26 43 1
9 322 79 302 227 26 43 1
9 322 80 302 227 26 43 1
9 322 81 302 227 26 43 1
9 322 82 302 227 26 43 1
9 322 83 302 227 26 43 1
9 322 84 302 227 26 43 1
9 322 85 302 227 26 43 1
9 322 86 302 227 26 43 1
9 322 87 302 227 26 43 1
9 322 88 302 227 26 43 1
9 322 89 302 227 26 43 1
9 322 90 302 227 26 43 1
9 322 91 302 227 26 43 1
9 322 92 302 227 26 43 1
9 322 93 302 227 26 43 1
9 322 94 302 227 26 43 1
9 322 95 304 227 26 43 1
9 322 96 304 225 26 43 1
9 322 97 304 225 26 43 1
9 322 98 304 225 26 43 1
9 322 99 304 225 26 43 1
9 322 100 304 225 26 43 1
9 322 101 304 225 26 43 1
9 322 102 304 225 26 43 1
9 322 103 304 225 26 43 1
9 322 104 305 225 27 43 1
9 322 105 305 225 27 43 1
9 322 106 305 225 27 43 1
9 322 107 305 225 27 43 1
9 322 108 305 225 27 43 1
9 322 109 305 225 27 43 1
9 322 110 305 225 27 43 1
9 322 111 305 225 27 43 1
9 322 112 305 225 27 43 1
9 322 113 307 225 27 43 1
9 322 114 307 225 27 43 1
9 322 115 307 225 27 43 1
9 322 116 307 225 27 43 1
9 322 117 307 225 27 43 1
9 322 118 307 225 27 43 1
9 322 119 307 225 27 43 1
9 322 120 307 225 27 43 1
9 322 121 307 225 27 43 1
9 322 122 309 225 27 43 1
9 322 123 309 225 27 43 1
9 322 124 309 225 27 43 1
9 322 125 309 225 27 43 1
9 322 126 309 225 27 43 1
9 322 127 309 225 27 43 1
9 322 128 309 225 27 43 1
9 322 129 309 225 27 43 1
9 322 130 309 225 27 43 1
9 322 131 311 225 26 43 1
9 322 132 309 225 27 43 1
9 322 133 309 225 27 43 1
9 322 134 309 225 27 43 1
9 322 135 309 225 27 43 1
9 322 136 309 225 27 43 1
9 322 137 309 225 27 43 1
9 322 138 309 225 27 43 1
9 322 139 309 225 27 43 1
9 322 140 309 225 27 43 1
9 322 141 309 225 27 43 1
9 322 142 309 225 27 43 1
9 322 143 309 225 27 43 1
9 322 144 309 225 27 43 1
9 322 145 309 225 27 43 1
9 322 146 309 225 27 43 1
9 322 147 309 225 27 43 1
9 322 148 309 225 27 43 1
9 322 149 309 225 27 43 1
9 322 150 309 225 27 43 1
9 322 151 309 225 27 43 1
9 322 152 307 225 27 43 1
9 322 153 307 225 27 43 1
9 322 154 307 225 27 43 1
9 322 155 307 225 27 43 1
9 322 156 307 225 27 43 1
9 322 157 307 225 27 43 1
9 322 158 307 225 27 43 1
9 322 159 307 225 27 43 1
9 322 160 307 225 27 43 1
9 322 161 307 225 27 43 1
9 322 162 307 225 27 43 1
9 322 163 307 225 27 43 1
9 322 164 307 225 27 43 1
9 322 165 307 225 27 43 1
9 322 166 307 225 27 43 1
9 322 167 307 225 27 43 1
9 322 168 307 225 27 43 1
9 322 169 307 225 27 43 1
9 322 170 307 225 27 43 1
9 322 171 307 225 27 43 1
9 322 172 305 225 27 43 1
9 322 173 305 225 27 43 1
9 322 174 305 225 27 43 1
9 322 175 305 225 27 43 1
9 322 176 305 225 27 43 1
9 322 177 305 225 27 43 1
9 322 178 305 225 27 43 1
9 322 179 305 225 27 43 1
9 322 180 305 225 27 43 1
9 322 181 305 225 27 43 1
9 322 182 305 225 27 43 1
9 322 183 305 225 27 43 1
9 322 184 305 225 27 43 1
9 322 185 305 225 27 43 1
9 322 186 305 225 27 43 1
9 322 187 305 225 27 43 1
9 322 188 305 225 27 43 1
9 322 189 305 225 27 43 1
9 322 190 305 225 27 43 1
9 322 191 305 225 27 43 1
9 322 192 304 224 26 42 1
9 322 193 304 224 26 42 1
9 322 194 304 224 26 42 1
9 322 195 304 224 26 42 1
9 322 196 304 224 26 42 1
9 322 197 304 224 26 42 1
9 322 198 304 224 26 42 1
9 322 199 304 224 26 42 1
9 322 200 304 224 26 42 1
9 322 201 304 224 26 42 1
9 322 202 304 224 26 42 1
9 322 203 304 224 26 42 1
9 322 204 304 224 26 42 1
9 322 205 304 224 26 42 1
9 322 206 304 224 26 42 1
9 322 207 304 224 26 42 1
9 322 208 304 224 26 42 1
9 322 209 304 224 26 42 1
9 322 210 302 224 26 42 1
9 322 211 302 224 26 42 1
9 322 212 302 224 26 42 1
9 322 213 302 224 26 42 1
9 322 214 302 224 26 42 1
9 322 215 302 224 26 42 1
9 322 216 302 224 26 42 1
9 322 217 302 224 26 42 1
9 322 218 302 224 26 42 1
9 322 219 302 224 26 42 1
9 322 220 302 224 26 42 1
9 322 221 302 224 26 42 1
9 322 222 302 224 26 42 1
9 322 223 302 224 26 42 1
9 322 224 302 224 26 42 1
9 322 225 302 224 26 42 1
9 322 226 302 224 26 42 1
9 322 227 302 224 26 42 1
9 322 228 300 224 27 42 1
9 322 229 300 224 27 42 1
9 322 230 300 224 27 42 1
9 322 231 300 224 27 42 1
9 322 232 300 224 27 42 1
9 322 233 300 224 27 42 1
9 322 234 300 224 27 42 1
9 322 235 300 224 27 42 1
9 322 236 300 224 27 42 1
9 322 237 300 224 27 42 1
9 322 238 300 224 27 42 1
9 322 239 300 224 27 42 1
9 322 240 300 224 27 42 1
9 322 241 300 224 27 42 1
9 322 242 300 224 27 42 1
9 322 243 300 224 27 42 1
9 322 244 300 224 27 42 1
9 322 245 300 224 27 42 1
9 322 246 298 224 27 42 1
9 322 247 298 224 27 42 1
9 322 248 298 224 27 42 1
9 322 249 298 224 27 42 1
9 322 250 298 224 27 42 1
9 322 251 298 224 27 42 1
9 322 252 298 224 27 42 1
9 322 253 298 224 27 42 1
9 322 254 298 224 27 42 1
9 322 255 298 224 27 42 1
9 322 256 298 224 27 42 1
9 322 257 298 224 27 42 1
9 322 258 298 224 27 42 1
9 322 259 298 224 27 42 1
9 322 260 298 224 27 42 1
9 322 261 298 224 27 42 1
9 322 262 298 224 27 42 1
9 322 263 298 224 27 42 1
9 322 264 298 224 27 42 1
9 322 265 298 224 27 42 1
9 322 266 298 224 27 42 1
9 322 267 298 224 27 42 1
9 322 268 298 224 27 42 1
9 322 269 298 224 27 42 1
9 322 270 298 224 27 42 1
9 322 271 300 224 27 42 1
9 322 272 300 224 27 42 1
9 322 273 300 224 27 42 1
9 322 274 300 224 27 42 1
9 322 275 300 224 27 42 1
9 322 276 300 224 27 42 1
9 322 277 300 224 27 42 1
9 322 278 300 224 27 42 1
9 322 279 302 224 26 42 1
9 322 280 302 224 26 42 1
9 322 281 302 224 26 42 1
9 322 282 302 224 26 42 1
9 322 283 302 224 26 42 1
9 322 284 302 224 26 42 1
9 322 285 302 224 26 42 1
9 322 286 304 224 26 42 1
9 322 287 304 224 26 42 1
9 322 288 304 224 26 42 1
9 322 289 304 224 26 42 1
9 322 290 304 224 26 42 1
9 322 291 304 224 26 42 1
9 322 292 304 224 26 42 1
9 322 293 304 224 26 42 1
9 322 294 305 224 27 42 1
9 322 295 305 224 27 42 1
9 322 296 305 224 27 42 1
9 322 297 305 224 27 42 1
9 322 298 305 224 27 42 1
9 322 299 305 224 27 42 1
9 322 300 305 224 27 42 1
9 322 301 305 224 27 42 1
9 322 302 307 224 27 42 1
9 322 303 307 224 27 42 1
9 322 304 307 224 27 42 1
9 322 305 307 224 27 42 1
9 322 306 307 224 27 42 1
9 322 307 307 224 27 42 1
9 322 308 307 224 27 42 1
9 322 321 304 227 26 43 1
10 172 336 1216 688 60 30 1
10 172 337 1205 684 66 34 1
10 172 338 1196 680 69 38 1
10 172 339 1187 679 75 39 1
10 172 340 1178 675 78 43 1
10 172 341 1169 672 84 46 1
10 172 342 1160 670 88 48 1
10 172 343 1152 666 92 52 1
10 172 344 1143 663 96 55 1
10 172 345 1134 661 101 57 1
10 172 346 1128 657 102 61 1
10 172 347 1123 656 101 62 1
10 172 348 1118 654 101 64 1
10 172 349 1112 650 102 68 1
10 172 350 1107 648 101 70 1
10 172 351 1102 647 101 71 1
10 172 352 1096 643 102 75 1
10 172 353 1091 641 101 77 1
10 172 354 1086 640 101 78 1
10 172 355 1080 638 102 80 1
10 172 356 1075 634 101 84 1
10 172 357 1070 632 101 86 1
10 172 358 1064 631 102 87 1
10 172 359 1059 627 101 91 1
10 172 360 1054 625 101 93 1
10 172 361 1048 624 102 94 1
10 172 362 1045 622 101 96 1
10 172 363 1040 618 101 100 1
10 172 364 1034 616 102 102 1
10 172 365 1031 615 99 103 1
10 172 366 1025 613 100 105 1
10 172 367 1020 609 101 109 1
10 172 368 1016 608 100 110 1
10 172 369 1011 606 100 112 1
10 172 370 1008 604 97 114 1
10 172 371 1002 600 100 118 1
10 172 372 997 599 99 119 1
10 172 373 993 597 98 121 1
10 172 374 988 595 98 123 1
10 172 375 984 593 98 125 1
10 172 376 979 590 98 128 1
10 172 377 974 588 98 130 1
10 172 378 970 586 96 132 1
10 172 379 965 584 96 134 1
10 172 380 960 581 97 137 1
10 172 381 956 579 96 139 1
10 172 382 951 577 96 141 1
10 172 383 947 576 94 142 1
10 172 384 942 572 96 146 1
10 172 385 936 570 96 148 1
10 172 386 933 568 94 150 1
10 172 387 928 567 94 151 1
10 172 388 924 565 94 153 1
10 172 389 919 561 94 155 1
10 172 390 915 560 93 156 1
10 172 391 912 558 92 158 1
10 172 392 908 556 91 160 1
10 172 393 903 554 90 162 1
10 172 394 899 551 91 165 1
10 172 395 896 549 88 167 1
10 172 396 892 547 87 169 1
10 172 397 887 545 89 171 1
10 172 398 883 544 87 172 1
10 172 399 880 540 85 176 1
10 172 400 876 538 85 178 1
10 172 401 871 536 85 180 1
10 172 402 867 535 84 181 1
10 172 403 864 533 83 183 1
10 172 404 860 529 82 187 1
10 172 405 855 528 81 188 1
10 172 406 851 526 82 190 1
10 172 407 848 524 80 192 1
10 172 408 844 522 78 194 1
10 172 409 840 520 79 196 1
10 172 410 837 519 76 193 1
10 172 411 833 517 77 194 1
10 172 412 830 515 76 194 1
10 172 413 826 513 77 194 1
10 172 414 823 512 76 193 1
10 172 415 819 510 77 192 1
10 172 416 816 508 76 192 1
10 172 417 812 506 76 192 1
10 172 418 808 506 75 190 1
10 172 419 805 504 75 191 1
10 172 420 801 503 75 188 1
10 172 421 798 501 74 188 1
10 172 422 796 499 73 189 1
10 172 423 792 497 73 189 1
10 172 424 789 496 73 188 1
10 172 425 785 494 73 186 1
10 172 426 782 494 71 185 1
10 172 427 778 492 71 185 1
10 172 428 775 490 71 185 1
10 172 429 771 488 71 185 1
10 172 430 768 487 71 183 1
10 172 431 764 485 71 183 1
10 172 432 760 483 72 183 1
10 172 433 757 481 71 183 1
10 172 434 755 481 69 182 1
10 172 435 752 480 69 181 1
10 172 436 750 478 69 181 1
10 172 437 748 478 69 179 1
10 172 438 746 476 70 180 1
10 172 439 744 474 70 180 1
10 172 440 741 474 69 178 1
10 172 441 739 472 69 178 1
10 172 442 737 472 70 178 1
10 172 443 736 471 69 177 1
10 172 444 734 469 69 178 1
10 172 445 730 469 70 176 1
10 172 446 728 467 70 176 1
10 172 447 727 467 69 174 1
10 172 448 725 465 69 175 1
10 172 449 723 464 69 174 1
10 172 450 720 464 69 174 1
10 172 451 718 462 69 174 1
10 172 452 716 460 69 174 1
10 172 453 714 460 70 172 1
10 172 454 712 458 70 173 1
10 172 455 709 458 69 171 1
10 172 456 707 456 69 171 1
10 172 457 705 455 70 170 1
10 172 458 704 455 69 170 1
10 172 459 702 453 69 171 1
10 172 460 698 453 70 169 1
10 172 461 696 451 70 169 1
10 172 462 695 449 69 169 1
10 172 463 693 449 69 167 1
10 172 464 691 448 69 167 1
10 172 465 689 448 70 167 1
10 172 466 688 446 69 167 1
10 172 467 686 444 69 167 1
10 172 468 684 444 69 165 1
10 172 469 684 442 68 166 1
10 172 470 682 442 68 166 1
10 172 471 680 440 68 166 1
10 172 472 680 440 68 164 1
10 172 473 679 439 67 163 1
10 172 474 677 439 67 163 1
10 172 475 675 437 68 163 1
10 172 476 675 437 66 162 1
10 172 477 673 435 66 162 1
10 172 478 672 435 65 162 1
10 172 479 672 433 65 162 1
10 172 480 670 433 66 160 1
10 172 481 668 432 66 160 1
10 172 482 666 432 66 160 1
10 172 483 666 430 64 160 1
10 172 484 664 430 64 158 1
10 172 485 663 428 64 158 1
10 172 486 663 428 64 158 1
10 172 487 661 426 64 158 1
10 172 488 659 424 64 159 1
10 172 489 657 424 64 157 1
10 172 490 657 423 63 156 1
10 172 491 656 423 62 156 1
10 172 492 654 421 62 156 1
10 172 493 654 421 62 155 1
10 172 494 652 419 62 155 1
10 172 495 650 419 62 155 1
10 172 496 648 417 63 155 1
10 172 497 648 417 61 153 1
10 172 498 647 416 60 152 1
10 172 499 645 416 60 152 1
10 172 500 645 414 60 153 1
10 172 501 643 414 61 151 1
10 172 502 641 412 61 151 1
10 172 503 640 412 60 151 1
10 172 504 640 410 58 151 1
10 172 505 638 410 58 150 1
10 172 506 636 408 59 150 1
10 172 507 636 408 59 150 1
