0 40 600 535 222 17 35 1
0 40 601 535 222 17 35 1
0 40 602 535 222 17 35 1
0 40 603 535 222 17 35 1
0 40 604 535 222 17 35 1
0 40 605 535 222 17 35 1
0 40 606 535 222 17 35 1
0 40 607 535 222 17 35 1
0 40 608 535 222 17 35 1
0 40 609 535 222 17 35 1
0 40 610 535 222 17 35 1
0 40 611 535 222 17 35 1
0 40 612 535 222 17 35 1
0 40 613 535 222 17 35 1
0 40 614 535 222 17 35 1
0 40 615 535 222 17 35 1
0 40 616 535 222 17 35 1
0 40 617 535 222 17 35 1
0 40 618 535 222 17 35 1
0 40 619 535 222 17 35 1
0 40 620 535 222 17 35 1
0 40 621 535 222 17 35 1
0 40 622 535 222 17 35 1
0 40 623 535 222 17 35 1
0 40 624 535 222 17 35 1
0 40 625 535 222 17 35 1
0 40 626 535 222 17 35 1
0 40 627 535 222 17 35 1
0 40 628 535 222 17 35 1
0 40 629 535 222 17 35 1
0 40 630 535 222 17 35 1
0 40 631 535 222 17 35 1
0 40 632 535 222 17 35 1
0 40 633 535 222 17 35 1
0 40 634 535 222 17 35 1
0 40 635 535 222 17 35 1
0 40 636 535 222 17 35 1
0 40 637 535 222 17 35 1
0 40 638 535 222 17 35 1
0 40 639 535 222 17 35 1
1 382 258 625 704 31 14 1
1 382 259 622 702 32 16 1
1 382 260 620 700 32 18 1
1 382 261 618 700 34 18 1
1 382 262 616 698 34 20 1
1 382 263 615 696 33 22 1
1 382 264 613 696 35 22 1
1 382 265 609 695 38 23 1
1 382 266 606 695 39 23 1
1 382 267 604 695 41 23 1
1 382 268 600 693 43 25 1
1 382 269 597 693 44 25 1
1 382 270 595 693 46 25 1
1 382 271 592 691 48 27 1
1 382 272 590 689 48 29 1
1 382 273 588 688 50 30 1
1 382 274 584 686 52 32 1
1 382 275 583 684 51 34 1
1 382 276 581 684 53 34 1
1 382 277 579 682 53 36 1
1 382 278 579 680 53 38 1
1 382 279 577 680 54 38 1
1 382 280 577 679 54 39 1
1 382 281 576 679 53 39 1
1 382 282 576 677 53 41 1
1 382 283 576 677 53 41 1
1 382 284 574 675 53 43 1
1 382 285 572 673 53 45 1
1 382 286 570 672 55 46 1
1 382 287 568 670 56 48 1
1 382 288 567 668 57 50 1
1 382 289 565 666 57 52 1
1 382 290 565 664 57 54 1
1 382 291 563 663 57 55 1
1 382 292 561 663 57 55 1
1 382 293 560 663 56 55 1
1 382 294 558 661 57 57 1
1 382 295 556 661 57 57 1
1 382 296 554 661 57 57 1
1 382 297 552 661 59 57 1
1 382 298 549 659 59 59 1
1 382 299 547 657 59 61 1
1 382 300 545 656 59 62 1
1 382 301 544 654 58 64 1
1 382 302 542 654 58 64 1
1 382 303 540 652 59 66 1
1 382 304 538 652 59 66 1
1 382 305 536 650 59 68 1
1 382 306 536 650 57 68 1
1 382 307 535 648 57 70 1
1 382 308 533 648 57 70 1
1 382 309 531 648 59 70 1
1 382 310 529 647 59 71 1
1 382 311 528 647 58 71 1
1 382 312 528 645 56 73 1
1 382 313 526 645 57 73 1
1 382 314 524 643 57 75 1
1 382 315 522 643 57 75 1
1 382 316 520 643 57 75 1
1 382 317 519 641 58 77 1
1 382 318 519 641 57 77 1
1 382 319 517 640 57 78 1
1 382 320 515 640 57 78 1
1 382 321 513 638 57 80 1
1 382 322 512 638 56 80 1
1 382 323 510 638 57 80 1
1 382 324 510 636 55 82 1
1 382 325 508 636 57 82 1
1 382 326 506 634 57 84 1
1 382 327 504 634 57 84 1
1 382 328 503 632 57 86 1
1 382 329 501 632 57 86 1
1 382 330 501 632 55 86 1
1 382 331 499 631 55 87 1
1 382 332 497 631 55 87 1
1 382 333 496 629 56 89 1
1 382 334 494 629 57 89 1
1 382 335 492 627 57 91 1
1 382 336 492 627 55 91 1
1 382 337 490 627 55 91 1
1 382 338 488 625 56 93 1
1 382 339 487 625 55 93 1
1 382 340 485 624 55 94 1
1 382 341 483 624 57 94 1
1 382 342 483 622 55 96 1
1 382 343 481 622 55 96 1
1 382 344 480 622 55 96 1
1 382 345 478 620 55 98 1
1 382 346 476 620 55 98 1
1 382 347 474 618 55 100 1
1 382 348 474 618 54 100 1
1 382 349 472 616 56 102 1
1 382 350 471 616 55 102 1
1 382 351 469 616 55 102 1
1 382 352 467 615 55 103 1
1 382 353 465 615 55 103 1
1 382 354 465 613 54 105 1
1 382 355 464 613 53 105 1
1 382 356 462 611 53 107 1
1 382 357 460 611 55 107 1
1 382 358 458 611 55 107 1
1 382 359 456 609 56 109 1
1 382 360 456 609 54 109 1
1 382 361 455 608 53 110 1
1 382 362 453 608 53 110 1
1 382 363 451 606 53 112 1
1 382 364 449 606 54 112 1
1 382 365 449 606 54 112 1
1 382 366 446 604 55 114 1
1 382 367 444 604 55 114 1
1 382 368 442 602 55 116 1
1 382 369 439 602 57 116 1
1 382 370 437 600 59 118 1
1 382 371 435 600 59 118 1
1 382 372 433 599 59 119 1
1 382 373 430 599 60 119 1
1 382 374 428 597 60 121 1
1 382 375 426 597 62 121 1
1 382 376 424 595 63 123 1
1 382 377 421 595 64 123 1
1 382 378 419 593 64 125 1
1 382 379 417 593 64 125 1
1 382 380 416 593 65 125 1
1 382 381 414 592 64 126 1
1 382 382 414 592 60 126 1
1 382 383 414 590 57 128 1
1 382 384 414 590 55 128 1
1 382 385 412 588 55 130 1
1 382 386 410 588 55 130 1
1 382 387 408 586 56 132 1
1 382 388 407 586 55 132 1
1 382 389 405 586 55 132 1
1 382 390 403 584 55 134 1
1 382 391 401 584 55 134 1
1 382 392 400 583 55 135 1
1 382 393 398 583 57 135 1
1 382 394 396 583 57 135 1
1 382 395 394 581 57 137 1
1 382 396 392 581 57 137 1
1 382 397 391 579 57 139 1
1 382 398 389 579 57 139 1
1 382 399 387 579 57 139 1
1 382 400 385 577 57 141 1
1 382 401 384 577 56 141 1
1 382 402 382 577 58 141 1
1 382 403 382 576 55 140 1
1 382 404 382 576 51 140 1
1 382 405 382 576 50 140 1
1 382 406 380 574 50 140 1
1 382 407 378 574 50 140 1
1 382 408 376 574 50 138 1
1 382 409 376 574 50 138 1
1 382 410 375 574 49 138 1
1 382 411 373 574 50 137 1
1 382 412 373 574 50 137 1
1 382 413 371 574 50 137 1
1 382 414 369 574 50 135 1
1 382 415 368 574 49 135 1
1 382 416 368 574 49 133 1
1 382 417 366 574 50 133 1
1 382 418 364 574 50 133 1
1 382 419 364 574 50 131 1
1 382 420 362 574 50 131 1
1 382 421 360 574 50 131 1
1 382 422 359 574 49 130 1
1 382 423 359 574 49 130 1
1 382 424 357 574 50 128 1
1 382 425 355 574 50 128 1
1 382 426 355 574 50 128 1
1 382 427 353 574 50 126 1
1 382 428 352 574 49 126 1
1 382 429 352 574 49 126 1
1 382 430 350 572 50 126 1
1 382 431 348 570 50 128 1
1 382 432 346 570 50 128 1
1 382 433 344 568 50 130 1
1 382 434 343 568 49 130 1
1 382 435 341 567 50 131 1
1 382 436 339 567 50 131 1
1 382 437 337 565 50 133 1
1 382 438 336 565 49 133 1
1 382 439 334 563 50 135 1
1 382 440 334 563 50 135 1
1 382 441 332 561 50 135 1
1 382 442 330 561 50 135 1
1 382 443 330 560 50 135 1
1 382 444 328 560 50 135 1
1 382 445 328 558 50 135 1
1 382 446 327 558 49 135 1
1 382 447 327 556 49 135 1
1 382 448 325 556 50 135 1
1 382 449 325 554 50 135 1
1 382 450 323 554 50 135 1
1 382 451 321 554 50 134 1
1 382 452 321 552 50 136 1
1 382 453 320 552 49 134 1
1 382 454 320 551 49 135 1
1 382 455 318 551 50 133 1
1 382 456 318 549 50 135 1
1 382 457 316 549 50 133 1
1 382 458 316 547 50 135 1
1 382 459 314 547 50 133 1
1 382 460 312 547 50 133 1
1 382 461 312 545 50 134 1
1 382 462 311 545 49 134 1
1 382 463 311 544 49 133 1
1 382 464 309 544 50 133 1
1 382 465 309 542 50 133 1
1 382 466 307 542 50 133 1
1 382 467 307 540 50 133 1
1 382 468 305 540 50 133 1
1 382 469 305 540 50 133 1
1 382 470 305 538 50 134 1
1 382 471 305 538 50 134 1
1 382 472 305 536 50 134 1
1 382 473 307 536 50 134 1
1 382 474 307 535 50 133 1
1 382 475 307 535 50 133 1
1 382 476 307 533 50 133 1
1 382 477 309 533 50 133 1
1 382 478 309 533 50 131 1
1 382 479 309 531 50 133 1
1 382 480 309 531 50 132 1
1 382 481 311 529 49 134 1
1 382 482 311 529 49 132 1
1 382 483 311 528 49 133 1
1 382 484 311 528 49 131 1
1 382 485 312 528 50 131 1
1 382 486 312 526 48 131 1
1 382 487 312 526 48 130 1
1 382 488 312 526 48 130 1
1 382 489 312 524 48 130 1
1 382 490 312 524 48 130 1
1 382 491 312 524 48 128 1
1 382 492 314 522 45 130 1
1 382 493 314 522 45 128 1
1 382 494 314 522 45 128 1
1 382 495 314 520 45 128 1
1 382 496 314 520 45 128 1
1 382 497 314 520 45 127 1
1 382 498 316 520 43 127 1
1 382 499 316 519 43 126 1
1 382 500 316 519 43 124 1
1 382 501 316 519 44 124 1
1 382 502 316 519 44 122 1
1 382 503 316 517 46 124 1
1 382 504 316 517 46 123 1
1 382 505 318 517 46 123 1
1 382 506 318 517 46 121 1
1 382 507 318 515 48 123 1
1 382 508 318 515 48 121 1
1 382 509 318 515 50 121 1
1 382 510 318 515 50 119 1
1 382 511 320 515 49 119 1
1 382 512 320 513 49 119 1
1 382 513 320 513 49 119 1
1 382 514 320 513 49 118 1
1 382 515 320 512 49 119 1
1 382 516 320 512 49 119 1
1 382 517 320 512 49 117 1
1 382 518 320 510 49 119 1
1 382 519 321 510 48 119 1
1 382 520 321 510 48 117 1
1 382 521 321 510 48 117 1
1 382 522 321 508 48 117 1
1 382 523 321 508 50 117 1
1 382 524 321 508 50 117 1
1 382 525 321 506 50 118 1
1 382 526 323 506 48 118 1
1 382 527 323 506 48 118 1
1 382 528 323 504 48 118 1
1 382 529 323 504 48 118 1
1 382 530 323 504 48 116 1
1 382 531 323 504 48 116 1
1 382 532 323 503 48 117 1
1 382 533 323 503 48 115 1
1 382 534 325 503 48 115 1
1 382 535 325 501 48 117 1
1 382 536 325 501 48 115 1
1 382 537 325 501 48 115 1
1 382 538 325 499 48 116 1
1 382 539 325 499 48 116 1
1 382 540 325 499 48 116 1
1 382 541 327 499 46 114 1
1 382 542 327 497 46 116 1
1 382 543 327 497 46 116 1
1 382 544 327 497 46 114 1
1 382 545 327 496 48 115 1
1 382 546 327 496 48 113 1
1 382 547 327 496 48 113 1
1 382 548 327 494 48 115 1
1 382 549 328 494 47 114 1
1 382 550 328 494 47 114 1
1 382 551 328 494 47 114 1
1 382 552 328 492 47 114 1
1 382 553 328 492 47 114 1
1 382 554 328 492 47 112 1
1 382 555 328 490 47 114 1
1 382 556 330 490 46 114 1
1 382 557 330 490 46 112 1
1 382 558 330 488 46 114 1
1 382 559 330 488 46 114 1
1 382 560 330 488 46 112 1
1 382 561 330 488 46 112 1
1 382 562 330 487 46 112 1
1 382 563 330 487 46 112 1
1 382 564 332 487 44 112 1
1 382 565 332 485 44 112 1
1 382 566 332 485 44 112 1
1 382 567 332 485 46 112 1
1 382 568 332 483 46 112 1
1 382 569 332 483 46 112 1
1 382 570 332 483 46 110 1
1 382 571 334 483 44 110 1
1 382 572 334 481 44 112 1
1 382 573 334 481 44 111 1
1 382 574 334 481 44 111 1
1 382 575 334 480 44 112 1
1 382 576 334 480 44 110 1
1 382 577 334 480 44 110 1
1 382 578 336 480 44 110 1
1 382 579 334 478 44 110 1
1 382 580 334 478 44 110 1
1 382 581 334 478 44 110 1
1 382 582 334 478 44 108 1
1 382 583 334 476 42 110 1
1 382 584 334 476 42 110 1
1 382 585 332 476 44 108 1
1 382 586 332 476 44 108 1
1 382 587 332 474 43 110 1
1 382 588 332 474 43 109 1
1 382 589 332 474 43 109 1
1 382 590 332 474 43 109 1
1 382 591 330 472 43 109 1
1 382 592 330 472 43 109 1
1 382 593 328 472 43 109 1
1 382 594 328 472 43 109 1
1 382 595 328 472 43 109 1
1 382 596 327 472 42 107 1
1 382 597 327 472 42 107 1
1 382 598 325 472 43 107 1
1 382 599 325 472 43 107 1
1 382 600 325 472 43 107 1
1 382 601 323 471 43 106 1
1 382 602 323 471 43 106 1
1 382 603 323 471 43 106 1
1 382 604 321 471 45 106 1
1 382 605 321 471 45 106 1
1 382 606 321 471 43 106 1
1 382 607 321 471 43 106 1
1 382 608 320 471 44 106 1
1 382 609 320 471 44 106 1
1 382 610 320 471 44 106 1
1 382 611 320 471 44 106 1
1 382 612 320 469 42 107 1
1 382 613 320 469 42 107 1
1 382 614 320 469 42 107 1
1 382 615 320 469 42 107 1
1 382 616 318 467 42 107 1
1 382 617 316 467 43 107 1
1 382 618 316 467 41 107 1
1 382 619 314 467 41 107 1
1 382 620 314 467 41 107 1
1 382 621 312 467 41 107 1
1 382 622 312 467 40 107 1
1 382 623 311 467 39 107 1
1 382 624 311 467 39 107 1
1 382 625 309 465 39 109 1
1 382 626 309 465 39 109 1
1 382 627 309 465 39 109 1
1 382 628 307 465 41 109 1
1 382 629 307 465 41 109 1
1 382 630 307 465 39 109 1
1 382 631 305 465 41 109 1
1 382 632 305 464 41 110 1
1 382 633 305 464 41 110 1
1 382 634 304 464 42 110 1
1 382 635 304 464 40 110 1
1 382 636 304 464 40 110 1
1 382 637 302 464 42 110 1
1 382 638 302 464 42 110 1
1 382 639 302 464 42 112 1
2 340 300 670 215 19 44 1
2 340 301 670 213 19 44 1
2 340 302 670 213 19 44 1
2 340 303 670 213 19 44 1
2 340 304 670 213 19 44 1
2 340 305 670 213 19 44 1
2 340 306 670 213 19 44 1
2 340 307 670 213 19 44 1
2 340 308 670 213 19 44 1
2 340 309 670 213 19 44 1
2 340 310 670 213 19 44 1
2 340 311 670 213 19 44 1
2 340 312 670 213 19 44 1
2 340 313 670 213 19 44 1
2 340 314 670 213 19 44 1
2 340 315 670 213 19 44 1
2 340 316 670 213 19 44 1
2 340 317 670 213 19 44 1
2 340 318 670 213 19 44 1
2 340 319 670 213 19 44 1
2 340 320 670 213 19 44 1
2 340 321 670 213 19 44 1
2 340 322 670 213 19 44 1
2 340 323 670 213 19 44 1
2 340 324 670 213 19 44 1
2 340 325 670 213 19 44 1
2 340 326 670 213 19 44 1
2 340 327 670 213 19 44 1
2 340 328 670 213 19 44 1
2 340 329 670 213 19 44 1
2 340 330 670 213 19 44 1
2 340 331 670 213 19 44 1
2 340 332 670 213 19 44 1
2 340 333 670 213 19 44 1
2 340 334 672 213 19 44 1
2 340 335 672 213 19 44 1
2 340 336 672 213 19 44 1
2 340 337 672 213 19 44 1
2 340 338 672 213 19 44 1
2 340 339 672 213 19 44 1
2 340 340 672 213 19 44 1
2 340 341 672 213 19 44 1
2 340 342 672 213 19 44 1
2 340 343 672 213 19 44 1
2 340 344 672 213 19 44 1
2 340 345 672 213 19 44 1
2 340 346 672 213 19 44 1
2 340 347 672 213 19 44 1
2 340 348 672 213 19 44 1
2 340 349 672 213 19 44 1
2 340 350 672 213 19 44 1
2 340 351 672 213 19 44 1
2 340 352 672 213 19 44 1
2 340 353 672 213 19 44 1
2 340 354 672 213 19 44 1
2 340 355 672 213 19 44 1
2 340 356 672 213 19 44 1
2 340 357 672 213 19 44 1
2 340 358 672 213 19 44 1
2 340 359 672 213 19 44 1
2 340 360 672 213 19 44 1
2 340 361 672 213 19 44 1
2 340 362 672 213 19 44 1
2 340 363 672 213 19 44 1
2 340 364 672 213 19 44 1
2 340 365 672 213 19 44 1
2 340 366 672 213 19 44 1
2 340 367 672 213 19 44 1
2 340 368 673 213 20 44 1
2 340 369 673 213 20 44 1
2 340 370 673 213 20 44 1
2 340 371 673 213 20 44 1
2 340 372 673 213 20 44 1
2 340 373 673 213 20 44 1
2 340 374 673 213 20 44 1
2 340 375 673 213 20 44 1
2 340 376 673 213 20 44 1
2 340 377 673 213 20 44 1
2 340 378 673 213 20 44 1
2 340 379 673 213 20 44 1
2 340 380 673 213 20 44 1
2 340 381 673 213 20 44 1
2 340 382 673 213 20 44 1
2 340 383 673 213 20 44 1
2 340 384 673 213 20 44 1
2 340 385 673 213 20 44 1
2 340 386 673 213 20 44 1
2 340 387 673 213 20 44 1
2 340 388 673 213 20 44 1
2 340 389 673 213 20 44 1
2 340 390 673 213 20 44 1
2 340 391 673 213 20 44 1
2 340 392 673 213 20 44 1
2 340 393 673 213 20 44 1
2 340 394 673 213 20 44 1
2 340 395 673 213 20 44 1
2 340 396 673 213 20 44 1
2 340 397 673 213 20 44 1
2 340 398 673 213 20 44 1
2 340 399 673 213 20 44 1
2 340 400 673 213 20 44 1
2 340 401 673 213 20 44 1
2 340 402 675 213 20 44 1
2 340 403 675 213 20 44 1
2 340 404 675 213 20 44 1
2 340 405 675 213 20 44 1
2 340 406 675 213 20 44 1
2 340 407 675 213 20 44 1
2 340 408 675 213 20 44 1
2 340 409 675 213 20 44 1
2 340 410 675 213 20 44 1
2 340 411 675 213 20 44 1
2 340 412 675 213 20 44 1
2 340 413 675 213 20 44 1
2 340 414 675 213 20 44 1
2 340 415 675 213 20 44 1
2 340 416 675 213 20 44 1
2 340 417 675 213 20 44 1
2 340 418 675 213 20 44 1
2 340 419 675 213 20 44 1
2 340 420 675 213 20 44 1
2 340 421 675 213 20 44 1
2 340 422 675 213 20 44 1
2 340 423 675 213 20 44 1
2 340 424 675 213 20 44 1
2 340 425 675 213 20 44 1
2 340 426 675 213 20 44 1
2 340 427 675 213 20 44 1
2 340 428 675 213 20 44 1
2 340 429 675 213 20 44 1
2 340 430 675 213 20 44 1
2 340 431 675 213 20 44 1
2 340 432 675 213 20 44 1
2 340 433 675 213 20 44 1
2 340 434 675 213 20 44 1
2 340 435 677 213 19 44 1
2 340 436 677 213 19 44 1
2 340 437 677 213 19 44 1
2 340 438 677 213 19 44 1
2 340 439 677 213 19 44 1
2 340 440 677 213 19 44 1
2 340 441 677 213 19 44 1
2 340 442 677 213 19 44 1
2 340 443 677 213 19 44 1
2 340 444 677 213 19 44 1
2 340 445 677 213 19 44 1
2 340 446 677 213 19 44 1
2 340 447 677 213 19 44 1
2 340 448 677 213 19 44 1
2 340 449 677 213 19 44 1
2 340 450 677 213 19 44 1
2 340 451 677 213 19 44 1
2 340 452 677 213 19 44 1
2 340 453 677 213 19 44 1
2 340 454 677 213 19 44 1
2 340 455 677 213 19 44 1
2 340 456 677 213 19 44 1
2 340 457 677 213 19 44 1
2 340 458 677 213 19 44 1
2 340 459 677 213 19 44 1
2 340 460 677 213 19 44 1
2 340 461 677 213 19 44 1
2 340 462 677 213 19 44 1
2 340 463 677 213 19 44 1
2 340 464 677 213 19 44 1
2 340 465 677 213 19 44 1
2 340 466 677 213 19 44 1
2 340 467 677 213 19 44 1
2 340 468 677 213 19 44 1
2 340 469 679 213 19 44 1
2 340 470 679 213 19 44 1
2 340 471 679 213 19 44 1
2 340 472 679 213 19 44 1
2 340 473 679 213 19 44 1
2 340 474 679 213 19 44 1
2 340 475 679 213 19 44 1
2 340 476 679 213 19 44 1
2 340 477 679 213 19 44 1
2 340 478 679 213 19 44 1
2 340 479 679 213 19 44 1
2 340 480 679 213 19 44 1
2 340 481 679 213 19 44 1
2 340 482 679 213 19 44 1
2 340 483 679 213 19 44 1
2 340 484 679 213 19 44 1
2 340 485 679 213 19 44 1
2 340 486 679 213 19 44 1
2 340 487 679 213 19 44 1
2 340 488 679 213 19 44 1
2 340 489 679 213 19 44 1
2 340 490 679 213 19 44 1
2 340 491 679 213 19 44 1
2 340 492 679 213 19 44 1
2 340 493 679 213 19 44 1
2 340 494 679 213 19 44 1
2 340 495 679 213 19 44 1
2 340 496 679 213 19 44 1
2 340 497 679 213 19 44 1
2 340 498 679 213 19 44 1
2 340 499 679 213 19 44 1
2 340 500 679 213 19 44 1
2 340 501 679 213 19 44 1
2 340 502 679 213 19 44 1
2 340 503 680 213 20 44 1
2 340 504 680 213 20 44 1
2 340 505 680 213 20 44 1
2 340 506 680 213 20 44 1
2 340 507 680 213 20 44 1
2 340 508 680 213 20 44 1
2 340 509 680 213 20 44 1
2 340 510 680 213 20 44 1
2 340 511 680 213 20 44 1
2 340 512 680 213 20 44 1
2 340 513 680 213 20 44 1
2 340 514 680 213 20 44 1
2 340 515 680 213 20 44 1
2 340 516 680 213 20 44 1
2 340 517 680 213 20 44 1
2 340 518 680 213 20 44 1
2 340 519 680 213 20 44 1
2 340 520 680 213 20 44 1
2 340 521 680 213 20 44 1
2 340 522 680 213 20 44 1
2 340 523 680 213 20 44 1
2 340 524 680 213 20 44 1
2 340 525 680 213 20 44 1
2 340 526 680 213 20 44 1
2 340 527 680 213 20 44 1
2 340 528 680 213 20 44 1
2 340 529 680 213 20 44 1
2 340 530 680 213 20 44 1
2 340 531 680 213 20 44 1
2 340 532 680 213 20 44 1
2 340 533 680 213 20 44 1
2 340 534 680 213 20 44 1
2 340 535 680 213 20 44 1
2 340 536 680 213 20 44 1
2 340 537 682 213 20 44 1
2 340 538 682 213 20 44 1
2 340 539 682 213 20 44 1
2 340 540 682 213 20 44 1
2 340 541 682 213 20 44 1
2 340 542 682 213 20 44 1
2 340 543 682 213 20 44 1
2 340 544 682 213 20 44 1
2 340 545 682 213 20 44 1
2 340 546 682 213 20 44 1
2 340 547 682 213 20 44 1
2 340 548 682 213 20 44 1
2 340 549 682 213 20 44 1
2 340 550 682 213 20 44 1
2 340 551 682 213 20 44 1
2 340 552 682 213 20 44 1
2 340 553 682 213 20 44 1
2 340 554 682 213 20 44 1
2 340 555 682 213 20 44 1
2 340 556 682 213 20 44 1
2 340 557 682 213 20 44 1
2 340 558 682 213 20 44 1
2 340 559 682 213 20 44 1
2 340 560 682 213 20 44 1
2 340 561 682 213 20 44 1
2 340 562 682 213 20 44 1
2 340 563 682 213 20 44 1
2 340 564 682 213 20 44 1
2 340 565 682 213 20 44 1
2 340 566 682 213 20 44 1
2 340 567 682 213 20 44 1
2 340 568 682 213 20 44 1
2 340 569 682 213 20 44 1
2 340 570 684 213 20 44 1
2 340 571 684 213 20 44 1
2 340 572 684 213 20 44 1
2 340 573 684 213 20 44 1
2 340 574 684 213 20 44 1
2 340 575 684 213 20 44 1
2 340 576 684 213 20 44 1
2 340 577 684 213 20 44 1
2 340 578 684 213 20 44 1
2 340 579 684 213 20 44 1
2 340 580 684 213 20 44 1
2 340 581 684 213 20 44 1
2 340 582 684 213 20 44 1
2 340 583 684 213 20 44 1
2 340 584 684 213 20 44 1
2 340 585 684 213 20 44 1
2 340 586 684 213 20 44 1
2 340 587 684 213 20 44 1
2 340 588 684 213 20 44 1
2 340 589 684 213 20 44 1
2 340 590 684 213 20 44 1
2 340 591 684 213 20 44 1
2 340 592 684 213 20 44 1
2 340 593 684 213 20 44 1
2 340 594 684 213 20 44 1
2 340 595 684 213 20 44 1
2 340 596 684 213 20 44 1
2 340 597 684 213 20 44 1
2 340 598 684 213 20 44 1
2 340 599 684 213 20 44 1
2 340 600 684 213 20 44 1
2 340 601 682 213 20 44 1
2 340 602 682 213 20 44 1
2 340 603 682 213 20 44 1
2 340 604 682 213 20 44 1
2 340 605 682 213 20 44 1
2 340 606 682 213 20 44 1
2 340 607 682 213 20 44 1
2 340 608 682 213 20 44 1
2 340 609 680 213 22 44 1
2 340 610 680 213 22 44 1
2 340 611 680 213 22 44 1
2 340 612 680 213 22 44 1
2 340 613 680 213 22 44 1
2 340 614 680 213 22 44 1
2 340 615 680 213 22 44 1
2 340 616 680 213 22 44 1
2 340 617 679 213 23 44 1
2 340 618 679 213 23 44 1
2 340 619 679 213 23 44 1
2 340 620 679 213 23 44 1
2 340 621 679 213 23 44 1
2 340 622 679 213 23 44 1
2 340 623 679 213 23 44 1
2 340 624 679 213 23 44 1
2 340 625 677 213 25 44 1
2 340 626 677 213 25 44 1
2 340 627 677 213 25 44 1
2 340 628 677 213 25 44 1
2 340 629 677 213 25 44 1
2 340 630 677 213 25 44 1
2 340 631 677 213 25 44 1
2 340 632 677 213 25 44 1
2 340 633 675 213 25 44 1
2 340 634 675 213 25 44 1
2 340 635 675 213 25 44 1
2 340 636 675 213 25 44 1
2 340 637 675 213 25 44 1
2 340 638 675 213 25 44 1
2 340 639 675 213 25 44 1
3 40 600 552 215 18 44 1
3 40 601 552 215 18 44 1
3 40 602 552 215 18 44 1
3 40 603 552 215 18 44 1
3 40 604 552 215 18 44 1
3 40 605 552 215 18 44 1
3 40 606 552 215 18 44 1
3 40 607 552 215 18 44 1
3 40 608 552 215 18 44 1
3 40 609 552 215 18 44 1
3 40 610 552 215 18 44 1
3 40 611 552 215 18 44 1
3 40 612 552 215 18 44 1
3 40 613 552 215 18 44 1
3 40 614 552 215 18 44 1
3 40 615 552 215 18 44 1
3 40 616 552 215 18 44 1
3 40 617 552 215 18 44 1
3 40 618 552 215 18 44 1
3 40 619 552 215 18 44 1
3 40 620 552 215 18 44 1
3 40 621 552 215 18 44 1
3 40 622 552 215 18 44 1
3 40 623 552 215 18 44 1
3 40 624 552 215 18 44 1
3 40 625 552 215 18 44 1
3 40 626 552 215 18 44 1
3 40 627 552 215 18 44 1
3 40 628 552 215 18 44 1
3 40 629 552 215 18 44 1
3 40 630 552 215 18 44 1
3 40 631 552 215 18 44 1
3 40 632 552 215 18 44 1
3 40 633 552 215 18 44 1
3 40 634 552 215 18 44 1
3 40 635 552 215 18 44 1
3 40 636 552 215 18 44 1
3 40 637 552 215 18 44 1
3 40 638 552 215 18 44 1
3 40 639 552 215 18 44 1
4 366 274 515 704 34 14 1
4 366 275 513 702 34 16 1
4 366 276 512 700 33 18 1
4 366 277 510 698 34 20 1
4 366 278 508 696 34 22 1
4 366 279 508 695 34 23 1
4 366 280 506 693 34 25 1
4 366 281 504 691 36 27 1
4 366 282 503 691 35 27 1
4 366 283 501 689 37 29 1
4 366 284 499 688 37 30 1
4 366 285 497 688 39 30 1
4 366 286 496 686 40 32 1
4 366 287 494 684 42 34 1
4 366 288 492 684 44 34 1
4 366 289 490 682 48 36 1
4 366 290 488 682 50 36 1
4 366 291 487 680 51 38 1
4 366 292 487 680 53 38 1
4 366 293 485 679 53 39 1
4 366 294 485 677 53 41 1
4 366 295 483 675 55 43 1
4 366 296 483 675 55 43 1
4 366 297 483 673 55 45 1
4 366 298 481 672 57 46 1
4 366 299 481 670 57 48 1
4 366 300 481 670 57 48 1
4 366 301 480 668 56 50 1
4 366 302 480 666 55 52 1
4 366 303 478 666 57 52 1
4 366 304 478 664 55 54 1
4 366 305 476 663 57 55 1
4 366 306 476 663 55 55 1
4 366 307 474 661 57 57 1
4 366 308 474 659 55 59 1
4 366 309 472 659 57 59 1
4 366 310 472 657 56 61 1
4 366 311 471 657 57 61 1
4 366 312 471 656 55 62 1
4 366 313 469 654 57 64 1
4 366 314 469 654 55 64 1
4 366 315 467 652 57 66 1
4 366 316 467 650 55 68 1
4 366 317 465 650 57 68 1
4 366 318 465 648 55 70 1
4 366 319 464 648 56 70 1
4 366 320 464 647 55 71 1
4 366 321 462 645 57 73 1
4 366 322 462 645 55 73 1
4 366 323 460 643 57 75 1
4 366 324 460 641 55 77 1
4 366 325 458 641 57 77 1
4 366 326 458 640 55 78 1
4 366 327 458 640 55 78 1
4 366 328 455 638 55 80 1
4 366 329 453 638 55 80 1
4 366 330 451 636 55 82 1
4 366 331 449 636 55 82 1
4 366 332 448 634 55 84 1
4 366 333 446 634 55 84 1
4 366 334 444 632 55 86 1
4 366 335 442 632 55 86 1
4 366 336 440 632 56 86 1
4 366 337 439 631 55 87 1
4 366 338 437 631 55 87 1
4 366 339 435 629 55 89 1
4 366 340 433 629 55 89 1
4 366 341 432 627 55 91 1
4 366 342 430 627 55 91 1
4 366 343 428 625 55 93 1
4 366 344 426 625 55 93 1
4 366 345 424 625 56 93 1
4 366 346 423 624 55 94 1
4 366 347 421 624 55 94 1
4 366 348 419 622 55 96 1
4 366 349 417 622 55 96 1
4 366 350 416 620 55 98 1
4 366 351 414 620 55 98 1
4 366 352 412 620 55 98 1
4 366 353 408 618 56 100 1
4 366 354 407 618 55 100 1
4 366 355 405 618 55 100 1
4 366 356 403 616 55 102 1
4 366 357 401 616 55 102 1
4 366 358 400 616 55 102 1
4 366 359 396 615 55 103 1
4 366 360 394 615 55 103 1
4 366 361 392 615 56 103 1
4 366 362 391 613 55 105 1
4 366 363 389 613 55 105 1
4 366 364 387 613 55 105 1
4 366 365 384 611 55 107 1
4 366 366 382 611 55 107 1
4 366 367 380 611 55 107 1
4 366 368 378 609 55 109 1
4 366 369 376 609 56 109 1
4 366 370 375 609 55 109 1
4 366 371 371 608 55 110 1
4 366 372 369 608 55 110 1
4 366 373 368 608 55 110 1
4 366 374 366 606 55 112 1
4 366 375 364 606 55 112 1
4 366 376 362 606 55 112 1
4 366 377 359 604 55 114 1
4 366 378 357 604 55 114 1
4 366 379 355 604 55 114 1
4 366 380 353 602 55 116 1
4 366 381 352 602 55 116 1
4 366 382 350 602 55 116 1
4 366 383 348 602 55 116 1
4 366 384 346 600 55 116 1
4 366 385 344 600 56 116 1
4 366 386 343 599 55 117 1
4 366 387 341 599 55 117 1
4 366 388 339 597 55 119 1
4 366 389 339 597 55 119 1
4 366 390 337 595 55 121 1
4 366 391 336 595 55 121 1
4 366 392 334 595 55 121 1
4 366 393 332 593 55 123 1
4 366 394 330 593 55 123 1
4 366 395 330 592 55 124 1
4 366 396 328 592 56 124 1
4 366 397 327 590 55 126 1
4 366 398 325 590 55 126 1
4 366 399 323 590 55 126 1
4 366 400 321 588 55 128 1
4 366 401 321 588 55 128 1
4 366 402 320 586 55 130 1
4 366 403 318 586 55 130 1
4 366 404 316 584 55 132 1
4 366 405 314 584 55 132 1
4 366 406 312 583 56 133 1
4 366 407 312 583 56 133 1
4 366 408 311 583 55 131 1
4 366 409 309 581 55 133 1
4 366 410 307 581 55 133 1
4 366 411 305 579 55 135 1
4 366 412 304 579 55 135 1
4 366 413 304 577 55 137 1
4 366 414 302 577 55 137 1
4 366 415 300 577 55 137 1
4 366 416 298 576 55 138 1
4 366 417 296 576 56 138 1
4 366 418 295 574 55 140 1
4 366 419 295 574 55 140 1
4 366 420 293 572 55 142 1
4 366 421 291 572 55 142 1
4 366 422 289 570 55 144 1
4 366 423 288 570 55 144 1
4 366 424 286 570 55 144 1
4 366 425 286 568 55 146 1
4 366 426 284 568 55 146 1
4 366 427 282 567 55 147 1
4 366 428 280 567 56 147 1
4 366 429 279 565 55 149 1
4 366 430 277 565 55 149 1
4 366 431 277 565 55 149 1
4 366 432 275 563 55 149 1
4 366 433 273 563 55 148 1
4 366 434 273 563 55 148 1
4 366 435 272 563 55 146 1
4 366 436 272 561 53 148 1
4 366 437 270 561 55 146 1
4 366 438 270 561 53 146 1
4 366 439 268 561 53 144 1
4 366 440 268 560 53 145 1
4 366 441 266 560 54 144 1
4 366 442 266 560 52 144 1
4 366 443 264 560 54 142 1
4 366 444 263 558 53 144 1
4 366 445 263 558 51 142 1
4 366 446 261 558 53 142 1
4 366 447 261 558 51 140 1
4 366 448 259 556 52 142 1
4 366 449 259 556 52 140 1
4 366 450 257 556 52 140 1
4 366 451 257 556 50 139 1
4 366 452 256 554 51 141 1
4 366 453 256 554 49 139 1
4 366 454 254 554 50 139 1
4 366 455 252 554 52 137 1
4 366 456 252 552 50 139 1
4 366 457 250 552 50 137 1
4 366 458 250 552 50 137 1
4 366 459 248 552 50 136 1
4 366 460 248 551 48 137 1
4 366 461 247 551 49 135 1
4 366 462 247 551 48 135 1
4 366 463 245 551 48 133 1
4 366 464 245 551 48 133 1
4 366 465 243 549 48 133 1
4 366 466 241 549 48 133 1
4 366 467 241 549 48 131 1
4 366 468 240 547 48 133 1
4 366 469 240 547 46 132 1
4 366 470 238 547 48 132 1
4 366 471 238 545 46 134 1
4 366 472 236 545 48 132 1
4 366 473 236 545 46 132 1
4 366 474 234 544 46 131 1
4 366 475 234 544 46 131 1
4 366 476 232 544 47 129 1
4 366 477 232 544 47 129 1
4 366 478 231 542 46 131 1
4 366 479 231 542 44 130 1
4 366 480 229 542 46 130 1
4 366 481 229 540 44 130 1
4 366 482 227 540 46 130 1
4 366 483 227 540 45 130 1
4 366 484 225 538 45 130 1
4 366 485 225 538 45 130 1
4 366 486 224 538 44 128 1
4 366 487 224 538 44 128 1
4 366 488 222 536 44 128 1
4 366 489 222 536 42 128 1
4 366 490 220 536 44 128 1
4 366 491 220 535 43 128 1
4 366 492 218 535 45 128 1
4 366 493 218 535 43 126 1
4 366 494 216 533 43 128 1
4 366 495 216 533 43 128 1
4 366 496 215 533 42 126 1
4 366 497 215 533 42 126 1
4 366 498 213 531 43 126 1
4 366 499 213 531 41 126 1
4 366 500 211 531 43 125 1
4 366 501 211 529 41 127 1
4 366 502 209 529 43 127 1
4 366 503 209 529 41 125 1
4 366 504 208 528 40 126 1
4 366 505 208 528 40 124 1
4 366 506 206 528 41 124 1
4 366 507 206 528 41 124 1
4 366 508 204 526 41 124 1
4 366 509 204 526 41 124 1
4 366 510 202 526 41 122 1
4 366 511 202 524 41 124 1
4 366 512 200 524 43 124 1
4 366 513 200 524 41 123 1
4 366 514 199 524 42 123 1
4 366 515 199 522 41 123 1
4 366 516 197 522 43 123 1
4 366 517 197 522 43 123 1
4 366 518 195 520 43 123 1
4 366 519 195 520 43 123 1
4 366 520 195 520 43 123 1
4 366 521 193 520 43 121 1
4 366 522 193 519 43 122 1
4 366 523 192 519 42 121 1
4 366 524 192 519 42 121 1
4 366 525 190 517 44 123 1
4 366 526 190 517 42 121 1
4 366 527 188 517 44 121 1
4 366 528 188 517 44 121 1
4 366 529 186 515 45 121 1
4 366 530 186 515 45 121 1
4 366 531 184 515 45 119 1
4 366 532 184 515 45 119 1
4 366 533 184 513 45 121 1
4 366 534 183 513 44 119 1
4 366 535 183 513 44 119 1
4 366 536 181 512 44 119 1
4 366 537 181 512 44 119 1
4 366 538 179 512 46 119 1
4 366 539 179 512 45 117 1
4 366 540 177 510 47 119 1
4 366 541 177 510 47 119 1
4 366 542 176 510 46 117 1
4 366 543 176 508 46 119 1
4 366 544 174 508 46 117 1
4 366 545 174 508 46 117 1
4 366 546 174 508 46 117 1
4 366 547 172 506 46 118 1
4 366 548 172 506 46 118 1
4 366 549 170 506 48 118 1
4 366 550 170 504 46 118 1
4 366 551 168 504 48 118 1
4 366 552 168 504 47 116 1
4 366 553 167 504 48 116 1
4 366 554 167 503 48 117 1
4 366 555 165 503 48 115 1
4 366 556 165 503 48 115 1
4 366 557 165 503 48 115 1
4 366 558 165 501 46 115 1
4 366 559 165 501 46 115 1
4 366 560 165 499 46 116 1
4 366 561 165 499 46 116 1
4 366 562 167 499 44 114 1
4 366 563 167 497 44 116 1
4 366 564 167 497 44 116 1
4 366 565 167 497 44 114 1
4 366 566 168 496 43 115 1
4 366 567 168 496 43 113 1
4 366 568 168 496 43 113 1
4 366 569 168 494 43 114 1
4 366 570 170 494 41 114 1
4 366 571 170 494 41 114 1
4 366 572 170 492 41 114 1
4 366 573 170 492 41 114 1
4 366 574 170 492 41 112 1
4 366 575 172 490 39 114 1
4 366 576 172 490 39 112 1
4 366 577 172 490 39 112 1
4 366 578 172 488 39 114 1
4 366 579 174 488 37 112 1
4 366 580 174 488 37 112 1
4 366 581 174 487 37 112 1
4 366 582 174 487 37 112 1
4 366 583 176 487 35 112 1
4 366 584 176 485 35 112 1
4 366 585 176 485 35 112 1
4 366 586 176 485 37 110 1
4 366 587 176 483 37 112 1
4 366 588 177 483 38 110 1
4 366 589 177 483 38 110 1
4 366 590 177 481 38 112 1
4 366 591 177 481 39 111 1
4 366 592 179 481 37 111 1
4 366 593 179 481 39 109 1
4 366 594 179 480 39 110 1
4 366 595 179 480 39 110 1
4 366 596 181 480 39 108 1
4 366 597 181 478 39 110 1
4 366 598 181 478 41 108 1
4 366 599 181 478 41 108 1
4 366 600 183 478 41 108 1
4 366 601 183 476 41 108 1
4 366 602 184 476 41 108 1
4 366 603 186 476 41 108 1
4 366 604 188 476 41 108 1
4 366 605 188 476 43 108 1
4 366 606 190 476 42 108 1
4 366 607 192 476 42 108 1
4 366 608 193 476 43 108 1
4 366 609 193 476 45 108 1
4 366 610 195 476 45 108 1
4 366 611 197 476 44 108 1
4 366 612 199 476 44 108 1
4 366 613 199 474 42 109 1
4 366 614 199 474 42 109 1
4 366 615 199 474 41 107 1
4 366 616 200 474 40 107 1
4 366 617 200 472 40 107 1
4 366 618 202 472 38 105 1
4 366 619 202 472 41 105 1
4 366 620 202 472 43 104 1
4 366 621 204 472 44 104 1
4 366 622 206 472 44 104 1
4 366 623 206 472 44 102 1
4 366 624 208 472 44 102 1
4 366 625 208 471 44 101 1
4 366 626 209 471 45 101 1
4 366 627 209 471 45 99 1
4 366 628 209 471 45 99 1
4 366 629 211 471 45 97 1
4 366 630 211 469 45 98 1
4 366 631 213 469 44 98 1
4 366 632 213 469 44 96 1
4 366 633 215 469 44 96 1
4 366 634 216 464 45 101 1
4 366 635 218 464 45 101 1
4 366 636 218 464 45 101 1
4 366 637 220 464 43 101 1
4 366 638 220 464 43 101 1
4 366 639 222 464 41 101 1
5 137 0 1061 206 28 57 1
5 137 1 1061 206 28 57 1
5 137 2 1063 206 28 57 1
5 137 3 1064 206 29 57 1
5 137 4 1064 206 29 57 1
5 137 5 1064 206 29 57 1
5 137 6 1066 206 29 57 1
5 137 7 1068 206 28 57 1
5 137 8 1070 206 28 57 1
5 137 9 1072 206 28 57 1
5 137 10 1075 206 29 57 1
5 137 11 1075 206 29 57 1
5 137 12 1077 206 28 57 1
5 137 13 1079 206 28 57 1
5 137 14 1079 206 28 57 1
5 137 15 1080 206 29 57 1
5 137 16 1082 206 29 57 1
5 137 17 1084 206 28 57 1
5 137 18 1084 206 28 57 1
5 137 19 1086 206 28 57 1
5 137 20 1086 206 28 57 1
5 137 21 1088 206 28 57 1
5 137 22 1089 206 29 57 1
5 137 23 1091 206 29 57 1
5 137 24 1093 206 28 57 1
5 137 25 1095 206 28 57 1
5 137 26 1096 204 29 57 1
5 137 27 1098 204 29 57 1
5 137 28 1098 204 29 57 1
5 137 29 1100 204 28 57 1
5 137 30 1102 204 28 57 1
5 137 31 1102 204 28 57 1
5 137 32 1104 204 28 57 1
5 137 33 1105 204 29 57 1
5 137 34 1107 204 29 57 1
5 137 35 1109 204 28 57 1
5 137 36 1111 204 28 57 1
5 137 37 1112 204 29 57 1
5 137 38 1116 204 28 57 1
5 137 39 1116 204 28 57 1
5 137 40 1118 204 28 57 1
5 137 41 1120 204 28 57 1
5 137 42 1121 204 29 57 1
5 137 43 1123 204 29 57 1
5 137 44 1125 204 28 57 1
5 137 45 1127 204 28 57 1
5 137 46 1127 204 28 57 1
5 137 47 1128 204 29 57 1
5 137 48 1130 204 29 57 1
5 137 49 1132 204 28 57 1
5 137 50 1134 204 28 57 1
5 137 51 1134 204 28 57 1
5 137 52 1136 204 28 57 1
5 137 53 1137 204 29 57 1
5 137 54 1139 204 29 57 1
5 137 55 1141 204 28 57 1
5 137 56 1143 204 28 57 1
5 137 57 1143 204 28 57 1
5 137 58 1144 204 29 57 1
5 137 59 1146 204 29 57 1
5 137 60 1148 204 28 57 1
5 137 61 1150 204 28 57 1
5 137 62 1152 206 28 57 1
5 137 63 1153 204 29 57 1
5 137 64 1155 204 29 57 1
5 137 65 1155 202 29 57 1
5 137 66 1155 200 29 57 1
5 137 67 1157 200 28 57 1
5 137 68 1159 204 28 57 1
5 137 69 1160 208 29 56 1
5 137 70 1160 199 29 57 1
5 137 71 1171 206 29 57 1
5 137 72 1164 200 28 57 1
5 137 73 1168 200 28 57 1
5 137 74 1171 200 29 57 1
5 137 75 1173 200 28 57 1
5 137 76 1175 202 28 57 1
5 137 77 1180 197 28 57 1
5 137 78 1180 197 28 57 1
5 137 79 1180 197 28 57 1
5 137 80 1182 197 28 57 1
5 137 81 1182 197 28 57 1
5 137 82 1182 197 28 57 1
5 137 83 1184 199 28 57 1
5 137 84 1184 199 28 57 1
5 137 85 1185 200 29 57 1
5 137 86 1187 200 29 57 1
5 137 87 1189 202 28 57 1
5 137 88 1189 199 28 57 1
5 137 89 1189 197 28 57 1
5 137 90 1189 199 28 57 1
5 137 91 1191 200 28 57 1
5 137 92 1192 202 29 57 1
5 137 93 1194 202 29 57 1
5 137 94 1198 202 28 57 1
5 137 95 1201 202 29 57 1
5 137 96 1201 200 29 57 1
5 137 97 1201 199 29 57 1
5 137 98 1203 197 29 57 1
5 137 99 1205 197 28 57 1
5 137 100 1207 199 28 57 1
5 137 101 1208 200 29 57 1
5 137 102 1210 200 29 57 1
5 137 103 1212 200 28 57 1
5 137 104 1214 200 28 57 1
5 137 105 1216 200 28 57 1
5 137 106 1217 200 29 57 1
5 137 107 1219 200 29 57 1
5 137 108 1219 199 29 57 1
5 137 109 1221 197 28 57 1
5 137 110 1223 197 28 57 1
5 137 111 1224 197 29 57 1
5 137 112 1226 197 29 57 1
5 137 113 1228 197 28 57 1
5 137 114 1230 197 28 57 1
5 137 115 1232 197 28 57 1
5 137 116 1232 197 28 57 1
5 137 117 1233 197 29 57 1
5 137 118 1235 197 29 57 1
5 137 119 1237 197 28 57 1
5 137 120 1239 197 28 57 1
5 137 121 1240 197 29 57 1
5 137 122 1242 197 29 57 1
5 137 123 1244 197 28 57 1
5 137 124 1244 197 28 57 1
5 137 125 1246 197 28 57 1
5 137 126 1248 197 28 57 1
5 137 127 1249 197 27 57 1
5 137 128 1251 197 25 57 1
5 137 129 1253 197 25 57 1
5 137 130 1255 195 23 57 1
5 137 131 1256 193 22 57 1
5 137 132 1258 193 20 57 1
5 137 133 1260 193 18 57 1
5 137 134 1264 193 14 57 1
5 137 135 1264 193 14 57 1
5 137 136 1264 193 14 57 1
6 321 0 624 215 23 26 1
6 321 1 625 215 23 26 1
6 321 2 627 215 23 26 1
6 321 3 629 215 23 26 1
6 321 4 629 215 23 26 1
6 321 5 629 215 23 26 1
6 321 6 631 215 23 26 1
6 321 7 632 215 24 26 1
6 321 8 636 215 23 26 1
6 321 9 636 215 23 30 1
6 321 10 636 215 23 33 1
6 321 11 638 215 23 39 1
6 321 12 638 215 23 42 1
6 321 13 640 215 23 48 1
6 321 14 640 215 23 48 1
6 321 15 641 215 23 48 1
6 321 16 641 213 23 48 1
6 321 17 643 213 23 48 1
6 321 18 645 211 23 48 1
6 321 19 648 211 24 48 1
6 321 20 648 211 24 48 1
6 321 21 650 211 23 48 1
6 321 22 652 211 23 48 1
6 321 23 652 211 23 48 1
6 321 24 654 211 23 48 1
6 321 25 656 211 23 48 1
6 321 26 659 211 23 48 1
6 321 27 663 211 23 48 1
6 321 28 666 213 23 48 1
6 321 29 666 211 23 48 1
6 321 30 666 211 23 48 1
6 321 31 666 211 23 48 1
6 321 32 666 211 23 48 1
6 321 33 666 211 23 48 1
6 321 34 666 211 23 48 1
6 321 35 668 211 23 48 1
6 321 36 666 211 23 48 1
6 321 37 666 211 23 48 1
6 321 38 666 209 23 48 1
6 321 39 668 209 23 48 1
6 321 40 668 209 23 48 1
6 321 41 670 209 23 48 1
6 321 42 670 209 23 48 1
6 321 43 672 209 23 48 1
6 321 44 672 209 23 48 1
6 321 45 673 209 23 48 1
6 321 46 673 209 23 48 1
6 321 47 675 209 23 48 1
6 321 48 675 209 23 48 1
6 321 49 677 209 23 48 1
6 321 50 677 209 23 48 1
6 321 51 679 209 23 48 1
6 321 52 680 211 24 48 1
6 321 53 682 211 23 48 1
6 321 54 684 211 23 48 1
6 321 55 686 211 23 48 1
6 321 56 686 211 23 48 1
6 321 57 688 211 23 48 1
6 321 58 688 211 23 48 1
6 321 59 689 211 23 48 1
6 321 60 689 211 23 48 1
6 321 61 691 213 23 48 1
6 321 62 691 213 23 48 1
6 321 63 693 213 23 48 1
6 321 64 695 213 23 48 1
6 321 65 695 211 23 48 1
6 321 66 696 211 24 48 1
6 321 67 698 211 23 48 1
6 321 68 700 211 23 48 1
6 321 69 700 209 23 48 1
6 321 70 702 209 23 48 1
6 321 71 702 209 23 48 1
6 321 72 704 209 23 48 1
6 321 73 704 209 23 48 1
6 321 74 705 209 23 48 1
6 321 75 705 209 23 48 1
6 321 76 707 209 23 48 1
6 321 77 709 209 23 48 1
6 321 78 709 209 23 48 1
6 321 79 711 209 23 48 1
6 321 80 712 209 24 48 1
6 321 81 714 209 23 48 1
6 321 82 716 209 23 48 1
6 321 83 718 211 23 48 1
6 321 84 720 211 23 48 1
6 321 85 721 211 23 48 1
6 321 86 723 211 23 48 1
6 321 87 723 211 23 48 1
6 321 88 723 211 23 48 1
6 321 89 725 211 23 48 1
6 321 90 725 211 23 48 1
6 321 91 727 211 23 48 1
6 321 92 727 211 23 48 1
6 321 93 727 211 23 48 1
6 321 94 728 211 24 48 1
6 321 95 728 211 24 48 1
6 321 96 730 211 23 48 1
6 321 97 730 211 23 48 1
6 321 98 732 211 23 48 1
6 321 99 732 211 23 48 1
6 321 100 734 211 23 48 1
6 321 101 736 211 23 48 1
6 321 102 737 209 23 48 1
6 321 103 739 209 23 48 1
6 321 104 739 208 23 48 1
6 321 105 741 208 23 48 1
6 321 106 743 208 23 48 1
6 321 107 744 208 24 48 1
6 321 108 744 206 24 48 1
6 321 109 746 206 23 48 1
6 321 110 746 206 23 48 1
6 321 111 748 206 23 48 1
6 321 112 748 206 23 48 1
6 321 113 750 206 23 48 1
6 321 114 752 208 23 48 1
6 321 115 752 206 23 48 1
6 321 116 753 206 23 48 1
6 321 117 753 206 23 48 1
6 321 118 755 206 23 48 1
6 321 119 757 206 23 48 1
6 321 120 759 208 23 48 1
6 321 121 760 209 24 48 1
6 321 122 762 208 23 48 1
6 321 123 764 208 23 48 1
6 321 124 766 208 23 48 1
6 321 125 766 208 23 48 1
6 321 126 766 208 23 48 1
6 321 127 768 208 23 48 1
6 321 128 768 208 23 48 1
6 321 129 768 208 23 48 1
6 321 130 769 208 23 48 1
6 321 131 771 208 23 48 1
6 321 132 773 208 23 48 1
6 321 133 775 208 23 48 1
6 321 134 776 208 24 48 1
6 321 135 778 208 23 48 1
6 321 136 780 208 23 48 1
6 321 137 780 208 23 48 1
6 321 138 782 208 23 48 1
6 321 139 782 208 23 48 1
6 321 140 784 208 23 48 1
6 321 141 785 208 23 48 1
6 321 142 785 208 23 48 1
6 321 143 785 208 23 48 1
6 321 144 787 208 23 48 1
6 321 145 787 208 23 48 1
6 321 146 789 208 23 48 1
6 321 147 789 208 23 48 1
6 321 148 791 208 23 48 1
6 321 149 791 206 23 48 1
6 321 150 792 206 24 48 1
6 321 151 794 206 23 48 1
6 321 152 794 206 23 48 1
6 321 153 796 206 23 48 1
6 321 154 798 206 23 48 1
6 321 155 800 206 23 48 1
6 321 156 801 206 23 48 1
6 321 157 803 206 23 48 1
6 321 158 803 206 23 48 1
6 321 159 805 206 23 48 1
6 321 160 805 206 23 48 1
6 321 161 807 206 23 48 1
6 321 162 807 206 23 48 1
6 321 163 808 206 24 48 1
6 321 164 808 206 24 48 1
6 321 165 810 206 23 48 1
6 321 166 812 208 23 48 1
6 321 167 812 208 23 48 1
6 321 168 814 208 23 48 1
6 321 169 816 208 23 48 1
6 321 170 816 208 23 48 1
6 321 171 817 208 23 48 1
6 321 172 819 208 23 48 1
6 321 173 819 206 23 48 1
6 321 174 821 206 23 48 1
6 321 175 821 206 23 48 1
6 321 176 823 204 23 48 1
6 321 177 823 204 23 48 1
6 321 178 824 204 24 48 1
6 321 179 826 204 23 48 1
6 321 180 826 202 23 48 1
6 321 181 828 202 23 48 1
6 321 182 830 202 23 48 1
6 321 183 830 202 23 48 1
6 321 184 832 202 23 48 1
6 321 185 833 202 23 48 1
6 321 186 833 202 23 48 1
6 321 187 835 202 23 48 1
6 321 188 835 204 23 48 1
6 321 189 837 204 23 48 1
6 321 190 837 204 23 48 1
6 321 191 839 206 23 48 1
6 321 192 839 206 23 48 1
6 321 193 839 206 23 48 1
6 321 194 840 206 24 48 1
6 321 195 840 206 24 48 1
6 321 196 840 206 24 48 1
6 321 197 842 206 23 48 1
6 321 198 842 206 23 48 1
6 321 199 844 206 23 48 1
6 321 200 844 204 23 48 1
6 321 201 844 204 23 48 1
6 321 202 846 204 23 48 1
6 321 203 846 202 23 48 1
6 321 204 848 202 23 48 1
6 321 205 848 202 23 48 1
6 321 206 849 202 23 48 1
6 321 207 848 202 23 48 1
6 321 208 848 202 23 48 1
6 321 209 848 202 23 48 1
6 321 210 848 202 23 48 1
6 321 211 848 202 23 48 1
6 321 212 848 202 23 48 1
6 321 213 848 202 23 48 1
6 321 214 848 202 23 48 1
6 321 215 848 202 23 48 1
6 321 216 846 202 23 48 1
6 321 217 846 202 23 48 1
6 321 218 846 202 23 48 1
6 321 219 846 202 23 48 1
6 321 220 846 202 23 48 1
6 321 221 846 202 23 48 1
6 321 222 846 202 23 48 1
6 321 223 846 202 23 48 1
6 321 224 846 202 23 48 1
6 321 225 844 202 23 48 1
6 321 226 844 202 23 48 1
6 321 227 844 202 23 48 1
6 321 228 844 202 23 48 1
6 321 229 844 202 23 48 1
6 321 230 844 202 23 48 1
6 321 231 844 202 23 48 1
6 321 232 844 202 23 48 1
6 321 233 844 202 23 48 1
6 321 234 844 204 23 48 1
6 321 235 842 204 23 48 1
6 321 236 842 204 23 48 1
6 321 237 842 204 23 48 1
6 321 238 842 204 23 48 1
6 321 239 842 204 23 48 1
6 321 240 842 204 23 48 1
6 321 241 842 204 23 48 1
6 321 242 840 204 24 48 1
6 321 243 840 204 24 48 1
6 321 244 840 204 24 48 1
6 321 245 840 204 24 48 1
6 321 246 839 204 23 48 1
6 321 247 839 204 23 48 1
6 321 248 839 204 23 48 1
6 321 249 839 204 23 48 1
6 321 250 839 204 23 48 1
6 321 251 839 204 23 48 1
6 321 252 839 204 23 48 1
6 321 253 839 204 23 48 1
6 321 254 839 204 23 48 1
6 321 255 839 204 23 48 1
6 321 256 839 204 23 48 1
6 321 257 839 204 23 48 1
6 321 258 839 204 23 48 1
6 321 259 839 204 23 48 1
6 321 260 839 204 23 48 1
6 321 261 839 204 23 48 1
6 321 262 839 204 23 48 1
6 321 263 839 204 23 48 1
6 321 264 839 204 23 48 1
6 321 265 839 204 23 48 1
6 321 266 839 204 23 48 1
6 321 267 839 204 23 48 1
6 321 268 839 204 23 48 1
6 321 269 839 204 23 48 1
6 321 270 839 204 23 48 1
6 321 271 839 204 23 48 1
6 321 272 839 204 23 48 1
6 321 273 839 204 23 48 1
6 321 274 839 204 23 48 1
6 321 275 839 204 23 48 1
6 321 276 839 204 23 48 1
6 321 277 839 204 23 48 1
6 321 278 839 204 23 48 1
6 321 279 839 204 23 48 1
6 321 280 840 204 24 48 1
6 321 281 840 204 24 48 1
6 321 282 842 204 23 48 1
6 321 283 842 204 23 48 1
6 321 284 844 204 23 48 1
6 321 285 844 204 23 48 1
6 321 286 846 204 23 48 1
6 321 287 846 204 23 48 1
6 321 288 848 204 23 48 1
6 321 289 848 202 23 48 1
6 321 290 849 202 23 48 1
6 321 291 849 202 23 48 1
6 321 292 851 202 23 48 1
6 321 293 851 200 23 48 1
6 321 294 853 200 23 48 1
6 321 295 853 200 23 48 1
6 321 296 855 200 23 48 1
6 321 297 855 200 23 48 1
6 321 298 855 200 23 48 1
6 321 299 856 200 24 48 1
6 321 300 856 200 24 48 1
6 321 301 856 200 24 48 1
6 321 302 858 200 23 48 1
6 321 303 858 200 23 48 1
6 321 304 858 200 23 48 1
6 321 305 860 200 23 48 1
6 321 306 860 200 23 48 1
6 321 307 860 200 23 48 1
6 321 308 862 200 23 48 1
6 321 309 862 200 23 48 1
6 321 310 864 200 23 48 1
6 321 311 864 200 23 48 1
6 321 312 864 200 23 48 1
6 321 313 864 200 23 48 1
6 321 314 864 200 23 48 1
6 321 315 864 200 23 48 1
6 321 316 864 200 23 48 1
6 321 317 864 200 23 48 1
6 321 318 864 200 23 48 1
6 321 319 864 200 23 48 1
6 321 320 864 200 23 48 1
8 322 0 440 218 25 54 1
8 322 1 440 216 25 54 1
8 322 2 442 216 25 54 1
8 322 3 442 216 25 54 1
8 322 4 444 216 25 54 1
8 322 5 444 216 25 54 1
8 322 6 446 216 25 54 1
8 322 7 446 216 25 54 1
8 322 8 448 216 24 54 1
8 322 9 448 216 24 54 1
8 322 10 449 216 25 54 1
8 322 11 451 216 25 54 1
8 322 12 451 216 25 54 1
8 322 13 453 216 25 54 1
8 322 14 455 216 25 54 1
8 322 15 456 216 25 54 1
8 322 16 458 218 25 54 1
8 322 17 458 218 25 54 1
8 322 18 458 218 25 54 1
8 322 19 458 218 25 54 1
8 322 20 460 218 25 54 1
8 322 21 460 218 25 54 1
8 322 22 460 218 25 54 1
8 322 23 460 218 25 54 1
8 322 24 462 218 25 54 1
8 322 25 462 216 25 54 1
8 322 26 464 216 24 54 1
8 322 27 464 216 24 54 1
8 322 28 465 216 25 54 1
8 322 29 465 216 25 54 1
8 322 30 467 216 25 54 1
8 322 31 469 215 25 53 1
8 322 32 471 215 25 53 1
8 322 33 472 215 25 53 1
8 322 34 474 215 25 53 1
8 322 35 476 215 25 53 1
8 322 36 478 215 25 53 1
8 322 37 481 215 25 53 1
8 322 38 481 215 25 53 1
8 322 39 481 215 25 53 1
8 322 40 481 215 25 53 1
8 322 41 481 215 25 53 1
8 322 42 481 215 25 53 1
8 322 43 483 215 25 53 1
8 322 44 483 215 25 53 1
8 322 45 483 215 25 53 1
8 322 46 483 215 25 53 1
8 322 47 483 215 25 53 1
8 322 48 485 216 25 54 1
8 322 49 485 216 25 54 1
8 322 50 485 216 25 54 1
8 322 51 485 216 25 54 1
8 322 52 485 216 25 54 1
8 322 53 487 216 25 54 1
8 322 54 487 216 25 54 1
8 322 55 487 216 25 54 1
8 322 56 487 216 25 54 1
8 322 57 487 216 25 54 1
8 322 58 488 218 25 54 1
8 322 59 488 218 25 54 1
8 322 60 488 218 25 54 1
8 322 61 488 218 25 54 1
8 322 62 490 218 25 54 1
8 322 63 490 218 25 54 1
8 322 64 490 218 25 54 1
8 322 65 490 218 25 54 1
8 322 66 492 218 25 54 1
8 322 67 492 218 25 54 1
8 322 68 492 218 25 54 1
8 322 69 494 218 25 54 1
8 322 70 494 216 25 54 1
8 322 71 494 216 25 54 1
8 322 72 494 216 25 54 1
8 322 73 494 216 25 54 1
8 322 74 494 216 25 54 1
8 322 75 494 216 25 54 1
8 322 76 494 216 25 54 1
8 322 77 496 216 24 54 1
8 322 78 496 216 24 54 1
8 322 79 496 216 24 54 1
8 322 80 496 216 24 54 1
8 322 81 496 216 24 54 1
8 322 82 496 216 24 54 1
8 322 83 497 216 25 54 1
8 322 84 497 216 25 54 1
8 322 85 497 216 25 54 1
8 322 86 497 216 25 54 1
8 322 87 497 216 25 54 1
8 322 88 499 216 25 54 1
8 322 89 499 215 25 53 1
8 322 90 499 215 25 53 1
8 322 91 499 215 25 53 1
8 322 92 501 215 25 53 1
8 322 93 501 215 25 53 1
8 322 94 501 215 25 53 1
8 322 95 503 215 25 53 1
8 322 96 503 215 25 53 1
8 322 97 503 215 25 53 1
8 322 98 503 215 25 53 1
8 322 99 504 215 25 53 1
8 322 100 504 215 25 53 1
8 322 101 504 215 25 53 1
8 322 102 506 215 25 53 1
8 322 103 506 215 25 53 1
8 322 104 506 215 25 53 1
8 322 105 508 215 25 53 1
8 322 106 508 215 25 53 1
8 322 107 508 215 25 53 1
8 322 108 508 215 25 53 1
8 322 109 510 215 25 53 1
8 322 110 510 215 25 53 1
8 322 111 510 215 25 53 1
8 322 112 510 215 25 53 1
8 322 113 512 215 24 53 1
8 322 114 512 215 24 53 1
8 322 115 512 215 24 53 1
8 322 116 513 215 25 53 1
8 322 117 513 215 25 53 1
8 322 118 513 215 25 53 1
8 322 119 513 215 25 53 1
8 322 120 515 215 25 53 1
8 322 121 515 215 25 53 1
8 322 122 515 215 25 53 1
8 322 123 517 215 25 53 1
8 322 124 517 215 25 53 1
8 322 125 517 215 25 53 1
8 322 126 519 215 25 53 1
8 322 127 519 215 25 53 1
8 322 128 519 215 25 53 1
8 322 129 520 215 25 53 1
8 322 130 520 215 25 53 1
8 322 131 522 215 25 53 1
8 322 132 522 215 25 53 1
8 322 133 522 215 25 53 1
8 322 134 524 215 25 53 1
8 322 135 524 215 25 53 1
8 322 136 524 215 25 53 1
8 322 137 526 215 25 53 1
8 322 138 526 215 25 53 1
8 322 139 528 215 24 53 1
8 322 140 528 215 24 53 1
8 322 141 528 215 24 53 1
8 322 142 528 215 24 53 1
8 322 143 528 215 24 53 1
8 322 144 528 215 24 53 1
8 322 145 529 215 25 53 1
8 322 146 529 215 25 53 1
8 322 147 529 215 25 53 1
8 322 148 529 215 25 53 1
8 322 149 529 215 25 53 1
8 322 150 529 215 25 53 1
8 322 151 531 215 25 53 1
8 322 152 531 213 25 53 1
8 322 153 531 213 25 53 1
8 322 154 531 213 25 53 1
8 322 155 531 213 25 53 1
8 322 156 533 213 25 53 1
8 322 157 533 213 25 53 1
8 322 158 533 213 25 53 1
8 322 159 533 211 25 53 1
8 322 160 533 211 25 53 1
8 322 161 535 211 25 53 1
8 322 162 535 211 25 53 1
8 322 163 535 211 25 53 1
8 322 164 535 211 25 53 1
8 322 165 536 211 25 53 1
8 322 166 536 211 25 53 1
8 322 167 536 211 25 53 1
8 322 168 536 211 25 53 1
8 322 169 536 211 25 53 1
8 322 170 536 211 25 53 1
8 322 171 536 211 25 53 1
8 322 172 538 213 25 53 1
8 322 173 538 213 25 53 1
8 322 174 538 213 25 53 1
8 322 175 538 213 25 53 1
8 322 176 538 213 25 53 1
8 322 177 538 213 25 53 1
8 322 178 540 215 25 53 1
8 322 179 540 213 25 53 1
8 322 180 540 213 25 53 1
8 322 181 540 213 25 53 1
8 322 182 540 213 25 53 1
8 322 183 542 213 25 53 1
8 322 184 542 213 25 53 1
8 322 185 542 213 25 53 1
8 322 186 542 213 25 53 1
8 322 187 544 213 24 53 1
8 322 188 544 213 24 53 1
8 322 189 544 213 24 53 1
8 322 190 544 213 24 53 1
8 322 191 544 213 24 53 1
8 322 192 545 213 25 53 1
8 322 193 545 213 25 53 1
8 322 194 545 213 25 53 1
8 322 195 545 213 25 53 1
8 322 196 547 213 25 53 1
8 322 197 545 213 25 53 1
8 322 198 545 213 25 53 1
8 322 199 545 213 25 53 1
8 322 200 545 213 25 53 1
8 322 201 544 213 24 53 1
8 322 202 544 213 24 53 1
8 322 203 544 213 24 53 1
8 322 204 544 213 24 53 1
8 322 205 544 213 24 53 1
8 322 206 542 213 25 53 1
8 322 207 542 213 25 53 1
8 322 208 542 213 25 53 1
8 322 209 542 213 25 53 1
8 322 210 540 213 25 53 1
8 322 211 540 213 25 53 1
8 322 212 540 213 25 53 1
8 322 213 540 213 25 53 1
8 322 214 540 213 25 53 1
8 322 215 538 213 25 53 1
8 322 216 538 213 25 53 1
8 322 217 538 213 25 53 1
8 322 218 538 213 25 53 1
8 322 219 538 213 25 53 1
8 322 220 536 213 25 53 1
8 322 221 536 213 25 53 1
8 322 222 536 213 25 53 1
8 322 223 536 213 25 53 1
8 322 224 535 213 25 53 1
8 322 225 535 213 25 53 1
8 322 226 535 213 25 53 1
8 322 227 535 213 25 53 1
8 322 228 535 213 25 53 1
8 322 229 533 213 25 53 1
8 322 230 533 213 25 53 1
8 322 231 533 213 25 53 1
8 322 232 533 213 25 53 1
8 322 233 533 213 25 53 1
8 322 234 531 213 25 53 1
8 322 235 531 213 25 53 1
8 322 236 531 213 25 53 1
8 322 237 531 213 25 53 1
8 322 238 529 213 25 53 1
8 322 239 529 213 25 53 1
8 322 240 529 213 25 53 1
8 322 241 529 213 25 53 1
8 322 242 529 213 25 53 1
8 322 243 528 213 24 53 1
8 322 244 528 213 24 53 1
8 322 245 528 213 24 53 1
8 322 246 528 213 24 53 1
8 322 247 526 213 25 53 1
8 322 248 526 213 25 53 1
8 322 249 526 213 25 53 1
8 322 250 526 213 25 53 1
8 322 251 526 213 25 53 1
8 322 252 524 213 25 53 1
8 322 253 524 213 25 53 1
8 322 254 524 213 25 53 1
8 322 255 524 213 25 53 1
8 322 256 524 213 25 53 1
8 322 257 522 213 25 53 1
8 322 258 522 213 25 53 1
8 322 259 522 215 25 53 1
8 322 260 522 215 25 53 1
8 322 261 520 215 25 53 1
8 322 262 520 215 25 53 1
8 322 263 520 215 25 53 1
8 322 264 520 215 25 53 1
8 322 265 520 215 25 53 1
8 322 266 519 215 25 53 1
8 322 267 519 215 25 53 1
8 322 268 519 215 25 53 1
8 322 269 519 215 25 53 1
8 322 270 519 215 25 53 1
8 322 271 517 215 25 53 1
8 322 272 517 215 25 53 1
8 322 273 517 215 25 53 1
8 322 274 517 215 25 53 1
8 322 275 515 215 25 53 1
8 322 276 515 215 25 53 1
8 322 277 515 215 25 53 1
8 322 278 515 215 25 53 1
8 322 279 515 215 25 53 1
8 322 280 513 215 25 53 1
8 322 281 513 215 25 53 1
8 322 282 513 215 25 53 1
8 322 283 513 215 25 53 1
8 322 284 512 215 24 53 1
8 322 285 512 215 24 53 1
8 322 286 512 215 24 53 1
8 322 287 512 215 24 53 1
8 322 288 512 215 24 53 1
8 322 289 510 215 25 53 1
8 322 290 510 215 25 53 1
8 322 291 510 215 25 53 1
8 322 292 510 215 25 53 1
8 322 293 510 215 25 53 1
8 322 294 508 215 25 53 1
8 322 295 508 215 25 53 1
8 322 296 508 215 25 53 1
8 322 297 508 215 25 53 1
8 322 298 506 215 25 53 1
8 322 299 506 215 25 53 1
8 322 300 506 215 25 53 1
8 322 301 506 215 25 53 1
8 322 302 506 215 25 53 1
8 322 303 504 215 25 53 1
8 322 304 504 215 25 53 1
8 322 305 504 215 25 53 1
8 322 306 504 215 25 53 1
8 322 307 504 215 25 53 1
8 322 308 503 215 25 53 1
8 322 309 503 215 25 53 1
8 322 310 503 215 25 53 1
8 322 311 503 215 25 53 1
8 322 312 501 215 25 53 1
8 322 313 501 215 25 53 1
8 322 314 501 215 25 53 1
8 322 315 501 215 25 53 1
8 322 316 501 215 25 53 1
8 322 317 499 215 25 53 1
8 322 318 499 215 25 53 1
8 322 319 499 215 25 53 1
8 322 320 499 215 25 53 1
8 322 321 499 216 25 54 1
9 322 0 417 229 23 48 1
9 322 1 417 227 23 48 1
9 322 2 419 227 23 48 1
9 322 3 421 227 23 48 1
9 322 4 421 225 23 48 1
9 322 5 423 225 23 48 1
9 322 6 424 225 24 48 1
9 322 7 426 225 23 48 1
9 322 8 426 225 23 48 1
9 322 9 426 225 23 48 1
9 322 10 428 225 23 48 1
9 322 11 428 225 23 48 1
9 322 12 430 225 23 48 1
9 322 13 430 225 23 48 1
9 322 14 432 225 23 48 1
9 322 15 432 225 23 48 1
9 322 16 433 225 23 48 1
9 322 17 433 225 23 48 1
9 322 18 435 225 23 48 1
9 322 19 435 225 23 48 1
9 322 20 437 225 23 48 1
9 322 21 437 225 23 48 1
9 322 22 439 225 23 48 1
9 322 23 439 225 23 48 1
9 322 24 440 225 24 48 1
9 322 25 440 225 24 48 1
9 322 26 442 225 23 48 1
9 322 27 442 225 23 48 1
9 322 28 444 225 23 48 1
9 322 29 444 225 23 48 1
9 322 30 446 225 23 48 1
9 322 31 446 224 23 48 1
9 322 32 448 224 23 48 1
9 322 33 448 224 23 48 1
9 322 34 449 224 23 48 1
9 322 35 451 222 23 48 1
9 322 36 451 222 23 48 1
9 322 37 453 222 23 48 1
9 322 38 455 222 23 48 1
9 322 39 455 222 23 48 1
9 322 40 455 222 23 48 1
9 322 41 456 222 24 48 1
9 322 42 456 224 24 48 1
9 322 43 458 224 23 48 1
9 322 44 458 224 23 48 1
9 322 45 460 225 23 48 1
9 322 46 460 224 23 48 1
9 322 47 460 224 23 48 1
9 322 48 462 224 23 48 1
9 322 49 462 224 23 48 1
9 322 50 464 224 23 48 1
9 322 51 464 224 23 48 1
9 322 52 465 224 23 48 1
9 322 53 465 224 23 48 1
9 322 54 465 224 23 48 1
9 322 55 465 224 23 48 1
9 322 56 467 224 23 48 1
9 322 57 467 224 23 48 1
9 322 58 467 224 23 48 1
9 322 59 469 224 23 48 1
9 322 60 469 224 23 48 1
9 322 61 471 224 23 48 1
9 322 62 471 224 23 48 1
9 322 63 472 224 24 48 1
9 322 64 472 224 24 48 1
9 322 65 474 224 23 48 1
9 322 66 474 224 23 48 1
9 322 67 476 224 23 48 1
9 322 68 478 224 23 48 1
9 322 69 478 222 23 48 1
9 322 70 478 222 23 48 1
9 322 71 478 222 23 48 1
9 322 72 478 222 23 48 1
9 322 73 478 220 23 48 1
9 322 74 480 220 23 48 1
9 322 75 480 220 23 48 1
9 322 76 480 220 23 48 1
9 322 77 480 218 23 48 1
9 322 78 480 218 23 48 1
9 322 79 480 218 23 48 1
9 322 80 481 218 23 48 1
9 322 81 481 218 23 48 1
9 322 82 481 218 23 48 1
9 322 83 483 218 23 48 1
9 322 84 483 218 23 48 1
9 322 85 485 218 23 48 1
9 322 86 485 218 23 48 1
9 322 87 487 220 23 48 1
9 322 88 487 220 23 48 1
9 322 89 487 220 23 48 1
9 322 90 488 220 24 48 1
9 322 91 488 220 24 48 1
9 322 92 490 220 23 48 1
9 322 93 490 220 23 48 1
9 322 94 492 222 23 48 1
9 322 95 492 220 23 48 1
9 322 96 492 220 23 48 1
9 322 97 492 220 23 48 1
9 322 98 494 220 23 48 1
9 322 99 494 220 23 48 1
9 322 100 494 220 23 48 1
9 322 101 494 220 23 48 1
9 322 102 496 220 23 48 1
9 322 103 496 220 23 48 1
9 322 104 496 220 23 48 1
9 322 105 496 220 23 48 1
9 322 106 497 220 23 48 1
9 322 107 496 218 23 48 1
9 322 108 496 218 23 48 1
9 322 109 496 218 23 48 1
9 322 110 496 218 23 48 1
9 322 111 494 218 23 48 1
9 322 112 494 218 23 48 1
9 322 113 494 218 23 48 1
9 322 114 494 218 23 48 1
9 322 115 494 218 23 48 1
9 322 116 494 218 23 48 1
9 322 117 494 218 23 48 1
9 322 118 494 218 23 48 1
9 322 119 494 218 23 48 1
9 322 120 494 218 23 48 1
9 322 121 496 218 23 48 1
9 322 122 496 218 23 48 1
9 322 123 496 218 23 48 1
9 322 124 496 218 23 48 1
9 322 125 496 220 23 48 1
9 322 126 496 220 23 48 1
9 322 127 496 220 23 48 1
9 322 128 497 220 23 48 1
9 322 129 497 220 23 48 1
9 322 130 497 220 23 48 1
9 322 131 497 220 23 48 1
9 322 132 497 220 23 48 1
9 322 133 497 220 23 48 1
9 322 134 497 220 23 48 1
9 322 135 499 222 23 48 1
9 322 136 499 220 23 48 1
9 322 137 499 220 23 48 1
9 322 138 499 220 23 48 1
9 322 139 499 220 23 48 1
9 322 140 499 220 23 48 1
9 322 141 501 220 23 48 1
9 322 142 501 220 23 48 1
9 322 143 501 220 23 48 1
9 322 144 501 220 23 48 1
9 322 145 501 220 23 48 1
9 322 146 503 218 23 48 1
9 322 147 503 218 23 48 1
9 322 148 503 218 23 48 1
9 322 149 503 218 23 48 1
9 322 150 503 218 23 48 1
9 322 151 504 218 24 48 1
9 322 152 504 218 24 48 1
9 322 153 504 218 24 48 1
9 322 154 504 218 24 48 1
9 322 155 504 218 24 48 1
9 322 156 506 218 23 48 1
9 322 157 506 218 23 48 1
9 322 158 506 218 23 48 1
9 322 159 506 218 23 48 1
9 322 160 508 218 23 48 1
9 322 161 508 218 23 48 1
9 322 162 508 218 23 48 1
9 322 163 508 218 23 48 1
9 322 164 510 218 23 48 1
9 322 165 510 218 23 48 1
9 322 166 510 218 23 48 1
9 322 167 510 218 23 48 1
9 322 168 512 218 23 48 1
9 322 169 512 218 23 48 1
9 322 170 512 218 23 48 1
9 322 171 513 218 23 48 1
9 322 172 513 218 23 48 1
9 322 173 513 218 23 48 1
9 322 174 513 218 23 48 1
9 322 175 515 218 23 48 1
9 322 176 515 218 23 48 1
9 322 177 515 218 23 48 1
9 322 178 515 218 23 48 1
9 322 179 517 218 23 48 1
9 322 180 517 218 23 48 1
9 322 181 517 218 23 48 1
9 322 182 517 218 23 48 1
9 322 183 519 218 23 48 1
9 322 184 519 218 23 48 1
9 322 185 519 218 23 48 1
9 322 186 519 218 23 48 1
9 322 187 520 218 24 48 1
9 322 188 520 218 24 48 1
9 322 189 520 218 24 48 1
9 322 190 520 218 24 48 1
9 322 191 520 218 24 48 1
9 322 192 520 218 24 48 1
9 322 193 522 218 23 48 1
9 322 194 522 218 23 48 1
9 322 195 522 218 23 48 1
9 322 196 522 218 23 48 1
9 322 197 522 218 23 48 1
9 322 198 524 218 23 48 1
9 322 199 524 218 23 48 1
9 322 200 524 218 23 48 1
9 322 201 524 218 23 48 1
9 322 202 524 218 23 48 1
9 322 203 526 218 23 48 1
9 322 204 526 218 23 48 1
9 322 205 526 218 23 48 1
9 322 206 526 218 23 48 1
9 322 207 526 218 23 48 1
9 322 208 526 218 23 48 1
9 322 209 526 218 23 48 1
9 322 210 528 218 23 48 1
9 322 211 528 218 23 48 1
9 322 212 528 218 23 48 1
9 322 213 528 218 23 48 1
9 322 214 528 218 23 48 1
9 322 215 528 218 23 48 1
9 322 216 529 218 23 48 1
9 322 217 529 218 23 48 1
9 322 218 529 218 23 48 1
9 322 219 529 218 23 48 1
9 322 220 529 218 23 48 1
9 322 221 529 218 23 48 1
9 322 222 531 218 23 48 1
9 322 223 531 216 23 48 1
9 322 224 531 216 23 48 1
9 322 225 531 216 23 48 1
9 322 226 531 216 23 48 1
9 322 227 531 216 23 48 1
9 322 228 531 216 23 48 1
9 322 229 531 216 23 48 1
9 322 230 531 216 23 48 1
9 322 231 531 216 23 48 1
9 322 232 531 216 23 48 1
9 322 233 531 216 23 48 1
9 322 234 531 216 23 48 1
9 322 235 531 216 23 48 1
9 322 236 531 216 23 48 1
9 322 237 531 216 23 48 1
9 322 238 531 216 23 48 1
9 322 239 531 216 23 48 1
9 322 240 533 216 23 48 1
9 322 241 531 216 23 48 1
9 322 242 531 216 23 48 1
9 322 243 531 216 23 48 1
9 322 244 529 216 23 48 1
9 322 245 529 216 23 48 1
9 322 246 529 216 23 48 1
9 322 247 529 216 23 48 1
9 322 248 528 216 23 48 1
9 322 249 528 216 23 48 1
9 322 250 528 216 23 48 1
9 322 251 526 216 23 48 1
9 322 252 526 216 23 48 1
9 322 253 526 216 23 48 1
9 322 254 526 216 23 48 1
9 322 255 524 216 23 48 1
9 322 256 524 216 23 48 1
9 322 257 524 216 23 48 1
9 322 258 522 216 23 48 1
9 322 259 522 216 23 48 1
9 322 260 522 216 23 48 1
9 322 261 522 216 23 48 1
9 322 262 520 216 24 48 1
9 322 263 520 216 24 48 1
9 322 264 520 216 24 48 1
9 322 265 519 216 23 48 1
9 322 266 519 216 23 48 1
9 322 267 519 218 23 48 1
9 322 268 519 218 23 48 1
9 322 269 517 218 23 48 1
9 322 270 517 218 23 48 1
9 322 271 517 218 23 48 1
9 322 272 515 218 23 48 1
9 322 273 515 218 23 48 1
9 322 274 515 218 23 48 1
9 322 275 515 218 23 48 1
9 322 276 513 218 23 48 1
9 322 277 513 218 23 48 1
9 322 278 513 218 23 48 1
9 322 279 512 218 23 48 1
9 322 280 512 218 23 48 1
9 322 281 512 218 23 48 1
9 322 282 512 218 23 48 1
9 322 283 510 218 23 48 1
9 322 284 510 218 23 48 1
9 322 285 510 218 23 48 1
9 322 286 508 218 23 48 1
9 322 287 508 218 23 48 1
9 322 288 508 218 23 48 1
9 322 289 508 218 23 48 1
9 322 290 506 218 23 48 1
9 322 291 506 218 23 48 1
9 322 292 506 218 23 48 1
9 322 293 504 218 24 48 1
9 322 294 504 220 24 48 1
9 322 295 504 220 24 48 1
9 322 296 504 220 24 48 1
9 322 297 503 220 23 48 1
9 322 298 503 220 23 48 1
9 322 299 503 220 23 48 1
9 322 300 501 220 23 48 1
9 322 301 501 220 23 48 1
9 322 302 501 220 23 48 1
9 322 303 501 220 23 48 1
9 322 304 499 220 23 48 1
9 322 305 499 220 23 48 1
9 322 306 499 220 23 48 1
9 322 307 497 220 23 48 1
9 322 308 497 220 23 48 1
9 322 309 497 220 23 48 1
9 322 310 497 220 23 48 1
9 322 311 496 220 23 48 1
9 322 312 496 220 23 48 1
9 322 313 496 220 23 48 1
9 322 314 494 220 23 48 1
9 322 315 494 220 23 48 1
9 322 316 494 220 23 48 1
9 322 317 494 220 23 48 1
9 322 318 492 220 23 48 1
9 322 319 492 220 23 48 1
9 322 320 492 220 23 48 1
9 322 321 492 222 23 48 1
10 247 0 622 214 21 44 1
10 247 1 622 214 21 44 1
10 247 2 622 214 21 44 1
10 247 3 622 214 21 44 1
10 247 4 622 214 21 44 1
10 247 5 622 214 21 44 1
10 247 6 622 214 21 44 1
10 247 7 622 214 21 44 1
10 247 8 622 214 21 44 1
10 247 9 622 214 21 44 1
10 247 10 622 214 21 44 1
10 247 11 622 214 21 44 1
10 247 12 622 214 21 44 1
10 247 13 623 213 21 44 1
10 247 14 624 213 21 44 1
10 247 15 625 213 21 44 1
10 247 16 626 213 21 44 1
10 247 17 627 213 21 44 1
10 247 18 628 213 21 44 1
10 247 19 629 213 21 44 1
10 247 20 630 213 21 44 1
10 247 21 632 213 21 44 1
10 247 22 633 213 21 44 1
10 247 23 634 213 21 44 1
10 247 24 635 212 21 44 1
10 247 25 636 212 21 44 1
10 247 26 637 212 21 44 1
10 247 27 638 212 21 44 1
10 247 28 639 212 21 44 1
10 247 29 641 212 21 44 1
10 247 30 642 212 21 44 1
10 247 31 643 212 21 44 1
10 247 32 644 212 21 44 1
10 247 33 645 212 21 44 1
10 247 34 646 212 21 44 1
10 247 35 647 211 21 44 1
10 247 36 648 211 21 44 1
10 247 37 649 211 21 44 1
10 247 38 651 211 21 44 1
10 247 39 652 211 21 44 1
10 247 40 653 211 21 44 1
10 247 41 654 211 21 44 1
10 247 42 655 211 21 44 1
10 247 43 656 211 21 44 1
10 247 44 657 211 21 44 1
10 247 45 658 211 21 44 1
10 247 46 660 211 21 44 1
10 247 47 661 211 21 44 1
10 247 48 662 211 21 44 1
10 247 49 663 211 21 44 1
10 247 50 665 211 21 44 1
10 247 51 666 211 21 44 1
10 247 52 667 211 21 44 1
10 247 53 668 211 21 44 1
10 247 54 670 211 21 44 1
10 247 55 671 211 21 44 1
10 247 56 672 211 21 44 1
10 247 57 674 211 21 44 1
10 247 58 675 211 21 44 1
10 247 59 676 211 21 44 1
10 247 60 677 211 21 44 1
10 247 61 679 211 21 44 1
10 247 62 680 211 21 44 1
10 247 63 681 211 21 44 1
10 247 64 683 211 21 44 1
10 247 65 684 211 21 44 1
10 247 66 685 211 21 44 1
10 247 67 686 211 21 44 1
10 247 68 688 211 21 44 1
10 247 69 689 211 21 44 1
10 247 70 690 211 21 44 1
10 247 71 691 211 21 44 1
10 247 72 693 211 21 44 1
10 247 73 694 211 21 44 1
10 247 74 695 211 21 44 1
10 247 75 697 211 21 44 1
10 247 76 698 211 21 44 1
10 247 77 699 211 21 44 1
10 247 78 700 211 21 44 1
10 247 79 702 211 21 44 1
10 247 80 703 211 21 44 1
10 247 81 704 211 21 44 1
10 247 82 706 211 21 44 1
10 247 83 707 211 21 44 1
10 247 84 708 211 21 44 1
10 247 85 709 211 21 44 1
10 247 86 711 211 21 44 1
10 247 87 712 211 21 44 1
10 247 88 713 211 21 44 1
10 247 89 715 212 21 44 1
10 247 90 716 211 21 44 1
10 247 91 717 211 21 44 1
10 247 92 718 211 21 44 1
10 247 93 720 211 21 44 1
10 247 94 721 211 21 44 1
10 247 95 722 211 21 44 1
10 247 96 723 211 21 44 1
10 247 97 725 211 21 44 1
10 247 98 726 211 21 44 1
10 247 99 727 211 21 44 1
10 247 100 728 211 21 44 1
10 247 101 730 211 21 44 1
10 247 102 731 211 21 44 1
10 247 103 732 211 21 44 1
10 247 104 734 211 21 44 1
10 247 105 735 211 21 44 1
10 247 106 736 211 21 44 1
10 247 107 737 211 21 44 1
10 247 108 739 211 21 44 1
10 247 109 740 211 21 44 1
10 247 110 741 211 21 44 1
10 247 111 742 211 21 44 1
10 247 112 744 210 21 44 1
10 247 113 745 210 21 44 1
10 247 114 746 210 21 44 1
10 247 115 747 210 21 44 1
10 247 116 749 210 21 44 1
10 247 117 750 210 21 44 1
10 247 118 751 210 21 44 1
10 247 119 753 210 21 44 1
10 247 120 754 210 21 44 1
10 247 121 755 210 21 44 1
10 247 122 756 210 21 44 1
10 247 123 758 210 21 44 1
10 247 124 759 210 21 44 1
10 247 125 760 210 21 44 1
10 247 126 761 210 21 44 1
10 247 127 763 210 21 44 1
10 247 128 764 210 21 44 1
10 247 129 765 210 21 44 1
10 247 130 766 210 21 44 1
10 247 131 768 210 21 44 1
10 247 132 769 210 21 44 1
10 247 133 770 210 21 44 1
10 247 134 772 210 21 44 1
10 247 135 772 209 21 44 1
10 247 136 773 209 21 44 1
10 247 137 774 209 21 44 1
10 247 138 775 209 21 44 1
10 247 139 776 209 21 44 1
10 247 140 776 209 21 44 1
10 247 141 777 209 21 44 1
10 247 142 778 209 21 44 1
10 247 143 779 209 21 44 1
10 247 144 780 209 21 44 1
10 247 145 781 209 21 44 1
10 247 146 781 209 21 44 1
10 247 147 782 209 21 44 1
10 247 148 783 209 21 44 1
10 247 149 784 209 21 44 1
10 247 150 785 209 21 44 1
10 247 151 786 209 21 44 1
10 247 152 786 208 21 44 1
10 247 153 787 208 21 44 1
10 247 154 788 208 21 44 1
10 247 155 789 208 21 44 1
10 247 156 790 208 21 44 1
10 247 157 791 208 21 44 1
10 247 158 791 208 21 44 1
10 247 159 792 208 21 44 1
10 247 160 793 208 21 44 1
10 247 161 794 208 21 44 1
10 247 162 795 208 21 44 1
10 247 163 796 208 21 44 1
10 247 164 796 208 21 44 1
10 247 165 797 208 21 44 1
10 247 166 798 208 21 44 1
10 247 167 799 208 21 44 1
10 247 168 800 208 21 44 1
10 247 169 801 208 21 44 1
10 247 170 801 207 21 44 1
10 247 171 802 207 21 44 1
10 247 172 803 207 21 44 1
10 247 173 804 207 21 44 1
10 247 174 805 207 21 44 1
10 247 175 806 207 21 44 1
10 247 176 806 207 21 44 1
10 247 177 807 207 21 44 1
10 247 178 808 207 21 44 1
10 247 179 809 207 21 44 1
10 247 180 810 207 21 44 1
10 247 181 811 207 21 44 1
10 247 182 811 207 21 44 1
10 247 183 812 207 21 44 1
10 247 184 813 207 21 44 1
10 247 185 814 207 21 44 1
10 247 186 815 207 21 44 1
10 247 187 816 207 21 44 1
10 247 188 816 206 21 44 1
10 247 189 817 206 21 44 1
10 247 190 817 206 21 44 1
10 247 191 818 206 21 44 1
10 247 192 818 206 21 44 1
10 247 193 819 206 21 44 1
10 247 194 820 206 21 44 1
10 247 195 820 205 21 44 1
10 247 196 821 205 21 44 1
10 247 197 821 205 21 44 1
10 247 198 822 205 21 44 1
10 247 199 822 205 21 44 1
10 247 200 823 205 21 44 1
10 247 201 824 205 21 44 1
10 247 202 824 204 21 44 1
10 247 203 825 204 21 44 1
10 247 204 825 204 21 44 1
10 247 205 826 204 21 44 1
10 247 206 826 204 21 44 1
10 247 207 827 204 21 44 1
10 247 208 828 204 21 44 1
10 247 209 828 203 21 44 1
10 247 210 829 203 21 44 1
10 247 211 829 203 21 44 1
10 247 212 830 203 21 44 1
10 247 213 830 203 21 44 1
10 247 214 831 203 21 44 1
10 247 215 832 203 21 44 1
10 247 216 832 202 21 44 1
10 247 217 833 202 21 44 1
10 247 218 833 202 21 44 1
10 247 219 834 202 21 44 1
10 247 220 834 202 21 44 1
10 247 221 835 202 21 44 1
10 247 222 836 202 21 44 1
10 247 223 836 202 21 44 1
10 247 224 837 202 21 44 1
10 247 225 838 202 21 44 1
10 247 226 839 202 21 44 1
10 247 227 840 202 21 44 1
10 247 228 841 202 21 44 1
10 247 229 842 202 21 44 1
10 247 230 843 202 21 44 1
10 247 231 843 202 21 44 1
10 247 232 844 202 21 44 1
10 247 233 845 202 21 44 1
10 247 234 846 202 21 44 1
10 247 235 847 202 21 44 1
10 247 236 848 202 21 44 1
10 247 237 849 202 21 44 1
10 247 238 850 202 21 44 1
10 247 239 850 202 21 44 1
10 247 240 851 202 21 44 1
10 247 241 852 202 21 44 1
10 247 242 853 202 21 44 1
10 247 243 854 202 21 44 1
10 247 244 855 202 21 44 1
10 247 245 856 202 21 44 1
10 247 246 857 202 21 44 1
