0 322 0 330 268 27 68 1
0 322 1 327 268 28 68 1
0 322 2 325 268 28 68 1
0 322 3 323 268 29 68 1
0 322 4 321 268 29 68 1
0 322 5 320 268 28 68 1
0 322 6 318 268 28 68 1
0 322 7 314 268 30 68 1
0 322 8 312 268 31 68 1
0 322 9 311 268 30 68 1
0 322 10 309 268 30 69 1
0 322 11 307 268 30 69 1
0 322 12 305 268 31 69 1
0 322 13 304 270 30 67 1
0 322 14 300 270 32 67 1
0 322 15 298 270 32 67 1
0 322 16 296 270 32 67 1
0 322 17 295 270 32 67 1
0 322 18 293 270 32 67 1
0 322 19 291 270 32 67 1
0 322 20 288 270 35 69 1
0 322 21 286 270 35 69 1
0 322 22 284 270 36 69 1
0 322 23 282 270 36 69 1
0 322 24 280 270 36 69 1
0 322 25 279 270 35 69 1
0 322 26 277 272 35 67 1
0 322 27 273 272 38 67 1
0 322 28 272 272 37 67 1
0 322 29 270 272 37 67 1
0 322 30 268 272 37 69 1
0 322 31 266 272 38 69 1
0 322 32 264 272 38 69 1
0 322 33 261 272 39 69 1
0 322 34 259 272 39 69 1
0 322 35 257 272 39 69 1
0 322 36 256 272 39 69 1
0 322 37 254 272 39 69 1
0 322 38 252 272 39 69 1
0 322 39 250 273 41 70 1
0 322 40 247 273 41 70 1
0 322 41 245 273 41 70 1
0 322 42 243 273 41 70 1
0 322 43 241 273 39 70 1
0 322 44 240 273 39 70 1
0 322 45 238 273 39 70 1
0 322 46 236 273 37 71 1
0 322 47 232 273 40 71 1
0 322 48 231 273 39 71 1
0 322 49 229 273 37 71 1
0 322 50 227 275 37 69 1
0 322 51 225 275 38 69 1
0 322 52 224 275 35 69 1
0 322 53 222 275 35 71 1
0 322 54 218 275 38 71 1
0 322 55 216 275 36 71 1
0 322 56 215 275 35 71 1
0 322 57 213 275 35 71 1
0 322 58 211 275 34 71 1
0 322 59 209 275 34 71 1
0 322 60 208 277 33 71 1
0 322 61 204 277 34 71 1
0 322 62 200 277 34 71 1
0 322 63 199 277 33 71 1
0 322 64 195 277 34 71 1
0 322 65 193 277 34 71 1
0 322 66 190 277 34 71 1
0 322 67 188 277 32 71 1
0 322 68 184 277 34 71 1
0 322 69 183 277 32 71 1
0 322 70 179 277 34 71 1
0 322 71 177 277 32 71 1
0 322 72 174 277 32 71 1
0 322 73 170 277 34 71 1
0 322 74 168 277 32 71 1
0 322 75 165 277 34 71 1
0 322 76 163 277 32 71 1
0 322 77 160 277 33 71 1
0 322 78 158 277 32 71 1
0 322 79 154 277 32 71 1
0 322 80 152 277 32 71 1
0 322 81 149 277 32 71 1
0 322 82 147 277 32 71 1
0 322 83 144 277 32 71 1
0 322 84 142 277 30 71 1
0 322 85 138 277 32 71 1
0 322 86 135 277 32 71 1
0 322 87 133 277 32 71 1
0 322 88 129 277 32 71 1
0 322 89 128 277 30 71 1
0 322 90 124 277 32 71 1
0 322 91 122 277 30 71 1
0 322 92 119 277 32 71 1
0 322 93 117 277 30 71 1
0 322 94 113 277 32 71 1
0 322 95 112 277 30 71 1
0 322 96 108 277 30 71 1
0 322 97 106 277 30 71 1
0 322 98 103 277 30 71 1
0 322 99 99 277 32 71 1
0 322 100 97 277 31 71 1
0 322 101 94 277 30 71 1
0 322 102 92 277 30 71 1
0 322 103 88 277 31 71 1
0 322 104 87 277 30 71 1
0 322 105 83 277 30 71 1
0 322 106 81 277 29 71 1
0 322 107 78 277 30 71 1
0 322 108 76 277 28 71 1
0 322 109 72 277 31 71 1
0 322 110 71 277 28 71 1
0 322 111 67 277 30 71 1
0 322 112 64 277 30 71 1
0 322 113 62 277 28 71 1
0 322 114 58 277 30 71 1
0 322 115 56 277 29 71 1
0 322 116 53 277 30 71 1
0 322 117 51 277 29 71 1
0 322 118 48 277 28 71 1
0 322 119 46 277 28 71 1
0 322 120 42 277 29 71 1
0 322 121 40 277 29 71 1
0 322 122 37 277 28 71 1
0 322 123 35 277 29 71 1
0 322 124 33 277 27 71 1
0 322 125 32 277 26 71 1
0 322 126 30 277 25 71 1
0 322 127 28 277 25 71 1
0 322 128 26 277 23 71 1
0 322 129 24 277 24 71 1
0 322 130 23 279 21 71 1
0 322 131 21 279 21 71 1
0 322 132 19 279 20 71 1
0 322 133 17 279 20 71 1
0 322 134 16 279 17 71 1
0 322 135 14 279 18 71 1
0 322 136 12 279 16 71 1
0 322 137 10 280 16 72 1
0 322 138 8 280 15 72 1
0 322 139 7 280 14 72 1
0 322 140 5 280 12 72 1
0 322 141 3 280 13 72 1
0 322 142 1 280 11 72 1
0 322 143 0 282 10 71 1
0 322 144 0 282 10 71 1
0 322 145 0 282 10 71 1
0 322 146 0 282 10 71 1
0 322 321 208 277 33 71 1
1 322 0 298 234 14 39 1
1 322 1 296 232 15 40 1
1 322 2 296 232 15 40 1
1 322 3 296 232 15 40 1
1 322 4 296 232 15 40 1
1 322 5 296 232 15 40 1
1 322 6 296 232 15 40 1
1 322 7 296 232 15 40 1
1 322 8 296 232 15 40 1
1 322 9 296 232 15 40 1
1 322 10 296 232 15 40 1
1 322 11 295 232 16 40 1
1 322 12 295 232 16 40 1
1 322 13 295 232 14 40 1
1 322 14 295 232 14 40 1
1 322 15 295 232 14 40 1
1 322 16 295 232 14 40 1
1 322 17 295 232 14 40 1
1 322 18 295 232 14 40 1
1 322 19 295 232 14 40 1
1 322 20 295 232 14 40 1
1 322 21 293 232 16 40 1
1 322 22 293 232 16 40 1
1 322 23 293 232 16 40 1
1 322 24 293 232 16 40 1
1 322 25 293 232 16 40 1
1 322 26 293 232 14 40 1
1 322 27 293 232 14 40 1
1 322 28 293 232 14 40 1
1 322 29 293 232 14 40 1
1 322 30 293 232 14 40 1
1 322 31 291 232 16 40 1
1 322 32 291 232 16 40 1
1 322 33 291 232 16 38 1
1 322 34 291 232 16 38 1
1 322 35 291 232 16 38 1
1 322 36 291 232 16 38 1
1 322 37 291 232 16 38 1
1 322 38 291 232 16 38 1
1 322 39 291 232 14 38 1
1 322 40 291 232 14 38 1
1 322 41 289 232 16 38 1
1 322 42 289 232 16 38 1
1 322 43 289 231 16 39 1
1 322 44 289 231 16 39 1
1 322 45 289 231 16 39 1
1 322 46 289 231 16 39 1
1 322 47 289 231 16 39 1
1 322 48 289 231 16 39 1
1 322 49 289 231 16 39 1
1 322 50 289 231 16 39 1
1 322 51 289 231 16 39 1
1 322 52 288 231 16 39 1
1 322 53 288 231 16 39 1
1 322 54 288 231 16 39 1
1 322 55 288 231 16 39 1
1 322 56 288 231 16 39 1
1 322 57 288 231 16 39 1
1 322 58 288 231 16 39 1
1 322 59 288 231 16 39 1
1 322 60 288 231 16 39 1
1 322 61 288 231 16 39 1
1 322 62 286 231 18 39 1
1 322 63 286 231 18 39 1
1 322 64 286 231 18 39 1
1 322 65 286 231 16 37 1
1 322 66 286 231 16 37 1
1 322 67 286 231 16 37 1
1 322 68 286 231 16 37 1
1 322 69 286 231 16 37 1
1 322 70 286 231 16 37 1
1 322 71 286 231 16 37 1
1 322 72 284 231 18 37 1
1 322 73 284 231 18 37 1
1 322 74 284 231 18 37 1
1 322 75 284 231 18 37 1
1 322 76 284 231 18 37 1
1 322 77 284 231 16 37 1
1 322 78 284 231 16 37 1
1 322 79 284 231 16 37 1
1 322 80 284 231 16 37 1
1 322 81 284 231 16 37 1
1 322 82 282 231 18 37 1
1 322 83 282 231 18 37 1
1 322 84 282 231 18 37 1
1 322 85 282 231 18 37 1
1 322 86 282 229 18 39 1
1 322 87 282 229 18 39 1
1 322 88 282 229 18 39 1
1 322 89 282 229 18 39 1
1 322 90 282 229 16 39 1
1 322 91 282 229 16 39 1
1 322 92 282 229 16 39 1
1 322 93 280 229 18 39 1
1 322 94 280 229 18 39 1
1 322 95 280 229 18 39 1
1 322 96 280 229 18 39 1
1 322 97 280 229 18 37 1
1 322 98 280 229 18 37 1
1 322 99 280 229 18 37 1
1 322 100 280 229 18 37 1
1 322 101 280 229 18 37 1
1 322 102 280 229 18 37 1
1 322 103 279 229 17 37 1
1 322 104 279 229 17 37 1
1 322 105 279 229 17 37 1
1 322 106 279 229 17 37 1
1 322 107 279 229 17 37 1
1 322 108 279 229 17 37 1
1 322 109 279 229 17 37 1
1 322 110 279 229 17 37 1
1 322 111 279 229 17 37 1
1 322 112 279 229 17 37 1
1 322 113 277 229 19 37 1
1 322 114 277 229 19 37 1
1 322 115 277 229 19 37 1
1 322 116 277 229 18 37 1
1 322 117 277 229 18 37 1
1 322 118 277 229 18 37 1
1 322 119 277 229 18 37 1
1 322 120 277 229 18 37 1
1 322 121 277 229 18 37 1
1 322 122 277 229 18 37 1
1 322 123 275 229 20 37 1
1 322 124 275 229 20 37 1
1 322 125 275 229 20 37 1
1 322 126 275 229 20 37 1
1 322 127 275 229 20 37 1
1 322 128 275 229 20 37 1
1 322 129 275 227 18 37 1
1 322 130 275 227 18 37 1
1 322 131 275 227 18 37 1
1 322 132 275 227 18 37 1
1 322 133 275 227 18 37 1
1 322 134 273 227 20 37 1
1 322 135 273 227 20 37 1
1 322 136 273 227 20 37 1
1 322 137 273 227 20 37 1
1 322 138 273 227 20 37 1
1 322 139 273 227 20 37 1
1 322 140 273 227 20 37 1
1 322 141 273 227 18 37 1
1 322 142 273 227 18 37 1
1 322 143 273 227 18 37 1
1 322 144 272 227 19 37 1
1 322 145 272 227 19 37 1
1 322 146 272 227 19 37 1
1 322 147 272 227 19 37 1
1 322 148 272 227 19 37 1
1 322 149 272 227 19 37 1
1 322 150 272 227 19 37 1
1 322 151 272 227 19 37 1
1 322 152 272 227 19 37 1
1 322 153 272 227 19 37 1
1 322 154 270 227 19 37 1
1 322 155 270 227 19 37 1
1 322 156 270 227 19 37 1
1 322 157 270 227 19 37 1
1 322 158 270 227 19 37 1
1 322 159 270 227 19 37 1
1 322 160 270 227 19 37 1
1 322 161 270 227 19 36 1
1 322 162 270 227 19 36 1
1 322 163 270 227 19 36 1
1 322 164 268 227 21 36 1
1 322 165 268 227 21 36 1
1 322 166 268 227 21 36 1
1 322 167 268 227 20 36 1
1 322 168 268 227 20 36 1
1 322 169 268 227 20 36 1
1 322 170 268 227 20 36 1
1 322 171 268 225 20 38 1
1 322 172 268 225 20 38 1
1 322 173 268 225 20 38 1
1 322 174 268 225 20 38 1
1 322 175 266 225 22 38 1
1 322 176 266 225 22 38 1
1 322 177 266 225 22 38 1
1 322 178 266 225 22 38 1
1 322 179 266 225 22 38 1
1 322 180 266 225 20 38 1
1 322 181 266 225 20 38 1
1 322 182 266 225 20 38 1
1 322 183 266 225 20 38 1
1 322 184 266 225 20 38 1
1 322 185 264 225 22 38 1
1 322 186 264 225 22 38 1
1 322 187 264 225 22 38 1
1 322 188 264 225 22 38 1
1 322 189 264 225 22 38 1
1 322 190 264 225 22 38 1
1 322 191 264 225 22 38 1
1 322 192 264 225 22 38 1
1 322 193 264 225 20 36 1
1 322 194 264 225 20 36 1
1 322 195 263 225 21 36 1
1 322 196 263 225 21 36 1
1 322 197 263 225 21 36 1
1 322 198 263 225 21 36 1
1 322 199 263 225 21 36 1
1 322 200 263 225 21 36 1
1 322 201 263 225 21 36 1
1 322 202 263 225 21 36 1
1 322 203 263 225 21 36 1
1 322 204 263 225 21 36 1
1 322 205 261 225 21 36 1
1 322 206 261 225 21 36 1
1 322 207 261 225 21 36 1
1 322 208 261 225 21 36 1
1 322 209 261 225 21 36 1
1 322 210 261 225 21 36 1
1 322 211 261 225 21 36 1
1 322 212 261 225 21 36 1
1 322 213 261 225 21 36 1
1 322 214 261 224 21 37 1
1 322 215 261 224 21 37 1
1 322 216 259 224 23 37 1
1 322 217 259 224 23 37 1
1 322 218 259 224 21 37 1
1 322 219 259 224 21 37 1
1 322 220 259 224 21 37 1
1 322 221 259 224 21 37 1
1 322 222 259 224 21 37 1
1 322 223 259 224 21 37 1
1 322 224 259 224 21 37 1
1 322 225 259 224 21 35 1
1 322 226 257 224 23 35 1
1 322 227 257 224 23 35 1
1 322 228 257 224 23 35 1
1 322 229 257 224 23 35 1
1 322 230 257 224 23 35 1
1 322 231 257 224 22 35 1
1 322 232 257 224 22 35 1
1 322 233 257 224 22 35 1
1 322 234 257 224 22 35 1
1 322 235 257 224 22 35 1
1 322 236 256 224 23 35 1
1 322 237 256 224 23 35 1
1 322 238 256 224 23 35 1
1 322 239 256 224 23 35 1
1 322 240 256 224 23 35 1
1 322 241 256 224 23 35 1
1 322 242 256 224 23 35 1
1 322 243 256 224 23 35 1
1 322 244 256 224 21 35 1
1 322 245 256 224 21 35 1
1 322 246 254 224 23 35 1
1 322 247 254 224 23 35 1
1 322 248 254 224 23 35 1
1 322 249 254 224 23 35 1
1 322 250 254 224 23 35 1
1 322 251 254 224 23 35 1
1 322 252 254 224 23 35 1
1 322 253 254 224 23 35 1
1 322 254 254 224 23 35 1
1 322 255 254 224 23 35 1
1 322 256 254 224 23 35 1
1 322 257 252 224 23 35 1
1 322 258 252 224 23 35 1
1 322 259 252 224 23 35 1
1 322 260 252 224 23 35 1
1 322 261 252 224 23 35 1
1 322 262 252 224 23 35 1
1 322 263 252 224 23 35 1
1 322 264 252 224 23 35 1
1 322 265 252 224 23 35 1
1 322 266 252 224 23 35 1
1 322 267 252 224 23 35 1
1 322 268 252 224 23 35 1
1 322 269 252 224 23 35 1
1 322 270 252 224 23 35 1
1 322 271 252 224 23 35 1
1 322 272 252 224 23 35 1
1 322 273 252 224 23 35 1
1 322 274 252 224 23 35 1
1 322 275 252 224 23 35 1
1 322 276 252 224 23 35 1
1 322 277 252 224 23 35 1
1 322 278 250 224 23 35 1
1 322 279 250 224 23 35 1
1 322 280 250 224 23 35 1
1 322 281 250 224 23 35 1
1 322 282 250 224 23 35 1
1 322 283 250 224 23 35 1
1 322 284 250 224 23 35 1
1 322 285 250 224 23 35 1
1 322 286 250 224 23 35 1
1 322 287 250 224 23 35 1
1 322 288 250 224 23 35 1
1 322 289 250 224 23 35 1
1 322 290 250 224 23 35 1
1 322 291 250 224 23 35 1
1 322 292 250 224 23 35 1
1 322 293 250 224 23 35 1
1 322 294 250 224 23 35 1
1 322 295 250 224 23 35 1
1 322 296 250 224 23 35 1
1 322 297 250 224 23 35 1
1 322 298 250 224 23 35 1
1 322 299 250 224 23 35 1
1 322 300 248 224 24 35 1
1 322 301 248 224 24 35 1
1 322 302 248 224 24 35 1
1 322 303 248 224 24 35 1
1 322 304 248 224 24 35 1
1 322 305 248 224 24 35 1
1 322 306 248 224 24 35 1
1 322 307 248 224 24 35 1
1 322 308 248 224 24 35 1
1 322 309 248 224 24 35 1
1 322 310 248 224 24 35 1
1 322 311 248 224 24 35 1
1 322 312 248 224 24 35 1
1 322 313 248 224 24 35 1
1 322 314 248 224 24 35 1
1 322 315 248 224 24 35 1
1 322 316 248 224 24 35 1
1 322 317 248 224 24 35 1
1 322 318 248 224 24 35 1
1 322 319 248 224 24 35 1
1 322 320 248 224 24 35 1
1 322 321 248 225 24 36 1
2 322 0 282 232 20 43 1
2 322 1 280 231 20 42 1
2 322 2 280 231 20 42 1
2 322 3 280 231 20 42 1
2 322 4 280 231 20 42 1
2 322 5 280 231 20 42 1
2 322 6 280 231 20 42 1
2 322 7 280 231 20 42 1
2 322 8 280 231 20 42 1
2 322 9 280 231 20 42 1
2 322 10 280 231 20 42 1
2 322 11 280 231 20 42 1
2 322 12 279 231 19 42 1
2 322 13 279 231 19 42 1
2 322 14 279 231 19 42 1
2 322 15 279 231 19 42 1
2 322 16 279 231 19 42 1
2 322 17 279 231 19 42 1
2 322 18 279 231 19 42 1
2 322 19 279 231 19 42 1
2 322 20 279 231 19 42 1
2 322 21 279 231 19 42 1
2 322 22 279 231 19 42 1
2 322 23 279 231 19 42 1
2 322 24 277 231 19 42 1
2 322 25 277 231 19 42 1
2 322 26 277 231 19 42 1
2 322 27 277 231 19 42 1
2 322 28 277 231 19 42 1
2 322 29 277 231 19 42 1
2 322 30 277 231 19 42 1
2 322 31 277 231 19 42 1
2 322 32 277 231 19 42 1
2 322 33 277 231 19 41 1
2 322 34 277 231 19 41 1
2 322 35 277 231 19 41 1
2 322 36 275 231 20 41 1
2 322 37 275 231 20 41 1
2 322 38 275 231 20 41 1
2 322 39 275 231 20 41 1
2 322 40 275 231 20 41 1
2 322 41 275 231 20 41 1
2 322 42 275 231 20 41 1
2 322 43 275 231 20 41 1
2 322 44 275 231 20 41 1
2 322 45 275 231 20 41 1
2 322 46 275 229 20 43 1
2 322 47 275 229 20 43 1
2 322 48 273 229 20 43 1
2 322 49 273 229 20 43 1
2 322 50 273 229 20 43 1
2 322 51 273 229 20 43 1
2 322 52 273 229 20 43 1
2 322 53 273 229 20 43 1
2 322 54 273 229 20 43 1
2 322 55 273 229 20 43 1
2 322 56 273 229 20 43 1
2 322 57 273 229 20 43 1
2 322 58 273 229 20 43 1
2 322 59 273 229 20 43 1
2 322 60 272 229 19 43 1
2 322 61 272 229 19 43 1
2 322 62 272 229 19 43 1
2 322 63 272 229 19 43 1
2 322 64 272 229 19 43 1
2 322 65 272 229 19 41 1
2 322 66 272 229 19 41 1
2 322 67 272 229 19 41 1
2 322 68 272 229 19 41 1
2 322 69 272 229 19 41 1
2 322 70 272 229 19 41 1
2 322 71 272 229 19 41 1
2 322 72 270 229 19 41 1
2 322 73 270 229 19 41 1
2 322 74 270 229 19 41 1
2 322 75 270 229 19 41 1
2 322 76 270 229 19 41 1
2 322 77 270 229 19 41 1
2 322 78 270 229 19 41 1
2 322 79 270 229 19 41 1
2 322 80 270 229 19 41 1
2 322 81 270 229 19 41 1
2 322 82 270 229 19 41 1
2 322 83 270 229 19 41 1
2 322 84 268 229 20 41 1
2 322 85 268 229 20 41 1
2 322 86 268 229 20 41 1
2 322 87 268 229 20 41 1
2 322 88 268 229 20 41 1
2 322 89 268 229 20 41 1
2 322 90 268 229 20 41 1
2 322 91 268 229 20 41 1
2 322 92 268 227 20 43 1
2 322 93 268 227 20 43 1
2 322 94 268 227 20 43 1
2 322 95 268 227 20 43 1
2 322 96 266 227 20 43 1
2 322 97 266 227 20 41 1
2 322 98 266 227 20 41 1
2 322 99 266 227 20 41 1
2 322 100 266 227 20 41 1
2 322 101 266 227 20 41 1
2 322 102 266 227 20 41 1
2 322 103 266 227 20 41 1
2 322 104 266 227 20 41 1
2 322 105 266 227 20 41 1
2 322 106 266 227 20 41 1
2 322 107 266 227 20 41 1
2 322 108 264 227 20 41 1
2 322 109 264 227 20 41 1
2 322 110 264 227 20 41 1
2 322 111 264 227 20 41 1
2 322 112 264 227 20 41 1
2 322 113 264 227 20 41 1
2 322 114 264 227 20 41 1
2 322 115 264 227 20 41 1
2 322 116 264 227 20 41 1
2 322 117 264 227 20 41 1
2 322 118 264 227 20 41 1
2 322 119 263 227 19 41 1
2 322 120 263 227 19 41 1
2 322 121 263 227 19 41 1
2 322 122 263 227 19 41 1
2 322 123 263 227 19 41 1
2 322 124 263 227 19 41 1
2 322 125 263 227 19 41 1
2 322 126 263 227 19 41 1
2 322 127 263 227 19 41 1
2 322 128 263 227 19 41 1
2 322 129 263 227 19 39 1
2 322 130 263 227 19 39 1
2 322 131 261 227 19 39 1
2 322 132 261 227 19 39 1
2 322 133 261 227 19 39 1
2 322 134 261 227 19 39 1
2 322 135 261 227 19 39 1
2 322 136 261 227 19 39 1
2 322 137 261 227 19 39 1
2 322 138 261 225 19 41 1
2 322 139 261 225 19 41 1
2 322 140 261 225 19 41 1
2 322 141 261 225 19 41 1
2 322 142 261 225 19 41 1
2 322 143 259 225 20 41 1
2 322 144 259 225 20 41 1
2 322 145 259 225 20 41 1
2 322 146 259 225 20 41 1
2 322 147 259 225 20 41 1
2 322 148 259 225 20 41 1
2 322 149 259 225 20 41 1
2 322 150 259 225 20 41 1
2 322 151 259 225 20 41 1
2 322 152 259 225 20 41 1
2 322 153 259 225 20 41 1
2 322 154 259 225 20 41 1
2 322 155 257 225 20 41 1
2 322 156 257 225 20 41 1
2 322 157 257 225 20 41 1
2 322 158 257 225 20 41 1
2 322 159 257 225 20 41 1
2 322 160 257 225 20 41 1
2 322 161 257 225 20 39 1
2 322 162 257 225 20 39 1
2 322 163 257 225 20 39 1
2 322 164 257 225 20 39 1
2 322 165 257 225 20 39 1
2 322 166 257 225 20 39 1
2 322 167 256 225 19 39 1
2 322 168 256 225 19 39 1
2 322 169 256 225 19 39 1
2 322 170 256 225 19 39 1
2 322 171 256 225 19 39 1
2 322 172 256 225 19 39 1
2 322 173 256 225 19 39 1
2 322 174 256 225 19 39 1
2 322 175 256 225 19 39 1
2 322 176 256 225 19 39 1
2 322 177 256 225 19 39 1
2 322 178 256 225 19 39 1
2 322 179 254 225 19 39 1
2 322 180 254 225 19 39 1
2 322 181 254 225 19 39 1
2 322 182 254 225 19 39 1
2 322 183 254 225 19 39 1
2 322 184 254 224 19 40 1
2 322 185 254 224 19 40 1
2 322 186 254 224 19 40 1
2 322 187 254 224 19 40 1
2 322 188 254 224 19 40 1
2 322 189 254 224 19 40 1
2 322 190 254 224 19 40 1
2 322 191 252 224 20 40 1
2 322 192 252 224 20 40 1
2 322 193 252 224 20 39 1
2 322 194 252 224 20 39 1
2 322 195 252 224 20 39 1
2 322 196 252 224 20 39 1
2 322 197 252 224 20 39 1
2 322 198 252 224 20 39 1
2 322 199 252 224 20 39 1
2 322 200 252 224 20 39 1
2 322 201 252 224 20 39 1
2 322 202 252 224 20 39 1
2 322 203 250 224 20 39 1
2 322 204 250 224 20 39 1
2 322 205 250 224 20 39 1
2 322 206 250 224 20 39 1
2 322 207 250 224 20 39 1
2 322 208 250 224 20 39 1
2 322 209 250 224 20 39 1
2 322 210 250 224 20 39 1
2 322 211 250 224 20 39 1
2 322 212 250 224 20 39 1
2 322 213 250 224 20 39 1
2 322 214 250 224 20 39 1
2 322 215 248 224 20 39 1
2 322 216 248 224 20 39 1
2 322 217 248 224 20 39 1
2 322 218 248 224 20 39 1
2 322 219 248 224 20 39 1
2 322 220 248 224 20 39 1
2 322 221 248 224 20 39 1
2 322 222 248 224 20 39 1
2 322 223 248 224 20 39 1
2 322 224 248 224 20 39 1
2 322 225 248 224 20 37 1
2 322 226 247 224 19 37 1
2 322 227 247 224 19 37 1
2 322 228 247 224 19 37 1
2 322 229 247 224 19 37 1
2 322 230 247 222 19 39 1
2 322 231 247 222 19 39 1
2 322 232 247 222 19 39 1
2 322 233 247 222 19 39 1
2 322 234 247 222 19 39 1
2 322 235 247 222 19 39 1
2 322 236 247 222 19 39 1
2 322 237 247 222 19 39 1
2 322 238 245 222 19 39 1
2 322 239 245 222 19 39 1
2 322 240 245 222 19 39 1
2 322 241 245 222 19 39 1
2 322 242 245 222 19 39 1
2 322 243 245 222 19 39 1
2 322 244 245 222 19 39 1
2 322 245 245 222 19 39 1
2 322 246 245 222 19 39 1
2 322 247 245 222 19 39 1
2 322 248 245 222 19 39 1
2 322 249 245 222 19 39 1
2 322 250 243 222 20 39 1
2 322 251 243 222 20 39 1
2 322 252 243 222 20 39 1
2 322 253 243 222 20 39 1
2 322 254 243 222 20 39 1
2 322 255 243 222 20 39 1
2 322 256 243 222 20 39 1
2 322 257 243 222 20 37 1
2 322 258 243 222 20 37 1
2 322 259 243 222 20 37 1
2 322 260 243 222 20 37 1
2 322 261 243 222 20 37 1
2 322 262 241 222 20 37 1
2 322 263 241 222 20 37 1
2 322 264 241 222 20 37 1
2 322 265 241 222 20 37 1
2 322 266 241 222 20 37 1
2 322 267 241 222 20 37 1
2 322 268 241 222 20 37 1
2 322 269 241 222 20 37 1
2 322 270 241 222 20 37 1
2 322 271 241 222 20 37 1
2 322 272 241 222 20 37 1
2 322 273 241 222 20 37 1
2 322 274 240 222 19 37 1
2 322 275 240 222 19 37 1
2 322 276 240 220 19 39 1
2 322 277 240 220 19 39 1
2 322 278 240 220 19 39 1
2 322 279 240 220 19 39 1
2 322 280 240 220 19 39 1
2 322 281 240 220 19 39 1
2 322 282 240 220 19 39 1
2 322 283 240 220 19 39 1
2 322 284 240 220 19 39 1
2 322 285 240 220 19 39 1
2 322 286 238 220 19 39 1
2 322 287 238 220 19 39 1
2 322 288 238 220 19 39 1
2 322 289 238 220 19 37 1
2 322 290 238 220 19 37 1
2 322 291 238 220 19 37 1
2 322 292 238 220 19 37 1
2 322 293 238 220 19 37 1
2 322 294 238 220 19 37 1
2 322 295 238 220 19 37 1
2 322 296 238 220 19 37 1
2 322 297 238 220 19 37 1
2 322 298 236 220 20 37 1
2 322 299 236 220 20 37 1
2 322 300 236 220 20 37 1
2 322 301 236 220 20 37 1
2 322 302 236 220 20 37 1
2 322 303 236 220 20 37 1
2 322 304 236 220 20 37 1
2 322 305 236 220 20 37 1
2 322 306 236 220 20 37 1
2 322 307 236 220 20 37 1
2 322 308 236 220 20 37 1
2 322 309 236 220 20 37 1
2 322 310 234 220 20 37 1
2 322 311 234 220 20 37 1
2 322 312 234 220 20 37 1
2 322 313 234 220 20 37 1
2 322 314 234 220 20 37 1
2 322 315 234 220 20 37 1
2 322 316 234 220 20 37 1
2 322 317 234 220 20 37 1
2 322 318 234 220 20 37 1
2 322 319 234 220 20 37 1
2 322 320 234 220 20 37 1
2 322 321 234 220 20 37 1
3 473 0 391 254 23 64 1
3 473 1 389 252 23 64 1
3 473 2 389 252 23 64 1
3 473 3 389 252 23 64 1
3 473 4 389 252 23 64 1
3 473 5 389 252 23 64 1
3 473 6 387 252 23 64 1
3 473 7 387 252 23 64 1
3 473 8 387 252 23 64 1
3 473 9 387 252 23 64 1
3 473 10 387 252 23 64 1
3 473 11 385 252 23 64 1
3 473 12 385 252 23 64 1
3 473 13 385 252 23 62 1
3 473 14 385 252 23 62 1
3 473 15 385 252 23 62 1
3 473 16 384 252 23 62 1
3 473 17 384 252 23 62 1
3 473 18 384 252 23 62 1
3 473 19 384 252 23 62 1
3 473 20 384 252 23 62 1
3 473 21 382 252 23 62 1
3 473 22 382 252 23 62 1
3 473 23 382 252 23 62 1
3 473 24 382 252 23 62 1
3 473 25 382 252 23 60 1
3 473 26 380 252 23 60 1
3 473 27 380 250 23 62 1
3 473 28 380 250 23 62 1
3 473 29 380 250 23 62 1
3 473 30 380 250 23 62 1
3 473 31 378 250 23 62 1
3 473 32 378 250 23 62 1
3 473 33 378 250 23 62 1
3 473 34 378 250 23 62 1
3 473 35 378 250 23 62 1
3 473 36 376 250 24 62 1
3 473 37 376 250 24 61 1
3 473 38 376 250 24 61 1
3 473 39 376 250 24 61 1
3 473 40 376 250 24 61 1
3 473 41 375 250 23 61 1
3 473 42 375 250 23 61 1
3 473 43 375 250 23 61 1
3 473 44 375 250 23 61 1
3 473 45 375 250 23 61 1
3 473 46 375 250 23 61 1
3 473 47 373 250 23 61 1
3 473 48 373 250 23 61 1
3 473 49 373 250 23 59 1
3 473 50 373 250 23 59 1
3 473 51 373 250 23 59 1
3 473 52 371 250 23 59 1
3 473 53 371 250 23 59 1
3 473 54 371 248 23 61 1
3 473 55 371 248 23 61 1
3 473 56 371 248 23 61 1
3 473 57 369 248 23 61 1
3 473 58 369 248 23 61 1
3 473 59 369 248 23 61 1
3 473 60 369 248 23 61 1
3 473 61 369 248 23 59 1
3 473 62 368 248 23 59 1
3 473 63 368 248 23 59 1
3 473 64 368 248 23 59 1
3 473 65 368 248 23 59 1
3 473 66 368 248 23 59 1
3 473 67 366 248 23 59 1
3 473 68 366 248 23 59 1
3 473 69 366 248 23 59 1
3 473 70 366 248 23 59 1
3 473 71 366 248 23 59 1
3 473 72 364 248 23 59 1
3 473 73 364 248 23 57 1
3 473 74 364 248 23 57 1
3 473 75 364 248 23 57 1
3 473 76 364 248 23 57 1
3 473 77 362 248 23 57 1
3 473 78 362 248 23 57 1
3 473 79 362 248 23 57 1
3 473 80 362 247 23 58 1
3 473 81 362 247 23 58 1
3 473 82 360 247 24 58 1
3 473 83 360 247 24 58 1
3 473 84 360 247 24 58 1
3 473 85 360 247 24 57 1
3 473 86 360 247 24 57 1
3 473 87 359 247 23 57 1
3 473 88 359 247 23 57 1
3 473 89 359 247 23 57 1
3 473 90 359 247 23 57 1
3 473 91 359 247 23 57 1
3 473 92 359 247 23 57 1
3 473 93 357 247 23 57 1
3 473 94 357 247 23 57 1
3 473 95 357 247 23 57 1
3 473 96 357 247 23 57 1
3 473 97 357 247 23 55 1
3 473 98 355 247 23 55 1
3 473 99 355 247 23 55 1
3 473 100 355 247 23 55 1
3 473 101 355 247 23 55 1
3 473 102 355 247 23 55 1
3 473 103 353 247 23 55 1
3 473 104 353 247 23 55 1
3 473 105 353 247 23 55 1
3 473 106 353 247 23 55 1
3 473 107 353 245 23 57 1
3 473 108 352 245 23 57 1
3 473 109 352 245 23 55 1
3 473 110 352 245 23 55 1
3 473 111 352 245 23 55 1
3 473 112 352 245 23 55 1
3 473 113 350 245 23 55 1
3 473 114 350 245 23 55 1
3 473 115 350 245 23 55 1
3 473 116 350 245 23 55 1
3 473 117 350 245 23 55 1
3 473 118 348 245 23 55 1
3 473 119 348 245 23 55 1
3 473 120 348 245 23 55 1
3 473 121 348 245 23 53 1
3 473 122 348 245 23 53 1
3 473 123 346 245 23 53 1
3 473 124 346 245 23 53 1
3 473 125 346 245 23 53 1
3 473 126 346 245 23 53 1
3 473 127 346 245 23 53 1
3 473 128 344 245 24 53 1
3 473 129 344 245 24 53 1
3 473 130 344 245 24 53 1
3 473 131 344 245 24 53 1
3 473 132 344 245 24 53 1
3 473 133 344 245 24 53 1
3 473 134 343 243 23 53 1
3 473 135 343 243 23 53 1
3 473 136 343 243 23 53 1
3 473 137 343 243 23 53 1
3 473 138 343 243 23 53 1
3 473 139 343 243 23 53 1
3 473 140 343 243 23 53 1
3 473 141 343 243 23 53 1
3 473 142 341 243 23 53 1
3 473 143 341 243 23 53 1
3 473 144 341 243 23 53 1
3 473 145 341 243 23 53 1
3 473 146 341 243 23 53 1
3 473 147 341 243 23 52 1
3 473 148 341 243 23 52 1
3 473 149 341 243 23 52 1
3 473 150 341 243 23 52 1
3 473 151 339 243 23 52 1
3 473 152 339 243 23 52 1
3 473 153 339 243 23 52 1
3 473 154 339 243 23 52 1
3 473 155 339 243 23 52 1
3 473 156 339 243 23 52 1
3 473 157 339 243 23 52 1
3 473 158 339 243 23 52 1
3 473 159 339 243 23 52 1
3 473 160 337 243 23 50 1
3 473 161 337 243 23 50 1
3 473 162 337 243 23 50 1
3 473 163 337 243 23 50 1
3 473 164 337 243 23 50 1
3 473 165 337 241 23 52 1
3 473 166 337 241 23 52 1
3 473 167 337 241 23 52 1
3 473 168 337 241 23 52 1
3 473 169 336 241 23 52 1
3 473 170 336 241 23 52 1
3 473 171 336 241 23 52 1
3 473 172 336 241 23 52 1
3 473 173 336 241 23 52 1
3 473 174 336 241 23 50 1
3 473 175 336 241 23 50 1
3 473 176 336 241 23 50 1
3 473 177 336 241 23 50 1
3 473 178 334 241 23 50 1
3 473 179 334 241 23 50 1
3 473 180 334 241 23 50 1
3 473 181 334 241 23 50 1
3 473 182 334 241 23 50 1
3 473 183 334 241 23 50 1
3 473 184 334 241 23 50 1
3 473 185 334 241 23 50 1
3 473 186 334 241 23 50 1
3 473 187 332 241 23 48 1
3 473 188 332 241 23 48 1
3 473 189 332 241 23 48 1
3 473 190 332 241 23 48 1
3 473 191 332 241 23 48 1
3 473 192 332 241 23 48 1
3 473 193 332 241 23 48 1
3 473 194 332 241 23 48 1
3 473 195 332 241 23 48 1
3 473 196 330 240 23 49 1
3 473 197 330 240 23 49 1
3 473 198 330 240 23 49 1
3 473 199 330 240 23 49 1
3 473 200 330 240 23 49 1
3 473 201 330 240 23 48 1
3 473 202 330 240 23 48 1
3 473 203 330 240 23 48 1
3 473 204 330 240 23 48 1
3 473 205 328 240 24 48 1
3 473 206 328 240 24 48 1
3 473 207 328 240 24 48 1
3 473 208 328 240 24 48 1
3 473 209 328 240 24 48 1
3 473 210 328 240 24 48 1
3 473 211 328 240 24 48 1
3 473 212 328 240 24 48 1
3 473 213 328 240 24 48 1
3 473 214 327 240 23 46 1
3 473 215 327 240 23 46 1
3 473 216 327 240 23 46 1
3 473 217 327 240 23 46 1
3 473 218 327 240 23 46 1
3 473 219 327 240 23 46 1
3 473 220 327 240 23 46 1
3 473 221 327 240 23 46 1
3 473 222 327 240 23 46 1
3 473 223 325 240 23 46 1
3 473 224 325 240 23 46 1
3 473 225 325 240 23 46 1
3 473 226 325 240 23 46 1
3 473 227 325 240 23 46 1
3 473 228 325 238 23 46 1
3 473 229 325 238 23 46 1
3 473 230 325 238 23 46 1
3 473 231 325 238 23 46 1
3 473 232 323 238 23 46 1
3 473 233 323 238 23 46 1
3 473 234 323 238 23 46 1
3 473 235 323 238 23 46 1
3 473 236 323 238 23 46 1
3 473 237 323 238 23 46 1
3 473 238 323 238 23 46 1
3 473 239 323 238 23 46 1
3 473 240 323 238 23 46 1
3 473 241 321 238 23 44 1
3 473 242 321 238 23 44 1
3 473 243 321 238 23 44 1
3 473 244 321 238 23 44 1
3 473 245 321 238 23 44 1
3 473 246 321 238 23 44 1
3 473 247 321 238 23 44 1
3 473 248 321 238 23 44 1
3 473 249 321 238 23 44 1
3 473 250 320 238 23 44 1
3 473 251 320 238 23 44 1
3 473 252 320 238 23 44 1
3 473 253 320 238 23 44 1
3 473 254 320 238 23 42 1
3 473 255 320 238 23 42 1
3 473 256 320 238 23 42 1
3 473 257 320 238 23 42 1
3 473 258 320 238 23 42 1
3 473 259 318 236 23 44 1
3 473 260 318 236 23 44 1
3 473 261 318 236 23 44 1
3 473 262 318 236 23 44 1
3 473 263 318 236 23 44 1
3 473 264 318 236 23 44 1
3 473 265 318 236 23 44 1
3 473 266 318 236 23 44 1
3 473 267 318 236 23 44 1
3 473 268 316 236 23 43 1
3 473 269 316 236 23 43 1
3 473 270 316 236 23 43 1
3 473 271 316 236 23 43 1
3 473 272 316 236 23 43 1
3 473 273 316 236 23 43 1
3 473 274 316 236 23 43 1
3 473 275 316 236 23 43 1
3 473 276 316 236 23 43 1
3 473 277 314 236 23 43 1
3 473 278 314 236 23 43 1
3 473 279 314 236 23 43 1
3 473 280 314 236 23 43 1
3 473 281 314 236 23 41 1
3 473 282 314 236 23 41 1
3 473 283 314 236 23 41 1
3 473 284 314 236 23 41 1
3 473 285 314 236 23 41 1
3 473 286 312 236 24 41 1
3 473 287 312 236 24 41 1
3 473 288 312 236 24 41 1
3 473 289 312 236 24 41 1
3 473 290 312 234 24 43 1
3 473 291 312 234 24 43 1
3 473 292 312 234 24 43 1
3 473 293 312 234 24 43 1
3 473 294 312 234 24 43 1
3 473 295 311 234 23 41 1
3 473 296 311 234 23 41 1
3 473 297 311 234 23 41 1
3 473 298 311 234 23 41 1
3 473 299 311 234 23 41 1
3 473 300 311 234 23 41 1
3 473 301 311 234 23 41 1
3 473 302 311 234 23 41 1
3 473 303 311 234 23 41 1
3 473 304 309 234 23 41 1
3 473 305 309 234 23 41 1
3 473 306 309 234 23 41 1
3 473 307 309 234 23 41 1
3 473 308 309 234 23 39 1
3 473 309 309 234 23 39 1
3 473 310 309 234 23 39 1
3 473 311 309 234 23 39 1
3 473 312 309 234 23 39 1
3 473 313 307 234 23 39 1
3 473 314 307 234 23 39 1
3 473 315 307 234 23 39 1
3 473 316 307 234 23 39 1
3 473 317 307 234 23 39 1
3 473 318 307 234 23 39 1
3 473 319 307 234 23 39 1
3 473 320 307 234 23 39 1
3 473 321 307 234 23 39 1
3 473 322 306 233 23 39 1
3 473 323 306 233 23 39 1
3 473 324 306 233 23 39 1
3 473 325 306 233 23 39 1
3 473 326 306 233 23 39 1
3 473 327 306 233 23 39 1
3 473 328 306 233 23 39 1
3 473 329 305 233 23 39 1
3 473 330 305 233 23 39 1
3 473 331 305 233 23 39 1
3 473 332 305 233 23 39 1
3 473 333 305 233 23 39 1
3 473 334 305 233 23 39 1
3 473 335 305 233 23 39 1
3 473 336 304 233 23 39 1
3 473 337 304 233 23 39 1
3 473 338 304 233 23 39 1
3 473 339 304 233 23 39 1
3 473 340 304 233 23 39 1
3 473 341 304 233 23 39 1
3 473 342 304 233 23 39 1
3 473 343 303 233 23 39 1
3 473 344 303 233 23 39 1
3 473 345 303 233 23 39 1
3 473 346 303 233 23 39 1
3 473 347 303 233 23 39 1
3 473 348 303 233 23 39 1
3 473 349 303 233 23 39 1
3 473 350 302 233 23 39 1
3 473 351 302 233 23 39 1
3 473 352 302 233 23 39 1
3 473 353 302 233 23 39 1
3 473 354 302 232 23 39 1
3 473 355 302 232 23 39 1
3 473 356 302 232 23 39 1
3 473 357 301 232 23 39 1
3 473 358 301 232 23 39 1
3 473 359 301 232 23 39 1
3 473 360 301 232 23 39 1
3 473 361 301 232 23 39 1
3 473 362 301 232 23 39 1
3 473 363 301 232 23 39 1
3 473 364 300 232 23 39 1
3 473 365 300 232 23 39 1
3 473 366 300 232 23 39 1
3 473 367 300 232 23 39 1
3 473 368 300 232 23 39 1
3 473 369 300 232 23 39 1
3 473 370 300 232 23 39 1
3 473 371 299 232 23 39 1
3 473 372 299 232 23 39 1
3 473 373 299 232 23 39 1
3 473 374 299 232 23 39 1
3 473 375 299 232 23 39 1
3 473 376 299 232 23 39 1
3 473 377 299 232 23 39 1
3 473 378 298 232 23 39 1
3 473 379 298 232 23 39 1
3 473 380 298 232 23 39 1
3 473 381 298 232 23 39 1
3 473 382 298 232 23 39 1
3 473 383 298 232 23 39 1
3 473 384 298 232 23 39 1
3 473 385 298 232 23 39 1
3 473 386 298 231 23 39 1
3 473 387 298 231 23 39 1
3 473 388 298 231 23 39 1
3 473 389 299 231 23 39 1
3 473 390 299 231 23 39 1
3 473 391 299 231 23 39 1
3 473 392 300 231 23 39 1
3 473 393 300 231 23 39 1
3 473 394 300 231 23 39 1
3 473 395 301 231 23 39 1
3 473 396 301 231 23 39 1
3 473 397 301 231 23 39 1
3 473 398 301 231 23 39 1
3 473 399 302 231 23 39 1
3 473 400 302 231 23 39 1
3 473 401 302 230 23 39 1
3 473 402 303 230 23 39 1
3 473 403 303 230 23 39 1
3 473 404 303 230 23 39 1
3 473 405 304 230 23 39 1
3 473 406 304 230 23 39 1
3 473 407 304 230 23 39 1
3 473 408 304 230 23 39 1
3 473 409 305 230 23 39 1
3 473 410 305 230 23 39 1
3 473 411 305 230 23 39 1
3 473 412 306 230 23 39 1
3 473 413 306 230 23 39 1
3 473 414 306 230 23 39 1
3 473 415 307 230 23 39 1
3 473 416 307 230 23 39 1
3 473 417 307 230 23 39 1
3 473 418 307 230 23 39 1
3 473 419 307 230 23 39 1
3 473 420 307 230 23 39 1
3 473 421 307 230 23 39 1
3 473 422 307 230 23 39 1
3 473 423 307 230 23 39 1
3 473 424 307 230 23 39 1
3 473 425 307 230 23 39 1
3 473 426 307 230 23 39 1
3 473 427 307 230 23 39 1
3 473 428 307 230 23 39 1
3 473 429 307 230 23 39 1
3 473 430 307 230 23 39 1
3 473 431 307 230 23 39 1
3 473 432 307 230 23 39 1
3 473 433 307 230 23 39 1
3 473 434 307 230 23 39 1
3 473 435 307 230 23 39 1
3 473 436 307 230 23 39 1
3 473 437 307 230 23 39 1
3 473 438 307 230 23 39 1
3 473 439 307 230 23 39 1
3 473 440 307 230 23 39 1
3 473 441 307 230 23 39 1
3 473 442 307 230 23 39 1
3 473 443 307 230 23 39 1
3 473 444 307 230 23 39 1
3 473 445 307 230 23 39 1
3 473 446 307 230 23 39 1
3 473 447 307 230 23 39 1
3 473 448 307 230 23 39 1
3 473 449 307 230 23 39 1
3 473 450 307 230 23 39 1
3 473 451 307 230 23 39 1
3 473 452 307 230 23 39 1
3 473 453 307 230 23 39 1
3 473 454 307 230 23 39 1
3 473 455 307 230 23 39 1
3 473 456 307 230 23 39 1
3 473 457 307 230 23 39 1
3 473 458 307 230 23 39 1
3 473 459 307 230 23 39 1
3 473 460 307 230 23 39 1
3 473 461 307 230 23 39 1
3 473 462 307 230 23 39 1
3 473 463 307 230 23 39 1
3 473 464 307 230 23 39 1
3 473 465 307 230 23 39 1
3 473 466 307 230 23 39 1
3 473 467 307 230 23 39 1
3 473 468 307 230 23 39 1
3 473 469 307 230 23 39 1
3 473 470 307 230 23 39 1
3 473 471 307 230 23 39 1
3 473 472 307 230 23 39 1
4 83 550 1255 661 23 57 1
4 83 551 1249 650 29 68 1
4 83 552 1246 641 32 77 1
4 83 553 1242 632 36 86 1
4 83 554 1237 624 41 94 1
4 83 555 1233 613 45 105 1
4 83 556 1230 604 48 114 1
4 83 557 1224 595 54 123 1
4 83 558 1221 586 57 132 1
4 83 559 1217 577 61 141 1
4 83 560 1212 574 64 144 1
4 83 561 1208 572 68 146 1
4 83 562 1205 570 71 148 1
4 83 563 1201 568 73 150 1
4 83 564 1196 567 78 151 1
4 83 565 1192 565 82 153 1
4 83 566 1189 563 83 155 1
4 83 567 1185 561 87 157 1
4 83 568 1182 560 90 158 1
4 83 569 1176 556 91 162 1
4 83 570 1173 554 91 164 1
4 83 571 1169 552 91 166 1
4 83 572 1166 551 90 167 1
4 83 573 1162 549 91 169 1
4 83 574 1157 547 91 171 1
4 83 575 1153 545 91 173 1
4 83 576 1150 544 90 174 1
4 83 577 1146 542 91 176 1
4 83 578 1143 540 90 178 1
4 83 579 1137 538 91 178 1
4 83 580 1134 536 90 180 1
4 83 581 1130 535 91 181 1
4 83 582 1127 533 89 183 1
4 83 583 1123 531 89 185 1
4 83 584 1120 529 88 187 1
4 83 585 1116 528 87 188 1
4 83 586 1112 526 88 190 1
4 83 587 1109 524 87 192 1
4 83 588 1105 522 86 194 1
4 83 589 1102 520 85 196 1
4 83 590 1096 519 88 197 1
4 83 591 1093 517 85 199 1
4 83 592 1089 515 86 201 1
4 83 593 1086 513 85 203 1
4 83 594 1082 512 84 204 1
4 83 595 1079 510 83 206 1
4 83 596 1075 508 84 208 1
4 83 597 1072 506 81 210 1
4 83 598 1068 504 82 212 1
4 83 599 1064 503 82 213 1
4 83 600 1061 501 82 215 1
4 83 601 1057 499 82 215 1
4 83 602 1056 497 81 215 1
4 83 603 1052 496 82 216 1
4 83 604 1050 496 82 215 1
4 83 605 1048 494 80 215 1
4 83 606 1045 492 82 217 1
4 83 607 1043 490 80 217 1
4 83 608 1041 490 80 215 1
4 83 609 1038 488 82 217 1
4 83 610 1036 487 80 217 1
4 83 611 1032 485 82 217 1
4 83 612 1031 485 80 217 1
4 83 613 1029 483 80 217 1
4 83 614 1025 481 80 217 1
4 83 615 1024 480 80 218 1
4 83 616 1022 480 80 216 1
4 83 617 1018 478 80 217 1
4 83 618 1016 476 80 219 1
4 83 619 1013 474 80 219 1
4 83 620 1011 474 80 217 1
4 83 621 1009 472 79 219 1
4 83 622 1006 471 80 218 1
4 83 623 1004 469 78 219 1
4 83 624 1002 469 78 219 1
4 83 625 999 467 80 219 1
4 83 626 997 465 78 219 1
4 83 627 993 464 80 220 1
4 83 628 992 464 78 218 1
4 83 629 990 462 78 218 1
4 83 630 986 460 78 220 1
4 83 631 984 458 79 221 1
4 83 632 983 458 78 221 1
5 53 580 1264 304 12 69 1
5 53 581 1262 304 14 71 1
5 53 582 1260 304 16 72 1
5 53 583 1260 304 16 74 1
5 53 584 1258 304 18 76 1
5 53 585 1258 304 18 80 1
5 53 586 1256 304 20 81 1
5 53 587 1256 304 20 83 1
5 53 588 1255 304 21 85 1
5 53 589 1255 304 21 87 1
5 53 590 1253 304 23 90 1
5 53 591 1253 304 23 92 1
5 53 592 1251 304 25 94 1
5 53 593 1251 304 25 96 1
5 53 594 1249 304 27 97 1
5 53 595 1249 304 27 101 1
5 53 596 1248 304 26 101 1
5 53 597 1246 304 26 101 1
5 53 598 1244 305 27 102 1
5 53 599 1242 305 27 102 1
5 53 600 1240 307 29 101 1
5 53 601 1239 307 28 101 1
5 53 602 1237 307 28 101 1
5 53 603 1235 307 29 103 1
5 53 604 1233 309 31 101 1
5 53 605 1232 309 30 103 1
5 53 606 1230 309 30 103 1
5 53 607 1228 309 30 105 1
5 53 608 1226 311 32 103 1
5 53 609 1224 311 32 103 1
5 53 610 1223 311 32 105 1
5 53 611 1221 312 32 104 1
5 53 612 1219 312 34 105 1
5 53 613 1217 312 34 105 1
5 53 614 1216 312 33 107 1
5 53 615 1214 314 34 105 1
5 53 616 1212 314 36 107 1
5 53 617 1210 314 36 107 1
5 53 618 1208 316 36 105 1
5 53 619 1207 316 35 107 1
5 53 620 1205 316 37 107 1
5 53 621 1203 316 37 108 1
5 53 622 1201 318 38 106 1
5 53 623 1200 318 37 108 1
5 53 624 1198 318 39 108 1
5 53 625 1196 320 39 106 1
5 53 626 1194 320 39 108 1
5 53 627 1192 320 40 108 1
5 53 628 1191 320 41 110 1
5 53 629 1189 321 41 109 1
5 53 630 1187 321 41 111 1
5 53 631 1185 321 41 111 1
5 53 632 1184 323 42 110 1
6 74 559 1260 252 18 112 1
6 74 560 1258 252 20 112 1
6 74 561 1256 252 22 114 1
6 74 562 1255 252 23 114 1
6 74 563 1253 254 25 114 1
6 74 564 1251 254 27 114 1
6 74 565 1249 254 29 115 1
6 74 566 1248 256 30 113 1
6 74 567 1246 256 32 115 1
6 74 568 1244 256 34 115 1
6 74 569 1242 257 36 116 1
6 74 570 1240 257 38 116 1
6 74 571 1239 257 39 118 1
6 74 572 1237 259 41 116 1
6 74 573 1235 259 43 117 1
6 74 574 1233 259 45 117 1
6 74 575 1233 261 45 117 1
6 74 576 1232 261 44 117 1
6 74 577 1232 263 44 117 1
6 74 578 1230 263 44 117 1
6 74 579 1230 264 44 118 1
6 74 580 1228 264 44 118 1
6 74 581 1228 266 44 118 1
6 74 582 1226 266 45 118 1
6 74 583 1226 268 45 117 1
6 74 584 1224 268 45 117 1
6 74 585 1224 270 45 117 1
6 74 586 1224 272 45 117 1
6 74 587 1223 272 44 117 1
6 74 588 1221 273 44 118 1
6 74 589 1219 273 45 118 1
6 74 590 1217 275 45 117 1
6 74 591 1217 275 45 117 1
6 74 592 1216 277 44 117 1
6 74 593 1214 277 44 117 1
6 74 594 1212 279 44 117 1
6 74 595 1210 279 45 117 1
6 74 596 1210 280 45 118 1
6 74 597 1208 280 45 118 1
6 74 598 1207 282 44 118 1
6 74 599 1205 282 44 118 1
6 74 600 1205 284 44 117 1
6 74 601 1201 284 47 117 1
6 74 602 1200 284 46 119 1
6 74 603 1198 286 46 117 1
6 74 604 1196 286 46 119 1
6 74 605 1194 286 46 119 1
6 74 606 1192 288 47 119 1
6 74 607 1191 288 48 119 1
6 74 608 1189 289 48 119 1
6 74 609 1187 289 48 119 1
6 74 610 1185 289 48 121 1
6 74 611 1184 291 48 119 1
6 74 612 1182 291 48 121 1
6 74 613 1180 291 50 121 1
6 74 614 1178 293 50 121 1
6 74 615 1176 293 50 121 1
6 74 616 1175 295 49 121 1
6 74 617 1173 295 50 121 1
6 74 618 1171 295 50 122 1
6 74 619 1169 296 50 121 1
6 74 620 1168 296 51 123 1
6 74 621 1166 296 51 123 1
6 74 622 1164 298 52 123 1
6 74 623 1162 298 52 123 1
6 74 624 1160 300 52 123 1
6 74 625 1159 300 51 123 1
6 74 626 1157 300 53 124 1
6 74 627 1155 302 53 122 1
6 74 628 1153 302 54 124 1
6 74 629 1152 302 53 124 1
6 74 630 1150 304 53 124 1
6 74 631 1148 304 53 124 1
6 74 632 1146 305 55 125 1
7 454 179 1242 547 36 169 1
7 454 180 1239 545 39 169 1
7 454 181 1237 544 41 170 1
7 454 182 1235 542 43 170 1
7 454 183 1233 540 45 172 1
7 454 184 1230 538 48 174 1
7 454 185 1228 536 50 175 1
7 454 186 1226 535 52 176 1
7 454 187 1224 533 54 176 1
7 454 188 1221 531 57 178 1
7 454 189 1219 529 59 180 1
7 454 190 1217 528 61 179 1
7 454 191 1216 526 62 181 1
7 454 192 1214 524 64 183 1
7 454 193 1208 522 66 183 1
7 454 194 1205 520 66 184 1
7 454 195 1201 519 66 183 1
7 454 196 1196 519 68 181 1
7 454 197 1192 517 68 181 1
7 454 198 1189 515 67 181 1
7 454 199 1184 515 69 180 1
7 454 200 1180 513 69 180 1
7 454 201 1176 512 70 179 1
7 454 202 1171 512 71 179 1
7 454 203 1168 510 71 179 1
7 454 204 1164 508 71 180 1
7 454 205 1159 508 73 178 1
7 454 206 1155 506 73 178 1
7 454 207 1152 504 72 178 1
7 454 208 1146 504 75 176 1
7 454 209 1143 503 74 176 1
7 454 210 1139 501 75 176 1
7 454 211 1136 501 76 176 1
7 454 212 1132 499 76 176 1
7 454 213 1130 499 77 174 1
7 454 214 1128 497 75 175 1
7 454 215 1125 497 76 175 1
7 454 216 1123 497 75 173 1
7 454 217 1121 496 75 172 1
7 454 218 1118 496 74 170 1
7 454 219 1116 494 75 172 1
7 454 220 1114 494 75 170 1
7 454 221 1111 494 74 169 1
7 454 222 1109 492 75 171 1
7 454 223 1107 492 73 169 1
7 454 224 1104 490 74 169 1
7 454 225 1102 490 73 167 1
7 454 226 1100 490 73 167 1
7 454 227 1096 488 75 168 1
7 454 228 1095 488 73 166 1
7 454 229 1093 487 73 167 1
7 454 230 1089 487 73 165 1
7 454 231 1088 487 72 163 1
7 454 232 1086 485 71 163 1
7 454 233 1082 485 73 163 1
7 454 234 1080 485 73 162 1
7 454 235 1079 483 71 162 1
7 454 236 1075 483 73 162 1
7 454 237 1073 481 71 162 1
7 454 238 1072 481 71 160 1
7 454 239 1068 481 71 159 1
7 454 240 1066 480 71 160 1
7 454 241 1064 480 70 158 1
7 454 242 1061 478 71 158 1
7 454 243 1059 478 71 158 1
7 454 244 1057 478 70 156 1
7 454 245 1054 476 71 156 1
7 454 246 1052 476 69 155 1
7 454 247 1050 474 70 157 1
7 454 248 1047 474 69 155 1
7 454 249 1045 474 69 153 1
7 454 250 1043 472 69 155 1
7 454 251 1040 472 69 153 1
7 454 252 1038 471 69 153 1
7 454 253 1036 471 68 151 1
7 454 254 1032 471 70 151 1
7 454 255 1031 469 67 151 1
7 454 256 1029 469 67 149 1
7 454 257 1027 469 68 149 1
7 454 258 1025 467 66 149 1
7 454 259 1024 467 65 148 1
7 454 260 1022 465 66 150 1
7 454 261 1020 465 66 148 1
7 454 262 1018 465 66 148 1
7 454 263 1016 464 66 147 1
7 454 264 1015 464 65 147 1
7 454 265 1013 464 66 145 1
7 454 266 1011 462 66 147 1
7 454 267 1009 462 66 146 1
7 454 268 1008 460 65 148 1
7 454 269 1006 460 66 146 1
7 454 270 1004 460 66 146 1
7 454 271 1002 458 66 146 1
7 454 272 1002 458 64 146 1
7 454 273 1000 458 64 144 1
7 454 274 999 456 64 146 1
7 454 275 997 456 64 144 1
7 454 276 995 455 64 145 1
7 454 277 993 455 64 144 1
7 454 278 992 455 64 144 1
7 454 279 990 453 62 144 1
7 454 280 988 453 62 144 1
7 454 281 986 453 62 142 1
7 454 282 984 451 63 144 1
7 454 283 983 451 62 142 1
7 454 284 981 449 62 144 1
7 454 285 979 449 62 143 1
7 454 286 979 449 61 143 1
7 454 287 977 448 61 142 1
7 454 288 976 448 60 142 1
7 454 289 974 448 60 140 1
7 454 290 972 446 60 142 1
7 454 291 970 446 61 140 1
7 454 292 968 444 61 142 1
7 454 293 967 444 60 140 1
7 454 294 965 444 60 140 1
7 454 295 963 442 61 141 1
7 454 296 961 442 61 141 1
7 454 297 960 442 60 139 1
7 454 298 958 440 60 141 1
7 454 299 956 440 60 139 1
7 454 300 956 440 59 139 1
7 454 301 954 439 59 138 1
7 454 302 952 439 59 138 1
7 454 303 951 439 58 137 1
7 454 304 949 437 59 139 1
7 454 305 947 437 59 137 1
7 454 306 947 437 57 137 1
7 454 307 945 435 57 137 1
7 454 308 944 435 56 137 1
7 454 309 942 435 58 137 1
7 454 310 940 433 59 137 1
7 454 311 938 433 59 137 1
7 454 312 938 433 57 135 1
7 454 313 936 432 57 136 1
7 454 314 935 432 57 135 1
7 454 315 933 432 57 135 1
7 454 316 931 430 57 137 1
7 454 317 929 430 57 135 1
7 454 318 929 430 57 135 1
7 454 319 928 428 56 135 1
7 454 320 926 428 57 135 1
7 454 321 924 428 57 133 1
7 454 322 922 428 57 133 1
7 454 323 920 426 57 135 1
7 454 324 920 426 56 134 1
7 454 325 919 426 55 134 1
7 454 326 917 424 55 134 1
7 454 327 915 424 57 134 1
7 454 328 913 424 57 132 1
7 454 329 912 423 56 133 1
7 454 330 912 423 55 133 1
7 454 331 910 423 55 131 1
7 454 332 908 421 55 133 1
7 454 333 906 421 55 131 1
7 454 334 904 421 56 131 1
7 454 335 903 419 55 132 1
7 454 336 903 419 55 132 1
7 454 337 901 419 55 132 1
7 454 338 899 417 55 132 1
7 454 339 897 417 55 132 1
7 454 340 896 417 55 130 1
7 454 341 894 416 55 131 1
7 454 342 894 416 53 129 1
7 454 343 892 416 53 129 1
7 454 344 890 416 55 129 1
7 454 345 888 414 56 130 1
7 454 346 887 414 55 130 1
7 454 347 885 414 55 128 1
7 454 348 885 412 53 130 1
7 454 349 883 412 53 128 1
7 454 350 881 412 54 128 1
7 454 351 880 410 53 128 1
7 454 352 878 410 53 128 1
7 454 353 876 410 55 128 1
7 454 354 876 408 53 128 1
7 454 355 874 408 54 128 1
7 454 356 872 408 54 127 1
7 454 357 871 407 53 128 1
7 454 358 869 407 53 126 1
7 454 359 867 407 53 126 1
7 454 360 867 405 52 128 1
7 454 361 865 405 52 126 1
7 454 362 864 405 53 126 1
7 454 363 862 403 53 126 1
7 454 364 860 403 53 126 1
7 454 365 858 403 54 125 1
7 454 366 858 403 52 125 1
7 454 367 856 401 52 127 1
7 454 368 855 401 51 125 1
7 454 369 853 401 51 125 1
7 454 370 851 400 52 124 1
7 454 371 849 400 54 124 1
7 454 372 849 400 52 122 1
7 454 373 848 398 51 124 1
7 454 374 846 398 51 124 1
7 454 375 844 398 52 122 1
7 454 376 842 396 52 124 1
7 454 377 840 396 52 123 1
7 454 378 840 396 50 123 1
7 454 379 839 394 49 123 1
7 454 380 837 394 51 123 1
7 454 381 835 394 52 123 1
7 454 382 833 392 52 123 1
7 454 383 832 392 51 123 1
7 454 384 832 392 49 121 1
7 454 385 830 391 50 122 1
7 454 386 828 391 50 121 1
7 454 387 826 391 50 121 1
7 454 388 824 391 52 121 1
7 454 389 823 389 51 121 1
7 454 390 823 389 49 121 1
7 454 391 821 389 50 119 1
7 454 392 819 387 50 121 1
7 454 393 817 387 50 119 1
7 454 394 816 387 49 119 1
7 454 395 814 385 50 119 1
7 454 396 814 385 48 119 1
7 454 397 812 385 50 119 1
7 454 398 810 384 50 119 1
7 454 399 808 384 50 119 1
7 454 400 807 384 49 117 1
7 454 401 805 382 50 119 1
7 454 402 805 382 48 117 1
7 454 403 803 382 48 117 1
7 454 404 801 380 48 119 1
7 454 405 800 380 48 117 1
7 454 406 798 380 50 117 1
7 454 407 796 378 50 118 1
7 454 408 796 378 48 118 1
7 454 409 794 378 48 116 1
7 454 410 792 378 48 116 1
7 454 411 791 376 48 118 1
7 454 412 789 376 48 116 1
7 454 413 787 376 48 116 1
7 454 414 787 375 46 115 1
7 454 415 785 375 48 115 1
7 454 416 784 375 48 113 1
7 454 417 782 373 48 115 1
7 454 418 780 373 48 115 1
7 454 419 778 373 48 114 1
7 454 420 778 371 46 116 1
7 454 421 776 371 47 114 1
7 454 422 775 371 46 114 1
7 454 423 773 369 46 114 1
7 454 424 771 369 48 114 1
7 454 425 769 369 48 114 1
7 454 426 769 368 47 113 1
7 454 427 768 368 46 113 1
7 454 428 766 368 46 112 1
7 454 429 764 366 46 114 1
7 454 430 762 366 46 112 1
7 454 431 760 366 47 112 1
7 454 432 760 366 47 112 1
7 454 433 759 364 46 112 1
7 454 434 757 364 46 112 1
7 454 435 757 364 46 112 1
7 454 436 755 364 46 110 1
7 454 437 755 362 45 112 1
7 454 438 753 362 47 112 1
7 454 439 753 362 45 110 1
7 454 440 752 362 46 110 1
7 454 441 752 362 44 110 1
7 454 442 750 360 44 112 1
7 454 443 750 360 44 111 1
7 454 444 748 360 44 111 1
7 454 445 748 360 44 111 1
7 454 446 746 360 45 109 1
7 454 447 746 359 43 110 1
7 454 448 744 359 45 110 1
7 454 449 744 359 43 110 1
7 454 450 743 359 42 108 1
7 454 451 743 359 42 108 1
7 454 452 741 357 43 110 1
7 454 453 741 357 43 108 1
7 454 454 739 357 43 108 1
7 454 455 739 357 41 108 1
7 454 456 737 355 43 110 1
7 454 457 737 355 41 109 1
7 454 458 736 355 42 109 1
7 454 459 736 355 40 109 1
7 454 460 734 355 41 107 1
7 454 461 734 353 41 109 1
7 454 462 732 353 41 109 1
7 454 463 732 353 41 109 1
7 454 464 730 353 41 107 1
7 454 465 728 353 41 107 1
7 454 466 728 352 41 108 1
7 454 467 727 352 41 106 1
7 454 468 727 352 39 106 1
7 454 469 725 352 41 106 1
7 454 470 725 352 39 104 1
7 454 471 723 350 41 106 1
7 454 472 723 350 39 106 1
7 454 473 721 350 39 106 1
7 454 474 721 350 39 105 1
7 454 475 720 348 39 107 1
7 454 476 720 348 39 107 1
7 454 477 718 348 39 105 1
7 454 478 718 348 37 105 1
7 454 479 716 348 39 105 1
7 454 480 716 346 37 107 1
7 454 481 714 346 38 105 1
7 454 482 714 346 38 105 1
7 454 483 712 346 38 105 1
7 454 484 712 346 38 103 1
7 454 485 711 344 37 105 1
7 454 486 711 344 35 105 1
7 454 487 709 344 37 105 1
7 454 488 709 344 35 104 1
7 454 489 707 344 37 104 1
7 454 490 707 343 36 105 1
7 454 491 705 343 36 103 1
7 454 492 705 343 36 103 1
7 454 493 704 343 35 103 1
7 454 494 704 343 35 103 1
7 454 495 702 341 35 103 1
7 454 496 700 341 36 103 1
7 454 497 700 341 36 103 1
7 454 498 698 341 36 101 1
7 454 499 696 341 36 101 1
7 454 500 696 341 36 101 1
7 454 501 695 339 35 103 1
7 454 502 693 339 37 101 1
7 454 503 693 339 35 101 1
7 454 504 691 339 36 101 1
7 454 505 689 339 38 101 1
7 454 506 689 339 36 100 1
7 454 507 688 337 37 102 1
7 454 508 686 337 37 102 1
7 454 509 686 337 35 102 1
7 454 510 684 337 37 100 1
7 454 511 682 337 38 100 1
7 454 512 682 337 38 100 1
7 454 513 680 337 38 100 1
7 454 514 679 336 37 99 1
7 454 515 679 336 37 99 1
7 454 516 677 336 37 99 1
7 454 517 675 336 39 99 1
7 454 518 675 336 37 97 1
7 454 519 673 336 38 97 1
7 454 520 672 334 39 99 1
7 454 521 672 334 37 99 1
7 454 522 670 334 37 98 1
7 454 523 668 334 39 98 1
7 454 524 668 334 37 98 1
7 454 525 666 334 39 98 1
7 454 526 664 332 40 98 1
7 454 527 664 332 38 98 1
7 454 528 663 332 39 98 1
7 454 529 661 332 39 98 1
7 454 530 661 332 39 96 1
7 454 531 659 332 39 96 1
7 454 532 657 332 39 96 1
7 454 533 657 330 39 98 1
7 454 534 656 330 39 96 1
7 454 535 654 330 41 96 1
7 454 536 654 330 39 96 1
7 454 537 652 330 39 96 1
7 454 538 650 330 41 94 1
7 454 539 650 328 39 96 1
7 454 540 648 328 41 96 1
7 454 541 647 328 41 96 1
7 454 542 647 328 39 95 1
7 454 543 645 328 41 95 1
7 454 544 643 328 41 95 1
7 454 545 643 328 41 95 1
7 454 546 641 327 41 94 1
7 454 547 640 327 40 94 1
7 454 548 640 327 40 94 1
7 454 549 638 327 41 94 1
7 454 550 638 327 41 94 1
7 454 551 636 327 41 92 1
7 454 552 636 327 39 92 1
7 454 553 634 325 41 94 1
7 454 554 634 325 39 94 1
7 454 555 632 325 41 94 1
7 454 556 632 325 40 92 1
7 454 557 631 325 41 92 1
7 454 558 631 325 39 92 1
7 454 559 629 325 39 92 1
7 454 560 629 325 39 92 1
7 454 561 627 323 39 93 1
7 454 562 627 323 39 93 1
7 454 563 625 323 39 93 1
7 454 564 624 323 39 93 1
7 454 565 624 323 39 93 1
7 454 566 622 323 39 91 1
7 454 567 622 323 39 91 1
7 454 568 620 323 39 91 1
7 454 569 620 321 39 93 1
7 454 570 618 321 39 93 1
7 454 571 618 321 38 91 1
7 454 572 616 321 40 91 1
7 454 573 616 321 38 91 1
7 454 574 615 321 39 91 1
7 454 575 615 321 37 91 1
7 454 576 613 321 37 89 1
7 454 577 613 320 37 90 1
7 454 578 611 320 37 90 1
7 454 579 611 320 37 90 1
7 454 580 609 320 38 90 1
7 454 581 609 320 38 88 1
7 454 582 608 320 37 88 1
7 454 583 606 320 37 88 1
7 454 584 606 320 37 88 1
7 454 585 604 318 37 90 1
7 454 586 604 318 37 89 1
7 454 587 602 318 38 89 1
7 454 588 602 318 36 89 1
7 454 589 600 318 38 89 1
7 454 590 600 318 36 89 1
7 454 591 599 318 37 87 1
7 454 592 599 318 35 87 1
7 454 593 597 316 37 89 1
7 454 594 597 316 35 89 1
7 454 595 595 316 36 89 1
7 454 596 595 316 36 87 1
7 454 597 593 316 36 87 1
7 454 598 593 316 36 87 1
7 454 599 592 316 35 87 1
7 454 600 592 316 35 87 1
7 454 601 590 314 35 87 1
7 454 602 590 314 34 87 1
7 454 603 588 314 36 87 1
7 454 604 588 314 34 87 1
7 454 605 586 314 36 87 1
7 454 606 586 312 34 89 1
7 454 607 584 312 36 89 1
7 454 608 584 312 34 89 1
7 454 609 584 312 34 89 1
7 454 610 583 312 33 89 1
7 454 611 583 311 33 89 1
7 454 612 581 311 34 89 1
7 454 613 581 311 34 89 1
7 454 614 579 311 34 89 1
7 454 615 579 311 34 89 1
7 454 616 579 311 32 89 1
7 454 617 577 309 32 91 1
7 454 618 577 309 32 91 1
7 454 619 576 309 32 91 1
7 454 620 576 309 32 91 1
7 454 621 574 309 32 91 1
7 454 622 574 307 32 91 1
7 454 623 572 307 32 91 1
7 454 624 572 307 32 91 1
7 454 625 572 307 30 91 1
7 454 626 570 307 32 91 1
7 454 627 570 305 30 93 1
7 454 628 568 305 32 93 1
7 454 629 568 305 31 93 1
7 454 630 567 305 32 93 1
7 454 631 567 305 30 93 1
7 454 632 567 305 30 93 1
8 476 157 1249 558 29 158 1
8 476 158 1242 556 36 160 1
8 476 159 1237 554 41 162 1
8 476 160 1232 552 46 164 1
8 476 161 1226 551 52 165 1
8 476 162 1221 549 57 167 1
8 476 163 1216 547 62 169 1
8 476 164 1208 545 70 171 1
8 476 165 1203 544 75 172 1
8 476 166 1198 542 80 174 1
8 476 167 1192 540 86 176 1
8 476 168 1187 538 91 178 1
8 476 169 1182 538 96 178 1
8 476 170 1178 536 96 180 1
8 476 171 1175 535 96 181 1
8 476 172 1173 535 96 181 1
8 476 173 1169 533 96 183 1
8 476 174 1166 531 96 185 1
8 476 175 1164 531 96 185 1
8 476 176 1160 529 96 187 1
8 476 177 1159 529 96 187 1
8 476 178 1155 528 96 188 1
8 476 179 1152 526 96 190 1
8 476 180 1150 526 96 190 1
8 476 181 1146 524 96 192 1
8 476 182 1143 522 96 194 1
8 476 183 1141 522 96 194 1
8 476 184 1137 520 96 196 1
8 476 185 1136 520 96 196 1
8 476 186 1132 519 96 197 1
8 476 187 1128 517 96 199 1
8 476 188 1127 517 96 199 1
8 476 189 1123 515 96 201 1
8 476 190 1120 513 96 203 1
8 476 191 1118 513 96 203 1
8 476 192 1114 512 96 204 1
8 476 193 1112 512 96 204 1
8 476 194 1109 510 94 204 1
8 476 195 1107 508 93 204 1
8 476 196 1104 506 92 205 1
8 476 197 1102 506 90 203 1
8 476 198 1100 504 87 203 1
8 476 199 1096 503 88 202 1
8 476 200 1095 503 85 201 1
8 476 201 1091 501 85 201 1
8 476 202 1089 499 82 201 1
8 476 203 1088 499 80 199 1
8 476 204 1084 497 80 199 1
8 476 205 1082 496 78 199 1
8 476 206 1080 496 77 199 1
8 476 207 1077 494 76 199 1
8 476 208 1075 492 77 199 1
8 476 209 1072 492 78 197 1
8 476 210 1070 490 78 198 1
8 476 211 1068 488 76 198 1
8 476 212 1064 488 79 196 1
8 476 213 1063 487 78 195 1
8 476 214 1061 485 78 197 1
8 476 215 1057 485 79 195 1
8 476 216 1056 483 78 196 1
8 476 217 1052 483 80 194 1
8 476 218 1050 481 80 194 1
8 476 219 1048 480 79 193 1
8 476 220 1045 480 80 192 1
8 476 221 1043 478 80 194 1
8 476 222 1041 476 80 194 1
8 476 223 1038 476 82 192 1
8 476 224 1036 474 80 192 1
8 476 225 1034 472 80 192 1
8 476 226 1031 472 81 191 1
8 476 227 1029 471 82 190 1
8 476 228 1025 471 82 188 1
8 476 229 1024 469 81 190 1
8 476 230 1022 467 82 190 1
8 476 231 1018 467 84 189 1
8 476 232 1016 465 82 189 1
8 476 233 1015 464 81 188 1
8 476 234 1011 464 84 186 1
8 476 235 1009 462 84 186 1
8 476 236 1008 462 83 186 1
8 476 237 1006 460 82 187 1
8 476 238 1004 460 82 185 1
8 476 239 1002 460 82 185 1
8 476 240 1000 458 82 185 1
8 476 241 999 458 81 185 1
8 476 242 997 458 82 183 1
8 476 243 995 456 82 185 1
8 476 244 993 456 82 184 1
8 476 245 992 456 81 184 1
8 476 246 990 455 80 183 1
8 476 247 988 455 80 183 1
8 476 248 986 455 80 181 1
8 476 249 984 453 80 183 1
8 476 250 983 453 80 181 1
8 476 251 981 453 80 179 1
8 476 252 979 451 80 181 1
8 476 253 977 451 80 180 1
8 476 254 977 451 79 180 1
8 476 255 976 451 76 178 1
8 476 256 974 449 76 180 1
8 476 257 972 449 76 178 1
8 476 258 970 449 77 178 1
8 476 259 968 448 77 177 1
8 476 260 967 448 76 177 1
8 476 261 965 448 76 176 1
8 476 262 963 446 77 178 1
8 476 263 961 446 77 176 1
8 476 264 960 446 74 174 1
8 476 265 958 444 74 176 1
8 476 266 956 444 75 174 1
8 476 267 954 444 75 174 1
8 476 268 952 442 75 174 1
8 476 269 951 442 74 174 1
8 476 270 949 442 75 173 1
8 476 271 947 440 75 175 1
8 476 272 947 440 73 173 1
8 476 273 945 440 71 173 1
8 476 274 944 440 71 171 1
8 476 275 942 439 71 172 1
8 476 276 940 439 71 170 1
8 476 277 938 439 71 169 1
8 476 278 936 437 72 171 1
8 476 279 935 437 71 169 1
8 476 280 933 437 71 169 1
8 476 281 931 435 71 169 1
8 476 282 929 435 70 169 1
8 476 283 928 435 69 167 1
8 476 284 926 433 69 169 1
8 476 285 924 433 69 167 1
8 476 286 922 433 70 167 1
8 476 287 920 432 70 167 1
8 476 288 919 432 69 167 1
8 476 289 917 432 69 165 1
8 476 290 917 432 67 165 1
8 476 291 915 430 66 165 1
8 476 292 913 430 66 163 1
8 476 293 912 428 65 164 1
8 476 294 910 428 66 164 1
8 476 295 908 426 66 164 1
8 476 296 906 426 66 162 1
8 476 297 904 424 66 164 1
8 476 298 903 424 65 162 1
8 476 299 901 423 66 161 1
8 476 300 899 423 66 161 1
8 476 301 897 421 66 162 1
8 476 302 896 421 65 162 1
8 476 303 894 421 66 160 1
8 476 304 892 419 66 162 1
8 476 305 890 419 66 160 1
8 476 306 888 419 66 160 1
8 476 307 887 417 65 160 1
8 476 308 885 417 66 160 1
8 476 309 885 417 64 159 1
8 476 310 883 416 64 160 1
8 476 311 881 416 64 158 1
8 476 312 880 416 64 158 1
8 476 313 878 414 64 158 1
8 476 314 876 414 64 158 1
8 476 315 874 414 64 156 1
8 476 316 872 414 64 156 1
8 476 317 871 412 64 156 1
8 476 318 871 412 62 156 1
8 476 319 869 412 62 155 1
8 476 320 867 410 62 157 1
8 476 321 865 410 64 157 1
8 476 322 864 410 64 155 1
8 476 323 862 408 64 157 1
8 476 324 860 408 64 155 1
8 476 325 858 408 64 155 1
8 476 326 856 407 64 154 1
8 476 327 856 407 63 154 1
8 476 328 855 407 62 153 1
8 476 329 853 405 62 155 1
8 476 330 851 405 62 153 1
8 476 331 849 405 63 153 1
8 476 332 848 405 62 151 1
8 476 333 846 403 62 153 1
8 476 334 844 403 62 151 1
8 476 335 844 403 60 151 1
8 476 336 842 401 61 151 1
8 476 337 840 401 61 151 1
8 476 338 839 401 60 150 1
8 476 339 837 400 60 151 1
8 476 340 835 400 61 149 1
8 476 341 833 400 63 149 1
8 476 342 832 398 62 151 1
8 476 343 830 398 62 149 1
8 476 344 830 398 60 149 1
8 476 345 828 396 60 149 1
8 476 346 826 396 61 149 1
8 476 347 824 396 61 148 1
8 476 348 823 396 60 148 1
8 476 349 821 394 60 148 1
8 476 350 819 394 61 148 1
8 476 351 817 394 61 146 1
8 476 352 816 392 60 148 1
8 476 353 816 392 58 146 1
8 476 354 814 392 58 146 1
8 476 355 812 391 59 145 1
8 476 356 810 391 59 145 1
8 476 357 808 391 59 144 1
8 476 358 807 389 58 146 1
8 476 359 805 389 59 144 1
8 476 360 803 389 59 144 1
8 476 361 803 389 59 144 1
8 476 362 801 387 59 144 1
8 476 363 800 387 58 144 1
8 476 364 798 387 58 142 1
8 476 365 796 385 59 144 1
8 476 366 794 385 59 143 1
8 476 367 792 385 59 143 1
8 476 368 792 385 57 141 1
8 476 369 791 384 57 142 1
8 476 370 789 384 57 142 1
8 476 371 787 384 59 140 1
8 476 372 785 384 59 140 1
8 476 373 784 382 58 140 1
8 476 374 782 382 58 140 1
8 476 375 782 382 57 138 1
8 476 376 780 382 57 138 1
8 476 377 778 380 57 140 1
8 476 378 776 380 57 139 1
8 476 379 775 380 57 139 1
8 476 380 773 378 57 139 1
8 476 381 773 378 57 139 1
8 476 382 771 378 57 137 1
8 476 383 769 378 57 137 1
8 476 384 768 376 56 139 1
8 476 385 766 376 57 137 1
8 476 386 764 376 57 137 1
8 476 387 762 376 57 136 1
8 476 388 762 375 55 137 1
8 476 389 760 375 56 135 1
8 476 390 759 375 55 135 1
8 476 391 757 375 57 135 1
8 476 392 755 373 57 135 1
8 476 393 753 373 57 135 1
8 476 394 752 373 56 133 1
8 476 395 752 371 55 135 1
8 476 396 750 371 55 133 1
8 476 397 748 371 55 133 1
8 476 398 746 371 55 132 1
8 476 399 744 369 56 134 1
8 476 400 743 369 55 134 1
8 476 401 743 369 55 132 1
8 476 402 741 369 55 132 1
8 476 403 739 368 55 131 1
8 476 404 737 368 55 131 1
8 476 405 736 368 55 129 1
8 476 406 734 368 55 129 1
8 476 407 732 366 55 131 1
8 476 408 732 366 53 130 1
8 476 409 730 366 54 130 1
8 476 410 728 364 54 130 1
8 476 411 727 364 55 130 1
8 476 412 725 364 55 128 1
8 476 413 723 364 55 128 1
8 476 414 721 362 55 130 1
8 476 415 721 362 54 128 1
8 476 416 720 362 53 128 1
8 476 417 718 362 53 126 1
8 476 418 716 360 53 128 1
8 476 419 714 360 54 127 1
8 476 420 712 360 54 127 1
8 476 421 712 360 54 127 1
8 476 422 711 359 53 126 1
8 476 423 709 359 53 126 1
8 476 424 709 359 51 126 1
8 476 425 707 359 53 124 1
8 476 426 705 357 54 126 1
8 476 427 705 357 52 126 1
8 476 428 704 357 53 124 1
8 476 429 702 357 53 124 1
8 476 430 702 355 51 126 1
8 476 431 700 355 53 125 1
8 476 432 700 355 52 125 1
8 476 433 698 355 52 125 1
8 476 434 696 355 52 123 1
8 476 435 696 353 52 125 1
8 476 436 695 353 51 125 1
8 476 437 693 353 51 123 1
8 476 438 693 353 51 123 1
8 476 439 691 352 52 124 1
8 476 440 689 352 52 122 1
8 476 441 689 352 52 122 1
8 476 442 688 352 51 122 1
8 476 443 688 352 49 122 1
8 476 444 686 350 51 122 1
8 476 445 684 350 52 122 1
8 476 446 684 350 50 122 1
8 476 447 682 350 50 121 1
8 476 448 680 348 52 123 1
8 476 449 680 348 50 123 1
8 476 450 679 348 49 121 1
8 476 451 677 348 51 121 1
8 476 452 677 348 50 121 1
8 476 453 675 346 50 121 1
8 476 454 675 346 50 121 1
8 476 455 673 346 50 121 1
8 476 456 672 346 49 119 1
8 476 457 672 344 49 121 1
8 476 458 670 344 50 121 1
8 476 459 668 344 50 120 1
8 476 460 668 344 48 120 1
8 476 461 666 344 50 120 1
8 476 462 664 343 50 119 1
8 476 463 664 343 48 119 1
8 476 464 663 343 49 119 1
8 476 465 663 343 48 119 1
8 476 466 661 341 48 119 1
8 476 467 659 341 50 119 1
8 476 468 659 341 48 119 1
8 476 469 657 341 48 117 1
8 476 470 656 341 48 117 1
8 476 471 656 339 48 119 1
8 476 472 654 339 48 117 1
8 476 473 652 339 48 117 1
8 476 474 652 339 48 117 1
8 476 475 650 337 48 118 1
8 476 476 650 337 46 118 1
8 476 477 648 337 48 118 1
8 476 478 647 337 48 116 1
8 476 479 647 337 46 116 1
8 476 480 645 336 48 117 1
8 476 481 643 336 48 115 1
8 476 482 643 336 46 115 1
8 476 483 641 336 47 115 1
8 476 484 640 334 48 115 1
8 476 485 640 334 46 115 1
8 476 486 638 334 46 115 1
8 476 487 638 334 46 115 1
8 476 488 636 334 46 114 1
8 476 489 634 332 46 116 1
8 476 490 634 332 46 116 1
8 476 491 632 332 47 114 1
8 476 492 631 332 46 114 1
8 476 493 631 330 46 116 1
8 476 494 629 330 46 114 1
8 476 495 627 330 46 114 1
8 476 496 627 330 45 114 1
8 476 497 625 330 47 112 1
8 476 498 625 328 45 114 1
8 476 499 624 328 44 114 1
8 476 500 622 328 46 112 1
8 476 501 622 328 44 112 1
8 476 502 620 327 44 113 1
8 476 503 618 327 46 112 1
8 476 504 618 327 45 112 1
8 476 505 616 327 45 112 1
8 476 506 616 327 45 112 1
8 476 507 615 325 44 112 1
8 476 508 615 325 42 112 1
8 476 509 613 325 44 112 1
8 476 510 613 325 43 110 1
8 476 511 611 325 45 110 1
8 476 512 611 325 43 110 1
8 476 513 609 325 45 110 1
8 476 514 609 323 43 110 1
8 476 515 608 323 44 110 1
8 476 516 608 323 42 110 1
8 476 517 608 323 42 110 1
8 476 518 606 323 42 109 1
8 476 519 606 323 42 109 1
8 476 520 604 323 43 109 1
8 476 521 604 321 43 111 1
8 476 522 602 321 43 109 1
8 476 523 602 321 43 109 1
8 476 524 600 321 43 109 1
8 476 525 600 321 43 109 1
8 476 526 600 321 41 107 1
8 476 527 599 321 42 107 1
8 476 528 599 320 41 108 1
8 476 529 597 320 43 108 1
8 476 530 597 320 41 106 1
8 476 531 595 320 43 106 1
8 476 532 595 320 41 106 1
8 476 533 593 320 43 106 1
8 476 534 593 320 41 104 1
8 476 535 593 320 41 104 1
8 476 536 592 318 40 106 1
8 476 537 592 318 39 105 1
8 476 538 590 318 41 105 1
8 476 539 590 318 39 105 1
8 476 540 588 318 41 105 1
8 476 541 588 318 39 103 1
8 476 542 586 318 41 103 1
8 476 543 586 316 39 105 1
8 476 544 584 316 41 105 1
8 476 545 584 316 40 103 1
8 476 546 584 316 40 103 1
8 476 547 583 316 39 103 1
8 476 548 583 316 39 103 1
8 476 549 581 316 39 101 1
8 476 550 581 314 39 103 1
8 476 551 579 314 39 103 1
8 476 552 579 314 39 103 1
8 476 553 577 314 39 102 1
8 476 554 577 314 39 102 1
8 476 555 577 314 38 102 1
8 476 556 576 314 39 102 1
8 476 557 576 312 37 102 1
8 476 558 574 312 39 102 1
8 476 559 574 312 37 102 1
8 476 560 572 312 39 102 1
8 476 561 572 312 37 100 1
8 476 562 570 312 39 100 1
8 476 563 570 312 38 100 1
8 476 564 570 312 38 100 1
8 476 565 568 311 38 99 1
8 476 566 567 311 39 99 1
8 476 567 567 311 37 99 1
8 476 568 565 311 39 99 1
8 476 569 565 311 37 99 1
8 476 570 563 311 39 99 1
8 476 571 561 311 39 99 1
8 476 572 561 311 39 97 1
8 476 573 560 311 39 97 1
8 476 574 560 311 39 97 1
8 476 575 558 311 39 97 1
8 476 576 558 311 39 97 1
8 476 577 556 311 39 97 1
8 476 578 554 311 41 97 1
8 476 579 554 311 39 96 1
8 476 580 552 311 41 96 1
8 476 581 552 311 40 96 1
8 476 582 551 311 41 96 1
8 476 583 549 309 41 98 1
8 476 584 549 309 41 98 1
8 476 585 547 309 41 98 1
8 476 586 547 309 41 96 1
8 476 587 545 309 41 96 1
8 476 588 545 309 41 96 1
8 476 589 544 309 40 96 1
8 476 590 542 309 42 96 1
8 476 591 542 309 41 96 1
8 476 592 540 309 43 96 1
8 476 593 540 309 41 94 1
8 476 594 538 309 43 94 1
8 476 595 536 309 43 94 1
8 476 596 536 309 43 94 1
8 476 597 535 309 42 94 1
8 476 598 535 309 42 94 1
8 476 599 533 309 43 94 1
8 476 600 533 309 43 94 1
8 476 601 531 307 43 94 1
8 476 602 531 307 41 94 1
8 476 603 529 307 43 94 1
8 476 604 529 307 41 94 1
8 476 605 528 307 42 93 1
8 476 606 528 307 40 93 1
8 476 607 526 307 42 93 1
8 476 608 526 307 41 93 1
8 476 609 524 307 41 93 1
8 476 610 524 307 41 91 1
8 476 611 522 305 41 93 1
8 476 612 522 305 41 93 1
8 476 613 520 305 41 93 1
8 476 614 520 305 41 91 1
8 476 615 519 305 41 91 1
8 476 616 519 305 41 91 1
8 476 617 517 305 41 91 1
8 476 618 517 305 39 91 1
8 476 619 515 305 41 89 1
8 476 620 515 305 39 89 1
8 476 621 513 305 41 89 1
8 476 622 513 304 39 90 1
8 476 623 512 304 40 88 1
8 476 624 512 304 39 88 1
8 476 625 510 304 39 88 1
8 476 626 510 304 39 88 1
8 476 627 508 304 39 88 1
8 476 628 508 304 39 87 1
8 476 629 506 304 39 87 1
8 476 630 506 304 39 87 1
8 476 631 504 304 40 87 1
8 476 632 504 304 40 87 1
9 33 600 199 224 16 32 1
9 33 601 197 224 16 32 1
9 33 602 197 224 16 32 1
9 33 603 197 224 16 32 1
9 33 604 197 224 16 32 1
9 33 605 197 224 16 32 1
9 33 606 197 224 16 32 1
9 33 607 195 224 18 32 1
9 33 608 195 224 18 32 1
9 33 609 195 224 18 32 1
9 33 610 195 224 18 32 1
9 33 611 195 224 18 32 1
9 33 612 195 224 18 32 1
9 33 613 193 224 20 32 1
9 33 614 193 224 20 32 1
9 33 615 193 224 20 32 1
9 33 616 193 224 20 33 1
9 33 617 193 224 20 33 1
9 33 618 193 224 20 33 1
9 33 619 193 224 20 33 1
9 33 620 192 224 21 33 1
9 33 621 192 224 21 33 1
9 33 622 192 224 21 33 1
9 33 623 192 224 21 33 1
9 33 624 192 224 21 33 1
9 33 625 192 224 21 33 1
9 33 626 190 224 23 33 1
9 33 627 190 224 23 33 1
9 33 628 190 224 23 33 1
9 33 629 190 224 23 33 1
9 33 630 190 224 23 33 1
9 33 631 190 224 23 33 1
9 33 632 190 225 23 34 1
