0 322 0 213 224 18 40 1
0 322 1 211 224 20 40 1
0 322 2 211 224 20 40 1
0 322 3 211 224 20 40 1
0 322 4 211 224 20 40 1
0 322 5 211 224 20 40 1
0 322 6 211 224 20 40 1
0 322 7 211 224 20 40 1
0 322 8 211 224 20 40 1
0 322 9 211 224 20 40 1
0 322 10 211 224 20 40 1
0 322 11 211 224 20 40 1
0 322 12 211 224 20 40 1
0 322 13 211 224 20 40 1
0 322 14 211 224 20 40 1
0 322 15 211 224 20 40 1
0 322 16 211 224 20 40 1
0 322 17 211 224 20 40 1
0 322 18 211 224 20 40 1
0 322 19 211 224 20 40 1
0 322 20 211 224 20 40 1
0 322 21 211 224 20 40 1
0 322 22 211 224 20 40 1
0 322 23 211 224 20 40 1
0 322 24 209 224 22 40 1
0 322 25 209 224 22 40 1
0 322 26 209 224 22 40 1
0 322 27 209 224 22 40 1
0 322 28 209 224 22 40 1
0 322 29 209 224 22 40 1
0 322 30 209 224 22 40 1
0 322 31 209 224 22 40 1
0 322 32 209 224 22 40 1
0 322 33 209 224 22 40 1
0 322 34 209 224 22 40 1
0 322 35 209 224 22 40 1
0 322 36 209 224 22 40 1
0 322 37 209 224 22 40 1
0 322 38 209 224 22 40 1
0 322 39 209 224 22 40 1
0 322 40 209 224 22 40 1
0 322 41 209 224 22 40 1
0 322 42 209 224 22 40 1
0 322 43 209 224 22 40 1
0 322 44 209 224 22 40 1
0 322 45 209 224 22 40 1
0 322 46 209 224 22 40 1
0 322 47 208 224 23 40 1
0 322 48 208 224 23 40 1
0 322 49 208 224 23 40 1
0 322 50 208 224 23 40 1
0 322 51 208 224 23 40 1
0 322 52 208 224 23 40 1
0 322 53 208 224 23 40 1
0 322 54 208 224 23 40 1
0 322 55 208 224 23 40 1
0 322 56 208 224 23 40 1
0 322 57 208 224 23 40 1
0 322 58 208 224 23 40 1
0 322 59 208 224 23 40 1
0 322 60 208 224 23 40 1
0 322 61 208 224 23 40 1
0 322 62 208 224 23 40 1
0 322 63 208 224 23 40 1
0 322 64 208 224 23 40 1
0 322 65 208 224 23 40 1
0 322 66 208 224 23 40 1
0 322 67 208 224 23 40 1
0 322 68 208 224 23 40 1
0 322 69 208 224 23 40 1
0 322 70 208 224 23 40 1
0 322 71 206 224 23 40 1
0 322 72 206 224 23 40 1
0 322 73 206 224 23 40 1
0 322 74 206 224 23 40 1
0 322 75 206 224 23 40 1
0 322 76 206 224 23 40 1
0 322 77 206 224 23 40 1
0 322 78 206 224 23 40 1
0 322 79 206 224 23 40 1
0 322 80 206 224 23 40 1
0 322 81 206 224 23 40 1
0 322 82 206 224 23 40 1
0 322 83 206 224 23 40 1
0 322 84 206 224 23 40 1
0 322 85 206 224 23 40 1
0 322 86 206 224 23 40 1
0 322 87 206 224 23 40 1
0 322 88 206 224 23 40 1
0 322 89 206 224 23 40 1
0 322 90 206 224 23 40 1
0 322 91 206 224 23 40 1
0 322 92 206 224 23 40 1
0 322 93 206 224 23 40 1
0 322 94 206 224 23 40 1
0 322 95 206 224 23 40 1
0 322 96 206 224 23 40 1
0 322 97 206 224 23 40 1
0 322 98 206 224 23 40 1
0 322 99 206 224 23 40 1
0 322 100 206 224 23 40 1
0 322 101 206 224 23 40 1
0 322 102 206 224 23 40 1
0 322 103 206 224 23 40 1
0 322 104 206 224 23 40 1
0 322 105 206 224 23 40 1
0 322 106 206 224 23 40 1
0 322 107 206 224 23 40 1
0 322 108 206 224 23 40 1
0 322 109 206 224 23 40 1
0 322 110 206 224 23 40 1
0 322 111 206 224 23 40 1
0 322 112 206 224 23 40 1
0 322 113 206 224 23 40 1
0 322 114 206 224 23 40 1
0 322 115 206 224 23 40 1
0 322 116 206 224 23 40 1
0 322 117 206 224 23 40 1
0 322 118 206 224 23 40 1
0 322 119 206 224 23 40 1
0 322 120 206 224 23 40 1
0 322 121 206 224 23 40 1
0 322 122 206 224 23 40 1
0 322 123 206 224 23 40 1
0 322 124 206 224 23 40 1
0 322 125 206 224 23 40 1
0 322 126 206 224 23 40 1
0 322 127 206 224 23 40 1
0 322 128 206 224 23 40 1
0 322 129 206 224 23 40 1
0 322 130 206 224 23 40 1
0 322 131 206 224 23 40 1
0 322 132 206 224 23 40 1
0 322 133 206 224 23 40 1
0 322 134 204 224 23 40 1
0 322 135 204 224 23 40 1
0 322 136 204 224 23 40 1
0 322 137 204 224 23 40 1
0 322 138 204 224 23 40 1
0 322 139 204 224 23 40 1
0 322 140 204 224 23 40 1
0 322 141 204 224 23 40 1
0 322 142 204 224 23 40 1
0 322 143 204 224 23 40 1
0 322 144 204 224 23 40 1
0 322 145 204 224 23 40 1
0 322 146 204 224 23 40 1
0 322 147 202 224 23 40 1
0 322 148 202 224 23 40 1
0 322 149 202 224 23 40 1
0 322 150 202 224 23 40 1
0 322 151 202 224 23 40 1
0 322 152 202 224 23 40 1
0 322 153 202 224 23 40 1
0 322 154 202 224 23 40 1
0 322 155 202 224 23 40 1
0 322 156 202 224 23 40 1
0 322 157 202 224 23 40 1
0 322 158 202 224 23 40 1
0 322 159 202 224 23 40 1
0 322 160 200 222 24 42 1
0 322 161 200 222 24 42 1
0 322 162 200 222 24 42 1
0 322 163 200 222 24 42 1
0 322 164 200 222 24 42 1
0 322 165 200 222 24 42 1
0 322 166 200 222 24 42 1
0 322 167 200 222 24 42 1
0 322 168 200 222 24 42 1
0 322 169 200 222 24 42 1
0 322 170 200 222 24 42 1
0 322 171 200 222 24 42 1
0 322 172 200 222 24 42 1
0 322 173 200 222 24 42 1
0 322 174 200 222 24 42 1
0 322 175 200 222 24 42 1
0 322 176 200 222 24 42 1
0 322 177 200 222 24 42 1
0 322 178 200 222 24 42 1
0 322 179 200 222 24 42 1
0 322 180 200 222 24 42 1
0 322 181 200 222 24 42 1
0 322 182 200 222 24 42 1
0 322 183 200 222 24 42 1
0 322 184 200 222 24 42 1
0 322 185 200 222 24 42 1
0 322 186 200 222 24 42 1
0 322 187 200 222 24 42 1
0 322 188 200 222 24 42 1
0 322 189 200 222 24 42 1
0 322 190 200 222 24 42 1
0 322 191 200 222 24 42 1
0 322 192 200 222 24 42 1
0 322 193 200 222 24 42 1
0 322 194 200 222 24 42 1
0 322 195 200 222 24 42 1
0 322 196 200 222 24 42 1
0 322 197 200 222 24 42 1
0 322 198 200 222 24 42 1
0 322 199 200 222 24 42 1
0 322 200 200 222 24 42 1
0 322 201 200 222 24 42 1
0 322 202 200 222 24 42 1
0 322 203 200 222 24 42 1
0 322 204 200 222 24 42 1
0 322 205 200 222 24 42 1
0 322 206 200 222 24 42 1
0 322 207 200 222 24 42 1
0 322 208 200 222 24 42 1
0 322 209 200 222 24 42 1
0 322 210 200 222 24 42 1
0 322 211 200 222 24 42 1
0 322 212 200 222 24 42 1
0 322 213 200 222 24 42 1
0 322 214 200 222 24 42 1
0 322 215 200 222 24 42 1
0 322 216 200 222 24 42 1
0 322 217 200 222 24 42 1
0 322 218 200 222 24 42 1
0 322 219 200 222 24 42 1
0 322 220 200 222 24 42 1
0 322 221 200 222 24 42 1
0 322 222 200 222 24 42 1
0 322 223 200 222 24 42 1
0 322 224 200 222 24 42 1
0 322 225 200 222 24 42 1
0 322 226 200 222 24 42 1
0 322 227 200 222 24 42 1
0 322 228 200 222 24 42 1
0 322 229 200 222 24 42 1
0 322 230 200 222 24 42 1
0 322 231 200 222 24 42 1
0 322 232 200 222 24 42 1
0 322 233 200 222 24 42 1
0 322 234 200 222 24 42 1
0 322 235 200 222 24 42 1
0 322 236 200 222 24 42 1
0 322 237 200 222 24 42 1
0 322 238 200 222 24 42 1
0 322 239 200 222 24 42 1
0 322 240 200 222 24 44 1
0 322 241 199 222 23 44 1
0 322 242 199 222 23 44 1
0 322 243 199 222 23 44 1
0 322 244 199 222 23 44 1
0 322 245 199 222 23 44 1
0 322 246 199 222 23 44 1
0 322 247 199 222 23 44 1
0 322 248 199 222 23 44 1
0 322 249 199 222 23 44 1
0 322 250 199 222 23 44 1
0 322 251 199 222 23 44 1
0 322 252 199 222 23 44 1
0 322 253 199 222 23 44 1
0 322 254 199 222 23 44 1
0 322 255 199 222 23 44 1
0 322 256 199 222 23 44 1
0 322 257 199 222 23 44 1
0 322 258 199 222 23 44 1
0 322 259 199 222 23 44 1
0 322 260 199 222 23 44 1
0 322 261 199 222 23 44 1
0 322 262 199 222 23 44 1
0 322 263 199 222 23 44 1
0 322 264 199 222 23 44 1
0 322 265 199 222 23 44 1
0 322 266 199 222 23 44 1
0 322 267 199 222 23 44 1
0 322 268 199 222 23 44 1
0 322 269 199 222 23 44 1
0 322 270 199 222 23 44 1
0 322 271 199 222 23 44 1
0 322 272 199 222 23 44 1
0 322 273 199 222 23 44 1
0 322 274 199 222 23 44 1
0 322 275 199 222 23 44 1
0 322 276 199 222 23 44 1
0 322 277 199 222 23 44 1
0 322 278 199 222 23 44 1
0 322 279 199 222 23 44 1
0 322 280 199 222 23 44 1
0 322 281 199 222 23 44 1
0 322 282 199 222 23 44 1
0 322 283 199 222 23 44 1
0 322 284 199 222 23 44 1
0 322 285 199 222 23 44 1
0 322 286 199 222 23 44 1
0 322 287 199 222 23 44 1
0 322 288 199 222 23 44 1
0 322 289 199 222 23 44 1
0 322 290 199 222 23 44 1
0 322 291 199 222 23 44 1
0 322 292 199 222 23 44 1
0 322 293 199 222 23 44 1
0 322 294 199 222 23 44 1
0 322 295 199 222 23 44 1
0 322 296 199 222 23 44 1
0 322 297 199 222 23 44 1
0 322 298 199 222 23 44 1
0 322 299 199 222 23 44 1
0 322 300 199 222 23 44 1
0 322 301 199 222 23 44 1
0 322 302 199 222 23 44 1
0 322 303 199 222 23 44 1
0 322 304 199 222 23 44 1
0 322 305 199 222 23 44 1
0 322 306 199 222 23 44 1
0 322 307 199 222 23 44 1
0 322 308 199 222 23 44 1
0 322 309 199 222 23 44 1
0 322 310 199 222 23 44 1
0 322 311 199 222 23 44 1
0 322 312 199 222 23 44 1
0 322 313 199 222 23 44 1
0 322 314 199 222 23 44 1
0 322 315 199 222 23 44 1
0 322 316 199 222 23 44 1
0 322 317 199 222 23 44 1
0 322 318 199 222 23 44 1
0 322 319 199 222 23 44 1
0 322 320 199 222 23 44 1
0 322 321 199 222 23 46 1
1 322 0 264 248 20 41 1
1 322 1 263 247 19 41 1
1 322 2 263 247 19 41 1
1 322 3 263 247 19 41 1
1 322 4 263 247 19 41 1
1 322 5 263 247 19 41 1
1 322 6 263 247 19 41 1
1 322 7 261 247 21 41 1
1 322 8 261 247 19 41 1
1 322 9 261 245 19 43 1
1 322 10 261 245 19 43 1
1 322 11 261 245 19 43 1
1 322 12 261 245 19 43 1
1 322 13 261 245 19 43 1
1 322 14 259 245 21 43 1
1 322 15 259 245 21 43 1
1 322 16 259 245 20 43 1
1 322 17 259 245 20 43 1
1 322 18 259 243 20 45 1
1 322 19 259 243 20 45 1
1 322 20 259 243 20 45 1
1 322 21 257 243 22 43 1
1 322 22 257 243 22 43 1
1 322 23 257 243 22 43 1
1 322 24 257 243 20 43 1
1 322 25 257 243 20 43 1
1 322 26 257 243 20 43 1
1 322 27 257 241 20 45 1
1 322 28 256 241 21 45 1
1 322 29 256 241 21 45 1
1 322 30 256 241 21 45 1
1 322 31 256 241 21 45 1
1 322 32 256 241 19 45 1
1 322 33 256 241 19 45 1
1 322 34 256 241 19 45 1
1 322 35 254 241 21 45 1
1 322 36 254 240 21 46 1
1 322 37 254 240 21 46 1
1 322 38 254 240 21 46 1
1 322 39 254 240 19 46 1
1 322 40 254 240 19 46 1
1 322 41 254 240 19 46 1
1 322 42 252 240 21 44 1
1 322 43 252 240 21 44 1
1 322 44 252 240 21 44 1
1 322 45 252 238 21 46 1
1 322 46 252 238 21 46 1
1 322 47 252 238 20 46 1
1 322 48 252 238 20 46 1
1 322 49 250 238 22 46 1
1 322 50 250 238 22 46 1
1 322 51 250 238 22 46 1
1 322 52 250 238 22 46 1
1 322 53 250 238 22 46 1
1 322 54 250 236 22 48 1
1 322 55 250 236 20 48 1
1 322 56 248 236 22 48 1
1 322 57 248 236 22 48 1
1 322 58 248 236 22 48 1
1 322 59 248 236 22 48 1
1 322 60 248 236 22 48 1
1 322 61 248 236 22 48 1
1 322 62 248 236 22 48 1
1 322 63 247 236 23 48 1
1 322 64 247 236 23 48 1
1 322 65 247 236 23 48 1
1 322 66 247 236 23 48 1
1 322 67 247 236 23 48 1
1 322 68 247 236 23 48 1
1 322 69 247 236 23 48 1
1 322 70 247 236 23 48 1
1 322 71 247 236 23 48 1
1 322 72 247 236 23 48 1
1 322 73 247 236 23 48 1
1 322 74 247 236 23 48 1
1 322 75 247 236 23 48 1
1 322 76 247 236 23 48 1
1 322 77 247 236 23 48 1
1 322 78 247 236 23 48 1
1 322 79 247 236 23 48 1
1 322 80 247 236 23 48 1
1 322 81 247 236 23 48 1
1 322 82 247 236 23 48 1
1 322 83 247 236 23 48 1
1 322 84 247 236 23 48 1
1 322 85 247 236 23 48 1
1 322 86 247 236 23 48 1
1 322 87 247 236 23 48 1
1 322 91 247 236 23 48 1
1 322 92 245 234 23 48 1
1 322 93 245 234 23 48 1
1 322 94 243 234 23 48 1
1 322 95 243 234 23 48 1
1 322 96 241 234 23 48 1
1 322 97 241 234 23 48 1
1 322 98 241 234 23 48 1
1 322 99 241 234 23 48 1
1 322 100 241 234 23 48 1
1 322 101 241 236 23 48 1
1 322 102 241 236 23 48 1
1 322 103 241 236 23 48 1
1 322 104 241 236 23 48 1
1 322 105 241 236 23 48 1
1 322 106 241 238 23 48 1
1 322 107 240 236 23 48 1
1 322 108 240 236 23 48 1
1 322 109 240 236 23 48 1
1 322 110 240 236 23 48 1
1 322 111 240 236 23 48 1
1 322 112 240 236 23 48 1
1 322 113 240 236 23 48 1
1 322 114 240 236 23 48 1
1 322 115 240 236 23 48 1
1 322 116 238 236 23 48 1
1 322 117 238 236 23 48 1
1 322 118 238 236 23 48 1
1 322 119 238 236 23 48 1
1 322 120 238 236 23 48 1
1 322 121 238 236 23 48 1
1 322 122 238 236 23 48 1
1 322 123 238 236 23 48 1
1 322 124 238 236 23 48 1
1 322 125 236 236 23 48 1
1 322 126 236 236 23 48 1
1 322 127 236 236 23 48 1
1 322 128 236 236 23 48 1
1 322 129 236 236 23 48 1
1 322 130 236 236 23 48 1
1 322 131 236 236 23 48 1
1 322 132 236 236 23 48 1
1 322 133 236 236 23 48 1
1 322 134 234 236 23 48 1
1 322 135 234 236 23 48 1
1 322 136 234 236 23 48 1
1 322 137 234 236 23 48 1
1 322 138 234 236 23 48 1
1 322 139 234 236 23 48 1
1 322 140 234 236 23 48 1
1 322 141 234 236 23 48 1
1 322 142 234 236 23 48 1
1 322 143 232 236 24 48 1
1 322 144 232 236 24 48 1
1 322 145 232 236 24 48 1
1 322 146 232 236 24 48 1
1 322 147 232 236 24 48 1
1 322 148 232 236 24 48 1
1 322 149 232 236 24 48 1
1 322 150 232 236 24 48 1
1 322 151 232 236 24 48 1
1 322 152 232 236 24 48 1
1 322 153 231 234 23 48 1
1 322 154 231 234 23 48 1
1 322 155 231 234 23 48 1
1 322 156 231 234 23 48 1
1 322 157 231 234 23 48 1
1 322 158 231 234 23 48 1
1 322 159 231 234 23 48 1
1 322 160 229 234 23 48 1
1 322 161 229 234 23 48 1
1 322 162 229 234 23 48 1
1 322 163 229 234 23 48 1
1 322 164 229 234 23 48 1
1 322 165 229 234 23 48 1
1 322 166 229 234 23 48 1
1 322 167 227 234 23 48 1
1 322 168 227 234 23 48 1
1 322 169 227 232 23 48 1
1 322 170 227 232 23 48 1
1 322 171 227 232 23 48 1
1 322 172 227 232 23 48 1
1 322 173 227 232 23 48 1
1 322 174 225 232 23 48 1
1 322 175 225 232 23 48 1
1 322 176 225 232 23 48 1
1 322 177 225 232 23 48 1
1 322 178 225 232 23 48 1
1 322 179 225 232 23 48 1
1 322 180 225 232 23 48 1
1 322 181 225 232 23 48 1
1 322 182 224 232 23 48 1
1 322 183 224 232 23 48 1
1 322 184 224 232 23 48 1
1 322 185 224 231 23 48 1
1 322 186 224 231 23 48 1
1 322 187 224 231 23 48 1
1 322 188 224 231 23 48 1
1 322 189 222 231 23 48 1
1 322 190 222 231 23 48 1
1 322 191 222 231 23 48 1
1 322 192 222 231 23 48 1
1 322 193 222 231 23 48 1
1 322 194 222 231 23 48 1
1 322 195 222 231 23 48 1
1 322 196 220 231 23 48 1
1 322 197 220 231 23 48 1
1 322 198 220 231 23 48 1
1 322 199 220 231 23 48 1
1 322 200 220 231 23 48 1
1 322 201 220 229 23 48 1
1 322 202 220 229 23 48 1
1 322 203 218 229 23 48 1
1 322 204 218 229 23 48 1
1 322 205 218 229 23 48 1
1 322 206 218 229 23 48 1
1 322 207 218 229 23 48 1
1 322 208 218 229 23 48 1
1 322 209 218 229 23 48 1
1 322 210 218 229 23 48 1
1 322 211 216 229 24 48 1
1 322 212 216 229 24 48 1
1 322 213 216 229 24 48 1
1 322 214 216 229 24 48 1
1 322 215 216 229 24 48 1
1 322 216 216 229 24 48 1
1 322 217 216 227 24 48 1
1 322 218 215 227 23 48 1
1 322 219 215 227 23 48 1
1 322 220 215 227 23 48 1
1 322 221 215 227 23 48 1
1 322 222 215 227 23 48 1
1 322 223 215 227 23 48 1
1 322 224 215 227 23 48 1
1 322 225 213 227 23 48 1
1 322 226 213 227 23 48 1
1 322 227 213 227 23 48 1
1 322 228 213 227 23 48 1
1 322 229 213 227 23 48 1
1 322 230 213 227 23 48 1
1 322 231 213 227 23 48 1
1 322 232 213 227 23 48 1
1 322 233 211 225 23 48 1
1 322 234 211 225 23 48 1
1 322 235 211 225 23 48 1
1 322 236 211 225 23 48 1
1 322 237 211 225 23 48 1
1 322 238 211 225 23 48 1
1 322 239 211 225 23 48 1
1 322 240 211 225 23 48 1
1 322 241 211 225 23 48 1
1 322 242 211 225 23 48 1
1 322 243 211 225 23 48 1
1 322 244 209 224 23 48 1
1 322 245 209 224 23 48 1
1 322 246 209 224 23 48 1
1 322 247 209 224 23 48 1
1 322 248 209 224 23 48 1
1 322 249 209 224 23 48 1
1 322 250 209 224 23 48 1
1 322 251 208 224 23 48 1
1 322 252 208 224 23 48 1
1 322 253 208 224 23 48 1
1 322 254 208 224 23 48 1
1 322 255 208 224 23 48 1
1 322 256 208 222 23 48 1
1 322 257 208 222 23 48 1
1 322 258 206 222 23 48 1
1 322 259 206 222 23 48 1
1 322 260 206 222 23 48 1
1 322 261 206 222 23 48 1
1 322 262 206 222 23 48 1
1 322 263 206 222 23 48 1
1 322 264 206 222 23 48 1
1 322 265 206 222 23 48 1
1 322 266 204 222 23 48 1
1 322 267 204 222 23 48 1
1 322 268 204 220 23 48 1
1 322 269 204 220 23 48 1
1 322 270 204 220 23 48 1
1 322 271 204 220 23 48 1
1 322 272 204 220 23 48 1
1 322 273 202 220 23 48 1
1 322 274 202 220 23 48 1
1 322 275 202 220 23 48 1
1 322 276 202 220 23 48 1
1 322 277 202 220 23 48 1
1 322 278 202 220 23 48 1
1 322 279 202 220 23 48 1
1 322 280 202 220 23 48 1
1 322 281 200 220 24 48 1
1 322 282 200 220 24 48 1
1 322 283 200 220 24 48 1
1 322 284 200 220 24 48 1
1 322 285 200 220 24 48 1
1 322 286 200 220 24 48 1
1 322 287 200 220 24 48 1
1 322 288 200 220 24 48 1
1 322 289 200 220 24 48 1
1 322 290 200 220 24 48 1
1 322 291 200 220 24 48 1
1 322 292 200 220 24 48 1
1 322 293 200 220 24 48 1
1 322 294 200 220 24 48 1
1 322 295 200 220 24 48 1
1 322 296 200 220 24 48 1
1 322 297 200 220 24 48 1
1 322 298 200 220 24 48 1
1 322 299 200 220 24 48 1
1 322 300 200 220 24 48 1
1 322 301 199 220 23 48 1
1 322 302 199 220 23 48 1
1 322 303 199 220 23 48 1
1 322 304 199 220 23 48 1
1 322 305 199 220 23 48 1
1 322 306 199 220 23 48 1
1 322 307 199 220 23 48 1
1 322 308 199 220 23 48 1
1 322 309 199 220 23 48 1
1 322 310 199 220 23 48 1
1 322 311 199 220 23 48 1
1 322 312 199 220 23 48 1
1 322 313 199 220 23 48 1
1 322 314 199 220 23 48 1
1 322 315 199 220 23 48 1
1 322 316 199 220 23 48 1
1 322 317 199 220 23 48 1
1 322 318 199 220 23 48 1
1 322 319 199 220 23 48 1
1 322 320 199 220 23 48 1
1 322 321 199 220 23 48 1
2 252 70 0 247 28 129 1
2 252 71 0 247 33 128 1
2 252 72 0 248 39 127 1
2 252 73 0 250 44 123 1
2 252 74 1 252 48 121 1
2 252 75 1 254 54 117 1
2 252 76 1 256 59 115 1
2 252 77 3 257 62 114 1
2 252 78 3 259 68 110 1
2 252 79 3 261 73 108 1
2 252 80 3 263 78 105 1
2 252 81 5 264 82 104 1
2 252 82 5 266 87 100 1
2 252 83 5 268 92 98 1
2 252 84 7 270 96 96 1
2 252 85 12 270 94 94 1
2 252 86 17 270 95 94 1
2 252 87 23 270 94 94 1
2 252 88 28 270 94 94 1
2 252 89 33 270 95 94 1
2 252 90 39 270 92 94 1
2 252 91 44 270 92 94 1
2 252 92 49 272 93 92 1
2 252 93 55 272 92 92 1
2 252 94 60 272 92 92 1
2 252 95 65 272 93 92 1
2 252 96 71 272 90 92 1
2 252 97 76 272 91 92 1
2 252 98 81 272 91 92 1
2 252 99 87 273 90 91 1
2 252 100 92 273 91 91 1
2 252 101 97 273 89 91 1
2 252 102 103 273 89 91 1
2 252 103 108 273 89 91 1
2 252 104 113 273 89 91 1
2 252 105 119 273 89 91 1
2 252 106 124 275 89 89 1
2 252 107 128 273 88 89 1
2 252 108 133 273 89 89 1
2 252 109 138 273 89 89 1
2 252 110 142 273 90 87 1
2 252 111 147 273 91 87 1
2 252 112 152 273 91 87 1
2 252 113 158 273 90 87 1
2 252 114 161 272 91 87 1
2 252 115 167 272 90 87 1
2 252 116 172 272 91 87 1
2 252 117 177 272 91 87 1
2 252 118 181 272 92 85 1
2 252 119 186 272 93 85 1
2 252 120 192 272 92 85 1
2 252 121 197 272 92 85 1
2 252 122 202 272 91 83 1
2 252 123 208 272 90 83 1
2 252 124 215 272 89 83 1
2 252 125 220 272 89 83 1
2 252 126 227 272 87 83 1
2 252 127 232 272 88 83 1
2 252 128 238 272 87 83 1
2 252 129 245 272 85 83 1
2 252 130 250 272 86 83 1
2 252 131 257 272 84 83 1
2 252 132 263 272 83 83 1
2 252 133 270 272 82 83 1
2 252 134 273 272 82 83 1
2 252 135 279 272 81 83 1
2 252 136 282 272 82 83 1
2 252 137 288 272 81 83 1
2 252 138 291 272 82 83 1
2 252 139 296 272 82 83 1
2 252 140 300 272 82 83 1
2 252 141 305 272 82 83 1
2 252 142 309 272 82 83 1
2 252 143 314 272 82 83 1
2 252 144 318 272 82 83 1
2 252 145 323 272 82 83 1
2 252 146 327 272 81 83 1
2 252 147 332 272 82 83 1
2 252 148 336 272 81 83 1
2 252 149 341 272 82 83 1
2 252 150 344 272 82 83 1
2 252 151 350 272 82 83 1
2 252 152 355 272 82 83 1
2 252 153 359 270 81 83 1
2 252 154 362 270 84 83 1
2 252 155 366 268 85 84 1
2 252 156 369 268 86 84 1
2 252 157 373 266 87 84 1
2 252 158 376 266 89 84 1
2 252 159 380 266 91 84 1
2 252 160 384 264 90 84 1
2 252 161 389 264 91 84 1
2 252 162 394 264 89 84 1
2 252 163 400 264 88 84 1
2 252 164 403 264 89 84 1
2 252 165 408 264 89 84 1
2 252 166 414 264 87 84 1
2 252 167 419 264 87 84 1
2 252 168 424 264 88 84 1
2 252 169 428 264 85 84 1
2 252 170 433 264 82 84 1
2 252 171 439 264 78 84 1
2 252 172 444 266 76 84 1
2 252 173 444 266 76 84 1
2 252 174 444 266 76 84 1
2 252 175 444 266 76 84 1
2 252 176 444 266 76 84 1
2 252 177 444 266 76 84 1
2 252 178 444 266 76 84 1
2 252 179 444 266 76 84 1
2 252 180 444 266 76 84 1
2 252 181 444 266 76 84 1
2 252 321 7 270 96 96 1
3 390 0 328 305 47 109 1
3 390 1 328 305 47 109 1
3 390 2 328 305 47 109 1
3 390 3 328 305 47 109 1
3 390 4 328 305 48 111 1
3 390 5 330 305 46 111 1
3 390 6 330 307 46 109 1
3 390 7 330 307 46 109 1
3 390 8 330 307 48 110 1
3 390 9 332 307 46 110 1
3 390 10 332 307 46 110 1
3 390 11 332 307 48 112 1
3 390 12 332 309 48 110 1
3 390 13 334 309 46 110 1
3 390 14 334 309 46 110 1
3 390 15 334 309 48 112 1
3 390 16 334 309 48 112 1
3 390 17 336 311 46 110 1
3 390 18 336 311 48 112 1
3 390 19 336 311 48 112 1
3 390 20 336 311 48 112 1
3 390 21 337 311 47 112 1
3 390 22 337 311 48 113 1
3 390 23 337 312 48 112 1
3 390 24 337 312 48 112 1
3 390 25 339 312 48 114 1
3 390 26 339 312 48 114 1
3 390 27 339 312 48 114 1
3 390 28 339 314 48 112 1
3 390 29 341 314 48 114 1
3 390 30 341 314 48 114 1
3 390 31 341 314 48 114 1
3 390 32 341 314 50 116 1
3 390 33 343 314 48 116 1
3 390 34 343 316 48 114 1
3 390 35 343 316 48 114 1
3 390 36 343 316 49 116 1
3 390 37 344 316 48 116 1
3 390 38 344 316 48 116 1
3 390 39 344 318 50 115 1
3 390 40 344 318 50 115 1
3 390 41 344 318 50 115 1
3 390 42 346 318 48 115 1
3 390 43 346 318 50 117 1
3 390 44 346 318 50 117 1
3 390 45 346 320 50 115 1
3 390 46 348 320 48 115 1
3 390 47 348 320 50 117 1
3 390 48 348 320 50 117 1
3 390 49 348 320 50 117 1
3 390 50 350 320 50 119 1
3 390 51 350 321 50 118 1
3 390 52 350 321 50 118 1
3 390 53 350 321 50 118 1
3 390 54 352 321 49 119 1
3 390 55 352 321 49 119 1
3 390 56 352 323 49 117 1
3 390 57 352 323 51 119 1
3 390 58 353 323 50 119 1
3 390 59 353 323 50 119 1
3 390 60 353 323 50 119 1
3 390 61 353 323 52 121 1
3 390 62 355 325 50 119 1
3 390 63 355 325 50 119 1
3 390 64 355 325 52 121 1
3 390 65 355 325 52 121 1
3 390 66 357 325 50 121 1
3 390 67 357 327 50 119 1
3 390 68 357 327 51 121 1
3 390 69 357 327 51 121 1
3 390 70 359 327 49 121 1
3 390 71 359 327 51 122 1
3 390 72 359 327 51 122 1
3 390 73 359 328 51 121 1
3 390 74 360 328 50 121 1
3 390 75 360 328 52 123 1
3 390 76 360 328 52 123 1
3 390 77 360 328 52 123 1
3 390 78 362 330 52 123 1
3 390 79 362 330 52 123 1
3 390 80 362 330 52 123 1
3 390 81 362 330 52 123 1
3 390 82 362 330 54 123 1
3 390 83 362 332 54 123 1
3 390 84 362 332 54 123 1
3 390 85 362 332 54 123 1
3 390 86 362 332 55 123 1
3 390 87 362 332 55 123 1
3 390 88 362 334 55 122 1
3 390 89 362 334 55 122 1
3 390 90 362 334 57 122 1
3 390 91 362 334 57 122 1
3 390 92 362 334 57 122 1
3 390 93 364 336 57 122 1
3 390 94 364 336 57 122 1
3 390 95 364 336 57 124 1
3 390 96 366 336 55 126 1
3 390 97 366 336 55 128 1
3 390 98 368 336 53 129 1
3 390 99 368 336 53 131 1
3 390 100 369 337 54 132 1
3 390 101 369 337 54 130 1
3 390 102 371 337 53 130 1
3 390 103 373 339 51 126 1
3 390 104 373 339 53 126 1
3 390 105 375 339 51 125 1
3 390 106 376 341 52 123 1
3 390 107 375 341 51 131 1
3 390 108 373 341 53 131 1
3 390 109 373 341 53 133 1
3 390 110 373 341 53 133 1
3 390 111 373 341 53 135 1
3 390 112 371 343 55 133 1
3 390 113 371 343 55 135 1
3 390 114 371 343 55 135 1
3 390 115 371 343 55 137 1
3 390 116 369 344 57 136 1
3 390 117 369 344 57 137 1
3 390 118 369 344 57 137 1
3 390 119 369 344 57 139 1
3 390 120 369 346 59 139 1
3 390 121 369 346 59 139 1
3 390 122 369 346 59 141 1
3 390 123 371 346 57 141 1
3 390 124 371 346 57 142 1
3 390 125 371 346 57 142 1
3 390 126 373 348 55 142 1
3 390 127 373 348 55 142 1
3 390 128 373 348 55 144 1
3 390 129 375 348 53 144 1
3 390 130 375 348 53 146 1
3 390 131 376 350 54 146 1
3 390 132 376 350 54 140 1
3 390 133 378 352 52 135 1
3 390 134 376 352 54 135 1
3 390 135 376 352 54 136 1
3 390 136 376 353 54 137 1
3 390 137 376 353 54 139 1
3 390 138 376 353 54 141 1
3 390 139 376 355 54 141 1
3 390 140 375 355 55 142 1
3 390 141 375 355 55 144 1
3 390 142 375 357 55 144 1
3 390 143 375 357 55 146 1
3 390 144 375 359 55 145 1
3 390 145 373 359 57 147 1
3 390 146 373 359 57 149 1
3 390 147 373 359 57 151 1
3 390 148 373 360 57 152 1
3 390 149 373 360 57 153 1
3 390 150 373 360 57 155 1
3 390 151 373 362 57 155 1
3 390 152 373 364 57 155 1
3 390 153 373 364 57 155 1
3 390 154 373 364 59 156 1
3 390 155 373 364 59 156 1
3 390 156 375 366 58 156 1
3 390 157 375 366 58 156 1
3 390 158 375 366 60 158 1
3 390 159 375 368 62 158 1
3 390 160 375 368 62 158 1
3 390 161 375 368 64 160 1
3 390 162 376 369 64 160 1
3 390 163 376 369 64 160 1
3 390 164 376 369 66 162 1
3 390 165 378 369 66 164 1
3 390 166 378 369 66 164 1
3 390 167 378 369 68 166 1
3 390 168 380 371 68 165 1
3 390 169 380 371 68 165 1
3 390 170 380 373 69 165 1
3 390 171 380 373 69 167 1
3 390 172 382 375 69 167 1
3 390 173 382 375 69 167 1
3 390 174 382 375 71 169 1
3 390 175 382 375 73 170 1
3 390 176 382 375 73 170 1
3 390 177 382 375 74 172 1
3 390 178 384 376 74 173 1
3 390 179 384 376 74 173 1
3 390 180 385 378 75 173 1
3 390 181 385 378 77 174 1
3 390 182 387 380 77 174 1
3 390 183 387 380 77 174 1
3 390 184 389 380 76 176 1
3 390 185 389 382 76 176 1
3 390 186 391 382 76 176 1
3 390 187 391 382 78 178 1
3 390 188 392 384 77 177 1
3 390 189 394 384 77 177 1
3 390 190 394 384 78 179 1
3 390 191 396 385 76 180 1
3 390 192 396 385 78 180 1
3 390 193 398 385 78 182 1
3 390 194 398 387 78 181 1
3 390 195 400 387 78 181 1
3 390 196 401 387 77 183 1
3 390 197 401 389 79 183 1
3 390 198 403 389 78 183 1
3 390 199 403 389 78 185 1
3 390 200 405 391 78 185 1
3 390 201 405 391 80 185 1
3 390 202 407 391 78 186 1
3 390 203 408 392 79 187 1
3 390 204 408 392 80 187 1
3 390 205 410 392 78 189 1
3 390 206 410 394 80 189 1
3 390 207 412 394 78 189 1
3 390 208 412 394 80 190 1
3 390 209 414 396 80 190 1
3 390 210 416 396 78 190 1
3 390 211 416 396 80 192 1
3 390 212 417 398 80 192 1
3 390 213 417 398 80 192 1
3 390 214 419 398 80 194 1
3 390 215 421 400 80 193 1
3 390 216 421 400 80 193 1
3 390 217 423 400 80 195 1
3 390 218 423 401 80 196 1
3 390 219 424 401 80 196 1
3 390 220 426 401 80 198 1
3 390 221 426 403 80 197 1
3 390 222 428 403 80 197 1
3 390 223 430 403 80 199 1
3 390 224 430 405 80 199 1
3 390 225 432 405 80 201 1
3 390 226 433 405 80 201 1
3 390 227 433 407 80 201 1
3 390 228 435 407 80 202 1
3 390 229 437 407 80 202 1
3 390 230 437 408 80 203 1
3 390 231 439 408 80 205 1
3 390 232 440 410 80 205 1
3 390 233 440 410 82 205 1
3 390 234 442 412 82 204 1
3 390 235 444 414 82 204 1
3 390 236 446 416 82 204 1
3 390 237 448 416 81 206 1
3 390 238 449 417 82 207 1
3 390 239 451 419 82 206 1
3 390 240 453 421 82 206 1
3 390 241 455 421 81 206 1
3 390 242 456 423 82 206 1
3 390 243 458 424 82 207 1
3 390 244 460 426 82 206 1
3 390 245 462 426 82 208 1
3 390 246 464 428 81 208 1
3 390 247 465 430 82 208 1
3 390 248 467 432 82 208 1
3 390 249 469 433 83 208 1
3 390 250 469 433 85 208 1
3 390 251 471 435 85 208 1
3 390 252 472 437 86 208 1
3 390 253 474 439 86 208 1
3 390 254 474 439 87 209 1
3 390 255 476 440 87 210 1
3 390 256 478 442 87 208 1
3 390 257 480 444 87 208 1
3 390 258 480 444 88 210 1
3 390 259 481 446 89 210 1
3 390 260 483 448 89 209 1
3 390 261 485 449 89 210 1
3 390 262 487 451 90 210 1
3 390 263 488 451 91 210 1
3 390 264 490 453 91 210 1
3 390 265 492 455 91 209 1
3 390 266 494 455 90 209 1
3 390 267 496 456 90 210 1
3 390 268 497 458 91 210 1
3 390 269 499 458 91 210 1
3 390 270 501 460 91 210 1
3 390 271 503 462 90 210 1
3 390 272 504 462 91 210 1
3 390 273 506 464 91 209 1
3 390 274 508 465 91 210 1
3 390 275 510 467 92 210 1
3 390 276 512 467 92 212 1
3 390 277 513 469 93 211 1
3 390 278 515 471 93 213 1
3 390 279 517 472 92 214 1
3 390 280 519 474 92 214 1
3 390 281 520 476 95 215 1
3 390 282 520 476 96 217 1
3 390 283 522 478 96 217 1
3 390 284 522 480 98 218 1
3 390 285 524 481 98 219 1
3 390 286 524 483 100 219 1
3 390 287 526 483 99 222 1
3 390 288 526 485 101 222 1
3 390 289 528 487 101 222 1
3 390 290 528 488 103 224 1
3 390 291 529 490 103 224 1
3 390 292 531 492 105 226 1
3 390 293 533 492 105 226 1
3 390 294 535 494 105 224 1
3 390 295 536 496 105 222 1
3 390 296 538 497 105 221 1
3 390 297 540 499 105 219 1
3 390 298 542 501 105 217 1
3 390 299 544 503 104 215 1
3 390 300 545 504 105 214 1
3 390 301 547 506 105 212 1
3 390 302 551 508 103 210 1
3 390 303 554 510 102 208 1
3 390 304 558 512 99 206 1
3 390 305 561 513 100 205 1
3 390 306 565 515 98 203 1
3 390 307 568 517 96 201 1
3 390 308 572 519 94 199 1
3 390 309 576 520 92 198 1
3 390 310 579 524 93 194 1
3 390 311 579 526 94 192 1
3 390 312 581 528 94 190 1
3 390 313 581 529 96 189 1
3 390 314 583 531 96 187 1
3 390 315 584 535 96 183 1
3 390 316 584 536 98 182 1
3 390 317 586 538 98 180 1
3 390 318 586 540 100 178 1
3 390 319 588 542 100 176 1
3 390 320 590 545 99 173 1
3 390 321 592 547 99 171 1
3 390 322 595 549 98 169 1
3 390 323 597 551 98 167 1
3 390 324 600 552 96 166 1
3 390 325 602 554 98 164 1
3 390 326 606 556 96 162 1
3 390 327 608 558 96 160 1
3 390 328 611 560 94 158 1
3 390 329 613 561 94 157 1
3 390 330 616 563 95 155 1
3 390 331 618 565 96 153 1
3 390 332 622 567 96 151 1
3 390 333 624 568 97 150 1
3 390 334 627 570 98 148 1
3 390 335 629 572 99 146 1
3 390 336 632 574 100 144 1
3 390 337 634 576 102 142 1
3 390 338 638 577 101 141 1
3 390 339 640 579 103 139 1
3 390 340 643 583 103 135 1
3 390 341 645 584 103 134 1
3 390 342 647 588 103 130 1
3 390 343 650 592 103 126 1
3 390 344 652 593 103 125 1
3 390 345 656 597 103 121 1
3 390 346 657 600 103 118 1
3 390 347 659 602 103 116 1
3 390 348 663 606 103 112 1
3 390 349 664 609 104 109 1
3 390 350 668 613 103 105 1
3 390 351 672 615 103 103 1
3 390 352 675 618 103 100 1
3 390 353 679 620 103 98 1
3 390 354 682 624 103 94 1
3 390 355 688 627 103 91 1
3 390 356 691 629 103 89 1
3 390 357 695 632 103 86 1
3 390 358 698 634 103 84 1
3 390 359 702 638 103 80 1
3 390 360 707 641 103 77 1
3 390 361 712 643 100 75 1
3 390 362 718 645 98 73 1
3 390 363 723 647 94 71 1
3 390 364 728 650 93 68 1
3 390 365 734 652 90 66 1
3 390 366 739 654 87 64 1
3 390 367 744 657 86 61 1
3 390 368 750 659 82 59 1
3 390 369 755 661 80 57 1
3 390 370 760 664 79 54 1
3 390 371 762 666 78 52 1
3 390 372 766 670 78 48 1
3 390 373 769 672 79 46 1
3 390 374 773 675 78 43 1
3 390 375 776 677 79 41 1
3 390 376 778 680 78 38 1
3 390 377 782 682 78 36 1
3 390 378 785 686 79 32 1
3 390 379 789 688 78 30 1
3 390 380 792 691 79 27 1
3 390 381 792 691 79 27 1
3 390 382 792 691 79 27 1
3 390 383 792 691 79 27 1
3 390 384 792 691 79 27 1
3 390 385 792 691 79 27 1
3 390 386 792 691 79 27 1
3 390 387 792 691 79 27 1
3 390 388 792 691 79 27 1
3 390 389 792 691 79 27 1
4 420 0 277 243 28 59 1
4 420 1 275 241 29 59 1
4 420 2 275 241 29 59 1
4 420 3 275 241 29 59 1
4 420 4 275 241 29 59 1
4 420 5 275 241 29 59 1
4 420 6 275 241 27 59 1
4 420 7 275 241 27 59 1
4 420 8 273 241 29 59 1
4 420 9 273 241 29 59 1
4 420 10 273 241 29 59 1
4 420 11 273 241 29 59 1
4 420 12 273 241 27 59 1
4 420 13 273 241 27 59 1
4 420 14 273 241 27 59 1
4 420 15 272 241 28 59 1
4 420 16 272 241 28 59 1
4 420 17 272 241 28 59 1
4 420 18 272 241 26 59 1
4 420 19 272 241 26 59 1
4 420 20 272 241 26 59 1
4 420 21 272 241 26 59 1
4 420 22 270 241 28 59 1
4 420 23 270 241 28 59 1
4 420 24 270 241 26 59 1
4 420 25 270 241 26 59 1
4 420 26 270 241 26 59 1
4 420 27 270 241 26 59 1
4 420 28 270 241 26 59 1
4 420 29 268 241 28 59 1
4 420 30 268 241 27 59 1
4 420 31 268 241 27 59 1
4 420 32 268 241 27 59 1
4 420 33 268 241 27 59 1
4 420 34 268 241 27 59 1
4 420 35 268 241 27 59 1
4 420 36 266 240 27 58 1
4 420 37 266 240 27 58 1
4 420 38 266 240 27 58 1
4 420 39 266 240 27 58 1
4 420 40 266 240 27 58 1
4 420 41 266 240 25 58 1
4 420 42 266 240 25 58 1
4 420 43 264 240 27 58 1
4 420 44 264 240 27 58 1
4 420 45 264 240 27 58 1
4 420 46 264 240 27 58 1
4 420 47 264 240 25 58 1
4 420 48 264 240 25 58 1
4 420 49 264 240 25 58 1
4 420 50 263 240 26 58 1
4 420 51 263 240 26 58 1
4 420 52 263 240 26 58 1
4 420 53 263 240 25 58 1
4 420 54 263 240 25 58 1
4 420 55 263 240 25 58 1
4 420 56 263 240 25 58 1
4 420 57 261 240 27 58 1
4 420 58 261 240 27 58 1
4 420 59 261 240 25 58 1
4 420 60 261 240 25 58 1
4 420 61 261 240 25 58 1
4 420 62 261 240 25 58 1
4 420 63 261 240 25 58 1
4 420 64 259 240 27 58 1
4 420 65 259 240 25 58 1
4 420 66 259 240 25 58 1
4 420 67 259 240 25 58 1
4 420 68 259 240 25 58 1
4 420 69 259 240 25 58 1
4 420 70 259 240 25 58 1
4 420 71 257 238 25 58 1
4 420 72 257 238 25 58 1
4 420 73 257 238 25 58 1
4 420 74 257 238 25 58 1
4 420 75 257 238 25 58 1
4 420 76 257 238 25 58 1
4 420 77 257 238 25 58 1
4 420 78 257 238 25 58 1
4 420 79 256 236 24 59 1
4 420 80 256 236 24 59 1
4 420 81 256 236 24 59 1
4 420 82 256 236 24 59 1
4 420 83 256 236 24 59 1
4 420 84 256 236 24 59 1
4 420 85 256 236 24 59 1
4 420 86 256 236 24 59 1
4 420 87 254 234 25 59 1
4 420 88 254 234 25 59 1
4 420 89 254 234 25 59 1
4 420 90 254 234 25 59 1
4 420 91 254 234 25 59 1
4 420 92 254 234 25 59 1
4 420 93 254 234 25 59 1
4 420 94 254 234 25 59 1
4 420 95 254 234 25 59 1
4 420 96 254 234 25 59 1
4 420 97 254 234 25 59 1
4 420 98 254 234 25 59 1
4 420 99 254 234 25 59 1
4 420 100 254 234 25 59 1
4 420 101 254 234 25 59 1
4 420 102 254 234 25 59 1
4 420 103 254 234 25 59 1
4 420 104 254 234 25 59 1
4 420 105 254 234 25 59 1
4 420 106 254 234 25 59 1
4 420 107 252 234 25 57 1
4 420 108 252 234 25 57 1
4 420 109 252 234 25 57 1
4 420 110 252 234 25 57 1
4 420 111 252 234 25 57 1
4 420 112 252 234 25 57 1
4 420 113 252 234 25 57 1
4 420 114 252 234 25 57 1
4 420 115 252 234 25 57 1
4 420 116 252 234 25 57 1
4 420 117 252 234 25 57 1
4 420 118 250 234 27 57 1
4 420 119 250 234 27 57 1
4 420 120 250 234 27 57 1
4 420 121 250 234 27 57 1
4 420 122 250 234 27 57 1
4 420 123 250 234 27 57 1
4 420 124 250 234 27 57 1
4 420 125 250 234 27 57 1
4 420 126 250 234 27 57 1
4 420 127 250 234 27 57 1
4 420 128 250 234 27 57 1
4 420 129 250 234 27 57 1
4 420 130 248 234 27 55 1
4 420 131 248 234 27 55 1
4 420 132 248 234 27 55 1
4 420 133 248 234 27 55 1
4 420 134 248 234 27 55 1
4 420 135 248 234 27 55 1
4 420 136 248 234 27 55 1
4 420 137 248 234 27 55 1
4 420 138 248 234 27 55 1
4 420 139 248 234 27 55 1
4 420 140 248 234 27 55 1
4 420 141 247 234 28 55 1
4 420 142 247 234 28 55 1
4 420 143 247 234 28 55 1
4 420 144 247 234 28 55 1
4 420 145 247 234 28 55 1
4 420 146 247 234 28 55 1
4 420 147 247 234 28 55 1
4 420 148 247 234 28 55 1
4 420 149 247 234 28 55 1
4 420 150 247 234 28 55 1
4 420 151 247 234 28 55 1
4 420 152 247 236 28 53 1
4 420 153 245 234 28 54 1
4 420 154 245 234 28 54 1
4 420 155 245 234 28 54 1
4 420 156 245 234 28 54 1
4 420 157 245 234 28 54 1
4 420 158 245 234 28 54 1
4 420 159 245 234 28 54 1
4 420 160 245 234 28 54 1
4 420 161 245 234 28 54 1
4 420 162 245 234 28 54 1
4 420 163 245 234 28 54 1
4 420 164 243 234 29 54 1
4 420 165 243 234 29 54 1
4 420 166 243 234 29 52 1
4 420 167 243 234 29 52 1
4 420 168 243 234 29 52 1
4 420 169 243 232 29 54 1
4 420 170 243 232 29 54 1
4 420 171 243 232 29 54 1
4 420 172 243 232 29 54 1
4 420 173 243 232 29 54 1
4 420 174 243 232 29 54 1
4 420 175 241 232 29 54 1
4 420 176 241 232 29 54 1
4 420 177 241 232 29 54 1
4 420 178 241 232 29 54 1
4 420 179 241 232 29 52 1
4 420 180 241 232 29 52 1
4 420 181 241 232 29 52 1
4 420 182 241 232 29 52 1
4 420 183 241 232 29 52 1
4 420 184 241 232 29 52 1
4 420 185 241 231 29 53 1
4 420 186 241 231 29 53 1
4 420 187 240 231 28 53 1
4 420 188 240 231 28 53 1
4 420 189 240 231 28 53 1
4 420 190 240 231 28 53 1
4 420 191 240 231 28 53 1
4 420 192 240 231 28 53 1
4 420 193 240 231 28 51 1
4 420 194 240 231 28 51 1
4 420 195 240 231 28 51 1
4 420 196 240 231 28 51 1
4 420 197 240 231 28 51 1
4 420 198 238 231 28 51 1
4 420 199 238 231 28 51 1
4 420 200 238 231 28 51 1
4 420 201 238 229 28 53 1
4 420 202 238 229 28 53 1
4 420 203 238 229 28 53 1
4 420 204 238 229 28 53 1
4 420 205 238 229 28 53 1
4 420 206 238 229 28 51 1
4 420 207 238 229 28 51 1
4 420 208 238 229 28 51 1
4 420 209 238 229 28 51 1
4 420 210 236 229 28 51 1
4 420 211 236 229 28 51 1
4 420 212 236 229 28 51 1
4 420 213 236 229 28 51 1
4 420 214 236 229 28 51 1
4 420 215 236 229 28 51 1
4 420 216 236 229 28 51 1
4 420 217 236 227 28 53 1
4 420 218 236 227 28 53 1
4 420 219 236 227 28 52 1
4 420 220 236 227 28 52 1
4 420 221 234 227 29 52 1
4 420 222 234 227 29 52 1
4 420 223 234 227 29 52 1
4 420 224 234 227 29 52 1
4 420 225 234 227 29 52 1
4 420 226 234 227 29 52 1
4 420 227 234 227 29 52 1
4 420 228 234 227 29 52 1
4 420 229 234 227 29 52 1
4 420 230 234 227 29 52 1
4 420 231 234 227 29 52 1
4 420 232 234 227 29 52 1
4 420 233 232 227 29 52 1
4 420 234 232 227 29 52 1
4 420 235 232 227 29 52 1
4 420 236 232 227 29 52 1
4 420 237 232 227 29 52 1
4 420 238 232 227 29 52 1
4 420 239 232 227 29 52 1
4 420 240 232 227 29 52 1
4 420 241 231 227 28 52 1
4 420 242 231 227 28 52 1
4 420 243 231 227 28 52 1
4 420 244 231 227 28 52 1
4 420 245 231 227 28 52 1
4 420 246 231 227 28 52 1
4 420 247 231 227 28 52 1
4 420 248 231 227 28 52 1
4 420 249 229 227 28 52 1
4 420 250 229 227 28 52 1
4 420 251 229 227 28 52 1
4 420 252 229 227 28 52 1
4 420 253 229 227 28 52 1
4 420 254 229 227 28 52 1
4 420 255 229 227 28 52 1
4 420 256 229 227 28 52 1
4 420 257 227 227 29 52 1
4 420 258 227 227 29 52 1
4 420 259 227 227 29 52 1
4 420 260 227 227 29 52 1
4 420 261 227 227 29 52 1
4 420 262 227 227 29 52 1
4 420 263 227 227 29 52 1
4 420 264 227 227 29 52 1
4 420 265 225 227 29 52 1
4 420 266 225 227 29 52 1
4 420 267 225 227 29 52 1
4 420 268 225 227 29 52 1
4 420 269 225 227 29 52 1
4 420 270 225 227 29 52 1
4 420 271 225 227 29 52 1
4 420 272 225 227 29 52 1
4 420 273 224 227 28 52 1
4 420 274 224 227 28 52 1
4 420 275 224 227 28 52 1
4 420 276 224 227 28 52 1
4 420 277 224 227 28 52 1
4 420 278 224 227 28 52 1
4 420 279 224 227 28 52 1
4 420 280 224 229 28 51 1
4 420 281 222 227 28 52 1
4 420 282 222 227 28 52 1
4 420 283 222 227 28 52 1
4 420 284 222 227 28 52 1
4 420 285 222 227 28 52 1
4 420 286 222 227 28 52 1
4 420 287 222 227 28 52 1
4 420 288 222 227 28 52 1
4 420 289 222 227 28 52 1
4 420 290 222 227 28 52 1
4 420 291 220 227 28 52 1
4 420 292 220 227 28 52 1
4 420 293 220 227 28 52 1
4 420 294 220 227 28 52 1
4 420 295 220 227 28 52 1
4 420 296 220 227 28 52 1
4 420 297 220 227 28 52 1
4 420 298 220 227 28 52 1
4 420 299 220 227 28 52 1
4 420 300 220 227 28 52 1
4 420 301 218 227 29 50 1
4 420 302 218 227 29 50 1
4 420 303 218 227 29 50 1
4 420 304 218 227 29 50 1
4 420 305 218 227 29 50 1
4 420 306 218 227 29 50 1
4 420 307 218 227 29 50 1
4 420 308 218 227 29 50 1
4 420 309 218 227 29 50 1
4 420 310 218 227 29 50 1
4 420 311 218 227 29 50 1
4 420 312 218 227 29 50 1
4 420 313 218 227 29 50 1
4 420 314 218 227 29 50 1
4 420 315 216 227 29 50 1
4 420 316 216 227 29 50 1
4 420 317 216 227 29 50 1
4 420 318 216 227 29 50 1
4 420 319 216 227 29 50 1
4 420 320 216 227 29 48 1
4 420 321 216 227 29 48 1
4 420 322 216 227 29 48 1
4 420 323 216 227 29 48 1
4 420 324 216 227 29 48 1
4 420 325 216 227 29 48 1
4 420 326 216 227 29 48 1
4 420 327 216 227 29 48 1
4 420 328 216 227 29 48 1
4 420 329 216 227 29 48 1
4 420 330 215 227 28 48 1
4 420 331 215 227 28 48 1
4 420 332 215 227 28 48 1
4 420 333 215 227 28 48 1
4 420 334 215 227 28 48 1
4 420 335 215 227 28 48 1
4 420 336 215 227 28 48 1
4 420 337 215 227 28 48 1
4 420 338 215 227 28 48 1
4 420 339 215 227 28 48 1
4 420 340 215 227 28 46 1
4 420 341 215 227 28 46 1
4 420 342 215 227 28 46 1
4 420 343 215 227 28 46 1
4 420 344 215 227 28 46 1
4 420 345 213 227 28 46 1
4 420 346 213 227 28 46 1
4 420 347 213 227 28 46 1
4 420 348 213 227 28 46 1
4 420 349 213 227 28 46 1
4 420 350 213 227 28 46 1
4 420 351 213 227 28 46 1
4 420 352 213 227 28 46 1
4 420 353 213 227 28 46 1
4 420 354 213 227 28 46 1
4 420 355 213 227 28 46 1
4 420 356 213 227 28 46 1
4 420 357 213 227 28 46 1
4 420 358 213 227 28 46 1
4 420 359 213 227 28 46 1
4 420 360 211 227 29 45 1
4 420 361 211 227 29 45 1
4 420 362 211 227 29 45 1
4 420 363 211 227 29 45 1
4 420 364 211 227 29 45 1
4 420 365 211 227 29 45 1
4 420 366 211 227 29 45 1
4 420 367 211 227 29 45 1
4 420 368 211 227 29 45 1
4 420 369 211 227 29 45 1
4 420 370 211 227 29 45 1
4 420 371 211 227 29 45 1
4 420 372 211 227 29 45 1
4 420 373 211 227 29 45 1
4 420 374 211 227 29 45 1
4 420 375 209 227 29 45 1
4 420 376 209 227 29 45 1
4 420 377 209 227 29 45 1
4 420 378 209 227 29 45 1
4 420 379 209 227 29 45 1
4 420 380 209 227 29 43 1
4 420 381 209 227 29 43 1
4 420 382 209 227 29 43 1
4 420 383 209 227 29 43 1
4 420 384 209 227 29 43 1
4 420 385 209 227 29 43 1
4 420 386 209 227 29 43 1
4 420 387 209 227 29 43 1
4 420 388 209 227 29 43 1
4 420 389 209 227 29 43 1
4 420 390 208 227 28 43 1
4 420 391 208 227 28 43 1
4 420 392 208 227 28 43 1
4 420 393 208 227 28 43 1
4 420 394 208 227 28 43 1
4 420 395 208 227 28 43 1
4 420 396 208 227 28 43 1
4 420 397 208 227 28 43 1
4 420 398 208 227 28 43 1
4 420 399 208 227 28 43 1
4 420 400 208 227 28 41 1
4 420 401 208 227 28 41 1
4 420 402 208 227 28 41 1
4 420 403 208 227 28 41 1
4 420 404 208 227 28 41 1
4 420 405 206 227 28 41 1
4 420 406 206 227 28 41 1
4 420 407 206 227 28 41 1
4 420 408 206 227 28 41 1
4 420 409 206 227 28 41 1
4 420 410 206 227 28 41 1
4 420 411 206 227 28 41 1
4 420 412 206 227 28 41 1
4 420 413 206 227 28 41 1
4 420 414 206 227 28 41 1
4 420 415 206 227 28 41 1
4 420 416 206 227 28 41 1
4 420 417 206 227 28 41 1
4 420 418 206 227 28 41 1
4 420 419 206 229 28 39 1
5 420 0 245 222 23 44 1
5 420 1 245 220 23 44 1
5 420 2 245 220 23 44 1
5 420 3 245 220 23 44 1
5 420 4 245 220 23 44 1
5 420 5 245 220 23 44 1
5 420 6 245 220 23 44 1
5 420 7 245 220 23 44 1
5 420 8 245 220 23 44 1
5 420 9 245 220 23 44 1
5 420 10 245 220 23 44 1
5 420 11 245 220 23 44 1
5 420 12 245 220 23 44 1
5 420 13 245 220 23 44 1
5 420 14 245 220 23 44 1
5 420 15 245 220 23 44 1
5 420 16 245 220 23 44 1
5 420 17 245 220 23 44 1
5 420 18 245 220 23 44 1
5 420 19 245 220 23 44 1
5 420 20 245 220 23 44 1
5 420 21 247 220 23 44 1
5 420 22 247 220 23 44 1
5 420 23 247 220 23 44 1
5 420 24 247 220 23 44 1
5 420 25 247 220 23 44 1
5 420 26 247 220 23 44 1
5 420 27 247 220 23 44 1
5 420 28 247 220 23 44 1
5 420 29 247 220 23 44 1
5 420 30 247 220 23 44 1
5 420 31 247 220 23 44 1
5 420 32 247 220 23 44 1
5 420 33 247 220 23 44 1
5 420 34 247 220 23 44 1
5 420 35 247 220 23 44 1
5 420 36 247 220 23 44 1
5 420 37 247 220 23 44 1
5 420 38 247 220 23 44 1
5 420 39 247 220 23 44 1
5 420 40 247 220 23 44 1
5 420 41 247 220 23 44 1
5 420 42 248 220 24 44 1
5 420 43 248 220 24 44 1
5 420 44 248 220 24 44 1
5 420 45 248 220 24 44 1
5 420 46 248 220 24 44 1
5 420 47 248 220 24 44 1
5 420 48 248 220 24 44 1
5 420 49 248 220 24 44 1
5 420 50 248 220 24 44 1
5 420 51 248 220 24 44 1
5 420 52 248 220 24 44 1
5 420 53 248 220 24 44 1
5 420 54 248 220 24 44 1
5 420 55 248 220 24 44 1
5 420 56 248 220 24 44 1
5 420 57 248 220 24 44 1
5 420 58 248 220 24 44 1
5 420 59 248 220 24 44 1
5 420 60 248 220 24 44 1
5 420 61 248 220 24 44 1
5 420 62 250 220 23 44 1
5 420 63 248 220 24 44 1
5 420 64 248 220 24 44 1
5 420 65 247 220 23 44 1
5 420 66 247 220 23 44 1
5 420 67 247 220 23 44 1
5 420 68 245 220 23 44 1
5 420 69 245 220 23 44 1
5 420 72 248 222 24 44 1
5 420 73 247 222 23 44 1
5 420 74 245 222 23 44 1
5 420 75 245 222 23 44 1
5 420 76 243 220 23 44 1
5 420 77 243 220 23 44 1
5 420 78 243 220 23 44 1
5 420 79 243 220 23 44 1
5 420 80 241 220 23 44 1
5 420 81 241 220 23 44 1
5 420 82 241 220 23 44 1
5 420 83 241 220 23 44 1
5 420 84 240 220 23 44 1
5 420 85 240 220 23 44 1
5 420 86 240 220 23 44 1
5 420 87 240 220 23 44 1
5 420 88 240 220 23 44 1
5 420 89 238 218 23 45 1
5 420 90 238 218 23 45 1
5 420 91 236 218 23 45 1
5 420 92 236 218 23 45 1
5 420 93 234 218 23 45 1
5 420 94 234 218 23 45 1
5 420 95 232 218 24 45 1
5 420 96 232 218 24 45 1
5 420 97 231 218 23 45 1
5 420 98 231 218 23 45 1
5 420 99 229 218 23 45 1
5 420 100 229 218 23 45 1
5 420 101 227 218 23 45 1
5 420 102 227 218 23 45 1
5 420 103 225 218 23 45 1
5 420 104 225 218 23 45 1
5 420 105 225 218 23 45 1
5 420 106 222 222 23 44 1
5 420 107 220 222 23 44 1
5 420 108 220 222 23 44 1
5 420 109 220 222 23 44 1
5 420 110 218 222 23 44 1
5 420 111 218 222 23 44 1
5 420 112 218 222 23 44 1
5 420 113 216 222 24 44 1
5 420 114 216 222 24 44 1
5 420 115 216 222 24 44 1
5 420 116 215 222 23 44 1
5 420 117 215 222 23 44 1
5 420 118 215 224 23 44 1
5 420 119 213 224 23 44 1
5 420 120 213 224 23 44 1
5 420 121 213 224 23 44 1
5 420 122 213 224 23 44 1
5 420 123 213 224 23 44 1
5 420 124 211 224 23 44 1
5 420 125 211 224 23 44 1
5 420 126 211 224 23 44 1
5 420 127 211 224 23 44 1
5 420 128 211 224 23 44 1
5 420 129 209 224 23 44 1
5 420 130 209 224 23 44 1
5 420 131 209 224 23 44 1
5 420 132 209 224 23 44 1
5 420 133 209 224 23 44 1
5 420 134 208 224 23 44 1
5 420 135 208 224 23 44 1
5 420 136 208 224 23 44 1
5 420 137 208 224 23 44 1
5 420 138 208 224 23 44 1
5 420 139 208 224 23 44 1
5 420 140 208 224 23 44 1
5 420 141 208 224 23 44 1
5 420 142 208 224 23 44 1
5 420 143 206 225 23 45 1
5 420 144 206 225 23 45 1
5 420 145 206 225 23 45 1
5 420 146 206 225 23 45 1
5 420 147 206 225 23 45 1
5 420 148 206 225 23 45 1
5 420 149 206 225 23 45 1
5 420 150 206 225 23 45 1
5 420 151 206 225 23 45 1
5 420 152 206 227 23 45 1
5 420 153 204 225 23 45 1
5 420 154 204 225 23 45 1
5 420 155 204 224 23 44 1
5 420 156 204 224 23 44 1
5 420 157 204 222 23 44 1
5 420 158 204 222 23 44 1
5 420 159 204 222 23 44 1
5 420 160 202 222 23 44 1
5 420 161 202 222 23 44 1
5 420 162 202 222 23 44 1
5 420 163 202 222 23 44 1
5 420 164 202 222 23 44 1
5 420 165 202 222 23 44 1
5 420 166 202 222 23 44 1
5 420 167 202 222 23 44 1
5 420 168 202 222 23 44 1
5 420 169 202 222 23 44 1
5 420 170 202 222 23 44 1
5 420 171 202 222 23 44 1
5 420 172 202 222 23 44 1
5 420 173 202 222 23 44 1
5 420 174 202 222 23 44 1
5 420 175 202 222 23 44 1
5 420 176 202 222 23 44 1
5 420 177 202 222 23 44 1
5 420 178 202 222 23 44 1
5 420 179 202 222 23 44 1
5 420 180 202 222 23 44 1
5 420 181 202 222 23 44 1
5 420 182 202 222 23 44 1
5 420 183 202 222 23 44 1
5 420 184 202 222 23 44 1
5 420 185 202 222 23 44 1
5 420 186 202 222 23 44 1
5 420 187 202 222 23 44 1
5 420 188 202 222 23 44 1
5 420 189 202 222 23 44 1
5 420 190 202 222 23 44 1
5 420 191 202 222 23 44 1
5 420 192 202 222 23 44 1
5 420 193 202 222 23 44 1
5 420 194 202 222 23 44 1
5 420 195 202 222 23 44 1
5 420 196 202 222 23 44 1
5 420 197 202 222 23 44 1
5 420 198 202 222 23 44 1
5 420 199 202 222 23 44 1
5 420 200 202 222 23 44 1
5 420 201 202 222 23 44 1
5 420 202 202 222 23 44 1
5 420 203 202 222 23 44 1
5 420 204 202 222 23 44 1
5 420 205 202 222 23 44 1
5 420 206 202 222 23 44 1
5 420 207 200 222 24 44 1
5 420 208 200 222 24 44 1
5 420 209 200 222 24 44 1
5 420 210 200 222 24 44 1
5 420 211 200 222 24 44 1
5 420 212 200 222 24 44 1
5 420 213 200 222 24 44 1
5 420 214 200 222 24 44 1
5 420 215 200 222 24 44 1
5 420 216 200 222 24 44 1
5 420 217 200 222 24 44 1
5 420 218 200 222 24 44 1
5 420 219 200 222 24 44 1
5 420 220 200 222 24 44 1
5 420 221 200 222 24 44 1
5 420 222 200 222 24 44 1
5 420 223 200 222 24 44 1
5 420 224 200 222 24 44 1
5 420 225 200 222 24 44 1
5 420 226 200 222 24 44 1
5 420 227 200 222 24 44 1
5 420 228 200 222 24 44 1
5 420 229 200 222 24 44 1
5 420 230 200 222 24 44 1
5 420 231 200 222 24 44 1
5 420 232 200 222 24 44 1
5 420 233 200 222 24 44 1
5 420 234 200 222 24 44 1
5 420 235 200 222 24 44 1
5 420 236 200 222 24 44 1
5 420 237 200 222 24 44 1
5 420 238 200 222 24 44 1
5 420 239 200 222 24 44 1
5 420 240 200 222 24 44 1
5 420 241 200 222 24 44 1
5 420 242 200 222 24 44 1
5 420 243 200 222 24 44 1
5 420 244 200 222 24 44 1
5 420 245 200 222 24 44 1
5 420 246 200 222 24 44 1
5 420 247 200 222 24 44 1
5 420 248 200 222 24 44 1
5 420 249 200 222 24 44 1
5 420 250 200 222 24 44 1
5 420 251 200 222 24 44 1
5 420 252 200 222 24 44 1
5 420 253 200 222 24 44 1
5 420 254 199 222 23 44 1
5 420 255 199 222 23 44 1
5 420 256 199 222 23 44 1
5 420 257 199 222 23 44 1
5 420 258 199 222 23 44 1
5 420 259 199 222 23 44 1
5 420 260 199 222 23 44 1
5 420 261 199 222 23 44 1
5 420 262 199 222 23 44 1
5 420 263 199 222 23 44 1
5 420 264 199 222 23 44 1
5 420 265 199 222 23 44 1
5 420 266 199 222 23 44 1
5 420 267 199 222 23 44 1
5 420 268 199 222 23 44 1
5 420 269 199 222 23 44 1
5 420 270 199 222 23 44 1
5 420 271 199 222 23 44 1
5 420 272 199 222 23 44 1
5 420 273 199 222 23 44 1
5 420 274 199 222 23 44 1
5 420 275 199 222 23 44 1
5 420 276 199 222 23 44 1
5 420 277 199 222 23 44 1
5 420 278 199 222 23 44 1
5 420 279 199 222 23 44 1
5 420 280 199 222 23 44 1
5 420 281 199 222 23 44 1
5 420 282 199 222 23 44 1
5 420 283 199 222 23 44 1
5 420 284 199 222 23 44 1
5 420 285 199 222 23 44 1
5 420 286 199 222 23 44 1
5 420 287 199 222 23 44 1
5 420 288 199 222 23 44 1
5 420 289 199 222 23 44 1
5 420 290 199 222 23 44 1
5 420 291 199 222 23 44 1
5 420 292 199 222 23 44 1
5 420 293 199 222 23 44 1
5 420 294 199 222 23 44 1
5 420 295 199 222 23 44 1
5 420 296 199 222 23 44 1
5 420 297 199 222 23 44 1
5 420 298 199 222 23 44 1
5 420 299 199 222 23 44 1
5 420 300 199 222 23 44 1
5 420 301 197 222 23 44 1
5 420 302 197 222 23 44 1
5 420 303 197 222 23 44 1
5 420 304 197 222 23 44 1
5 420 305 197 222 23 44 1
5 420 306 197 222 23 44 1
5 420 307 197 222 23 44 1
5 420 308 197 222 23 44 1
5 420 309 197 222 23 44 1
5 420 310 197 222 23 44 1
5 420 311 197 222 23 44 1
5 420 312 197 222 23 44 1
5 420 313 197 222 23 44 1
5 420 314 197 222 23 44 1
5 420 315 197 222 23 44 1
5 420 316 197 222 23 44 1
5 420 317 197 222 23 44 1
5 420 318 197 222 23 44 1
5 420 319 197 222 23 44 1
5 420 320 197 222 23 44 1
5 420 321 197 222 23 44 1
5 420 322 197 222 23 44 1
5 420 323 197 222 23 44 1
5 420 324 195 222 23 44 1
5 420 325 195 222 23 44 1
5 420 326 195 222 23 44 1
5 420 327 195 222 23 44 1
5 420 328 195 222 23 44 1
5 420 329 195 222 23 44 1
5 420 330 195 222 23 44 1
5 420 331 195 222 23 44 1
5 420 332 195 222 23 44 1
5 420 333 195 222 23 44 1
5 420 334 195 222 23 44 1
5 420 335 195 222 23 44 1
5 420 336 195 222 23 44 1
5 420 337 195 222 23 44 1
5 420 338 195 222 23 44 1
5 420 339 195 222 23 44 1
5 420 340 195 222 23 44 1
5 420 341 195 222 23 44 1
5 420 342 195 222 23 44 1
5 420 343 195 222 23 44 1
5 420 344 195 222 23 44 1
5 420 345 195 222 23 44 1
5 420 346 195 222 23 44 1
5 420 347 195 222 23 44 1
5 420 348 193 222 23 44 1
5 420 349 193 222 23 44 1
5 420 350 193 222 23 44 1
5 420 351 193 222 23 44 1
5 420 352 193 222 23 44 1
5 420 353 193 222 23 44 1
5 420 354 193 222 23 44 1
5 420 355 193 222 23 44 1
5 420 356 193 222 23 44 1
5 420 357 193 222 23 44 1
5 420 358 193 222 23 44 1
5 420 359 193 222 23 44 1
5 420 360 193 224 23 42 1
5 420 361 193 224 23 42 1
5 420 362 193 224 23 42 1
5 420 363 193 224 23 42 1
5 420 364 193 224 23 42 1
5 420 365 193 224 23 42 1
5 420 366 193 224 23 42 1
5 420 367 193 224 23 42 1
5 420 368 193 224 23 42 1
5 420 369 193 224 23 42 1
5 420 370 193 224 23 42 1
5 420 371 193 224 23 42 1
5 420 372 192 224 23 42 1
5 420 373 192 224 23 42 1
5 420 374 192 224 23 42 1
5 420 375 192 224 23 42 1
5 420 376 192 224 23 42 1
5 420 377 192 224 23 42 1
5 420 378 192 224 23 42 1
5 420 379 192 224 23 42 1
5 420 380 192 224 23 42 1
5 420 381 192 224 23 42 1
5 420 382 192 224 23 42 1
5 420 383 192 224 23 42 1
5 420 384 192 224 23 42 1
5 420 385 192 224 23 42 1
5 420 386 192 224 23 42 1
5 420 387 192 224 23 42 1
5 420 388 192 224 23 42 1
5 420 389 192 224 23 42 1
5 420 390 192 224 23 42 1
5 420 391 192 224 23 42 1
5 420 392 192 224 23 42 1
5 420 393 192 224 23 42 1
5 420 394 192 224 23 42 1
5 420 395 192 224 23 42 1
5 420 396 190 224 23 42 1
5 420 397 190 224 23 42 1
5 420 398 190 224 23 42 1
5 420 399 190 224 23 42 1
5 420 400 190 224 23 42 1
5 420 401 190 224 23 42 1
5 420 402 190 224 23 42 1
5 420 403 190 224 23 42 1
5 420 404 190 224 23 42 1
5 420 405 190 224 23 42 1
5 420 406 190 224 23 42 1
5 420 407 190 224 23 42 1
5 420 408 190 224 23 42 1
5 420 409 190 224 23 42 1
5 420 410 190 224 23 42 1
5 420 411 190 224 23 42 1
5 420 412 190 224 23 42 1
5 420 413 190 224 23 42 1
5 420 414 190 224 23 42 1
5 420 415 190 224 23 42 1
5 420 416 190 224 23 42 1
5 420 417 190 224 23 42 1
5 420 418 190 224 23 42 1
5 420 419 190 225 23 41 1
6 420 0 199 227 16 37 1
6 420 1 197 227 18 37 1
6 420 2 197 227 18 37 1
6 420 3 197 227 18 37 1
6 420 4 197 227 18 37 1
6 420 5 197 227 18 37 1
6 420 6 197 227 18 37 1
6 420 7 197 227 18 37 1
6 420 8 197 227 18 37 1
6 420 9 197 227 18 37 1
6 420 10 197 227 18 37 1
6 420 11 197 227 18 37 1
6 420 12 197 227 18 37 1
6 420 13 197 227 18 37 1
6 420 14 197 227 18 37 1
6 420 15 197 227 18 37 1
6 420 16 197 227 18 37 1
6 420 17 197 227 18 37 1
6 420 18 195 227 20 37 1
6 420 19 195 227 20 37 1
6 420 20 195 227 20 37 1
6 420 21 195 227 20 37 1
6 420 22 195 227 20 37 1
6 420 23 195 227 20 37 1
6 420 24 195 227 20 37 1
6 420 25 195 227 20 37 1
6 420 26 195 227 20 37 1
6 420 27 195 227 20 37 1
6 420 28 195 227 20 37 1
6 420 29 195 227 20 37 1
6 420 30 195 227 20 37 1
6 420 31 195 227 20 37 1
6 420 32 195 227 20 37 1
6 420 33 195 227 20 37 1
6 420 34 195 227 20 37 1
6 420 35 195 227 20 37 1
6 420 36 193 227 22 37 1
6 420 37 193 227 22 37 1
6 420 38 193 227 22 37 1
6 420 39 193 227 22 37 1
6 420 40 193 227 22 37 1
6 420 41 193 227 22 37 1
6 420 42 193 227 22 37 1
6 420 43 193 227 22 37 1
6 420 44 193 227 22 37 1
6 420 45 193 227 22 37 1
6 420 46 193 227 22 37 1
6 420 47 193 227 22 37 1
6 420 48 193 227 22 37 1
6 420 49 193 227 22 37 1
6 420 50 193 227 22 37 1
6 420 51 193 227 22 37 1
6 420 52 193 227 22 37 1
6 420 53 192 227 23 37 1
6 420 54 192 227 23 37 1
6 420 55 192 227 23 37 1
6 420 56 192 227 23 37 1
6 420 57 192 227 23 37 1
6 420 58 192 227 23 37 1
6 420 59 192 227 23 37 1
6 420 60 192 227 23 37 1
6 420 61 192 227 23 37 1
6 420 62 192 227 23 37 1
6 420 63 192 227 23 37 1
6 420 64 192 227 23 37 1
6 420 65 192 227 23 37 1
6 420 66 192 227 23 37 1
6 420 67 192 227 23 37 1
6 420 68 192 227 23 37 1
6 420 69 192 227 23 37 1
6 420 70 192 227 23 37 1
6 420 71 192 225 23 38 1
6 420 72 192 225 23 38 1
6 420 73 192 225 23 38 1
6 420 74 192 225 23 38 1
6 420 75 192 225 23 38 1
6 420 76 192 225 23 38 1
6 420 77 192 225 23 38 1
6 420 78 192 225 23 38 1
6 420 79 192 225 23 38 1
6 420 80 192 225 23 38 1
6 420 81 192 225 23 38 1
6 420 82 192 225 23 38 1
6 420 83 192 225 23 38 1
6 420 84 192 225 23 38 1
6 420 85 192 225 23 38 1
6 420 86 192 225 23 38 1
6 420 87 192 225 23 38 1
6 420 88 192 224 23 37 1
6 420 89 192 224 23 37 1
6 420 90 192 224 23 37 1
6 420 91 192 224 23 37 1
6 420 92 192 224 23 37 1
6 420 93 192 224 23 37 1
6 420 94 192 224 23 37 1
6 420 95 192 224 23 37 1
6 420 96 192 224 23 37 1
6 420 97 192 224 23 37 1
6 420 98 192 224 23 37 1
6 420 99 192 224 23 37 1
6 420 100 192 224 23 37 1
6 420 101 192 224 23 37 1
6 420 102 192 224 23 37 1
6 420 103 192 224 23 37 1
6 420 104 192 224 23 37 1
6 420 105 192 224 23 37 1
6 420 106 190 224 23 37 1
6 420 107 190 224 23 37 1
6 420 108 190 224 23 37 1
6 420 109 190 224 23 37 1
6 420 110 190 224 23 37 1
6 420 111 190 224 23 37 1
6 420 112 190 224 23 37 1
6 420 113 190 224 23 37 1
6 420 114 190 224 23 37 1
6 420 115 190 224 23 37 1
6 420 116 190 224 23 37 1
6 420 117 190 224 23 37 1
6 420 118 190 224 23 37 1
6 420 119 190 224 23 37 1
6 420 120 190 224 23 37 1
6 420 121 190 224 23 37 1
6 420 122 190 224 23 37 1
6 420 123 190 224 23 37 1
6 420 124 190 224 23 37 1
6 420 125 190 224 23 37 1
6 420 126 190 224 23 37 1
6 420 127 190 224 23 37 1
6 420 128 190 224 23 37 1
6 420 129 190 224 23 37 1
6 420 130 190 224 23 37 1
6 420 131 190 224 23 37 1
6 420 132 190 224 23 37 1
6 420 133 190 224 23 37 1
6 420 134 190 224 23 37 1
6 420 135 190 224 23 37 1
6 420 136 190 224 23 37 1
6 420 137 190 224 23 37 1
6 420 138 190 224 23 37 1
6 420 139 190 224 23 37 1
6 420 140 190 224 23 37 1
6 420 141 190 224 23 37 1
6 420 142 190 224 23 37 1
6 420 143 190 224 23 37 1
6 420 144 190 224 23 37 1
6 420 145 190 224 23 37 1
6 420 146 190 224 23 37 1
6 420 147 190 224 23 37 1
6 420 148 190 224 23 37 1
6 420 149 190 224 23 37 1
6 420 150 190 224 23 37 1
6 420 151 190 224 23 37 1
6 420 152 190 224 23 37 1
6 420 153 190 224 23 37 1
6 420 154 190 224 23 37 1
6 420 155 190 224 23 37 1
6 420 156 190 224 23 37 1
6 420 157 190 224 23 37 1
6 420 158 190 224 23 37 1
6 420 159 190 224 23 37 1
6 420 160 190 224 23 37 1
6 420 161 190 224 23 37 1
6 420 162 190 224 23 37 1
6 420 163 190 224 23 37 1
6 420 164 190 224 23 37 1
6 420 165 190 224 23 37 1
6 420 166 190 224 23 37 1
6 420 167 190 224 23 37 1
6 420 168 190 224 23 37 1
6 420 169 190 224 23 37 1
6 420 170 190 224 23 37 1
6 420 171 190 224 23 37 1
6 420 172 190 224 23 37 1
6 420 173 190 224 23 37 1
6 420 174 190 224 23 37 1
6 420 175 190 224 23 37 1
6 420 176 190 224 23 37 1
6 420 177 190 224 23 37 1
6 420 178 190 224 23 37 1
6 420 179 190 224 23 37 1
6 420 180 190 224 23 37 1
6 420 181 190 224 23 37 1
6 420 182 190 224 23 37 1
6 420 183 190 224 23 37 1
6 420 184 190 224 23 37 1
6 420 185 190 224 23 37 1
6 420 186 190 224 23 37 1
6 420 187 190 224 23 37 1
6 420 188 190 224 23 37 1
6 420 189 190 224 23 37 1
6 420 190 190 224 23 37 1
6 420 191 190 224 23 37 1
6 420 192 190 224 23 37 1
6 420 193 190 224 23 37 1
6 420 194 190 224 23 37 1
6 420 195 190 224 23 37 1
6 420 196 190 224 23 37 1
6 420 197 190 224 23 37 1
6 420 198 190 224 23 37 1
6 420 199 190 224 23 37 1
6 420 200 190 224 23 37 1
6 420 201 190 224 23 37 1
6 420 202 190 224 23 37 1
6 420 203 188 224 23 37 1
6 420 204 188 224 23 37 1
6 420 205 188 224 23 37 1
6 420 206 188 224 23 37 1
6 420 207 188 224 23 37 1
6 420 208 188 224 23 37 1
6 420 209 188 224 23 37 1
6 420 210 188 224 23 37 1
6 420 211 188 224 23 37 1
6 420 212 188 224 23 37 1
6 420 213 188 224 23 37 1
6 420 214 188 224 23 37 1
6 420 215 188 224 23 37 1
6 420 216 188 224 23 37 1
6 420 217 188 224 23 37 1
6 420 218 188 224 23 37 1
6 420 219 188 224 23 37 1
6 420 220 188 224 23 37 1
6 420 221 188 224 23 37 1
6 420 222 188 224 23 37 1
6 420 223 188 224 23 37 1
6 420 224 188 224 23 37 1
6 420 225 188 224 23 37 1
6 420 226 188 224 23 37 1
6 420 227 188 224 23 37 1
6 420 228 188 224 23 37 1
6 420 229 188 224 23 37 1
6 420 230 188 224 23 37 1
6 420 231 188 224 23 37 1
6 420 232 188 224 23 37 1
6 420 233 188 224 23 37 1
6 420 234 188 224 23 37 1
6 420 235 188 224 23 37 1
6 420 236 188 224 23 37 1
6 420 237 188 224 23 37 1
6 420 238 188 224 23 37 1
6 420 239 188 224 23 37 1
6 420 240 188 224 23 37 1
6 420 241 188 224 23 37 1
6 420 242 188 224 23 37 1
6 420 243 188 224 23 37 1
6 420 244 188 224 23 37 1
6 420 245 188 224 23 37 1
6 420 246 188 224 23 37 1
6 420 247 188 224 23 37 1
6 420 248 188 224 23 37 1
6 420 249 188 224 23 37 1
6 420 250 188 224 23 37 1
6 420 251 188 224 23 37 1
6 420 252 188 224 23 37 1
6 420 253 188 224 23 37 1
6 420 254 188 224 23 37 1
6 420 255 188 224 23 37 1
6 420 256 188 224 23 37 1
6 420 257 188 224 23 37 1
6 420 258 188 224 23 37 1
6 420 259 188 224 23 37 1
6 420 260 188 224 23 37 1
6 420 261 188 224 23 37 1
6 420 262 188 224 23 37 1
6 420 263 188 224 23 37 1
6 420 264 188 224 23 37 1
6 420 265 188 224 23 37 1
6 420 266 188 224 23 37 1
6 420 267 188 224 23 37 1
6 420 268 188 224 23 37 1
6 420 269 188 224 23 37 1
6 420 270 188 224 23 37 1
6 420 271 188 224 23 37 1
6 420 272 188 224 23 37 1
6 420 273 188 224 23 37 1
6 420 274 188 224 23 37 1
6 420 275 188 224 23 37 1
6 420 276 188 224 23 37 1
6 420 277 188 224 23 37 1
6 420 278 188 224 23 37 1
6 420 279 188 224 23 37 1
6 420 280 188 224 23 37 1
6 420 281 188 224 23 37 1
6 420 282 188 224 23 37 1
6 420 283 188 224 23 37 1
6 420 284 188 224 23 37 1
6 420 285 188 224 23 37 1
6 420 286 188 224 23 37 1
6 420 287 188 224 23 37 1
6 420 288 188 224 23 37 1
6 420 289 188 224 23 37 1
6 420 290 188 224 23 37 1
6 420 291 188 224 23 37 1
6 420 292 188 224 23 37 1
6 420 293 188 224 23 37 1
6 420 294 188 224 23 37 1
6 420 295 188 224 23 37 1
6 420 296 188 224 23 37 1
6 420 297 188 224 23 37 1
6 420 298 188 224 23 37 1
6 420 299 188 224 23 37 1
6 420 300 188 224 23 37 1
6 420 301 186 224 23 37 1
6 420 302 186 224 23 37 1
6 420 303 186 224 23 37 1
6 420 304 186 224 23 37 1
6 420 305 186 224 23 37 1
6 420 306 186 224 23 37 1
6 420 307 186 224 23 37 1
6 420 308 186 224 23 37 1
6 420 309 186 224 23 37 1
6 420 310 186 224 23 37 1
6 420 311 186 224 23 37 1
6 420 312 186 224 23 37 1
6 420 313 186 224 23 37 1
6 420 314 186 224 23 37 1
6 420 315 186 224 23 37 1
6 420 316 186 224 23 37 1
6 420 317 186 224 23 37 1
6 420 318 186 224 22 37 1
6 420 319 186 224 22 37 1
6 420 320 186 224 22 37 1
6 420 321 186 224 22 37 1
6 420 322 186 224 22 37 1
6 420 323 186 224 22 37 1
6 420 324 186 224 22 37 1
6 420 325 186 224 22 37 1
6 420 326 186 224 22 37 1
6 420 327 186 224 22 37 1
6 420 328 186 224 22 37 1
6 420 329 186 224 22 37 1
6 420 330 184 224 24 37 1
6 420 331 184 224 24 37 1
6 420 332 184 224 24 37 1
6 420 333 184 224 24 37 1
6 420 334 184 224 24 37 1
6 420 335 184 224 22 37 1
6 420 336 184 224 22 37 1
6 420 337 184 224 22 37 1
6 420 338 184 224 22 37 1
6 420 339 184 224 22 37 1
6 420 340 184 225 22 36 1
6 420 341 184 225 22 36 1
6 420 342 184 225 22 36 1
6 420 343 184 225 22 36 1
6 420 344 184 225 22 36 1
6 420 345 184 225 22 36 1
6 420 346 184 225 22 36 1
6 420 347 184 225 22 36 1
6 420 348 184 225 22 36 1
6 420 349 184 225 22 36 1
6 420 350 184 225 22 36 1
6 420 351 184 225 22 36 1
6 420 352 184 225 20 36 1
6 420 353 184 225 20 36 1
6 420 354 184 225 20 36 1
6 420 355 184 225 20 36 1
6 420 356 184 225 20 36 1
6 420 357 184 225 20 36 1
6 420 358 184 225 20 36 1
6 420 359 184 225 20 36 1
6 420 360 183 225 21 36 1
6 420 361 183 225 21 36 1
6 420 362 183 225 21 36 1
6 420 363 183 225 21 36 1
6 420 364 183 225 21 36 1
6 420 365 183 225 21 36 1
6 420 366 183 225 21 36 1
6 420 367 183 225 21 36 1
6 420 368 183 225 21 36 1
6 420 369 183 225 19 36 1
6 420 370 183 225 19 36 1
6 420 371 183 225 19 36 1
6 420 372 183 225 19 36 1
6 420 373 183 225 19 36 1
6 420 374 183 225 19 36 1
6 420 375 183 225 19 36 1
6 420 376 183 225 19 36 1
6 420 377 183 225 19 36 1
6 420 378 183 225 19 36 1
6 420 379 183 225 19 36 1
6 420 380 183 227 19 34 1
6 420 381 183 227 19 34 1
6 420 382 183 227 19 34 1
6 420 383 183 227 19 34 1
6 420 384 183 227 19 34 1
6 420 385 183 227 19 34 1
6 420 386 183 227 17 34 1
6 420 387 183 227 17 34 1
6 420 388 183 227 17 34 1
6 420 389 183 227 17 34 1
6 420 390 181 227 19 34 1
6 420 391 181 227 19 34 1
6 420 392 181 227 19 34 1
6 420 393 181 227 19 34 1
6 420 394 181 227 19 34 1
6 420 395 181 227 19 34 1
6 420 396 181 227 19 34 1
6 420 397 181 227 19 34 1
6 420 398 181 227 19 34 1
6 420 399 181 227 19 34 1
6 420 400 181 227 19 34 1
6 420 401 181 227 19 34 1
6 420 402 181 227 19 34 1
6 420 403 181 227 18 34 1
6 420 404 181 227 18 34 1
6 420 405 181 227 18 34 1
6 420 406 181 227 18 34 1
6 420 407 181 227 18 34 1
6 420 408 181 227 18 34 1
6 420 409 181 227 18 34 1
6 420 410 181 227 18 34 1
6 420 411 181 227 18 34 1
6 420 412 181 227 18 34 1
6 420 413 181 227 18 34 1
6 420 414 181 227 18 34 1
6 420 415 181 227 18 34 1
6 420 416 181 227 18 34 1
6 420 417 181 227 18 34 1
6 420 418 181 227 18 34 1
6 420 419 181 229 18 32 1
