0 268 54 1251 257 25 43 5
0 268 55 1239 240 37 60 5
0 268 56 1226 238 50 62 5
0 268 57 1214 236 64 64 5
0 268 58 1201 238 77 67 5
0 268 59 1189 240 76 64 5
0 268 60 1178 241 77 63 5
0 268 61 1169 238 75 64 5
0 268 62 1160 236 75 66 5
0 268 63 1152 234 74 68 5
0 268 64 1141 232 75 68 5
0 268 65 1130 232 75 68 5
0 268 66 1121 232 73 68 5
0 268 67 1111 232 74 66 5
0 268 68 1102 232 73 66 5
0 268 69 1091 231 73 67 5
0 268 70 1082 231 71 65 5
0 268 71 1072 231 72 65 5
0 268 72 1063 231 71 65 5
0 268 73 1052 231 71 64 5
0 268 74 1043 229 69 66 5
0 268 75 1032 229 72 66 5
0 268 76 1024 229 69 64 5
0 268 77 1013 229 69 64 5
0 268 78 1004 229 69 64 5
0 268 79 995 227 68 64 5
0 268 80 986 227 68 64 5
0 268 81 977 227 68 64 5
0 268 82 968 227 68 64 5
0 268 83 960 227 67 62 5
0 268 84 951 227 67 62 5
0 268 85 942 227 67 62 5
0 268 86 933 225 66 64 5
0 268 87 924 225 66 64 5
0 268 88 915 225 66 63 5
0 268 89 906 225 66 63 5
0 268 90 897 225 66 63 5
0 268 91 888 225 66 63 5
0 268 92 881 225 64 63 5
0 268 93 872 224 64 62 5
0 268 94 865 224 64 62 5
0 268 95 858 224 62 62 5
0 268 96 851 224 62 62 5
0 268 97 842 224 62 62 5
0 268 98 835 224 62 62 5
0 268 99 828 224 60 60 5
0 268 100 821 224 60 60 5
0 268 101 812 224 60 60 5
0 268 102 805 224 60 60 5
0 268 103 798 224 58 60 5
0 268 104 791 224 58 60 5
0 268 105 782 224 58 60 5
0 268 106 775 224 58 58 5
0 268 107 768 224 56 58 5
0 268 108 760 224 57 58 5
0 268 109 752 224 56 58 5
0 268 110 744 224 57 58 5
0 268 111 737 224 55 58 5
0 268 112 730 224 55 58 5
0 268 113 723 224 55 58 5
0 268 114 718 224 55 58 5
0 268 115 712 224 54 58 5
0 268 116 707 225 53 59 5
0 268 117 702 224 51 58 5
0 268 118 698 224 50 58 5
0 268 119 693 224 48 56 5
0 268 120 689 224 47 56 5
0 268 121 684 224 44 55 5
0 268 122 680 224 43 55 5
0 268 123 677 222 41 55 5
0 268 124 675 222 37 55 5
0 268 125 672 222 35 55 5
0 268 126 670 222 32 55 5
0 268 127 668 222 28 55 5
0 268 128 664 222 27 53 5
0 268 129 661 222 27 53 5
0 268 130 657 222 27 53 5
0 268 131 654 222 25 53 5
0 268 132 650 222 25 53 5
0 268 133 647 222 25 53 5
0 268 134 643 222 25 53 5
0 268 135 640 222 24 53 5
0 268 136 638 222 25 53 5
0 268 137 636 222 23 53 5
0 268 138 632 222 25 53 5
0 268 139 631 222 23 53 5
0 268 140 629 222 23 53 5
0 268 141 625 222 23 53 5
0 268 142 624 222 23 53 5
0 268 143 622 222 23 53 5
0 268 144 620 222 23 53 5
0 268 145 618 222 23 53 5
0 268 146 616 222 24 53 5
0 268 147 616 222 24 53 5
0 268 148 615 222 23 53 5
0 268 149 613 222 23 53 5
0 268 150 613 222 23 53 5
0 268 151 613 220 23 53 5
0 268 152 613 220 23 53 5
0 268 153 613 220 23 53 5
0 268 154 613 220 23 53 5
0 268 155 613 220 23 52 5
0 268 156 613 220 23 52 5
0 268 157 615 218 23 54 5
0 268 158 615 218 23 54 5
0 268 159 615 218 23 52 5
0 268 160 615 218 23 52 5
0 268 161 615 218 23 52 5
0 268 162 615 218 23 52 5
0 268 163 616 218 24 52 5
0 268 164 616 218 24 50 5
0 268 165 618 218 23 50 5
0 268 166 620 218 23 50 5
0 268 167 622 218 23 50 5
0 268 168 624 218 23 50 5
0 268 169 625 218 23 50 5
0 268 170 627 218 23 50 5
0 268 171 629 218 23 50 5
0 268 172 631 218 23 50 5
0 268 173 632 218 24 50 5
0 268 174 634 218 23 50 5
0 268 175 636 218 23 50 5
0 268 176 638 218 23 50 5
0 268 177 640 220 23 48 5
0 268 178 640 218 23 48 5
0 268 179 641 218 23 48 5
0 268 180 643 218 23 48 5
0 268 181 645 218 23 48 5
0 268 182 647 218 23 48 5
0 268 183 648 218 24 46 5
0 268 184 648 218 25 46 5
0 268 185 650 218 25 46 5
0 268 186 652 218 25 46 5
0 268 187 654 218 25 46 5
0 268 188 656 216 24 47 5
0 268 189 657 216 25 47 5
0 268 190 659 216 25 47 5
0 268 191 659 216 27 47 5
0 268 192 661 216 27 47 5
0 268 193 663 216 26 45 5
0 268 194 664 216 27 45 5
0 268 195 666 216 27 45 5
0 268 196 668 216 27 45 5
0 268 197 670 216 26 45 5
0 268 198 672 215 26 44 5
0 268 199 673 215 27 44 5
0 268 200 677 215 27 44 5
0 268 201 679 215 26 44 5
0 268 202 680 215 27 44 5
0 268 203 684 215 27 44 5
0 268 204 686 215 26 44 5
0 268 205 688 215 26 44 5
0 268 206 691 215 27 44 5
0 268 207 693 215 27 44 5
0 268 208 695 215 26 44 5
0 268 209 698 215 27 44 5
0 268 210 698 215 27 42 5
0 268 211 700 215 27 42 5
0 268 212 702 215 26 42 5
0 268 213 704 215 26 42 5
0 268 214 705 215 27 42 5
0 268 215 707 215 27 42 5
0 268 216 709 215 27 42 5
0 268 217 711 215 26 42 5
0 268 218 712 215 27 42 5
0 268 219 714 215 27 42 5
0 268 220 716 215 27 42 5
0 268 221 718 215 26 42 5
0 268 222 720 215 26 42 5
0 268 223 721 215 25 42 5
0 268 224 723 215 25 42 5
0 268 225 725 215 25 42 5
0 268 226 727 215 25 42 5
0 268 227 728 215 25 42 5
0 268 228 730 215 25 42 5
0 268 229 732 215 25 42 5
0 268 230 734 215 25 41 5
0 268 231 736 215 24 41 5
0 268 232 737 215 25 41 5
0 268 233 739 215 25 41 5
0 268 234 741 215 25 41 5
0 268 235 743 215 25 41 5
0 268 236 744 215 25 41 5
0 268 237 746 215 23 41 5
0 268 238 748 215 23 41 5
0 268 239 750 215 23 41 5
0 268 240 752 215 23 41 5
0 268 241 753 215 23 41 5
0 268 242 755 215 23 41 5
0 268 243 757 215 23 41 5
0 268 244 759 215 23 41 5
0 268 245 760 215 24 41 5
0 268 246 762 215 23 41 5
0 268 247 764 215 23 41 5
0 268 248 766 215 23 41 5
0 268 249 768 215 23 41 5
0 268 250 769 215 23 41 5
0 268 251 771 215 23 41 5
0 268 252 773 215 23 41 5
0 268 253 775 215 23 41 5
0 268 254 776 215 24 41 5
0 268 255 778 215 23 41 5
0 268 256 780 215 23 41 5
0 268 257 782 213 23 41 5
0 268 258 784 213 23 41 5
0 268 259 785 211 23 41 5
0 268 260 789 211 23 41 5
0 268 321 881 225 64 63 5
1 322 0 540 513 36 80 1
1 322 1 540 513 36 80 1
1 322 2 540 513 36 80 1
1 322 3 540 513 36 80 1
1 322 4 540 513 36 80 1
1 322 5 540 513 36 80 1
1 322 6 540 513 36 80 1
1 322 7 540 513 36 80 1
1 322 8 540 513 36 80 1
1 322 9 540 513 36 80 1
1 322 10 540 513 36 80 1
1 322 11 540 513 36 80 1
1 322 12 540 513 36 80 1
1 322 13 540 513 36 80 1
1 322 14 540 513 36 80 1
1 322 15 540 513 36 80 1
1 322 16 540 513 36 80 1
1 322 17 540 513 36 80 1
1 322 18 540 513 36 80 1
1 322 19 540 513 36 80 1
1 322 20 540 513 36 80 1
1 322 21 540 513 36 80 1
1 322 22 540 513 36 80 1
1 322 23 540 513 36 80 1
1 322 24 540 513 36 80 1
1 322 25 540 513 36 80 1
1 322 26 540 513 36 80 1
1 322 27 540 513 36 80 1
1 322 28 540 513 36 80 1
1 322 29 540 513 36 80 1
1 322 30 540 513 36 80 1
1 322 31 540 513 36 80 1
1 322 32 540 513 36 80 1
1 322 33 540 513 36 80 1
1 322 34 540 513 36 80 1
1 322 35 540 513 36 80 1
1 322 36 540 513 36 80 1
1 322 37 540 513 36 80 1
1 322 38 540 513 36 80 1
1 322 39 540 513 36 80 1
1 322 40 540 513 36 80 1
1 322 41 540 513 36 80 1
1 322 42 540 513 36 80 1
1 322 43 540 513 36 80 1
1 322 44 540 513 36 80 1
1 322 45 540 513 36 80 1
1 322 46 540 513 36 80 1
1 322 47 540 513 36 80 1
1 322 48 540 513 36 80 1
1 322 49 540 513 36 80 1
1 322 50 540 513 36 80 1
1 322 51 540 513 36 80 1
1 322 52 540 513 36 80 1
1 322 53 540 513 36 80 1
1 322 54 540 513 36 80 1
1 322 55 540 513 36 80 1
1 322 56 540 513 36 80 1
1 322 57 540 513 36 80 1
1 322 58 540 513 36 80 1
1 322 59 540 513 36 80 1
1 322 60 540 513 36 80 1
1 322 61 540 513 36 80 1
1 322 62 540 513 36 80 1
1 322 63 540 513 36 80 1
1 322 64 540 513 36 80 1
1 322 65 540 513 36 80 1
1 322 66 540 513 36 80 1
1 322 67 540 513 36 80 1
1 322 68 540 513 36 80 1
1 322 69 540 513 36 80 1
1 322 70 540 513 36 80 1
1 322 71 540 513 36 80 1
1 322 72 540 513 36 80 1
1 322 73 540 513 36 80 1
1 322 74 540 513 36 80 1
1 322 75 540 513 36 80 1
1 322 76 540 513 36 80 1
1 322 77 540 513 36 80 1
1 322 78 540 513 36 80 1
1 322 79 540 513 36 80 1
1 322 80 540 513 36 80 1
1 322 81 540 513 36 80 1
1 322 82 540 513 36 80 1
1 322 83 540 513 36 80 1
1 322 84 540 513 36 80 1
1 322 85 540 513 36 80 1
1 322 86 540 513 36 80 1
1 322 87 540 513 36 80 1
1 322 88 540 513 36 80 1
1 322 89 540 513 36 80 1
1 322 90 540 513 36 80 1
1 322 91 540 513 36 80 1
1 322 92 540 513 36 80 1
1 322 93 540 513 36 80 1
1 322 94 540 513 36 80 1
1 322 95 540 513 36 80 1
1 322 96 540 513 36 80 1
1 322 97 540 513 36 80 1
1 322 98 540 513 36 80 1
1 322 99 540 513 36 80 1
1 322 100 540 513 36 80 1
1 322 101 540 513 36 80 1
1 322 102 540 513 36 80 1
1 322 103 540 513 36 80 1
1 322 104 540 513 36 80 1
1 322 105 540 513 36 80 1
1 322 106 540 513 36 80 1
1 322 107 540 513 36 80 1
1 322 108 540 513 36 80 1
1 322 109 540 513 36 80 1
1 322 110 540 513 36 80 1
1 322 111 540 513 36 80 1
1 322 112 540 513 36 80 1
1 322 113 540 513 36 80 1
1 322 114 540 513 36 80 1
1 322 115 540 513 36 80 1
1 322 116 540 513 36 80 1
1 322 117 540 513 36 80 1
1 322 118 540 513 36 80 1
1 322 119 540 513 36 80 1
1 322 120 540 513 36 80 1
1 322 121 540 513 36 80 1
1 322 122 540 513 36 80 1
1 322 123 540 513 36 80 1
1 322 124 540 513 36 80 1
1 322 125 540 513 36 80 1
1 322 126 540 513 36 80 1
1 322 127 540 513 36 80 1
1 322 128 540 513 36 80 1
1 322 129 540 513 36 80 1
1 322 130 540 513 36 80 1
1 322 131 540 513 36 80 1
1 322 132 540 513 36 80 1
1 322 133 540 513 36 80 1
1 322 134 540 513 36 80 1
1 322 135 540 513 36 80 1
1 322 136 540 513 36 80 1
1 322 137 540 513 36 80 1
1 322 138 540 513 36 80 1
1 322 139 540 513 36 80 1
1 322 140 540 513 36 80 1
1 322 141 540 513 36 80 1
1 322 142 540 513 36 80 1
1 322 143 540 513 36 80 1
1 322 144 540 513 36 80 1
1 322 145 540 513 36 80 1
1 322 146 540 513 36 80 1
1 322 147 540 513 36 80 1
1 322 148 540 513 36 80 1
1 322 149 540 513 36 80 1
1 322 150 540 513 36 80 1
1 322 151 540 513 36 80 1
1 322 152 540 513 36 80 1
1 322 153 540 513 36 80 1
1 322 154 540 513 36 80 1
1 322 155 540 513 36 80 1
1 322 156 540 513 36 80 1
1 322 157 540 513 36 80 1
1 322 158 540 513 36 80 1
1 322 159 540 513 36 80 1
1 322 160 540 513 36 80 1
1 322 161 540 513 36 80 1
1 322 162 540 513 36 80 1
1 322 163 540 513 36 80 1
1 322 164 540 513 36 80 1
1 322 165 540 513 36 80 1
1 322 166 540 513 36 80 1
1 322 167 540 513 36 80 1
1 322 168 540 513 36 80 1
1 322 169 540 513 36 80 1
1 322 170 540 513 36 80 1
1 322 171 540 513 36 80 1
1 322 172 540 513 36 80 1
1 322 173 540 513 36 80 1
1 322 174 540 513 36 80 1
1 322 175 540 513 36 80 1
1 322 176 540 513 36 80 1
1 322 177 540 513 36 80 1
1 322 178 540 513 36 80 1
1 322 179 540 513 36 80 1
1 322 180 540 513 36 80 1
1 322 181 540 513 36 80 1
1 322 182 540 513 36 80 1
1 322 183 540 513 36 80 1
1 322 184 540 513 36 80 1
1 322 185 540 513 36 80 1
1 322 186 540 513 36 80 1
1 322 187 540 513 36 80 1
1 322 188 540 513 36 80 1
1 322 189 540 513 36 80 1
1 322 190 540 513 36 80 1
1 322 191 540 513 36 80 1
1 322 192 540 513 36 80 1
1 322 193 540 513 36 80 1
1 322 194 540 513 36 80 1
1 322 195 540 513 36 80 1
1 322 196 540 513 36 80 1
1 322 197 540 513 36 80 1
1 322 198 540 513 36 80 1
1 322 199 540 513 36 80 1
1 322 200 540 513 36 80 1
1 322 201 540 513 36 80 1
1 322 202 540 513 36 80 1
1 322 203 540 513 36 80 1
1 322 204 540 513 36 80 1
1 322 205 540 513 36 80 1
1 322 206 540 513 36 80 1
1 322 207 540 513 36 80 1
1 322 208 540 513 36 80 1
1 322 209 540 513 36 80 1
1 322 210 540 513 36 80 1
1 322 211 540 513 36 80 1
1 322 212 540 513 36 80 1
1 322 213 540 513 36 80 1
1 322 214 540 513 36 80 1
1 322 215 540 513 36 80 1
1 322 216 540 513 36 80 1
1 322 217 540 513 36 80 1
1 322 218 540 513 36 80 1
1 322 219 540 513 36 80 1
1 322 220 540 513 36 80 1
1 322 221 540 513 36 80 1
1 322 222 540 513 36 80 1
1 322 223 540 513 36 80 1
1 322 224 540 513 36 80 1
1 322 225 540 513 36 80 1
1 322 226 540 513 36 80 1
1 322 227 540 513 36 80 1
1 322 228 540 513 36 80 1
1 322 229 540 513 36 80 1
1 322 230 540 513 36 80 1
1 322 231 540 513 36 80 1
1 322 232 540 513 36 80 1
1 322 233 540 513 36 80 1
1 322 234 540 513 36 80 1
1 322 235 540 513 36 80 1
1 322 236 540 513 36 80 1
1 322 237 540 513 36 80 1
1 322 238 540 513 36 80 1
1 322 239 540 513 36 80 1
1 322 240 540 513 36 80 1
1 322 241 540 513 36 80 1
1 322 242 540 513 36 80 1
1 322 243 540 513 36 80 1
1 322 244 540 513 36 80 1
1 322 245 540 513 36 80 1
1 322 246 540 513 36 80 1
1 322 247 540 513 36 80 1
1 322 248 540 513 36 80 1
1 322 249 540 513 36 80 1
1 322 250 540 513 36 80 1
1 322 251 540 513 36 80 1
1 322 252 540 513 36 80 1
1 322 253 540 513 36 80 1
1 322 254 540 513 36 80 1
1 322 255 540 513 36 80 1
1 322 256 540 513 36 80 1
1 322 257 540 513 36 80 1
1 322 258 540 513 36 80 1
1 322 259 540 513 36 80 1
1 322 260 540 513 36 80 1
1 322 261 540 513 36 80 1
1 322 262 540 513 36 80 1
1 322 263 540 513 36 80 1
1 322 264 540 513 36 80 1
1 322 265 540 513 36 80 1
1 322 266 540 513 36 80 1
1 322 267 540 513 36 80 1
1 322 268 540 513 36 80 1
1 322 269 540 513 36 80 1
1 322 270 540 513 36 80 1
1 322 271 540 513 36 80 1
1 322 272 540 513 36 80 1
1 322 273 540 513 36 80 1
1 322 274 540 513 36 80 1
1 322 275 540 513 36 80 1
1 322 276 540 513 36 80 1
1 322 277 540 513 36 80 1
1 322 278 540 513 36 80 1
1 322 279 540 513 36 80 1
1 322 280 540 513 36 80 1
1 322 281 540 513 36 80 1
1 322 282 540 513 36 80 1
1 322 283 540 513 36 80 1
1 322 284 540 513 36 80 1
1 322 285 540 513 36 80 1
1 322 286 540 513 36 80 1
1 322 287 540 513 36 80 1
1 322 288 540 513 36 80 1
1 322 289 540 513 36 80 1
1 322 290 540 513 36 80 1
1 322 291 540 513 36 80 1
1 322 292 540 513 36 80 1
1 322 293 540 513 36 80 1
1 322 294 540 513 36 80 1
1 322 295 540 513 36 80 1
1 322 296 540 513 36 80 1
1 322 297 540 513 36 80 1
1 322 298 540 513 36 80 1
1 322 299 540 513 36 80 1
1 322 300 540 513 36 80 1
1 322 301 540 513 36 80 1
1 322 302 540 513 36 80 1
1 322 303 540 513 36 80 1
1 322 304 540 513 36 80 1
1 322 305 540 513 36 80 1
1 322 306 540 513 36 80 1
1 322 307 540 513 36 80 1
1 322 308 540 513 36 80 1
1 322 309 540 513 36 80 1
1 322 310 540 513 36 80 1
1 322 311 540 513 36 80 1
1 322 312 540 513 36 80 1
1 322 313 540 513 36 80 1
1 322 314 540 513 36 80 1
1 322 315 540 513 36 80 1
1 322 316 540 513 36 80 1
1 322 317 540 513 36 80 1
1 322 318 540 513 36 80 1
1 322 319 540 513 36 80 1
1 322 320 540 513 36 80 1
1 322 321 540 513 36 80 1
2 405 0 323 248 18 18 4
2 405 1 321 248 18 18 4
2 405 2 321 248 18 18 4
2 405 3 320 248 17 18 4
2 405 4 320 248 17 18 4
2 405 5 320 250 17 18 4
2 405 6 318 250 18 18 4
2 405 7 318 250 18 18 4
2 405 8 316 250 18 18 4
2 405 9 316 252 18 18 4
2 405 10 316 252 18 18 4
2 405 11 314 252 18 18 4
2 405 12 314 252 18 18 4
2 405 13 314 254 18 18 4
2 405 14 312 254 18 18 4
2 405 15 312 254 18 18 4
2 405 16 311 254 17 18 4
2 405 17 311 256 17 17 4
2 405 18 311 256 17 17 4
2 405 19 309 256 18 17 4
2 405 20 309 256 18 17 4
2 405 21 309 257 18 18 4
2 405 22 307 257 18 18 4
2 405 23 307 257 18 18 4
2 405 24 305 257 18 18 4
2 405 25 305 259 18 18 4
2 405 26 305 259 18 18 4
2 405 27 304 259 17 18 4
2 405 28 304 259 17 18 4
2 405 29 304 261 17 18 4
2 405 30 302 261 18 18 4
2 405 31 302 261 18 18 4
2 405 32 300 261 18 18 4
2 405 33 300 263 18 17 4
2 405 34 300 263 18 17 4
2 405 35 298 263 18 17 4
2 405 36 298 263 18 17 4
2 405 37 298 264 18 18 4
2 405 38 296 264 18 18 4
2 405 39 295 264 17 18 4
2 405 40 295 264 17 18 4
2 405 41 293 264 18 18 4
2 405 42 293 264 18 18 4
2 405 43 291 264 18 18 4
2 405 44 289 264 18 18 4
2 405 45 289 264 18 18 4
2 405 46 288 264 17 18 4
2 405 47 288 264 17 18 4
2 405 48 286 264 18 18 4
2 405 49 284 264 18 18 4
2 405 50 284 264 18 18 4
2 405 51 282 264 18 18 4
2 405 52 282 264 18 18 4
2 405 53 280 264 18 18 4
2 405 54 280 264 18 18 4
2 405 55 279 264 17 18 4
2 405 56 277 264 18 18 4
2 405 57 277 264 18 18 4
2 405 58 275 264 18 18 4
2 405 59 275 264 18 18 4
2 405 60 273 264 18 18 4
2 405 61 272 264 17 18 4
2 405 62 272 264 17 18 4
2 405 63 270 264 18 18 4
2 405 64 270 264 18 18 4
2 405 65 268 264 18 18 4
2 405 66 268 266 18 18 4
2 405 67 266 266 18 18 4
2 405 68 266 266 18 18 4
2 405 69 264 266 18 18 4
2 405 70 264 266 18 18 4
2 405 71 264 268 18 18 4
2 405 72 263 268 17 18 4
2 405 73 263 268 17 18 4
2 405 74 263 268 17 18 4
2 405 75 261 268 18 18 4
2 405 76 261 270 18 18 4
2 405 77 261 270 18 18 4
2 405 78 259 270 18 18 4
2 405 79 259 270 18 18 4
2 405 80 259 272 18 17 4
2 405 81 257 272 18 17 4
2 405 82 257 272 18 17 4
2 405 83 257 272 18 17 4
2 405 84 256 272 17 17 4
2 405 85 256 273 17 18 4
2 405 86 254 273 18 18 4
2 405 87 254 273 18 18 4
2 405 88 254 273 18 18 4
2 405 89 252 275 18 18 4
2 405 90 252 275 18 18 4
2 405 91 252 275 18 18 4
2 405 92 250 275 18 18 4
2 405 93 250 275 18 18 4
2 405 94 250 277 18 18 4
2 405 95 248 277 18 18 4
2 405 96 248 277 18 18 4
2 405 97 248 277 18 18 4
2 405 98 247 279 17 17 4
2 405 99 247 279 17 17 4
2 405 100 247 279 17 17 4
2 405 101 245 279 18 17 4
2 405 102 245 279 18 17 4
2 405 103 243 280 18 18 4
2 405 104 243 280 18 18 4
2 405 105 243 280 18 18 4
2 405 106 241 280 18 18 4
2 405 107 241 282 18 18 4
2 405 108 241 282 18 18 4
2 405 109 240 282 17 18 4
2 405 110 240 282 17 18 4
2 405 111 240 282 17 18 4
2 405 112 238 284 18 18 4
2 405 113 238 284 18 18 4
2 405 114 238 284 18 18 4
2 405 115 236 284 18 18 4
2 405 116 236 286 18 18 4
2 405 117 236 286 18 18 4
2 405 118 234 286 18 18 4
2 405 119 234 286 18 18 4
2 405 120 232 286 18 18 4
2 405 121 232 288 18 17 4
2 405 122 232 288 18 17 4
2 405 123 231 288 17 17 4
2 405 124 231 288 17 17 4
2 405 125 231 289 17 18 4
2 405 126 229 289 18 18 4
2 405 127 229 289 18 18 4
2 405 128 229 289 18 18 4
2 405 129 227 289 18 18 4
2 405 130 227 291 18 18 4
2 405 131 227 291 18 18 4
2 405 132 225 291 18 18 4
2 405 133 225 291 18 18 4
2 405 134 225 293 18 18 4
2 405 135 224 293 17 18 4
2 405 136 222 293 18 18 4
2 405 137 222 293 18 18 4
2 405 138 220 295 18 17 4
2 405 139 220 295 18 17 4
2 405 140 218 295 18 17 4
2 405 141 218 296 18 18 4
2 405 142 216 296 18 18 4
2 405 143 216 296 18 18 4
2 405 144 215 296 17 20 4
2 405 145 213 298 18 18 4
2 405 146 213 298 18 18 4
2 405 147 211 298 18 20 4
2 405 148 211 300 18 18 4
2 405 149 209 300 18 18 4
2 405 150 209 300 18 20 4
2 405 151 208 300 17 20 4
2 405 152 208 302 17 18 4
2 405 153 206 302 18 19 4
2 405 154 206 302 18 19 4
2 405 155 204 304 18 17 4
2 405 156 202 304 18 19 4
2 405 157 202 304 18 19 4
2 405 158 200 304 18 19 4
2 405 159 200 305 18 20 4
2 405 160 199 305 17 20 4
2 405 161 199 305 17 20 4
2 405 162 197 307 18 20 4
2 405 163 197 307 18 20 4
2 405 164 195 307 18 20 4
2 405 165 195 309 18 19 4
2 405 166 193 309 18 19 4
2 405 167 192 309 17 19 4
2 405 168 192 309 17 19 4
2 405 169 190 309 18 19 4
2 405 170 190 309 18 19 4
2 405 171 188 309 18 19 4
2 405 172 188 309 18 19 4
2 405 173 186 309 18 19 4
2 405 174 186 309 18 21 4
2 405 175 184 309 18 21 4
2 405 176 184 309 18 21 4
2 405 177 183 311 17 19 4
2 405 178 183 311 17 19 4
2 405 179 181 311 18 19 4
2 405 180 181 311 18 19 4
2 405 181 179 311 18 19 4
2 405 182 179 311 18 21 4
2 405 183 177 311 18 21 4
2 405 184 177 311 18 21 4
2 405 185 176 311 17 21 4
2 405 186 176 311 17 21 4
2 405 187 174 311 18 21 4
2 405 188 174 312 18 20 4
2 405 189 172 312 18 20 4
2 405 190 172 312 18 22 4
2 405 191 170 312 18 22 4
2 405 192 170 312 18 22 4
2 405 193 168 312 18 22 4
2 405 194 168 312 18 22 4
2 405 195 167 312 17 22 4
2 405 196 167 312 17 22 4
2 405 197 165 312 18 22 4
2 405 198 165 312 18 24 4
2 405 199 163 312 18 24 4
2 405 200 163 314 18 22 4
2 405 201 161 314 18 22 4
2 405 202 161 314 18 22 4
2 405 203 160 314 17 22 4
2 405 204 160 314 17 22 4
2 405 205 158 314 18 22 4
2 405 206 158 314 18 23 4
2 405 207 156 314 18 23 4
2 405 208 156 314 18 23 4
2 405 209 154 314 18 23 4
2 405 210 154 314 18 23 4
2 405 211 152 316 18 21 4
2 405 212 152 316 18 21 4
2 405 213 151 316 17 21 4
2 405 214 151 316 17 23 4
2 405 215 149 316 18 23 4
2 405 216 149 316 18 23 4
2 405 217 147 316 18 23 4
2 405 218 147 316 18 23 4
2 405 219 145 316 18 23 4
2 405 220 145 316 18 23 4
2 405 221 144 316 17 23 4
2 405 222 144 318 17 23 4
2 405 223 142 318 18 23 4
2 405 224 142 318 18 23 4
2 405 225 142 320 18 23 4
2 405 226 140 320 18 23 4
2 405 227 140 320 18 23 4
2 405 228 140 321 18 23 4
2 405 229 138 321 18 23 4
2 405 230 138 321 18 23 4
2 405 231 138 323 18 23 4
2 405 232 136 323 18 23 4
2 405 233 136 323 18 23 4
2 405 234 136 325 18 23 4
2 405 235 135 325 17 23 4
2 405 236 135 325 17 23 4
2 405 237 133 325 18 23 4
2 405 238 133 325 18 23 4
2 405 239 133 327 18 23 4
2 405 240 131 327 18 23 4
2 405 241 131 327 18 23 4
2 405 242 129 327 18 23 4
2 405 243 129 327 18 23 4
2 405 244 129 328 18 24 4
2 405 245 128 328 17 24 4
2 405 246 128 328 17 24 4
2 405 247 126 328 18 24 4
2 405 248 126 328 18 24 4
2 405 249 126 330 18 23 4
2 405 250 124 330 18 23 4
2 405 251 124 330 18 23 4
2 405 252 122 332 18 23 4
2 405 253 122 332 18 23 4
2 405 254 122 334 18 23 4
2 405 255 120 334 18 23 4
2 405 256 120 334 18 23 4
2 405 257 119 336 17 23 4
2 405 258 119 336 17 23 4
2 405 259 119 337 17 23 4
2 405 260 117 337 18 23 4
2 405 261 117 339 18 23 4
2 405 262 115 339 18 23 4
2 405 263 115 339 18 23 4
2 405 264 115 341 18 23 4
2 405 265 113 341 18 23 4
2 405 266 113 343 18 23 4
2 405 267 113 343 18 23 4
2 405 268 112 343 17 23 4
2 405 269 112 344 17 24 4
2 405 270 110 344 18 24 4
2 405 271 110 346 18 23 4
2 405 272 110 346 18 23 4
2 405 273 108 348 18 23 4
2 405 274 108 348 18 23 4
2 405 275 106 348 18 23 4
2 405 276 106 350 18 23 4
2 405 277 106 350 18 23 4
2 405 278 104 352 18 23 4
2 405 279 104 352 18 23 4
2 405 280 104 353 18 23 4
2 405 281 103 353 17 23 4
2 405 282 101 353 18 23 4
2 405 283 101 353 18 23 4
2 405 284 99 353 18 23 4
2 405 285 99 353 18 23 4
2 405 286 97 353 18 23 4
2 405 287 97 353 18 23 4
2 405 288 96 353 17 23 4
2 405 289 94 353 18 23 4
2 405 290 94 353 18 23 4
2 405 291 92 353 18 23 4
2 405 292 92 353 18 23 4
2 405 293 90 353 18 23 4
2 405 294 90 355 18 23 4
2 405 295 88 355 18 23 4
2 405 296 88 355 18 23 4
2 405 297 87 355 17 23 4
2 405 298 85 355 18 23 4
2 405 299 85 355 18 23 4
2 405 300 83 355 18 23 4
2 405 301 83 355 18 23 4
2 405 302 81 355 18 23 4
2 405 303 81 355 18 23 4
2 405 304 80 355 17 23 4
2 405 305 78 355 18 23 4
2 405 306 78 355 18 23 4
2 405 307 76 355 18 23 4
2 405 308 76 357 18 23 4
2 405 309 74 357 18 23 4
2 405 310 74 357 18 23 4
2 405 311 72 357 18 23 4
2 405 312 72 357 18 23 4
2 405 313 71 357 17 23 4
2 405 314 69 357 18 23 4
2 405 315 69 357 18 23 4
2 405 316 67 357 18 23 4
2 405 317 67 357 18 23 4
2 405 318 65 357 18 23 4
2 405 319 65 357 18 23 4
2 405 320 64 357 17 23 4
2 405 321 64 359 17 23 4
2 405 322 63 359 17 23 4
2 405 323 62 360 17 23 4
2 405 324 61 360 17 23 4
2 405 325 60 361 17 23 4
2 405 326 60 361 17 23 4
2 405 327 59 362 17 23 4
2 405 328 58 362 17 23 4
2 405 329 57 363 17 23 4
2 405 330 57 363 17 23 4
2 405 331 56 364 17 23 4
2 405 332 55 364 17 23 4
2 405 333 54 365 17 23 4
2 405 334 53 365 18 23 4
2 405 335 53 366 17 23 4
2 405 336 52 366 17 23 4
2 405 337 51 367 17 23 4
2 405 338 50 367 18 23 4
2 405 339 50 368 17 23 4
2 405 340 49 368 17 23 4
2 405 341 48 369 17 23 4
2 405 342 47 369 18 23 4
2 405 343 47 370 17 23 4
2 405 344 46 370 17 23 4
2 405 345 45 371 17 23 4
2 405 346 44 371 18 23 4
2 405 347 43 372 18 23 4
2 405 348 43 372 17 23 4
2 405 349 42 373 17 23 4
2 405 350 41 374 17 23 4
2 405 351 40 374 18 23 4
2 405 352 40 375 17 23 4
2 405 353 39 375 17 23 4
2 405 354 38 376 17 23 4
2 405 355 37 376 18 23 4
2 405 356 37 377 17 23 4
2 405 357 36 377 17 23 4
2 405 358 35 378 17 23 4
2 405 359 34 378 18 23 4
2 405 360 33 379 18 23 4
2 405 361 33 379 17 23 4
2 405 362 32 380 17 23 4
2 405 363 31 380 18 23 4
2 405 364 30 381 18 23 4
2 405 365 30 381 17 23 4
2 405 366 29 382 17 23 4
2 405 367 28 382 18 23 4
2 405 368 27 383 18 23 4
2 405 369 26 383 18 23 4
2 405 370 26 384 17 23 4
2 405 371 25 384 18 23 4
2 405 372 24 385 18 23 4
2 405 373 23 385 18 23 4
2 405 374 23 386 17 23 4
2 405 375 22 386 18 23 4
2 405 376 21 387 18 23 4
2 405 377 20 388 18 23 4
2 405 378 20 388 17 23 4
2 405 379 19 389 17 23 4
2 405 380 18 389 18 23 4
2 405 381 17 390 18 23 4
2 405 382 16 390 18 23 4
2 405 383 16 391 17 23 4
2 405 384 15 391 18 23 4
2 405 385 14 392 18 23 4
2 405 386 13 392 18 23 4
2 405 387 13 393 17 23 4
2 405 388 12 393 18 23 4
2 405 389 11 394 18 23 4
2 405 390 10 394 18 23 4
2 405 391 10 395 17 23 4
2 405 392 9 395 18 23 4
2 405 393 8 396 18 23 4
2 405 394 7 396 18 23 4
2 405 395 6 397 18 23 4
2 405 396 6 397 18 23 4
2 405 397 5 398 18 23 4
2 405 398 4 398 18 23 4
2 405 399 3 399 18 23 4
2 405 400 3 399 18 23 4
2 405 401 2 400 18 23 4
2 405 402 1 400 18 23 4
2 405 403 0 401 18 23 4
2 405 404 0 402 18 23 4
3 195 300 542 508 28 46 1
3 195 301 542 508 28 46 1
3 195 302 542 508 28 46 1
3 195 303 542 508 28 46 1
3 195 304 542 508 28 46 1
3 195 305 542 508 28 46 1
3 195 306 542 508 28 46 1
3 195 307 542 508 28 46 1
3 195 308 542 508 28 46 1
3 195 309 542 508 28 46 1
3 195 310 542 508 28 46 1
3 195 311 542 508 28 46 1
3 195 312 542 508 28 46 1
3 195 313 542 508 28 46 1
3 195 314 542 508 28 46 1
3 195 315 542 508 28 46 1
3 195 316 542 508 28 46 1
3 195 317 542 508 28 46 1
3 195 318 542 508 28 46 1
3 195 319 542 508 28 46 1
3 195 320 542 508 28 46 1
3 195 321 542 508 28 46 1
3 195 322 542 508 28 46 1
3 195 323 542 508 28 46 1
3 195 324 542 508 28 46 1
3 195 325 542 508 28 46 1
3 195 326 542 508 28 46 1
3 195 327 542 508 28 46 1
3 195 328 542 508 28 46 1
3 195 329 542 508 28 46 1
3 195 330 542 508 28 46 1
3 195 331 542 508 28 46 1
3 195 332 542 508 28 46 1
3 195 333 542 508 28 46 1
3 195 334 542 508 28 46 1
3 195 335 542 508 28 46 1
3 195 336 542 508 28 46 1
3 195 337 542 508 28 46 1
3 195 338 542 508 28 46 1
3 195 339 542 508 28 46 1
3 195 340 542 508 28 46 1
3 195 341 542 508 28 46 1
3 195 342 542 508 28 46 1
3 195 343 542 508 28 46 1
3 195 344 542 508 28 46 1
3 195 345 542 508 28 46 1
3 195 346 542 508 28 46 1
3 195 347 542 508 28 46 1
3 195 348 542 508 28 46 1
3 195 349 542 508 28 46 1
3 195 350 542 508 28 46 1
3 195 351 542 508 28 46 1
3 195 352 542 508 28 46 1
3 195 353 542 508 28 46 1
3 195 354 542 508 28 46 1
3 195 355 542 508 28 46 1
3 195 356 542 508 28 46 1
3 195 357 542 508 28 46 1
3 195 358 542 508 28 46 1
3 195 359 542 508 28 46 1
3 195 360 542 508 28 46 1
3 195 361 542 508 28 46 1
3 195 362 542 508 28 46 1
3 195 363 542 508 28 46 1
3 195 364 542 508 28 46 1
3 195 365 542 508 28 46 1
3 195 366 542 508 28 46 1
3 195 367 542 508 28 46 1
3 195 368 542 508 28 46 1
3 195 369 542 508 28 46 1
3 195 370 542 508 28 46 1
3 195 371 542 508 28 46 1
3 195 372 542 508 28 46 1
3 195 373 542 508 28 46 1
3 195 374 542 508 28 46 1
3 195 375 542 508 28 46 1
3 195 376 542 508 28 46 1
3 195 377 542 508 28 46 1
3 195 378 542 508 28 46 1
3 195 379 542 508 28 46 1
3 195 380 542 508 28 46 1
3 195 381 542 508 28 46 1
3 195 382 542 508 28 46 1
3 195 383 542 508 28 46 1
3 195 384 542 508 28 46 1
3 195 385 542 508 28 46 1
3 195 386 542 508 28 46 1
3 195 387 542 508 28 46 1
3 195 388 542 508 28 46 1
3 195 389 542 508 28 46 1
3 195 390 542 508 28 46 1
3 195 391 542 508 28 46 1
3 195 392 542 508 28 46 1
3 195 393 542 508 28 46 1
3 195 394 542 508 28 46 1
3 195 395 542 508 28 46 1
3 195 396 542 508 28 46 1
3 195 397 542 508 28 46 1
3 195 398 542 508 28 46 1
3 195 399 542 508 28 46 1
3 195 400 542 508 28 46 1
3 195 401 542 508 28 46 1
3 195 402 542 508 28 46 1
3 195 403 542 508 28 46 1
3 195 404 542 508 28 46 1
3 195 405 542 508 28 46 1
3 195 406 542 508 28 46 1
3 195 407 542 508 28 46 1
3 195 408 542 508 28 46 1
3 195 409 542 508 28 46 1
3 195 410 542 508 28 46 1
3 195 411 542 508 28 46 1
3 195 412 542 508 28 46 1
3 195 413 542 508 28 46 1
3 195 414 542 508 28 46 1
3 195 415 542 508 28 46 1
3 195 416 542 508 28 46 1
3 195 417 542 508 28 46 1
3 195 418 542 508 28 46 1
3 195 419 542 508 28 46 1
3 195 420 542 508 28 46 1
3 195 421 542 508 28 46 1
3 195 422 542 508 28 46 1
3 195 423 542 508 28 46 1
3 195 424 542 508 28 46 1
3 195 425 542 508 28 46 1
3 195 426 542 508 28 46 1
3 195 427 542 508 28 46 1
3 195 428 542 508 28 46 1
3 195 429 542 508 28 46 1
3 195 430 542 508 28 46 1
3 195 431 542 508 28 46 1
3 195 432 542 508 28 46 1
3 195 433 542 508 28 46 1
3 195 434 542 508 28 46 1
3 195 435 542 508 28 46 1
3 195 436 542 508 28 46 1
3 195 437 542 508 28 46 1
3 195 438 542 508 28 46 1
3 195 439 542 508 28 46 1
3 195 440 542 508 28 46 1
3 195 441 542 508 28 46 1
3 195 442 542 508 28 46 1
3 195 443 542 508 28 46 1
3 195 444 542 508 28 46 1
3 195 445 542 508 28 46 1
3 195 446 542 508 28 46 1
3 195 447 542 508 28 46 1
3 195 448 542 508 28 46 1
3 195 449 542 508 28 46 1
3 195 450 542 508 28 46 1
3 195 451 542 508 28 46 1
3 195 452 542 508 28 46 1
3 195 453 542 508 28 46 1
3 195 454 542 508 28 46 1
3 195 455 542 508 28 46 1
3 195 456 542 508 28 46 1
3 195 457 542 508 28 46 1
3 195 458 542 508 28 46 1
3 195 459 542 508 28 46 1
3 195 460 542 508 28 46 1
3 195 461 542 508 28 46 1
3 195 462 542 508 28 46 1
3 195 463 542 508 28 46 1
3 195 464 542 508 28 46 1
3 195 465 542 508 28 46 1
3 195 466 542 508 28 46 1
3 195 467 542 508 28 46 1
3 195 468 542 508 28 46 1
3 195 469 542 508 28 46 1
3 195 470 542 508 28 46 1
3 195 471 542 508 28 46 1
3 195 472 542 508 28 46 1
3 195 473 542 508 28 46 1
3 195 474 542 508 28 46 1
3 195 475 542 508 28 46 1
3 195 476 542 508 28 46 1
3 195 477 542 508 28 46 1
3 195 478 542 508 28 46 1
3 195 479 542 508 28 46 1
3 195 480 542 508 28 46 1
3 195 481 542 508 28 46 1
3 195 482 542 508 28 46 1
3 195 483 542 508 28 46 1
3 195 484 542 508 28 46 1
3 195 485 542 508 28 46 1
3 195 486 542 508 28 46 1
3 195 487 542 508 28 46 1
3 195 488 542 508 28 46 1
3 195 489 542 508 28 46 1
3 195 490 542 508 28 46 1
3 195 491 542 508 28 46 1
3 195 492 542 508 28 46 1
3 195 493 542 508 28 46 1
3 195 494 542 508 28 46 1
4 495 0 931 702 32 16 1
4 495 1 929 702 32 16 1
4 495 2 929 702 32 16 1
4 495 3 929 702 32 16 1
4 495 4 929 702 32 16 1
4 495 5 929 702 32 16 1
4 495 6 929 702 32 16 1
4 495 7 929 702 32 16 1
4 495 8 929 702 32 16 1
4 495 9 929 702 32 16 1
4 495 10 929 702 32 16 1
4 495 11 929 702 32 16 1
4 495 12 929 702 32 16 1
4 495 13 929 702 32 16 1
4 495 14 929 702 32 16 1
4 495 15 929 702 32 16 1
4 495 16 929 702 32 16 1
4 495 17 929 702 32 16 1
4 495 18 929 702 32 16 1
4 495 19 929 702 32 16 1
4 495 20 929 702 32 16 1
4 495 21 929 702 32 16 1
4 495 22 929 702 32 16 1
4 495 23 929 702 32 16 1
4 495 24 929 702 32 16 1
4 495 25 929 702 32 16 1
4 495 26 929 702 32 16 1
4 495 27 929 702 32 16 1
4 495 28 929 702 32 16 1
4 495 29 929 702 32 16 1
4 495 30 929 702 32 16 1
4 495 31 929 702 32 16 1
4 495 32 929 702 32 16 1
4 495 33 929 702 32 16 1
4 495 34 929 702 32 16 1
4 495 35 929 702 32 16 1
4 495 36 929 702 32 16 1
4 495 37 929 702 32 16 1
4 495 38 929 702 32 16 1
4 495 39 929 702 32 16 1
4 495 40 928 702 32 16 1
4 495 41 928 702 32 16 1
4 495 42 928 702 32 16 1
4 495 43 928 702 32 16 1
4 495 44 928 702 32 16 1
4 495 45 928 702 32 16 1
4 495 46 928 702 32 16 1
4 495 47 928 702 32 16 1
4 495 48 928 702 32 16 1
4 495 49 928 702 32 16 1
4 495 50 928 702 32 16 1
4 495 51 928 702 32 16 1
4 495 52 928 702 32 16 1
4 495 53 928 702 32 16 1
4 495 54 928 702 32 16 1
4 495 55 928 702 32 16 1
4 495 56 928 702 32 16 1
4 495 57 928 702 32 16 1
4 495 58 928 702 32 16 1
4 495 59 928 702 32 16 1
4 495 60 928 702 32 16 1
4 495 61 928 702 32 16 1
4 495 62 928 702 32 16 1
4 495 63 928 702 32 16 1
4 495 64 928 702 32 16 1
4 495 65 928 702 32 16 1
4 495 66 928 702 32 16 1
4 495 67 928 702 32 16 1
4 495 68 928 702 32 16 1
4 495 69 928 702 32 16 1
4 495 70 928 702 32 16 1
4 495 71 928 702 32 16 1
4 495 72 928 702 32 16 1
4 495 73 928 702 32 16 1
4 495 74 928 702 32 16 1
4 495 75 928 702 32 16 1
4 495 76 928 702 32 16 1
4 495 77 928 702 32 16 1
4 495 78 928 702 32 16 1
4 495 79 928 702 32 16 1
4 495 80 926 702 32 16 1
4 495 81 926 702 32 16 1
4 495 82 926 702 32 16 1
4 495 83 926 702 32 16 1
4 495 84 926 702 32 16 1
4 495 85 926 702 32 16 1
4 495 86 926 702 32 16 1
4 495 87 926 702 32 16 1
4 495 88 926 702 32 16 1
4 495 89 926 702 32 16 1
4 495 90 926 702 32 16 1
4 495 91 926 702 32 16 1
4 495 92 926 702 32 16 1
4 495 93 926 702 32 16 1
4 495 94 926 702 32 16 1
4 495 95 926 702 32 16 1
4 495 96 926 702 32 16 1
4 495 97 926 702 32 16 1
4 495 98 926 702 32 16 1
4 495 99 926 702 32 16 1
4 495 100 926 702 32 16 1
4 495 101 926 702 32 16 1
4 495 102 926 702 32 16 1
4 495 103 926 702 32 16 1
4 495 104 926 702 32 16 1
4 495 105 926 702 32 16 1
4 495 106 926 702 32 16 1
4 495 107 926 702 32 16 1
4 495 108 926 702 32 16 1
4 495 109 926 702 32 16 1
4 495 110 926 702 32 16 1
4 495 111 926 702 32 16 1
4 495 112 926 702 32 16 1
4 495 113 926 702 32 16 1
4 495 114 926 702 32 16 1
4 495 115 926 702 32 16 1
4 495 116 926 702 32 16 1
4 495 117 926 702 32 16 1
4 495 118 926 702 32 16 1
4 495 119 926 702 32 16 1
4 495 120 924 702 32 16 1
4 495 121 924 702 32 16 1
4 495 122 924 702 32 16 1
4 495 123 924 702 32 16 1
4 495 124 924 702 32 16 1
4 495 125 924 702 32 16 1
4 495 126 924 702 32 16 1
4 495 127 924 702 32 16 1
4 495 128 924 702 32 16 1
4 495 129 924 702 32 16 1
4 495 130 924 702 32 16 1
4 495 131 924 702 32 16 1
4 495 132 924 702 32 16 1
4 495 133 924 702 32 16 1
4 495 134 924 702 32 16 1
4 495 135 924 702 32 16 1
4 495 136 924 702 32 16 1
4 495 137 924 702 32 16 1
4 495 138 924 702 32 16 1
4 495 139 924 702 32 16 1
4 495 140 924 702 32 16 1
4 495 141 924 702 32 16 1
4 495 142 924 702 32 16 1
4 495 143 924 702 32 16 1
4 495 144 924 702 32 16 1
4 495 145 924 702 32 16 1
4 495 146 924 702 32 16 1
4 495 147 924 702 32 16 1
4 495 148 924 702 32 16 1
4 495 149 924 702 32 16 1
4 495 150 924 702 32 16 1
4 495 151 924 702 32 16 1
4 495 152 924 702 32 16 1
4 495 153 924 702 32 16 1
4 495 154 924 702 32 16 1
4 495 155 924 702 32 16 1
4 495 156 924 702 32 16 1
4 495 157 924 702 32 16 1
4 495 158 924 702 32 16 1
4 495 159 924 702 32 16 1
4 495 160 924 702 32 16 1
4 495 161 924 702 32 16 1
4 495 162 924 702 32 16 1
4 495 163 924 702 32 16 1
4 495 164 924 702 32 16 1
4 495 165 924 702 32 16 1
4 495 166 924 702 32 16 1
4 495 167 924 702 32 16 1
4 495 168 924 702 32 16 1
4 495 169 924 702 32 16 1
4 495 170 924 702 32 16 1
4 495 171 924 702 32 16 1
4 495 172 924 702 32 16 1
4 495 173 924 702 32 16 1
4 495 174 924 702 32 16 1
4 495 175 924 702 32 16 1
4 495 176 924 702 32 16 1
4 495 177 924 702 32 16 1
4 495 178 924 702 32 16 1
4 495 179 924 702 32 16 1
4 495 180 924 702 32 16 1
4 495 181 924 702 32 16 1
4 495 182 924 702 32 16 1
4 495 183 924 702 32 16 1
4 495 184 924 702 32 16 1
4 495 185 924 702 32 16 1
4 495 186 924 702 32 16 1
4 495 187 924 702 32 16 1
4 495 188 924 702 32 16 1
4 495 189 924 702 32 16 1
4 495 190 924 702 32 16 1
4 495 191 924 702 32 16 1
4 495 192 924 702 32 16 1
4 495 193 924 702 32 16 1
4 495 194 924 702 32 16 1
4 495 195 924 702 32 16 1
4 495 196 924 702 32 16 1
4 495 197 924 702 32 16 1
4 495 198 924 702 32 16 1
4 495 199 924 702 32 16 1
4 495 200 924 702 32 16 1
4 495 201 924 702 32 16 1
4 495 202 924 702 32 16 1
4 495 203 924 702 32 16 1
4 495 204 924 702 32 16 1
4 495 205 924 702 32 16 1
4 495 206 924 702 32 16 1
4 495 207 924 702 32 16 1
4 495 208 924 702 32 16 1
4 495 209 924 702 32 16 1
4 495 210 924 702 32 16 1
4 495 211 924 702 32 16 1
4 495 212 924 702 32 16 1
4 495 213 924 702 32 16 1
4 495 214 924 702 32 16 1
4 495 215 924 702 32 16 1
4 495 216 924 702 32 16 1
4 495 217 924 702 32 16 1
4 495 218 924 702 32 16 1
4 495 219 924 702 32 16 1
4 495 220 924 702 32 16 1
4 495 221 924 702 32 16 1
4 495 222 924 702 32 16 1
4 495 223 924 702 32 16 1
4 495 224 924 702 32 16 1
4 495 225 924 702 32 16 1
4 495 226 924 702 32 16 1
4 495 227 924 702 32 16 1
4 495 228 924 702 32 16 1
4 495 229 924 702 32 16 1
4 495 230 924 702 32 16 1
4 495 231 924 702 32 16 1
4 495 232 924 702 32 16 1
4 495 233 924 702 32 16 1
4 495 234 924 702 32 16 1
4 495 235 924 702 32 16 1
4 495 236 924 702 32 16 1
4 495 237 924 702 32 16 1
4 495 238 924 702 32 16 1
4 495 239 924 702 32 16 1
4 495 240 924 702 32 16 1
4 495 241 924 702 32 16 1
4 495 242 924 702 32 16 1
4 495 243 924 702 32 16 1
4 495 244 924 702 32 16 1
4 495 245 924 702 32 16 1
4 495 246 924 702 32 16 1
4 495 247 924 702 32 16 1
4 495 248 924 702 32 16 1
4 495 249 924 702 32 16 1
4 495 250 924 702 32 16 1
4 495 251 924 702 32 16 1
4 495 252 924 702 32 16 1
4 495 253 924 702 32 16 1
4 495 254 924 702 32 16 1
4 495 255 924 702 32 16 1
4 495 256 924 702 32 16 1
4 495 257 924 702 32 16 1
4 495 258 924 702 32 16 1
4 495 259 924 702 32 16 1
4 495 260 924 702 32 16 1
4 495 261 924 702 32 16 1
4 495 262 924 702 32 16 1
4 495 263 924 702 32 16 1
4 495 264 924 702 32 16 1
4 495 265 924 702 32 16 1
4 495 266 924 702 32 16 1
4 495 267 924 702 32 16 1
4 495 268 924 702 32 16 1
4 495 269 924 702 32 16 1
4 495 270 924 702 32 16 1
4 495 271 924 702 32 16 1
4 495 272 924 702 32 16 1
4 495 273 924 702 32 16 1
4 495 274 924 702 32 16 1
4 495 275 924 702 32 16 1
4 495 276 924 702 32 16 1
4 495 277 924 702 32 16 1
4 495 278 924 702 32 16 1
4 495 279 924 702 32 16 1
4 495 280 924 702 32 16 1
4 495 281 924 702 32 16 1
4 495 282 924 702 32 16 1
4 495 283 924 702 32 16 1
4 495 284 924 702 32 16 1
4 495 285 924 702 32 16 1
4 495 286 924 702 32 16 1
4 495 287 924 702 32 16 1
4 495 288 924 702 32 16 1
4 495 289 924 702 32 16 1
4 495 290 924 702 32 16 1
4 495 291 924 702 32 16 1
4 495 292 924 702 32 16 1
4 495 293 924 702 32 16 1
4 495 294 924 702 32 16 1
4 495 295 924 702 32 16 1
4 495 296 924 702 32 16 1
4 495 297 924 702 32 16 1
4 495 298 924 702 32 16 1
4 495 299 924 702 32 16 1
4 495 300 924 702 32 16 1
4 495 301 924 700 30 18 1
4 495 302 924 700 30 18 1
4 495 303 924 700 30 18 1
4 495 304 924 700 30 18 1
4 495 305 924 700 30 18 1
4 495 306 924 700 30 18 1
4 495 307 924 700 30 18 1
4 495 308 924 700 30 18 1
4 495 309 924 700 30 18 1
4 495 310 924 700 30 18 1
4 495 311 924 700 30 18 1
4 495 312 924 700 30 18 1
4 495 313 924 700 30 18 1
4 495 314 924 700 30 18 1
4 495 315 924 700 30 18 1
4 495 316 924 700 30 18 1
4 495 317 924 700 30 18 1
4 495 318 924 700 30 18 1
4 495 319 924 700 30 18 1
4 495 320 924 700 30 18 1
4 495 321 924 700 30 18 1
4 495 322 924 700 30 18 1
4 495 323 924 700 30 18 1
4 495 324 924 700 30 18 1
4 495 325 924 700 30 18 1
4 495 326 924 700 30 18 1
4 495 327 924 700 30 18 1
4 495 328 924 700 30 18 1
4 495 329 924 700 30 18 1
4 495 330 924 700 30 18 1
4 495 331 924 700 30 18 1
4 495 332 924 700 30 18 1
4 495 333 924 700 30 18 1
4 495 334 924 700 30 18 1
4 495 335 924 700 30 18 1
4 495 336 924 700 30 18 1
4 495 337 924 700 30 18 1
4 495 338 924 700 30 18 1
4 495 339 924 700 30 18 1
4 495 340 924 700 30 18 1
4 495 341 924 700 30 18 1
4 495 342 924 700 30 18 1
4 495 343 924 700 30 18 1
4 495 344 924 700 30 18 1
4 495 345 924 700 30 18 1
4 495 346 924 700 30 18 1
4 495 347 924 700 30 18 1
4 495 348 924 700 30 18 1
4 495 349 924 700 30 18 1
4 495 350 924 700 30 18 1
4 495 351 924 700 30 18 1
4 495 352 924 700 30 18 1
4 495 353 924 700 30 18 1
4 495 354 924 700 30 18 1
4 495 355 924 700 30 18 1
4 495 356 924 700 30 18 1
4 495 357 924 700 30 18 1
4 495 358 924 700 30 18 1
4 495 359 924 700 30 18 1
4 495 360 924 700 30 18 1
4 495 361 924 700 30 18 1
4 495 362 924 700 30 18 1
4 495 363 924 700 30 18 1
4 495 364 924 700 30 18 1
4 495 365 924 698 30 20 1
4 495 366 924 698 30 20 1
4 495 367 924 698 30 20 1
4 495 368 924 698 30 20 1
4 495 369 924 698 30 20 1
4 495 370 924 698 30 20 1
4 495 371 924 698 30 20 1
4 495 372 924 698 30 20 1
4 495 373 924 698 30 20 1
4 495 374 924 698 30 20 1
4 495 375 924 698 30 20 1
4 495 376 924 698 30 20 1
4 495 377 924 698 30 20 1
4 495 378 924 698 30 20 1
4 495 379 924 698 30 20 1
4 495 380 924 698 30 20 1
4 495 381 924 698 30 20 1
4 495 382 924 698 30 20 1
4 495 383 924 698 30 20 1
4 495 384 924 698 30 20 1
4 495 385 924 698 30 20 1
4 495 386 924 698 30 20 1
4 495 387 924 698 30 20 1
4 495 388 924 698 30 20 1
4 495 389 924 698 30 20 1
4 495 390 924 698 30 20 1
4 495 391 924 698 30 20 1
4 495 392 924 698 30 20 1
4 495 393 924 698 30 20 1
4 495 394 924 698 30 20 1
4 495 395 924 698 30 20 1
4 495 396 924 698 30 20 1
4 495 397 924 698 30 20 1
4 495 398 924 698 30 20 1
4 495 399 924 698 30 20 1
4 495 400 924 698 30 20 1
4 495 401 924 698 30 20 1
4 495 402 924 698 30 20 1
4 495 403 924 698 30 20 1
4 495 404 924 698 30 20 1
4 495 405 924 698 30 20 1
4 495 406 924 698 30 20 1
4 495 407 924 698 30 20 1
4 495 408 924 698 30 20 1
4 495 409 924 698 30 20 1
4 495 410 924 698 30 20 1
4 495 411 924 698 30 20 1
4 495 412 924 698 30 20 1
4 495 413 924 698 30 20 1
4 495 414 924 698 30 20 1
4 495 415 924 698 30 20 1
4 495 416 924 698 30 20 1
4 495 417 924 698 30 20 1
4 495 418 924 698 30 20 1
4 495 419 924 698 30 20 1
4 495 420 924 698 30 20 1
4 495 421 924 698 30 20 1
4 495 422 924 698 30 20 1
4 495 423 924 698 30 20 1
4 495 424 924 698 30 20 1
4 495 425 924 698 30 20 1
4 495 426 924 698 30 20 1
4 495 427 924 698 30 20 1
4 495 428 924 698 30 20 1
4 495 429 924 698 30 20 1
4 495 430 924 696 30 22 1
4 495 431 924 696 30 22 1
4 495 432 924 696 30 22 1
4 495 433 924 696 30 22 1
4 495 434 924 696 30 22 1
4 495 435 924 696 30 22 1
4 495 436 924 696 30 22 1
4 495 437 924 696 30 22 1
4 495 438 924 696 30 22 1
4 495 439 924 696 30 22 1
4 495 440 924 696 30 22 1
4 495 441 924 696 30 22 1
4 495 442 924 696 30 22 1
4 495 443 924 696 30 22 1
4 495 444 924 696 30 22 1
4 495 445 924 696 30 22 1
4 495 446 924 696 30 22 1
4 495 447 924 696 30 22 1
4 495 448 924 696 30 22 1
4 495 449 924 696 30 22 1
4 495 450 924 696 30 22 1
4 495 451 924 696 30 22 1
4 495 452 924 696 30 22 1
4 495 453 924 696 30 22 1
4 495 454 924 696 30 22 1
4 495 455 924 696 30 22 1
4 495 456 924 696 30 22 1
4 495 457 924 696 30 22 1
4 495 458 924 696 30 22 1
4 495 459 924 696 30 22 1
4 495 460 924 696 30 22 1
4 495 461 924 696 30 22 1
4 495 462 924 696 30 22 1
4 495 463 924 696 30 22 1
4 495 464 924 696 30 22 1
4 495 465 924 696 30 22 1
4 495 466 924 696 30 22 1
4 495 467 924 696 30 22 1
4 495 468 924 696 30 22 1
4 495 469 924 696 30 22 1
4 495 470 924 696 30 22 1
4 495 471 924 696 30 22 1
4 495 472 924 696 30 22 1
4 495 473 924 696 30 22 1
4 495 474 924 696 30 22 1
4 495 475 924 696 30 22 1
4 495 476 924 696 30 22 1
4 495 477 924 696 30 22 1
4 495 478 924 696 30 22 1
4 495 479 924 696 30 22 1
4 495 480 924 696 30 22 1
4 495 481 924 696 30 22 1
4 495 482 924 696 30 22 1
4 495 483 924 696 30 22 1
4 495 484 924 696 30 22 1
4 495 485 924 696 30 22 1
4 495 486 924 696 30 22 1
4 495 487 924 696 30 22 1
4 495 488 924 696 30 22 1
4 495 489 924 696 30 22 1
4 495 490 924 696 30 22 1
4 495 491 924 696 30 22 1
4 495 492 924 696 30 22 1
4 495 493 924 696 30 22 1
4 495 494 926 696 28 22 1
5 495 0 133 517 60 94 1
5 495 1 133 517 59 94 1
5 495 2 133 517 59 94 1
5 495 3 133 517 59 94 1
5 495 4 135 517 57 94 1
5 495 5 135 517 55 94 1
5 495 6 135 517 55 94 1
5 495 7 135 517 55 94 1
5 495 8 135 517 55 94 1
5 495 9 135 517 55 94 1
5 495 10 135 517 55 94 1
5 495 11 135 517 55 94 1
5 495 12 135 517 55 94 1
5 495 13 135 517 55 94 1
5 495 14 135 517 55 94 1
5 495 15 135 517 55 94 1
5 495 16 135 517 55 94 1
5 495 17 135 517 55 94 1
5 495 18 135 517 55 94 1
5 495 19 135 517 55 94 1
5 495 20 135 517 55 94 1
5 495 21 135 517 55 94 1
5 495 22 135 517 55 94 1
5 495 23 135 517 55 94 1
5 495 24 135 517 55 94 1
5 495 25 135 517 55 94 1
5 495 26 135 517 55 94 1
5 495 27 135 517 55 94 1
5 495 28 135 517 55 94 1
5 495 29 135 517 55 94 1
5 495 30 135 517 55 94 1
5 495 31 135 517 55 94 1
5 495 32 135 517 55 94 1
5 495 33 135 517 55 94 1
5 495 34 135 517 55 94 1
5 495 35 135 517 55 94 1
5 495 36 135 517 55 94 1
5 495 37 135 517 55 94 1
5 495 38 135 517 55 94 1
5 495 39 135 517 55 94 1
5 495 40 135 517 55 94 1
5 495 41 135 517 55 94 1
5 495 42 135 517 55 94 1
5 495 43 135 517 55 94 1
5 495 44 135 517 55 94 1
5 495 45 135 517 55 94 1
5 495 46 135 517 55 94 1
5 495 47 135 517 55 94 1
5 495 48 135 517 55 94 1
5 495 49 133 517 55 94 1
5 495 50 133 517 55 94 1
5 495 51 133 517 55 94 1
5 495 52 133 517 55 94 1
5 495 53 133 517 55 94 1
5 495 54 133 517 55 94 1
5 495 55 133 517 55 94 1
5 495 56 133 517 55 94 1
5 495 57 133 517 55 94 1
5 495 58 133 517 55 94 1
5 495 59 133 517 55 94 1
5 495 60 133 517 55 94 1
5 495 61 133 517 55 94 1
5 495 62 133 517 55 94 1
5 495 63 133 517 55 94 1
5 495 64 133 517 55 94 1
5 495 65 133 517 55 94 1
5 495 66 133 517 55 94 1
5 495 67 133 517 55 94 1
5 495 68 133 517 55 94 1
5 495 69 133 517 55 94 1
5 495 70 133 517 55 94 1
5 495 71 133 517 55 94 1
5 495 72 133 517 55 94 1
5 495 73 133 517 55 94 1
5 495 74 133 517 55 94 1
5 495 75 133 517 55 94 1
5 495 76 133 517 55 94 1
5 495 77 133 517 55 94 1
5 495 78 133 517 55 94 1
5 495 79 133 517 55 94 1
5 495 80 133 517 55 94 1
5 495 81 133 517 55 94 1
5 495 82 133 517 55 94 1
5 495 83 133 517 55 94 1
5 495 84 133 517 55 94 1
5 495 85 133 517 55 94 1
5 495 86 133 517 55 94 1
5 495 87 133 517 55 94 1
5 495 88 133 517 55 94 1
5 495 89 133 517 55 94 1
5 495 90 133 517 55 94 1
5 495 91 133 517 55 94 1
5 495 92 133 517 55 94 1
5 495 93 133 517 55 94 1
5 495 94 133 517 55 94 1
5 495 95 133 517 55 94 1
5 495 96 133 517 55 94 1
5 495 97 133 517 55 94 1
5 495 98 133 517 55 94 1
5 495 99 133 517 55 94 1
5 495 100 133 517 55 94 1
5 495 101 133 517 55 94 1
5 495 102 133 517 55 94 1
5 495 103 133 517 55 94 1
5 495 104 131 517 57 94 1
5 495 105 131 517 57 94 1
5 495 106 131 517 57 94 1
5 495 107 131 517 57 94 1
5 495 108 131 517 57 94 1
5 495 109 131 517 57 94 1
5 495 110 131 517 57 94 1
5 495 111 131 517 57 94 1
5 495 112 131 517 57 94 1
5 495 113 131 517 57 94 1
5 495 114 131 517 57 94 1
5 495 115 131 517 57 94 1
5 495 116 131 517 57 94 1
5 495 117 131 517 57 94 1
5 495 118 131 517 57 94 1
5 495 119 131 517 57 94 1
5 495 120 131 517 57 94 1
5 495 121 131 517 57 94 1
5 495 122 131 517 57 94 1
5 495 123 131 517 57 94 1
5 495 124 131 517 57 94 1
5 495 125 131 517 57 94 1
5 495 126 131 517 57 94 1
5 495 127 131 517 57 94 1
5 495 128 131 517 57 94 1
5 495 129 131 517 57 94 1
5 495 130 131 517 57 94 1
5 495 131 131 517 57 94 1
5 495 132 131 517 57 94 1
5 495 133 131 517 57 94 1
5 495 134 131 517 57 94 1
5 495 135 131 517 57 94 1
5 495 136 131 517 57 94 1
5 495 137 131 517 57 94 1
5 495 138 131 517 57 94 1
5 495 139 131 517 57 94 1
5 495 140 131 517 57 94 1
5 495 141 131 517 57 94 1
5 495 142 131 517 57 94 1
5 495 143 131 517 57 94 1
5 495 144 131 517 57 94 1
5 495 145 131 517 57 94 1
5 495 146 131 517 57 94 1
5 495 147 131 517 57 94 1
5 495 148 131 517 57 94 1
5 495 149 131 517 57 94 1
5 495 150 131 517 57 94 1
5 495 151 131 517 57 94 1
5 495 152 131 517 57 94 1
5 495 153 131 517 57 94 1
5 495 154 131 517 57 94 1
5 495 155 131 517 57 94 1
5 495 156 131 517 57 94 1
5 495 157 131 517 57 94 1
5 495 158 131 517 57 94 1
5 495 159 131 517 57 94 1
5 495 160 129 517 59 94 1
5 495 161 129 517 59 94 1
5 495 162 129 517 59 94 1
5 495 163 129 517 59 94 1
5 495 164 129 517 59 94 1
5 495 165 129 517 59 94 1
5 495 166 129 517 59 94 1
5 495 167 129 517 59 94 1
5 495 168 129 517 59 94 1
5 495 169 129 517 59 94 1
5 495 170 129 517 59 94 1
5 495 171 129 517 59 94 1
5 495 172 129 517 59 94 1
5 495 173 129 517 59 94 1
5 495 174 129 517 59 94 1
5 495 175 129 517 59 94 1
5 495 176 129 517 59 94 1
5 495 177 129 517 59 94 1
5 495 178 129 517 59 94 1
5 495 179 129 517 59 94 1
5 495 180 129 517 59 94 1
5 495 181 129 517 59 94 1
5 495 182 129 517 59 94 1
5 495 183 129 517 59 94 1
5 495 184 129 517 59 94 1
5 495 185 129 517 59 94 1
5 495 186 129 517 59 94 1
5 495 187 129 517 59 94 1
5 495 188 129 517 59 94 1
5 495 189 129 517 59 94 1
5 495 190 129 517 59 94 1
5 495 191 129 517 59 94 1
5 495 192 129 517 59 94 1
5 495 193 129 517 59 94 1
5 495 194 129 517 59 94 1
5 495 195 129 517 59 94 1
5 495 196 129 517 59 94 1
5 495 197 129 517 59 94 1
5 495 198 129 517 59 94 1
5 495 199 129 517 59 94 1
5 495 200 129 517 59 94 1
5 495 201 129 517 59 94 1
5 495 202 129 517 59 94 1
5 495 203 129 517 59 94 1
5 495 204 129 517 59 94 1
5 495 205 129 517 59 94 1
5 495 206 129 517 59 94 1
5 495 207 129 517 59 94 1
5 495 208 129 517 59 94 1
5 495 209 129 517 59 94 1
5 495 210 129 517 59 94 1
5 495 211 129 517 59 94 1
5 495 212 129 517 59 94 1
5 495 213 129 517 59 94 1
5 495 214 129 517 59 94 1
5 495 215 129 517 59 94 1
5 495 216 129 517 59 94 1
5 495 217 129 517 59 94 1
5 495 218 129 517 59 94 1
5 495 219 129 517 59 94 1
5 495 220 129 517 59 94 1
5 495 221 129 517 59 94 1
5 495 222 129 517 59 94 1
5 495 223 129 517 59 94 1
5 495 224 129 517 59 94 1
5 495 225 129 517 59 94 1
5 495 226 129 517 59 94 1
5 495 227 129 517 59 94 1
5 495 228 129 517 59 94 1
5 495 229 129 517 59 94 1
5 495 230 129 517 59 94 1
5 495 231 129 517 59 94 1
5 495 232 129 517 59 94 1
5 495 233 129 517 59 94 1
5 495 234 129 517 59 94 1
5 495 235 129 517 59 94 1
5 495 236 129 517 59 94 1
5 495 237 129 517 59 94 1
5 495 238 129 517 59 94 1
5 495 239 129 517 59 94 1
5 495 240 129 517 59 94 1
5 495 241 129 517 59 94 1
5 495 242 129 517 59 94 1
5 495 243 129 517 59 94 1
5 495 244 129 517 59 94 1
5 495 245 129 517 59 94 1
5 495 246 129 517 59 94 1
5 495 247 129 517 59 94 1
5 495 248 129 517 59 94 1
5 495 249 129 517 59 94 1
5 495 250 129 517 59 94 1
5 495 251 129 517 59 94 1
5 495 252 129 517 59 94 1
5 495 253 129 517 59 94 1
5 495 254 129 517 59 94 1
5 495 255 129 517 59 94 1
5 495 256 129 517 59 94 1
5 495 257 129 517 59 94 1
5 495 258 129 517 59 94 1
5 495 259 129 517 59 94 1
5 495 260 129 517 59 94 1
5 495 261 129 517 59 94 1
5 495 262 129 517 59 94 1
5 495 263 129 517 59 94 1
5 495 264 129 517 59 94 1
5 495 265 129 517 59 94 1
5 495 266 129 517 59 94 1
5 495 267 129 517 59 94 1
5 495 268 129 517 59 94 1
5 495 269 129 517 59 94 1
5 495 270 129 517 59 94 1
5 495 271 129 517 59 94 1
5 495 272 129 517 59 94 1
5 495 273 129 517 59 94 1
5 495 274 129 517 59 94 1
5 495 275 129 517 59 94 1
5 495 276 129 517 59 94 1
5 495 277 129 517 59 94 1
5 495 278 129 517 59 94 1
5 495 279 129 517 59 94 1
5 495 280 129 517 59 94 1
5 495 281 129 517 59 94 1
5 495 282 129 517 59 94 1
5 495 283 129 517 59 94 1
5 495 284 129 517 59 94 1
5 495 285 129 517 59 94 1
5 495 286 129 517 59 94 1
5 495 287 129 517 59 94 1
5 495 288 129 517 59 94 1
5 495 289 129 517 59 94 1
5 495 290 129 517 59 94 1
5 495 291 129 517 59 94 1
5 495 292 129 517 59 94 1
5 495 293 129 517 59 94 1
5 495 294 129 517 59 94 1
5 495 295 129 517 59 94 1
5 495 296 129 517 59 94 1
5 495 297 129 517 59 94 1
5 495 298 129 517 59 94 1
5 495 299 129 517 59 94 1
5 495 300 131 517 57 94 1
5 495 301 131 517 55 94 1
5 495 302 131 517 55 94 1
5 495 303 131 517 55 94 1
5 495 304 131 517 55 94 1
5 495 305 131 517 55 94 1
5 495 306 131 517 55 94 1
5 495 307 131 517 55 94 1
5 495 308 131 517 55 94 1
5 495 309 131 517 55 94 1
5 495 310 131 517 55 94 1
5 495 311 131 517 55 94 1
5 495 312 131 517 55 94 1
5 495 313 131 517 55 94 1
5 495 314 131 517 55 94 1
5 495 315 131 517 55 94 1
5 495 316 131 517 55 94 1
5 495 317 131 517 55 94 1
5 495 318 131 517 55 94 1
5 495 319 131 517 55 94 1
5 495 320 131 517 55 94 1
5 495 321 131 517 55 94 1
5 495 322 131 517 55 94 1
5 495 323 131 517 55 94 1
5 495 324 131 517 55 94 1
5 495 325 131 517 55 94 1
5 495 326 131 517 55 94 1
5 495 327 131 517 55 94 1
5 495 328 131 517 55 94 1
5 495 329 131 517 55 94 1
5 495 330 131 517 55 94 1
5 495 331 131 517 55 94 1
5 495 332 131 517 55 94 1
5 495 333 131 517 55 94 1
5 495 334 131 517 55 94 1
5 495 335 131 517 55 94 1
5 495 336 131 517 55 94 1
5 495 337 131 517 55 94 1
5 495 338 131 517 55 94 1
5 495 339 131 517 55 94 1
5 495 340 131 517 55 94 1
5 495 341 131 517 55 94 1
5 495 342 131 517 55 94 1
5 495 343 131 517 55 94 1
5 495 344 131 517 55 94 1
5 495 345 131 517 55 94 1
5 495 346 131 517 55 94 1
5 495 347 131 517 55 94 1
5 495 348 131 517 55 94 1
5 495 349 131 517 55 94 1
5 495 350 131 517 55 94 1
5 495 351 131 517 55 94 1
5 495 352 131 517 55 94 1
5 495 353 131 517 55 94 1
5 495 354 131 517 55 94 1
5 495 355 131 517 55 94 1
5 495 356 131 517 55 94 1
5 495 357 131 517 55 94 1
5 495 358 131 517 55 94 1
5 495 359 131 517 55 94 1
5 495 360 131 517 55 94 1
5 495 361 131 517 55 94 1
5 495 362 131 517 55 94 1
5 495 363 131 517 55 94 1
5 495 364 131 517 55 94 1
5 495 365 131 517 53 94 1
5 495 366 131 517 53 94 1
5 495 367 131 517 53 94 1
5 495 368 131 517 53 94 1
5 495 369 131 517 53 94 1
5 495 370 131 517 53 94 1
5 495 371 131 517 53 94 1
5 495 372 131 517 53 94 1
5 495 373 131 517 53 94 1
5 495 374 131 517 53 94 1
5 495 375 131 517 53 94 1
5 495 376 131 517 53 94 1
5 495 377 131 517 53 94 1
5 495 378 131 517 53 94 1
5 495 379 131 517 53 94 1
5 495 380 131 517 53 94 1
5 495 381 131 517 53 94 1
5 495 382 131 517 53 94 1
5 495 383 131 517 53 94 1
5 495 384 131 517 53 94 1
5 495 385 131 517 53 94 1
5 495 386 131 517 53 94 1
5 495 387 131 517 53 94 1
5 495 388 131 517 53 94 1
5 495 389 131 517 53 94 1
5 495 390 131 517 53 94 1
5 495 391 131 517 53 94 1
5 495 392 131 517 53 94 1
5 495 393 131 517 53 94 1
5 495 394 131 517 53 94 1
5 495 395 131 517 53 94 1
5 495 396 131 517 53 94 1
5 495 397 133 517 51 96 1
5 495 398 133 517 51 96 1
5 495 399 133 517 51 96 1
5 495 400 133 517 51 96 1
5 495 401 133 517 51 96 1
5 495 402 133 517 51 96 1
5 495 403 133 517 51 96 1
5 495 404 133 517 51 96 1
5 495 405 133 517 51 96 1
5 495 406 133 517 51 96 1
5 495 407 133 517 51 96 1
5 495 408 133 517 51 96 1
5 495 409 133 517 51 96 1
5 495 410 133 517 51 96 1
5 495 411 133 517 51 96 1
5 495 412 133 517 51 96 1
5 495 413 133 517 51 96 1
5 495 414 133 517 51 96 1
5 495 415 133 517 51 96 1
5 495 416 133 517 51 96 1
5 495 417 133 517 51 96 1
5 495 418 133 517 51 96 1
5 495 419 133 517 51 96 1
5 495 420 133 517 51 96 1
5 495 421 133 517 51 96 1
5 495 422 133 517 51 96 1
5 495 423 133 517 51 96 1
5 495 424 133 517 51 96 1
5 495 425 133 517 51 96 1
5 495 426 133 517 51 96 1
5 495 427 133 517 51 96 1
5 495 428 133 517 51 96 1
5 495 429 133 517 51 96 1
5 495 430 133 517 50 96 1
5 495 431 133 517 50 96 1
5 495 432 133 517 50 96 1
5 495 433 133 517 50 96 1
5 495 434 133 517 50 96 1
5 495 435 133 517 50 96 1
5 495 436 133 517 50 96 1
5 495 437 133 517 50 96 1
5 495 438 133 517 50 96 1
5 495 439 133 517 50 96 1
5 495 440 133 517 50 96 1
5 495 441 133 517 50 96 1
5 495 442 133 517 50 96 1
5 495 443 133 517 50 96 1
5 495 444 133 517 50 96 1
5 495 445 133 517 50 96 1
5 495 446 133 517 50 96 1
5 495 447 133 517 50 96 1
5 495 448 133 517 50 96 1
5 495 449 133 517 50 96 1
5 495 450 133 517 50 96 1
5 495 451 133 517 50 96 1
5 495 452 133 517 50 96 1
5 495 453 133 517 50 96 1
5 495 454 133 517 50 96 1
5 495 455 133 517 50 96 1
5 495 456 133 517 50 96 1
5 495 457 133 517 50 96 1
5 495 458 133 517 50 96 1
5 495 459 133 517 50 96 1
5 495 460 133 517 50 96 1
5 495 461 133 517 50 96 1
5 495 462 133 517 50 96 1
5 495 463 133 517 50 96 1
5 495 464 133 517 50 96 1
5 495 465 133 517 50 96 1
5 495 466 133 517 50 96 1
5 495 467 133 517 50 96 1
5 495 468 133 517 50 96 1
5 495 469 133 517 50 96 1
5 495 470 133 517 50 96 1
5 495 471 133 517 50 96 1
5 495 472 133 517 50 96 1
5 495 473 133 517 50 96 1
5 495 474 133 517 50 96 1
5 495 475 133 517 50 96 1
5 495 476 133 517 50 96 1
5 495 477 133 517 50 96 1
5 495 478 133 517 50 96 1
5 495 479 133 517 50 96 1
5 495 480 133 517 50 96 1
5 495 481 133 517 50 96 1
5 495 482 133 517 50 96 1
5 495 483 133 517 50 96 1
5 495 484 133 517 50 96 1
5 495 485 133 517 50 96 1
5 495 486 133 517 50 96 1
5 495 487 133 517 50 96 1
5 495 488 133 517 50 96 1
5 495 489 133 517 50 96 1
5 495 490 133 517 50 96 1
5 495 491 133 517 50 96 1
5 495 492 133 517 50 96 1
5 495 493 133 517 50 96 1
5 495 494 135 519 48 96 1
6 420 0 336 241 19 55 1
6 420 1 334 241 19 55 1
6 420 2 334 241 19 55 1
6 420 3 332 241 20 55 1
6 420 4 332 241 20 55 1
6 420 5 330 243 20 55 1
6 420 6 330 243 20 55 1
6 420 7 328 243 20 55 1
6 420 8 328 243 20 55 1
6 420 9 327 245 19 53 1
6 420 10 327 245 19 55 1
6 420 11 325 245 19 55 1
6 420 12 325 245 19 55 1
6 420 13 323 247 20 53 1
6 420 14 323 247 20 53 1
6 420 15 321 247 20 55 1
6 420 16 321 247 20 55 1
6 420 17 320 248 19 54 1
6 420 18 320 248 19 54 1
6 420 19 318 248 19 56 1
6 420 20 318 248 19 56 1
6 420 21 316 248 20 56 1
6 420 22 316 250 20 54 1
6 420 23 314 250 20 54 1
6 420 24 314 250 20 55 1
6 420 25 312 250 20 55 1
6 420 26 312 252 20 53 1
6 420 27 311 252 19 53 1
6 420 28 311 252 19 53 1
6 420 29 309 252 19 55 1
6 420 30 309 254 19 53 1
6 420 31 307 254 20 53 1
6 420 32 307 254 20 53 1
6 420 33 305 254 20 53 1
6 420 34 305 256 20 53 1
6 420 35 304 256 19 53 1
6 420 36 304 256 19 53 1
6 420 37 302 256 19 53 1
6 420 38 302 257 19 54 1
6 420 39 300 257 20 54 1
6 420 40 300 257 20 54 1
6 420 41 298 257 20 54 1
6 420 42 298 257 20 54 1
6 420 43 296 257 20 54 1
6 420 44 296 257 20 54 1
6 420 45 295 257 19 54 1
6 420 46 295 257 19 55 1
6 420 47 293 257 19 55 1
6 420 48 293 257 19 55 1
6 420 49 291 257 20 55 1
6 420 50 291 257 20 55 1
6 420 51 289 257 20 55 1
6 420 52 289 257 20 55 1
6 420 53 289 257 20 57 1
6 420 54 288 257 19 57 1
6 420 55 286 257 19 57 1
6 420 56 286 257 19 57 1
6 420 57 284 257 20 57 1
6 420 58 282 257 20 57 1
6 420 59 282 257 20 57 1
6 420 60 280 259 20 57 1
6 420 61 280 259 20 57 1
6 420 62 279 259 19 57 1
6 420 63 277 259 19 57 1
6 420 64 277 259 19 57 1
6 420 65 275 259 20 57 1
6 420 66 275 261 20 57 1
6 420 67 273 261 20 57 1
6 420 68 272 261 19 57 1
6 420 69 272 261 19 57 1
6 420 70 270 261 19 57 1
6 420 71 268 261 20 57 1
6 420 72 268 261 20 57 1
6 420 73 266 261 20 57 1
6 420 74 264 261 20 57 1
6 420 75 264 261 20 57 1
6 420 76 263 261 19 57 1
6 420 77 263 263 19 57 1
6 420 78 261 263 19 57 1
6 420 79 261 263 19 57 1
6 420 80 259 263 20 57 1
6 420 81 259 263 20 57 1
6 420 82 259 264 20 57 1
6 420 83 257 264 20 57 1
6 420 84 257 264 20 57 1
6 420 85 257 264 20 57 1
6 420 86 256 264 19 57 1
6 420 87 256 266 19 57 1
6 420 88 256 266 19 57 1
6 420 89 254 266 19 57 1
6 420 90 254 266 19 57 1
6 420 91 254 268 19 57 1
6 420 92 252 268 20 57 1
6 420 93 252 268 20 57 1
6 420 94 252 268 20 57 1
6 420 95 250 268 20 57 1
6 420 96 250 268 20 57 1
6 420 97 250 270 20 57 1
6 420 98 250 270 20 57 1
6 420 99 248 270 20 57 1
6 420 100 248 270 20 57 1
6 420 101 248 270 20 57 1
6 420 102 248 272 20 56 1
6 420 103 247 272 19 56 1
6 420 104 247 272 19 56 1
6 420 105 247 272 19 56 1
6 420 106 247 272 19 56 1
6 420 107 247 272 19 56 1
6 420 108 245 272 19 56 1
6 420 109 245 272 19 56 1
6 420 110 245 272 19 56 1
6 420 111 245 272 19 56 1
6 420 112 245 272 19 56 1
6 420 113 243 272 20 56 1
6 420 114 243 272 20 56 1
6 420 115 243 272 20 56 1
6 420 116 243 272 20 56 1
6 420 117 243 273 20 57 1
6 420 118 241 273 20 57 1
6 420 119 241 273 20 57 1
6 420 120 240 275 19 57 1
6 420 121 240 275 19 57 1
6 420 122 238 275 19 57 1
6 420 123 238 277 19 57 1
6 420 124 238 277 19 57 1
6 420 125 236 277 20 57 1
6 420 126 236 279 20 57 1
6 420 127 234 279 20 57 1
6 420 128 234 279 20 57 1
6 420 129 234 280 20 57 1
6 420 130 232 280 20 57 1
6 420 131 232 280 20 57 1
6 420 132 231 282 19 57 1
6 420 133 231 282 19 57 1
6 420 134 229 282 19 57 1
6 420 135 229 284 19 57 1
6 420 136 229 284 19 57 1
6 420 137 227 284 20 57 1
6 420 138 227 286 20 57 1
6 420 139 225 286 20 57 1
6 420 140 225 286 20 57 1
6 420 141 225 288 20 56 1
6 420 142 224 288 19 56 1
6 420 143 222 288 19 56 1
6 420 144 222 289 19 57 1
6 420 145 220 289 20 57 1
6 420 146 220 289 20 57 1
6 420 147 218 291 20 57 1
6 420 148 218 291 20 57 1
6 420 149 216 291 20 57 1
6 420 150 216 293 20 57 1
6 420 151 215 293 19 57 1
6 420 152 213 293 19 57 1
6 420 153 213 293 19 57 1
6 420 154 211 293 20 57 1
6 420 155 211 293 20 57 1
6 420 156 209 293 20 57 1
6 420 157 209 293 20 57 1
6 420 158 208 295 19 57 1
6 420 159 206 295 19 57 1
6 420 160 206 295 19 57 1
6 420 161 204 295 20 57 1
6 420 162 204 295 20 57 1
6 420 163 202 295 20 57 1
6 420 164 202 295 20 57 1
6 420 165 200 296 20 57 1
6 420 166 199 296 19 57 1
6 420 167 199 296 19 57 1
6 420 168 197 296 19 57 1
6 420 169 197 296 19 57 1
6 420 170 195 296 20 57 1
6 420 171 195 296 20 57 1
6 420 172 193 296 20 57 1
6 420 173 192 298 19 57 1
6 420 174 192 298 19 57 1
6 420 175 190 298 19 57 1
6 420 176 190 298 19 57 1
6 420 177 188 298 20 57 1
6 420 178 188 298 20 57 1
6 420 179 186 298 20 57 1
6 420 180 184 300 20 57 1
6 420 181 184 300 20 57 1
6 420 182 183 300 19 57 1
6 420 183 183 300 19 57 1
6 420 184 181 300 19 57 1
6 420 185 181 300 19 57 1
6 420 186 179 300 20 57 1
6 420 187 179 302 20 57 1
6 420 188 177 302 20 57 1
6 420 189 177 302 20 57 1
6 420 190 176 302 19 57 1
6 420 191 176 302 19 57 1
6 420 192 174 302 19 57 1
6 420 193 174 302 19 57 1
6 420 194 174 302 19 58 1
6 420 195 172 302 20 58 1
6 420 196 172 304 20 56 1
6 420 197 170 304 20 56 1
6 420 198 170 304 20 56 1
6 420 199 168 304 20 56 1
6 420 200 168 304 20 56 1
6 420 201 168 304 20 58 1
6 420 202 167 304 19 58 1
6 420 203 167 304 19 58 1
6 420 204 165 305 19 57 1
6 420 205 165 305 19 57 1
6 420 206 163 305 20 57 1
6 420 207 163 305 20 59 1
6 420 208 163 305 20 59 1
6 420 209 161 305 20 59 1
6 420 210 161 305 20 59 1
6 420 211 160 305 19 59 1
6 420 212 160 307 19 57 1
6 420 213 158 307 19 57 1
6 420 214 158 307 19 59 1
6 420 215 158 307 19 59 1
6 420 216 156 307 20 59 1
6 420 217 156 307 20 59 1
6 420 218 154 307 20 59 1
6 420 219 154 307 20 59 1
6 420 220 154 309 20 59 1
6 420 221 152 309 20 59 1
6 420 222 152 309 20 59 1
6 420 223 151 309 19 59 1
6 420 224 151 309 19 59 1
6 420 225 151 311 19 58 1
6 420 226 149 311 19 58 1
6 420 227 149 311 19 58 1
6 420 228 149 311 19 58 1
6 420 229 147 312 20 59 1
6 420 230 147 312 20 59 1
6 420 231 147 312 20 59 1
6 420 232 145 312 20 59 1
6 420 233 145 314 20 59 1
6 420 234 144 314 19 59 1
6 420 235 144 314 19 59 1
6 420 236 144 314 19 59 1
6 420 237 142 314 19 59 1
6 420 238 142 316 19 59 1
6 420 239 142 316 19 59 1
6 420 240 140 316 20 59 1
6 420 241 140 316 20 59 1
6 420 242 140 318 20 58 1
6 420 243 138 318 20 58 1
6 420 244 138 318 20 58 1
6 420 245 138 318 20 58 1
6 420 246 136 320 20 58 1
6 420 247 136 320 20 58 1
6 420 248 135 320 19 58 1
6 420 249 135 320 19 58 1
6 420 250 135 320 19 58 1
6 420 251 133 321 19 59 1
6 420 252 133 321 19 59 1
6 420 253 133 321 19 59 1
6 420 254 131 321 20 59 1
6 420 255 131 323 20 59 1
6 420 256 131 323 20 59 1
6 420 257 129 323 20 59 1
6 420 258 129 323 20 59 1
6 420 259 129 325 20 59 1
6 420 260 128 325 19 59 1
6 420 261 128 325 19 59 1
6 420 262 126 325 19 59 1
6 420 263 126 325 19 60 1
6 420 264 124 327 20 58 1
6 420 265 124 327 20 58 1
6 420 266 122 327 20 58 1
6 420 267 122 327 20 60 1
6 420 268 120 328 20 59 1
6 420 269 120 328 20 59 1
6 420 270 120 328 20 59 1
6 420 271 119 328 19 61 1
6 420 272 119 330 19 59 1
6 420 273 117 330 19 59 1
6 420 274 117 330 19 59 1
6 420 275 115 330 20 61 1
6 420 276 115 332 20 59 1
6 420 277 113 332 20 59 1
6 420 278 113 332 20 60 1
6 420 279 113 332 20 60 1
6 420 280 112 332 19 60 1
6 420 281 112 334 19 58 1
6 420 282 110 334 19 60 1
6 420 283 110 334 19 60 1
6 420 284 108 334 20 60 1
6 420 285 108 336 20 58 1
6 420 286 106 336 20 60 1
6 420 287 106 336 20 60 1
6 420 288 106 336 20 60 1
6 420 289 104 337 20 59 1
6 420 290 104 337 20 61 1
6 420 291 103 337 19 61 1
6 420 292 103 337 19 61 1
6 420 293 101 339 19 59 1
6 420 294 101 339 19 61 1
6 420 295 99 339 20 61 1
6 420 296 99 339 20 61 1
6 420 297 99 341 20 60 1
6 420 298 97 341 20 60 1
6 420 299 96 341 19 60 1
6 420 300 96 341 19 60 1
6 420 301 94 341 19 60 1
6 420 302 92 341 21 60 1
6 420 303 92 341 20 62 1
6 420 304 90 341 22 62 1
6 420 305 90 341 20 64 1
6 420 306 88 341 22 64 1
6 420 307 87 341 21 66 1
6 420 308 87 341 21 66 1
6 420 309 85 341 21 67 1
6 420 310 85 341 21 67 1
6 420 311 83 341 21 67 1
6 420 312 81 341 23 69 1
6 420 313 81 341 22 69 1
6 420 314 80 341 23 71 1
6 420 315 80 341 21 71 1
6 420 316 78 341 23 73 1
6 420 317 76 341 23 73 1
6 420 318 76 341 23 75 1
6 420 319 74 341 23 75 1
6 420 320 74 341 23 76 1
6 420 321 72 341 24 76 1
6 420 322 72 341 24 76 1
6 420 323 72 341 24 76 1
6 420 324 71 341 23 76 1
6 420 325 71 341 23 76 1
6 420 326 71 341 23 76 1
6 420 327 71 341 23 76 1
6 420 328 69 341 23 76 1
6 420 329 69 341 23 76 1
6 420 330 69 341 23 76 1
6 420 331 67 341 23 76 1
6 420 332 67 341 23 76 1
6 420 333 67 341 23 76 1
6 420 334 67 341 23 76 1
6 420 335 65 341 23 76 1
6 420 336 65 341 23 76 1
6 420 337 65 341 23 76 1
6 420 338 65 343 23 76 1
6 420 339 64 343 23 76 1
6 420 340 62 344 23 77 1
6 420 341 62 344 23 77 1
6 420 342 60 346 23 77 1
6 420 343 60 346 23 77 1
6 420 344 58 348 23 76 1
6 420 345 58 348 23 76 1
6 420 346 56 350 24 76 1
6 420 347 56 350 24 76 1
6 420 348 55 352 23 76 1
6 420 349 55 353 23 77 1
6 420 350 53 353 23 77 1
6 420 351 53 355 23 77 1
6 420 352 51 355 23 77 1
6 420 353 51 357 23 76 1
6 420 354 49 357 23 76 1
6 420 355 49 359 23 76 1
6 420 356 48 359 23 76 1
6 420 357 48 360 23 77 1
6 420 358 46 360 23 77 1
6 420 359 46 362 23 77 1
6 420 360 44 364 23 76 1
6 420 361 44 364 23 76 1
6 420 362 42 366 23 76 1
6 420 363 42 366 23 76 1
6 420 364 40 368 24 76 1
6 420 365 40 368 24 76 1
6 420 366 39 369 23 77 1
6 420 367 39 369 23 77 1
6 420 368 37 371 23 77 1
6 420 369 37 373 23 76 1
6 420 370 35 373 23 76 1
6 420 371 35 373 23 76 1
6 420 372 33 373 23 76 1
6 420 373 33 375 23 76 1
6 420 374 32 375 23 76 1
6 420 375 32 375 23 76 1
6 420 376 30 376 23 75 1
6 420 377 30 376 23 77 1
6 420 378 30 376 23 77 1
6 420 379 28 378 23 75 1
6 420 380 28 378 23 75 1
6 420 381 26 378 23 77 1
6 420 382 26 378 23 77 1
6 420 383 24 380 24 75 1
6 420 384 24 380 24 75 1
6 420 385 24 380 24 76 1
6 420 386 23 382 23 74 1
6 420 387 23 382 23 74 1
6 420 388 21 382 23 74 1
6 420 389 21 384 23 74 1
6 420 390 19 384 23 74 1
6 420 391 19 384 23 74 1
6 420 392 19 385 23 75 1
6 420 393 17 385 23 75 1
6 420 394 17 385 22 75 1
6 420 395 16 385 21 75 1
6 420 396 16 387 21 75 1
6 420 397 14 387 21 75 1
6 420 398 14 387 19 75 1
6 420 399 12 387 20 75 1
6 420 400 12 389 20 75 1
6 420 401 10 389 20 75 1
6 420 402 10 389 18 75 1
6 420 403 8 389 18 75 1
6 420 404 8 391 18 74 1
6 420 405 8 391 16 74 1
6 420 406 7 391 16 74 1
6 420 407 7 391 14 74 1
6 420 408 5 392 16 75 1
6 420 409 5 392 14 75 1
6 420 410 3 392 14 75 1
6 420 411 3 392 13 75 1
6 420 412 1 394 15 75 1
6 420 413 1 394 13 75 1
6 420 414 0 394 12 75 1
6 420 415 0 394 10 75 1
6 420 416 0 396 10 75 1
6 420 417 0 396 10 75 1
6 420 418 0 396 10 75 1
6 420 419 0 396 10 75 1
7 495 0 151 512 46 83 1
7 495 1 151 512 46 83 1
7 495 2 151 512 46 83 1
7 495 3 151 512 46 83 1
7 495 4 151 512 46 83 1
7 495 5 151 512 46 83 1
7 495 6 151 512 46 83 1
7 495 7 151 512 46 83 1
7 495 8 151 512 46 83 1
7 495 9 151 512 46 83 1
7 495 10 151 512 46 83 1
7 495 11 151 512 46 83 1
7 495 12 151 512 46 83 1
7 495 13 151 512 46 83 1
7 495 14 151 512 46 83 1
7 495 15 151 512 46 83 1
7 495 16 151 512 46 83 1
7 495 17 151 512 46 83 1
7 495 18 151 512 46 83 1
7 495 19 151 512 46 83 1
7 495 20 151 512 46 83 1
7 495 21 151 512 46 83 1
7 495 22 151 512 46 83 1
7 495 23 151 512 46 83 1
7 495 24 151 512 46 83 1
7 495 25 151 512 46 83 1
7 495 26 151 512 46 83 1
7 495 27 151 512 46 83 1
7 495 28 151 512 46 83 1
7 495 29 151 512 46 83 1
7 495 30 151 512 46 83 1
7 495 31 151 512 46 83 1
7 495 32 151 512 46 83 1
7 495 33 151 512 46 83 1
7 495 34 151 512 46 83 1
7 495 35 151 512 46 83 1
7 495 36 151 512 46 83 1
7 495 37 151 512 46 83 1
7 495 38 151 512 46 83 1
7 495 39 151 512 46 83 1
7 495 40 151 512 46 83 1
7 495 41 151 512 46 83 1
7 495 42 151 512 46 83 1
7 495 43 151 512 46 83 1
7 495 44 151 512 46 83 1
7 495 45 151 512 46 83 1
7 495 46 151 512 46 83 1
7 495 47 151 512 46 83 1
7 495 48 151 512 46 83 1
7 495 49 151 512 46 83 1
7 495 50 151 512 46 83 1
7 495 51 151 512 46 83 1
7 495 52 151 512 46 83 1
7 495 53 151 512 46 83 1
7 495 54 151 512 46 83 1
7 495 55 151 512 46 83 1
7 495 56 151 512 46 83 1
7 495 57 151 512 46 83 1
7 495 58 151 512 46 83 1
7 495 59 151 512 46 83 1
7 495 60 151 512 46 83 1
7 495 61 151 512 46 83 1
7 495 62 151 512 46 83 1
7 495 63 151 512 46 83 1
7 495 64 151 512 46 83 1
7 495 65 151 512 46 83 1
7 495 66 151 512 46 83 1
7 495 67 151 512 46 83 1
7 495 68 151 512 46 83 1
7 495 69 151 512 46 83 1
7 495 70 151 512 46 83 1
7 495 71 151 512 46 83 1
7 495 72 151 512 46 83 1
7 495 73 151 512 46 83 1
7 495 74 151 512 46 83 1
7 495 75 151 512 46 83 1
7 495 76 151 512 46 83 1
7 495 77 151 512 46 83 1
7 495 78 151 512 46 83 1
7 495 79 151 512 46 83 1
7 495 80 151 512 46 83 1
7 495 81 151 512 46 83 1
7 495 82 151 512 46 83 1
7 495 83 151 512 46 83 1
7 495 84 151 512 46 83 1
7 495 85 151 512 46 83 1
7 495 86 151 512 46 83 1
7 495 87 151 512 46 83 1
7 495 88 151 512 46 83 1
7 495 89 151 512 46 83 1
7 495 90 151 512 46 83 1
7 495 91 151 512 46 83 1
7 495 92 151 512 46 83 1
7 495 93 151 512 46 83 1
7 495 94 151 512 46 83 1
7 495 95 151 512 46 83 1
7 495 96 151 512 46 83 1
7 495 97 151 512 46 83 1
7 495 98 151 512 46 83 1
7 495 99 151 512 46 83 1
7 495 100 151 512 46 83 1
7 495 101 151 512 46 83 1
7 495 102 151 512 46 83 1
7 495 103 151 512 46 83 1
7 495 104 151 512 46 83 1
7 495 105 151 512 46 83 1
7 495 106 151 512 46 83 1
7 495 107 151 512 46 83 1
7 495 108 151 512 46 83 1
7 495 109 151 512 46 83 1
7 495 110 151 512 46 83 1
7 495 111 151 512 46 83 1
7 495 112 151 512 46 83 1
7 495 113 151 512 46 83 1
7 495 114 151 512 46 83 1
7 495 115 151 512 46 83 1
7 495 116 151 512 46 83 1
7 495 117 151 512 46 83 1
7 495 118 151 512 46 83 1
7 495 119 151 512 46 83 1
7 495 120 151 512 46 83 1
7 495 121 151 512 46 83 1
7 495 122 151 512 46 83 1
7 495 123 151 512 46 83 1
7 495 124 151 512 46 83 1
7 495 125 151 512 46 83 1
7 495 126 151 512 46 83 1
7 495 127 151 512 46 83 1
7 495 128 151 512 46 83 1
7 495 129 151 512 46 83 1
7 495 130 151 512 46 83 1
7 495 131 151 512 46 83 1
7 495 132 151 512 46 83 1
7 495 133 151 512 46 83 1
7 495 134 151 512 46 83 1
7 495 135 151 512 46 83 1
7 495 136 151 512 46 83 1
7 495 137 151 512 46 83 1
7 495 138 151 512 46 83 1
7 495 139 151 512 46 83 1
7 495 140 151 512 46 83 1
7 495 141 151 512 46 83 1
7 495 142 151 512 46 83 1
7 495 143 151 512 46 83 1
7 495 144 151 512 46 83 1
7 495 145 151 512 46 83 1
7 495 146 151 512 46 83 1
7 495 147 151 512 46 83 1
7 495 148 151 512 46 83 1
7 495 149 151 512 46 83 1
7 495 150 151 512 46 83 1
7 495 151 151 512 46 83 1
7 495 152 151 512 46 83 1
7 495 153 151 512 46 83 1
7 495 154 151 512 46 83 1
7 495 155 151 512 46 83 1
7 495 156 151 512 46 83 1
7 495 157 151 512 46 83 1
7 495 158 151 512 46 83 1
7 495 159 151 512 46 83 1
7 495 160 151 512 46 83 1
7 495 161 151 512 46 83 1
7 495 162 151 512 46 83 1
7 495 163 151 512 46 83 1
7 495 164 151 512 46 83 1
7 495 165 151 512 46 83 1
7 495 166 151 512 46 83 1
7 495 167 151 512 46 83 1
7 495 168 151 512 46 83 1
7 495 169 151 512 46 83 1
7 495 170 151 512 46 83 1
7 495 171 151 512 46 83 1
7 495 172 151 512 46 83 1
7 495 173 151 512 46 83 1
7 495 174 151 512 46 83 1
7 495 175 151 512 46 83 1
7 495 176 151 512 46 83 1
7 495 177 151 512 46 83 1
7 495 178 151 512 46 83 1
7 495 179 151 512 46 83 1
7 495 180 151 512 46 83 1
7 495 181 151 512 46 83 1
7 495 182 151 512 46 83 1
7 495 183 151 512 46 83 1
7 495 184 151 512 46 83 1
7 495 185 151 512 46 83 1
7 495 186 151 512 46 83 1
7 495 187 151 512 46 83 1
7 495 188 151 512 46 83 1
7 495 189 151 512 46 83 1
7 495 190 151 512 46 83 1
7 495 191 151 512 46 83 1
7 495 192 151 512 46 83 1
7 495 193 151 512 46 83 1
7 495 194 151 512 46 83 1
7 495 195 151 512 46 83 1
7 495 196 151 512 46 83 1
7 495 197 151 512 46 83 1
7 495 198 151 512 46 83 1
7 495 199 151 512 46 83 1
7 495 200 151 512 46 83 1
7 495 201 151 512 46 83 1
7 495 202 151 512 46 83 1
7 495 203 151 512 46 83 1
7 495 204 151 512 46 83 1
7 495 205 151 512 46 83 1
7 495 206 151 512 46 83 1
7 495 207 151 512 46 83 1
7 495 208 151 512 46 83 1
7 495 209 151 512 46 83 1
7 495 210 151 512 46 83 1
7 495 211 151 512 46 83 1
7 495 212 151 512 46 83 1
7 495 213 151 512 46 83 1
7 495 214 151 512 46 83 1
7 495 215 151 512 46 83 1
7 495 216 151 512 46 83 1
7 495 217 151 512 46 83 1
7 495 218 151 512 46 83 1
7 495 219 151 512 46 83 1
7 495 220 151 512 46 83 1
7 495 221 151 512 46 83 1
7 495 222 151 512 46 83 1
7 495 223 151 512 46 83 1
7 495 224 151 512 46 83 1
7 495 225 151 512 46 83 1
7 495 226 151 512 46 83 1
7 495 227 151 512 46 83 1
7 495 228 151 512 46 83 1
7 495 229 151 512 46 83 1
7 495 230 151 512 46 83 1
7 495 231 151 512 46 83 1
7 495 232 151 512 46 83 1
7 495 233 151 512 46 83 1
7 495 234 151 512 46 83 1
7 495 235 151 512 46 83 1
7 495 236 151 512 46 83 1
7 495 237 151 512 46 83 1
7 495 238 151 512 46 83 1
7 495 239 151 512 46 83 1
7 495 240 151 512 46 83 1
7 495 241 151 512 46 83 1
7 495 242 151 512 46 83 1
7 495 243 151 512 46 83 1
7 495 244 151 512 46 83 1
7 495 245 151 512 46 83 1
7 495 246 151 512 46 83 1
7 495 247 151 512 46 83 1
7 495 248 151 512 46 83 1
7 495 249 151 512 46 83 1
7 495 250 151 512 46 83 1
7 495 251 151 512 46 83 1
7 495 252 151 512 46 83 1
7 495 253 151 512 46 83 1
7 495 254 151 512 46 83 1
7 495 255 151 512 46 83 1
7 495 256 151 512 46 83 1
7 495 257 151 512 46 83 1
7 495 258 151 512 46 83 1
7 495 259 151 512 46 83 1
7 495 260 151 512 46 83 1
7 495 261 151 512 46 83 1
7 495 262 151 512 46 83 1
7 495 263 151 512 46 83 1
7 495 264 151 512 46 83 1
7 495 265 151 512 46 83 1
7 495 266 151 512 46 83 1
7 495 267 151 512 46 83 1
7 495 268 151 512 46 83 1
7 495 269 151 512 46 83 1
7 495 270 151 512 46 83 1
7 495 271 151 512 46 83 1
7 495 272 151 512 46 83 1
7 495 273 151 512 46 83 1
7 495 274 151 512 46 83 1
7 495 275 151 512 46 83 1
7 495 276 151 512 46 83 1
7 495 277 151 512 46 83 1
7 495 278 151 512 46 83 1
7 495 279 151 512 46 83 1
7 495 280 151 512 46 83 1
7 495 281 151 512 46 83 1
7 495 282 151 512 46 83 1
7 495 283 151 512 46 83 1
7 495 284 151 512 46 83 1
7 495 285 151 512 46 83 1
7 495 286 151 512 46 83 1
7 495 287 151 512 46 83 1
7 495 288 151 512 46 83 1
7 495 289 151 512 46 83 1
7 495 290 151 512 46 83 1
7 495 291 151 512 46 83 1
7 495 292 151 512 46 83 1
7 495 293 151 512 46 83 1
7 495 294 151 512 46 83 1
7 495 295 151 512 46 83 1
7 495 296 151 512 46 83 1
7 495 297 151 512 46 83 1
7 495 298 151 512 46 83 1
7 495 299 151 512 46 83 1
7 495 300 151 512 46 83 1
7 495 301 151 512 44 83 1
7 495 302 151 512 44 83 1
7 495 303 151 512 44 83 1
7 495 304 151 512 44 83 1
7 495 305 151 512 44 83 1
7 495 306 151 512 44 83 1
7 495 307 151 512 44 83 1
7 495 308 151 512 44 83 1
7 495 309 151 512 44 83 1
7 495 310 151 512 44 83 1
7 495 311 151 512 44 83 1
7 495 312 151 512 44 83 1
7 495 313 151 512 44 83 1
7 495 314 151 512 44 83 1
7 495 315 151 512 44 83 1
7 495 316 151 512 44 83 1
7 495 317 151 512 44 83 1
7 495 318 151 512 44 83 1
7 495 319 151 512 44 83 1
7 495 320 151 512 44 83 1
7 495 321 151 512 44 83 1
7 495 322 151 512 44 83 1
7 495 323 151 512 44 83 1
7 495 324 151 512 44 83 1
7 495 325 152 512 43 83 1
7 495 326 152 512 43 83 1
7 495 327 152 512 43 83 1
7 495 328 152 512 43 83 1
7 495 329 152 512 43 83 1
7 495 330 152 512 43 83 1
7 495 331 152 512 43 83 1
7 495 332 152 512 43 83 1
7 495 333 152 512 43 83 1
7 495 334 152 512 43 83 1
7 495 335 152 512 43 83 1
7 495 336 152 512 43 83 1
7 495 337 152 512 43 83 1
7 495 338 152 512 43 83 1
7 495 339 152 512 43 83 1
7 495 340 152 512 43 83 1
7 495 341 152 512 43 83 1
7 495 342 152 512 43 83 1
7 495 343 152 512 43 83 1
7 495 344 152 512 43 83 1
7 495 345 152 512 43 83 1
7 495 346 152 512 43 83 1
7 495 347 152 512 43 83 1
7 495 348 152 512 43 83 1
7 495 349 154 512 41 85 1
7 495 350 154 512 41 85 1
7 495 351 154 512 41 85 1
7 495 352 154 512 41 85 1
7 495 353 154 512 41 85 1
7 495 354 154 512 41 85 1
7 495 355 154 512 41 85 1
7 495 356 154 512 41 85 1
7 495 357 154 512 41 85 1
7 495 358 154 512 41 85 1
7 495 359 154 512 41 85 1
7 495 360 154 512 41 85 1
7 495 361 154 512 41 85 1
7 495 362 154 512 41 85 1
7 495 363 154 512 41 85 1
7 495 364 154 512 41 85 1
7 495 365 154 512 41 85 1
7 495 366 154 512 41 85 1
7 495 367 154 512 41 85 1
7 495 368 154 512 41 85 1
7 495 369 154 512 41 85 1
7 495 370 154 512 41 85 1
7 495 371 154 512 41 85 1
7 495 372 154 512 41 85 1
7 495 373 156 512 39 85 1
7 495 374 156 512 39 85 1
7 495 375 156 512 39 85 1
7 495 376 156 512 39 85 1
7 495 377 156 512 39 85 1
7 495 378 156 512 39 85 1
7 495 379 156 512 39 85 1
7 495 380 156 512 39 85 1
7 495 381 156 512 39 85 1
7 495 382 156 512 39 85 1
7 495 383 156 512 39 85 1
7 495 384 156 512 39 85 1
7 495 385 156 512 39 85 1
7 495 386 156 512 39 85 1
7 495 387 156 512 39 85 1
7 495 388 156 512 39 85 1
7 495 389 156 512 39 85 1
7 495 390 156 512 39 85 1
7 495 391 156 512 39 85 1
7 495 392 156 512 39 85 1
7 495 393 156 512 39 85 1
7 495 394 156 512 39 85 1
7 495 395 156 512 39 85 1
7 495 396 156 512 39 85 1
7 495 397 158 512 37 87 1
7 495 398 158 512 35 87 1
7 495 399 158 512 35 87 1
7 495 400 158 512 35 87 1
7 495 401 158 512 35 87 1
7 495 402 158 512 35 87 1
7 495 403 158 512 35 87 1
7 495 404 158 512 35 87 1
7 495 405 158 512 35 87 1
7 495 406 158 512 35 87 1
7 495 407 158 512 35 87 1
7 495 408 158 512 35 87 1
7 495 409 158 512 35 87 1
7 495 410 158 512 35 87 1
7 495 411 158 512 35 87 1
7 495 412 158 512 35 87 1
7 495 413 158 512 35 87 1
7 495 414 158 512 35 87 1
7 495 415 158 512 35 87 1
7 495 416 158 512 35 87 1
7 495 417 158 512 35 87 1
7 495 418 158 512 35 87 1
7 495 419 158 512 35 87 1
7 495 420 158 512 35 87 1
7 495 421 158 512 35 87 1
7 495 422 160 512 33 87 1
7 495 423 160 512 33 87 1
7 495 424 160 512 33 87 1
7 495 425 160 512 33 87 1
7 495 426 160 512 33 87 1
7 495 427 160 512 33 87 1
7 495 428 160 512 33 87 1
7 495 429 160 512 33 87 1
7 495 430 160 512 33 87 1
7 495 431 160 512 33 87 1
7 495 432 160 512 33 87 1
7 495 433 160 512 33 87 1
7 495 434 160 512 33 87 1
7 495 435 160 512 33 87 1
7 495 436 160 512 33 87 1
7 495 437 160 512 33 87 1
7 495 438 160 512 33 87 1
7 495 439 160 512 33 87 1
7 495 440 160 512 33 87 1
7 495 441 160 512 33 87 1
7 495 442 160 512 33 87 1
7 495 443 160 512 33 87 1
7 495 444 160 512 33 87 1
7 495 445 160 512 33 87 1
7 495 446 161 512 32 88 1
7 495 447 161 512 32 88 1
7 495 448 161 512 32 88 1
7 495 449 161 512 32 88 1
7 495 450 161 512 32 88 1
7 495 451 161 512 32 88 1
7 495 452 161 512 32 88 1
7 495 453 161 512 32 88 1
7 495 454 161 512 32 88 1
7 495 455 161 512 32 88 1
7 495 456 161 512 32 88 1
7 495 457 161 512 32 88 1
7 495 458 161 512 32 88 1
7 495 459 161 512 32 88 1
7 495 460 161 512 32 88 1
7 495 461 161 512 32 88 1
7 495 462 161 512 32 88 1
7 495 463 161 512 32 88 1
7 495 464 161 512 32 88 1
7 495 465 161 512 32 88 1
7 495 466 161 512 32 88 1
7 495 467 161 512 32 88 1
7 495 468 161 512 32 88 1
7 495 469 161 512 32 88 1
7 495 470 163 512 30 88 1
7 495 471 163 512 30 88 1
7 495 472 163 512 30 88 1
7 495 473 163 512 30 88 1
7 495 474 163 512 30 88 1
7 495 475 163 512 30 88 1
7 495 476 163 512 30 88 1
7 495 477 163 512 30 88 1
7 495 478 163 512 30 88 1
7 495 479 163 512 30 88 1
7 495 480 163 512 30 88 1
7 495 481 163 512 30 88 1
7 495 482 163 512 30 88 1
7 495 483 163 512 30 88 1
7 495 484 163 512 30 88 1
7 495 485 163 512 30 88 1
7 495 486 163 512 30 88 1
7 495 487 163 512 30 88 1
7 495 488 163 512 30 88 1
7 495 489 163 512 30 88 1
7 495 490 163 512 30 88 1
7 495 491 163 512 30 88 1
7 495 492 163 512 30 88 1
7 495 493 163 512 30 88 1
7 495 494 165 513 28 89 1
8 103 392 0 645 17 51 1
8 103 393 0 643 17 53 1
8 103 394 0 641 19 55 1
8 103 395 0 640 19 56 1
8 103 396 0 638 21 58 1
8 103 397 0 636 23 60 1
8 103 398 0 634 23 62 1
8 103 399 0 632 24 64 1
8 103 400 0 631 26 65 1
8 103 401 0 629 26 67 1
8 103 402 0 627 28 69 1
8 103 403 0 625 28 71 1
8 103 404 0 624 30 72 1
8 103 405 0 622 32 74 1
8 103 406 0 620 32 76 1
8 103 407 0 618 33 78 1
8 103 408 0 616 35 80 1
8 103 409 0 615 35 81 1
8 103 410 0 613 37 83 1
8 103 411 0 611 37 85 1
8 103 412 0 609 39 87 1
8 103 413 0 608 40 88 1
8 103 414 0 606 40 90 1
8 103 415 0 604 42 92 1
8 103 416 0 604 44 92 1
8 103 417 0 602 44 93 1
8 103 418 0 600 44 95 1
8 103 419 0 599 44 96 1
8 103 420 0 599 44 96 1
8 103 421 0 597 44 96 1
8 103 422 0 595 44 98 1
8 103 423 0 593 46 100 1
8 103 424 0 593 46 100 1
8 103 425 0 592 46 99 1
8 103 426 0 590 46 101 1
8 103 427 0 588 46 103 1
8 103 428 0 588 46 103 1
8 103 429 0 586 48 105 1
8 103 430 0 584 48 105 1
8 103 431 0 583 48 106 1
8 103 432 0 583 48 106 1
8 103 433 0 581 48 108 1
8 103 434 0 579 48 109 1
8 103 435 0 577 49 111 1
8 103 436 0 577 49 111 1
8 103 437 0 576 49 112 1
8 103 438 0 574 49 114 1
8 103 439 0 572 49 114 1
8 103 440 0 572 49 114 1
8 103 441 0 570 51 116 1
8 103 442 0 568 51 118 1
8 103 443 0 567 51 117 1
8 103 444 0 567 51 117 1
8 103 445 0 565 51 119 1
8 103 446 0 563 51 121 1
8 103 447 0 563 53 121 1
8 103 448 0 561 53 121 1
8 103 449 0 561 53 121 1
8 103 450 0 560 53 122 1
8 103 451 0 560 53 122 1
8 103 452 0 558 53 124 1
8 103 453 0 558 53 124 1
8 103 454 0 556 53 126 1
8 103 455 0 556 53 124 1
8 103 456 0 554 53 126 1
8 103 457 0 554 53 126 1
8 103 458 0 552 53 128 1
8 103 459 1 552 54 128 1
8 103 460 1 551 54 129 1
8 103 461 1 551 54 129 1
8 103 462 1 549 54 131 1
8 103 463 1 549 54 130 1
8 103 464 1 547 54 132 1
8 103 465 1 547 54 132 1
8 103 466 1 545 54 134 1
8 103 467 1 545 54 134 1
8 103 468 1 544 54 135 1
8 103 469 1 544 54 135 1
8 103 470 3 544 53 135 1
8 103 471 3 542 53 135 1
8 103 472 5 540 53 135 1
8 103 473 5 538 53 135 1
8 103 474 7 536 53 136 1
8 103 475 7 535 53 135 1
8 103 476 8 535 54 135 1
8 103 477 8 533 54 135 1
8 103 478 10 531 54 135 1
8 103 479 10 529 54 135 1
8 103 480 12 528 53 135 1
8 103 481 12 526 53 135 1
8 103 482 14 526 53 135 1
8 103 483 14 524 53 135 1
8 103 484 14 524 53 135 1
8 103 485 14 522 53 135 1
8 103 486 16 522 53 135 1
8 103 487 16 520 53 136 1
8 103 488 16 520 53 136 1
8 103 489 16 520 53 136 1
8 103 490 17 519 54 135 1
8 103 491 17 519 54 135 1
8 103 492 17 517 54 135 1
8 103 493 17 517 54 135 1
8 103 494 19 517 53 135 1
9 101 394 787 206 21 32 1
9 101 395 787 206 21 32 1
9 101 396 787 206 21 32 1
9 101 397 787 206 21 32 1
9 101 398 787 206 21 32 1
9 101 399 787 206 21 32 1
9 101 400 787 206 21 32 1
9 101 401 787 206 21 32 1
9 101 402 787 206 21 32 1
9 101 403 787 206 21 32 1
9 101 404 787 206 21 32 1
9 101 405 787 206 21 32 1
9 101 406 787 206 21 32 1
9 101 407 787 206 21 32 1
9 101 408 787 206 21 32 1
9 101 409 787 206 21 32 1
9 101 410 787 206 21 32 1
9 101 411 787 206 21 32 1
9 101 412 787 206 21 32 1
9 101 413 787 206 21 32 1
9 101 414 787 206 21 32 1
9 101 415 787 206 21 32 1
9 101 416 787 206 21 32 1
9 101 417 787 206 21 32 1
9 101 418 787 206 21 32 1
9 101 419 787 206 21 32 1
9 101 420 787 206 21 32 1
9 101 421 787 206 21 32 1
9 101 422 787 206 21 32 1
9 101 423 787 206 21 32 1
9 101 424 787 206 21 32 1
9 101 425 787 206 21 32 1
9 101 426 787 206 21 32 1
9 101 427 787 206 21 32 1
9 101 428 787 206 21 32 1
9 101 429 787 206 21 32 1
9 101 430 787 206 21 32 1
9 101 431 787 206 21 32 1
9 101 432 787 206 21 32 1
9 101 433 787 206 21 32 1
9 101 434 787 206 21 32 1
9 101 435 787 206 21 32 1
9 101 436 787 206 21 32 1
9 101 437 787 206 21 32 1
9 101 438 787 206 21 32 1
9 101 439 787 206 21 32 1
9 101 440 787 206 21 32 1
9 101 441 787 206 21 32 1
9 101 442 787 206 21 32 1
9 101 443 787 206 21 32 1
9 101 444 787 206 21 32 1
9 101 445 787 206 21 32 1
9 101 446 787 206 21 32 1
9 101 447 787 206 21 32 1
9 101 448 787 206 21 32 1
9 101 449 787 206 21 32 1
9 101 450 787 206 21 32 1
9 101 451 787 206 21 32 1
9 101 452 787 206 21 32 1
9 101 453 787 206 21 32 1
9 101 454 787 206 21 32 1
9 101 455 787 206 21 32 1
9 101 456 787 206 21 32 1
9 101 457 787 206 21 32 1
9 101 458 787 206 21 32 1
9 101 459 787 206 21 32 1
9 101 460 787 206 21 32 1
9 101 461 787 206 21 32 1
9 101 462 787 206 21 32 1
9 101 463 787 206 21 32 1
9 101 464 787 206 21 32 1
9 101 465 787 206 21 32 1
9 101 466 787 206 21 32 1
9 101 467 787 206 21 32 1
9 101 468 787 206 21 32 1
9 101 469 787 206 21 32 1
9 101 470 787 206 21 32 1
9 101 471 787 206 21 32 1
9 101 472 787 206 21 32 1
9 101 473 787 206 21 32 1
9 101 474 787 206 21 32 1
9 101 475 787 206 21 32 1
9 101 476 787 206 21 32 1
9 101 477 787 206 21 32 1
9 101 478 787 206 21 32 1
9 101 479 787 206 21 32 1
9 101 480 787 206 21 32 1
9 101 481 787 206 21 32 1
9 101 482 787 206 21 32 1
9 101 483 787 206 21 32 1
9 101 484 787 206 21 32 1
9 101 485 787 206 21 32 1
9 101 486 787 206 21 32 1
9 101 487 787 206 21 32 1
9 101 488 787 206 21 32 1
9 101 489 787 206 21 32 1
9 101 490 787 206 21 32 1
9 101 491 787 206 21 32 1
9 101 492 787 206 21 32 1
9 101 493 787 206 21 32 1
9 101 494 787 206 21 32 1
