0 434 11 7 279 19 44 1
0 434 12 8 279 20 44 1
0 434 13 12 279 20 44 1
0 434 14 14 279 19 44 1
0 434 15 17 279 20 44 1
0 434 16 19 279 20 44 1
0 434 17 23 279 19 44 1
0 434 18 24 279 20 44 1
0 434 19 28 279 20 44 1
0 434 20 30 279 19 44 1
0 434 21 33 279 20 44 1
0 434 22 35 279 20 44 1
0 434 23 39 279 19 44 1
0 434 24 40 279 20 44 1
0 434 25 44 279 20 44 1
0 434 26 46 279 19 44 1
0 434 27 49 279 20 44 1
0 434 28 51 279 20 44 1
0 434 29 55 279 19 44 1
0 434 30 56 279 20 44 1
0 434 31 60 279 20 44 1
0 434 32 62 279 19 44 1
0 434 33 65 279 20 44 1
0 434 34 69 279 19 44 1
0 434 35 71 279 19 44 1
0 434 36 72 279 20 44 1
0 434 37 76 279 20 44 1
0 434 38 78 279 19 44 1
0 434 39 81 279 20 44 1
0 434 40 83 279 20 44 1
0 434 41 87 279 19 44 1
0 434 42 88 279 20 44 1
0 434 43 90 279 20 44 1
0 434 44 94 279 19 44 1
0 434 45 96 279 19 44 1
0 434 46 99 279 20 44 1
0 434 47 101 279 19 44 1
0 434 48 104 279 20 44 1
0 434 49 106 279 20 44 1
0 434 50 108 279 20 44 1
0 434 51 112 279 19 44 1
0 434 52 113 279 20 44 1
0 434 53 117 280 19 45 1
0 434 54 119 280 19 45 1
0 434 55 122 280 20 45 1
0 434 56 124 280 20 45 1
0 434 57 126 280 19 45 1
0 434 58 129 280 20 45 1
0 434 59 131 280 20 45 1
0 434 60 135 280 19 45 1
0 434 61 136 280 20 45 1
0 434 62 140 280 20 45 1
0 434 63 142 280 19 45 1
0 434 64 144 280 19 45 1
0 434 65 147 280 20 45 1
0 434 66 149 280 19 45 1
0 434 67 152 280 20 45 1
0 434 68 154 280 20 45 1
0 434 69 158 280 19 45 1
0 434 70 160 280 19 45 1
0 434 71 163 282 20 45 1
0 434 72 165 280 19 47 1
0 434 73 167 280 19 47 1
0 434 74 168 280 20 47 1
0 434 75 172 280 20 47 1
0 434 76 174 280 19 47 1
0 434 77 176 280 19 47 1
0 434 78 177 280 22 47 1
0 434 79 181 280 19 48 1
0 434 80 183 280 19 48 1
0 434 81 184 280 20 48 1
0 434 82 186 280 22 48 1
0 434 83 190 280 19 48 1
0 434 84 192 280 19 48 1
0 434 85 193 280 22 48 1
0 434 86 195 279 21 51 1
0 434 87 199 279 19 51 1
0 434 88 200 279 22 51 1
0 434 89 202 279 22 51 1
0 434 90 204 279 21 51 1
0 434 91 208 279 19 51 1
0 434 92 209 279 22 51 1
0 434 93 211 279 21 53 1
0 434 94 213 279 21 53 1
0 434 95 216 279 22 53 1
0 434 96 218 279 22 53 1
0 434 97 220 279 21 53 1
0 434 98 222 279 21 53 1
0 434 99 225 279 22 53 1
0 434 100 227 279 21 53 1
0 434 101 229 277 21 57 1
0 434 102 231 277 23 57 1
0 434 103 234 277 22 57 1
0 434 104 236 277 21 57 1
0 434 105 238 277 23 57 1
0 434 106 240 277 23 57 1
0 434 107 243 277 21 57 1
0 434 108 245 277 21 59 1
0 434 109 247 277 23 59 1
0 434 110 248 277 24 59 1
0 434 111 252 277 21 59 1
0 434 112 254 277 23 59 1
0 434 113 256 277 23 59 1
0 434 114 257 277 23 59 1
0 434 115 261 277 23 60 1
0 434 116 261 275 23 61 1
0 434 117 263 275 23 61 1
0 434 118 264 275 24 61 1
0 434 119 266 275 23 61 1
0 434 120 268 275 23 61 1
0 434 121 270 275 23 61 1
0 434 122 272 275 23 61 1
0 434 123 273 275 23 61 1
0 434 124 275 275 23 61 1
0 434 125 275 275 23 61 1
0 434 126 277 275 23 61 1
0 434 127 279 275 23 61 1
0 434 128 280 275 24 61 1
0 434 129 282 275 23 61 1
0 434 130 284 275 23 61 1
0 434 131 286 275 23 61 1
0 434 132 288 275 23 61 1
0 434 133 289 275 23 61 1
0 434 134 291 275 23 61 1
0 434 135 291 273 23 61 1
0 434 136 293 273 23 61 1
0 434 137 293 273 23 61 1
0 434 138 295 273 23 61 1
0 434 139 295 272 23 60 1
0 434 140 296 272 24 60 1
0 434 141 296 272 24 60 1
0 434 142 298 272 23 60 1
0 434 143 300 272 23 60 1
0 434 144 298 270 23 60 1
0 434 145 298 270 23 60 1
0 434 146 298 270 23 60 1
0 434 147 298 270 23 60 1
0 434 148 298 270 23 60 1
0 434 149 298 270 23 60 1
0 434 150 298 270 23 60 1
0 434 151 298 270 23 60 1
0 434 152 298 270 23 60 1
0 434 153 298 270 23 60 1
0 434 154 298 268 23 60 1
0 434 155 298 268 23 60 1
0 434 156 298 268 23 60 1
0 434 157 298 268 23 60 1
0 434 158 298 268 23 60 1
0 434 159 298 268 23 60 1
0 434 160 298 268 23 60 1
0 434 161 298 268 23 60 1
0 434 162 298 268 23 60 1
0 434 163 298 268 23 60 1
0 434 164 298 266 23 61 1
0 434 165 298 266 23 61 1
0 434 166 298 266 23 61 1
0 434 167 298 266 23 61 1
0 434 168 298 266 23 61 1
0 434 169 296 266 24 61 1
0 434 170 296 266 24 61 1
0 434 171 296 266 24 61 1
0 434 172 296 266 24 61 1
0 434 173 296 266 24 61 1
0 434 174 296 264 24 61 1
0 434 175 296 264 24 61 1
0 434 176 296 264 24 61 1
0 434 177 296 264 24 61 1
0 434 178 296 264 24 61 1
0 434 179 296 264 24 61 1
0 434 180 296 264 24 61 1
0 434 181 296 264 24 61 1
0 434 182 296 264 24 61 1
0 434 183 296 264 24 61 1
0 434 184 296 263 24 60 1
0 434 185 296 263 24 60 1
0 434 186 296 263 24 60 1
0 434 187 296 263 24 60 1
0 434 188 296 263 24 60 1
0 434 189 296 263 24 60 1
0 434 190 296 263 24 60 1
0 434 191 296 263 24 60 1
0 434 192 296 263 24 60 1
0 434 193 296 263 24 60 1
0 434 194 296 263 24 60 1
0 434 195 296 261 24 60 1
0 434 196 296 261 24 60 1
0 434 197 296 261 24 60 1
0 434 198 296 261 24 60 1
0 434 199 296 261 24 59 1
0 434 200 296 261 24 59 1
0 434 201 296 261 24 59 1
0 434 202 296 261 24 59 1
0 434 203 296 261 24 57 1
0 434 204 296 261 24 57 1
0 434 205 296 261 24 57 1
0 434 206 296 261 24 57 1
0 434 207 296 261 24 55 1
0 434 208 296 261 24 55 1
0 434 209 296 261 24 55 1
0 434 210 296 261 24 55 1
0 434 211 296 261 24 53 1
0 434 212 296 261 24 53 1
0 434 213 296 261 24 53 1
0 434 214 296 261 24 53 1
0 434 215 296 261 24 53 1
0 434 216 295 259 23 53 1
0 434 217 295 259 23 53 1
0 434 218 295 259 23 53 1
0 434 219 295 259 23 53 1
0 434 220 295 259 23 53 1
0 434 221 295 259 23 53 1
0 434 222 295 259 23 53 1
0 434 223 295 259 23 53 1
0 434 224 295 259 23 53 1
0 434 225 295 259 23 53 1
0 434 226 293 259 23 53 1
0 434 227 293 259 23 53 1
0 434 228 293 259 23 53 1
0 434 229 293 259 23 53 1
0 434 230 293 259 23 53 1
0 434 231 293 259 23 53 1
0 434 232 293 259 23 53 1
0 434 233 293 259 23 53 1
0 434 234 293 259 23 53 1
0 434 235 293 259 23 53 1
0 434 236 291 257 23 54 1
0 434 237 291 257 23 54 1
0 434 238 291 257 23 54 1
0 434 239 291 257 23 54 1
0 434 240 291 257 23 54 1
0 434 241 291 257 23 54 1
0 434 242 291 257 23 54 1
0 434 243 291 257 23 54 1
0 434 244 291 257 23 54 1
0 434 245 291 257 23 54 1
0 434 246 289 257 23 54 1
0 434 247 289 257 23 54 1
0 434 248 289 257 23 54 1
0 434 249 289 257 23 54 1
0 434 250 289 257 23 54 1
0 434 251 289 257 23 54 1
0 434 252 289 257 23 54 1
0 434 253 289 257 23 54 1
0 434 254 289 257 23 54 1
0 434 255 289 257 23 54 1
0 434 256 288 256 23 53 1
0 434 257 288 256 23 53 1
0 434 258 288 256 23 53 1
0 434 259 288 256 23 53 1
0 434 260 288 256 23 53 1
0 434 261 288 256 23 53 1
0 434 262 288 256 23 53 1
0 434 263 288 256 23 53 1
0 434 264 288 256 23 53 1
0 434 265 288 256 23 53 1
0 434 266 286 256 23 53 1
0 434 267 286 256 23 53 1
0 434 268 286 256 23 53 1
0 434 269 286 256 23 53 1
0 434 270 286 256 23 53 1
0 434 271 286 256 23 53 1
0 434 272 286 256 23 53 1
0 434 273 286 256 23 53 1
0 434 274 286 256 23 53 1
0 434 275 286 256 23 53 1
0 434 276 286 256 23 53 1
0 434 277 284 254 23 53 1
0 434 278 284 254 23 53 1
0 434 279 284 254 23 53 1
0 434 280 284 254 23 53 1
0 434 281 284 254 23 53 1
0 434 282 284 254 23 53 1
0 434 283 282 254 23 53 1
0 434 284 282 254 23 53 1
0 434 285 282 254 23 51 1
0 434 286 282 254 23 51 1
0 434 287 282 254 23 51 1
0 434 288 282 254 23 51 1
0 434 289 280 252 24 53 1
0 434 290 280 252 24 53 1
0 434 291 280 252 24 53 1
0 434 292 280 252 24 53 1
0 434 293 280 252 24 52 1
0 434 294 280 252 24 52 1
0 434 295 279 252 23 52 1
0 434 296 279 252 23 52 1
0 434 297 279 252 23 52 1
0 434 298 279 252 23 52 1
0 434 299 279 252 23 52 1
0 434 300 279 252 23 52 1
0 434 301 277 250 23 52 1
0 434 302 277 250 23 52 1
0 434 303 277 250 23 52 1
0 434 304 277 250 23 52 1
0 434 305 277 250 23 52 1
0 434 306 275 250 23 52 1
0 434 307 275 250 23 52 1
0 434 308 275 250 23 52 1
0 434 309 275 250 23 52 1
0 434 310 275 250 23 52 1
0 434 311 273 250 23 52 1
0 434 312 273 250 23 52 1
0 434 313 273 250 23 52 1
0 434 314 273 250 23 50 1
0 434 315 273 250 23 50 1
0 434 316 273 250 23 50 1
0 434 317 272 250 23 50 1
0 434 318 272 250 23 50 1
0 434 319 272 250 23 50 1
0 434 320 272 250 23 50 1
0 434 321 272 250 23 50 1
0 434 322 270 250 23 50 1
0 434 323 270 250 23 50 1
0 434 324 270 250 23 50 1
0 434 325 270 250 23 50 1
0 434 326 270 250 23 50 1
0 434 327 268 250 23 48 1
0 434 328 268 250 23 48 1
0 434 329 268 250 23 48 1
0 434 330 268 250 23 48 1
0 434 331 268 250 23 48 1
0 434 332 268 250 23 48 1
0 434 333 266 250 23 48 1
0 434 334 266 250 23 48 1
0 434 335 266 250 23 48 1
0 434 336 266 250 23 48 1
0 434 337 266 248 23 50 1
0 434 338 264 248 24 50 1
0 434 339 264 248 24 50 1
0 434 340 264 248 24 48 1
0 434 341 264 248 24 48 1
0 434 342 264 248 24 48 1
0 434 343 263 248 23 48 1
0 434 344 263 248 23 48 1
0 434 345 263 248 23 48 1
0 434 346 263 248 23 48 1
0 434 347 263 248 23 48 1
0 434 348 263 248 23 48 1
0 434 349 261 248 23 48 1
0 434 350 261 248 23 48 1
0 434 351 261 248 23 48 1
0 434 352 261 248 23 48 1
0 434 353 261 248 23 47 1
0 434 354 259 248 23 47 1
0 434 355 259 248 23 47 1
0 434 356 259 248 23 47 1
0 434 357 259 248 23 47 1
0 434 358 259 248 23 47 1
0 434 359 257 248 23 47 1
0 434 360 257 248 23 47 1
0 434 361 257 248 23 47 1
0 434 362 257 248 23 47 1
0 434 363 257 248 23 47 1
0 434 364 257 248 23 47 1
0 434 365 256 248 23 47 1
0 434 366 256 248 23 45 1
0 434 367 256 248 23 45 1
0 434 368 256 248 23 45 1
0 434 369 256 248 23 45 1
0 434 370 254 248 23 45 1
0 434 371 254 248 23 45 1
0 434 372 254 248 23 45 1
0 434 373 254 247 23 46 1
0 434 374 254 247 23 46 1
0 434 375 252 247 23 46 1
0 434 376 252 247 23 46 1
0 434 377 252 247 23 46 1
0 434 378 252 247 23 46 1
0 434 379 252 247 23 44 1
0 434 380 252 247 23 44 1
0 434 381 250 247 23 44 1
0 434 382 250 247 23 44 1
0 434 383 250 247 23 44 1
0 434 384 250 247 23 44 1
0 434 385 250 247 23 44 1
0 434 386 248 247 24 44 1
0 434 387 248 247 24 44 1
0 434 388 248 247 24 44 1
0 434 389 248 247 24 44 1
0 434 390 248 247 24 44 1
0 434 391 247 247 23 44 1
0 434 392 247 247 23 42 1
0 434 393 247 247 23 42 1
0 434 394 247 247 23 42 1
0 434 395 247 247 23 42 1
0 434 396 247 247 23 42 1
0 434 397 245 247 23 42 1
0 434 398 245 247 23 42 1
0 434 399 245 247 23 42 1
0 434 400 245 247 23 42 1
0 434 401 245 247 23 42 1
0 434 402 243 247 23 42 1
0 434 403 243 247 23 42 1
0 434 404 243 247 23 42 1
0 434 405 243 247 23 41 1
0 434 406 243 247 23 41 1
0 434 407 241 247 23 41 1
0 434 408 241 247 23 41 1
0 434 409 241 245 23 43 1
0 434 410 241 245 23 43 1
0 434 411 241 245 23 43 1
0 434 412 241 245 23 43 1
0 434 413 240 245 23 43 1
0 434 414 240 245 23 43 1
0 434 415 240 245 23 43 1
0 434 416 240 245 23 43 1
0 434 417 240 245 23 43 1
0 434 418 238 245 23 41 1
0 434 419 238 245 23 41 1
0 434 420 238 245 23 41 1
0 434 421 238 245 23 41 1
0 434 422 238 245 23 41 1
0 434 423 236 245 23 41 1
0 434 424 236 245 23 41 1
0 434 425 236 245 23 41 1
0 434 426 236 245 23 41 1
0 434 427 236 245 23 41 1
0 434 428 236 245 23 41 1
0 434 429 234 245 23 41 1
0 434 430 234 245 23 41 1
0 434 431 234 245 23 39 1
0 434 432 234 245 23 39 1
0 434 433 234 245 23 39 1
0 434 434 232 245 24 39 1
0 434 435 232 245 24 39 1
0 434 436 232 245 24 39 1
0 434 437 232 245 24 39 1
0 434 438 232 245 24 39 1
0 434 439 231 245 23 39 1
0 434 440 231 245 23 39 1
0 434 441 231 245 23 39 1
0 434 442 231 245 23 39 1
0 434 443 231 245 23 39 1
0 434 444 231 245 23 39 1
1 322 0 174 225 12 27 1
1 322 1 172 224 12 26 1
1 322 2 172 224 12 26 1
1 322 3 172 224 12 26 1
1 322 4 172 224 12 26 1
1 322 5 172 224 12 26 1
1 322 6 172 224 12 26 1
1 322 7 172 224 12 26 1
1 322 8 172 224 12 26 1
1 322 9 172 224 12 26 1
1 322 10 172 224 12 26 1
1 322 11 172 224 12 26 1
1 322 12 172 224 12 26 1
1 322 13 172 224 12 26 1
1 322 14 172 224 12 26 1
1 322 15 172 224 12 26 1
1 322 16 172 224 12 26 1
1 322 17 172 224 12 26 1
1 322 18 172 224 12 26 1
1 322 19 172 224 12 26 1
1 322 20 172 224 12 26 1
1 322 21 172 224 12 26 1
1 322 22 172 224 12 26 1
1 322 23 172 224 12 26 1
1 322 24 172 224 12 26 1
1 322 25 172 224 12 26 1
1 322 26 172 224 12 26 1
1 322 27 170 224 14 26 1
1 322 28 170 224 14 26 1
1 322 29 170 224 14 26 1
1 322 30 170 224 14 26 1
1 322 31 170 224 14 26 1
1 322 32 170 224 14 26 1
1 322 33 170 224 14 26 1
1 322 34 170 224 14 26 1
1 322 35 170 224 14 26 1
1 322 36 170 224 14 26 1
1 322 37 170 224 14 26 1
1 322 38 170 224 14 26 1
1 322 39 170 224 14 26 1
1 322 40 170 224 14 26 1
1 322 41 170 224 14 26 1
1 322 42 170 224 14 26 1
1 322 43 170 224 14 26 1
1 322 44 170 224 14 26 1
1 322 45 170 224 14 26 1
1 322 46 170 224 14 26 1
1 322 47 170 224 14 26 1
1 322 48 170 224 14 26 1
1 322 49 170 224 14 26 1
1 322 50 170 224 14 26 1
1 322 51 170 224 14 26 1
1 322 52 170 224 14 26 1
1 322 53 170 224 14 26 1
1 322 54 168 224 15 26 1
1 322 55 168 224 15 26 1
1 322 56 168 224 15 26 1
1 322 57 168 224 15 26 1
1 322 58 168 224 15 26 1
1 322 59 168 224 15 26 1
1 322 60 168 224 15 26 1
1 322 61 168 224 15 26 1
1 322 62 168 224 15 26 1
1 322 63 168 224 15 26 1
1 322 64 168 224 15 26 1
1 322 65 168 224 15 26 1
1 322 66 168 224 15 26 1
1 322 67 168 224 15 26 1
1 322 68 168 224 15 26 1
1 322 69 168 224 15 26 1
1 322 70 168 224 15 26 1
1 322 71 168 224 15 26 1
1 322 72 168 224 15 26 1
1 322 73 168 224 15 26 1
1 322 74 168 224 15 26 1
1 322 75 168 224 15 26 1
1 322 76 168 224 15 26 1
1 322 77 168 224 15 26 1
1 322 78 168 224 15 26 1
1 322 79 168 224 15 26 1
1 322 80 168 224 15 26 1
1 322 81 167 224 16 26 1
1 322 82 167 224 16 26 1
1 322 83 167 224 16 26 1
1 322 84 167 224 16 26 1
1 322 85 167 224 16 26 1
1 322 86 167 224 16 26 1
1 322 87 167 224 16 26 1
1 322 88 167 224 16 26 1
1 322 89 167 224 16 26 1
1 322 90 167 224 16 26 1
1 322 91 167 224 16 26 1
1 322 92 167 224 16 26 1
1 322 93 167 224 16 26 1
1 322 94 167 224 16 26 1
1 322 95 167 224 16 26 1
1 322 96 167 224 16 26 1
1 322 97 167 224 16 26 1
1 322 98 167 224 16 26 1
1 322 99 167 224 16 26 1
1 322 100 167 224 16 26 1
1 322 101 167 224 16 26 1
1 322 102 167 224 16 26 1
1 322 103 167 224 16 26 1
1 322 104 167 224 16 26 1
1 322 105 167 224 16 26 1
1 322 106 167 224 16 26 1
1 322 107 167 224 16 26 1
1 322 108 165 224 16 26 1
1 322 109 165 224 16 26 1
1 322 110 165 224 16 26 1
1 322 111 165 224 16 26 1
1 322 112 165 224 16 26 1
1 322 113 165 224 16 26 1
1 322 114 165 224 16 26 1
1 322 115 165 224 16 26 1
1 322 116 165 224 16 26 1
1 322 117 165 224 16 26 1
1 322 118 165 224 16 26 1
1 322 119 165 224 16 26 1
1 322 120 165 224 16 26 1
1 322 121 165 224 16 26 1
1 322 122 165 224 16 26 1
1 322 123 165 224 16 26 1
1 322 124 165 224 16 26 1
1 322 125 165 224 16 26 1
1 322 126 165 224 16 26 1
1 322 127 165 224 16 26 1
1 322 128 165 224 16 26 1
1 322 129 165 224 16 26 1
1 322 130 165 224 16 26 1
1 322 131 165 224 16 26 1
1 322 132 165 224 16 26 1
1 322 133 165 224 16 26 1
1 322 134 163 224 18 26 1
1 322 135 163 224 18 26 1
1 322 136 163 224 18 26 1
1 322 137 163 224 18 26 1
1 322 138 163 224 18 26 1
1 322 139 163 224 18 26 1
1 322 140 163 224 18 26 1
1 322 141 163 224 18 26 1
1 322 142 163 224 18 26 1
1 322 143 163 224 18 26 1
1 322 144 163 224 18 26 1
1 322 145 163 224 18 26 1
1 322 146 163 224 18 26 1
1 322 147 163 224 18 26 1
1 322 148 163 224 18 26 1
1 322 149 163 224 18 26 1
1 322 150 163 224 18 26 1
1 322 151 163 224 18 26 1
1 322 152 163 224 18 26 1
1 322 153 163 224 18 26 1
1 322 154 163 224 18 26 1
1 322 155 163 224 18 26 1
1 322 156 163 224 18 26 1
1 322 157 163 224 18 26 1
1 322 158 163 224 18 26 1
1 322 159 163 224 18 26 1
1 322 160 163 224 18 26 1
1 322 161 161 224 18 26 1
1 322 162 161 224 18 26 1
1 322 163 161 224 18 26 1
1 322 164 161 224 18 26 1
1 322 165 161 224 18 26 1
1 322 166 161 224 18 26 1
1 322 167 161 224 18 26 1
1 322 168 161 224 18 26 1
1 322 169 161 224 18 26 1
1 322 170 161 224 18 26 1
1 322 171 161 224 18 26 1
1 322 172 161 224 18 26 1
1 322 173 161 224 18 26 1
1 322 174 161 224 18 26 1
1 322 175 161 224 18 26 1
1 322 176 161 224 18 26 1
1 322 177 161 224 18 26 1
1 322 178 161 224 18 26 1
1 322 179 161 224 18 26 1
1 322 180 161 224 18 26 1
1 322 181 161 224 18 26 1
1 322 182 161 224 18 26 1
1 322 183 161 224 18 26 1
1 322 184 161 224 18 26 1
1 322 185 161 224 18 26 1
1 322 186 161 224 18 26 1
1 322 187 161 224 18 26 1
1 322 188 160 224 19 26 1
1 322 189 160 224 19 26 1
1 322 190 160 224 19 26 1
1 322 191 160 224 19 26 1
1 322 192 160 224 19 26 1
1 322 193 160 224 19 26 1
1 322 194 160 224 19 26 1
1 322 195 160 224 19 26 1
1 322 196 160 224 19 26 1
1 322 197 160 224 19 26 1
1 322 198 160 224 19 26 1
1 322 199 160 224 19 26 1
1 322 200 160 224 19 26 1
1 322 201 160 224 19 26 1
1 322 202 160 224 19 26 1
1 322 203 160 224 19 26 1
1 322 204 160 224 19 26 1
1 322 205 160 224 19 26 1
1 322 206 160 224 19 26 1
1 322 207 160 224 19 26 1
1 322 208 160 224 19 26 1
1 322 209 160 224 19 26 1
1 322 210 160 224 19 26 1
1 322 211 160 224 19 26 1
1 322 212 160 224 19 26 1
1 322 213 160 224 19 26 1
1 322 214 160 224 19 26 1
1 322 215 158 224 19 26 1
1 322 216 158 224 19 26 1
1 322 217 158 224 19 26 1
1 322 218 158 224 19 26 1
1 322 219 158 224 19 26 1
1 322 220 158 224 19 26 1
1 322 221 158 224 19 26 1
1 322 222 158 224 19 26 1
1 322 223 158 224 19 26 1
1 322 224 158 224 19 26 1
1 322 225 158 224 19 26 1
1 322 226 158 224 19 26 1
1 322 227 158 224 19 26 1
1 322 228 158 224 19 26 1
1 322 229 158 224 19 26 1
1 322 230 158 224 19 26 1
1 322 231 158 224 19 26 1
1 322 232 158 224 19 26 1
1 322 233 158 224 19 26 1
1 322 234 158 224 19 26 1
1 322 235 158 224 19 26 1
1 322 236 158 224 19 26 1
1 322 237 158 224 19 26 1
1 322 238 158 224 19 26 1
1 322 239 158 224 19 26 1
1 322 240 158 224 19 26 1
1 322 241 156 224 21 26 1
1 322 242 156 224 21 26 1
1 322 243 156 224 21 26 1
1 322 244 156 224 21 26 1
1 322 245 156 224 21 26 1
1 322 246 156 224 21 26 1
1 322 247 156 224 21 26 1
1 322 248 156 224 21 26 1
1 322 249 156 224 21 26 1
1 322 250 156 224 21 26 1
1 322 251 156 224 21 26 1
1 322 252 156 224 21 26 1
1 322 253 156 224 21 26 1
1 322 254 156 224 21 26 1
1 322 255 156 224 21 26 1
1 322 256 156 224 21 26 1
1 322 257 156 224 21 26 1
1 322 258 156 224 21 26 1
1 322 259 156 224 21 26 1
1 322 260 156 224 21 26 1
1 322 261 156 224 21 26 1
1 322 262 156 224 21 26 1
1 322 263 156 224 21 26 1
1 322 264 156 224 21 26 1
1 322 265 156 224 21 26 1
1 322 266 156 224 21 26 1
1 322 267 156 224 21 26 1
1 322 268 154 224 22 26 1
1 322 269 154 224 22 26 1
1 322 270 154 224 22 26 1
1 322 271 154 224 22 26 1
1 322 272 154 224 22 26 1
1 322 273 154 224 22 26 1
1 322 274 154 224 22 26 1
1 322 275 154 224 22 26 1
1 322 276 154 224 22 26 1
1 322 277 154 224 22 26 1
1 322 278 154 224 22 26 1
1 322 279 154 224 22 26 1
1 322 280 154 224 22 26 1
1 322 281 154 224 22 26 1
1 322 282 154 224 22 26 1
1 322 283 154 224 22 26 1
1 322 284 154 224 22 26 1
1 322 285 154 224 22 26 1
1 322 286 154 224 22 26 1
1 322 287 154 224 22 26 1
1 322 288 154 224 22 26 1
1 322 289 154 224 22 26 1
1 322 290 154 224 22 26 1
1 322 291 154 224 22 26 1
1 322 292 154 224 22 26 1
1 322 293 154 224 22 26 1
1 322 294 154 224 22 26 1
1 322 295 152 224 24 26 1
1 322 296 152 224 24 26 1
1 322 297 152 224 24 26 1
1 322 298 152 224 24 26 1
1 322 299 152 224 24 26 1
1 322 300 152 224 24 26 1
1 322 301 152 224 24 26 1
1 322 302 152 224 24 26 1
1 322 303 152 224 24 26 1
1 322 304 152 224 24 26 1
1 322 305 152 224 24 26 1
1 322 306 152 224 24 26 1
1 322 307 152 224 24 26 1
1 322 308 152 224 24 26 1
1 322 309 152 224 24 26 1
1 322 310 152 224 24 26 1
1 322 311 152 224 24 26 1
1 322 312 152 224 24 26 1
1 322 313 152 224 24 26 1
1 322 314 152 224 24 26 1
1 322 315 152 224 24 26 1
1 322 316 152 224 24 26 1
1 322 317 152 224 24 26 1
1 322 318 152 224 24 26 1
1 322 319 152 224 24 26 1
1 322 320 152 224 24 26 1
1 322 321 152 224 24 26 1
2 26 296 275 232 14 29 1
2 26 297 273 232 15 29 1
2 26 298 273 232 15 29 1
2 26 299 272 232 16 29 1
2 26 300 272 232 16 29 1
2 26 301 272 232 16 31 1
2 26 302 270 232 18 31 1
2 26 303 270 232 16 31 1
2 26 304 270 232 16 31 1
2 26 305 268 232 18 32 1
2 26 306 268 232 18 32 1
2 26 307 268 232 18 32 1
2 26 308 266 232 20 32 1
2 26 309 266 232 18 34 1
2 26 310 264 232 20 34 1
2 26 311 264 232 20 34 1
2 26 312 264 232 20 34 1
2 26 313 263 232 21 36 1
2 26 314 263 232 21 36 1
2 26 315 263 232 19 36 1
2 26 316 261 232 21 36 1
2 26 317 261 232 21 38 1
2 26 318 261 232 21 38 1
2 26 319 259 232 23 38 1
2 26 320 259 232 23 38 1
2 26 321 259 232 23 40 1
3 76 369 1255 259 21 89 1
3 76 370 1251 257 25 91 1
3 76 371 1249 257 27 93 1
3 76 372 1248 257 28 95 1
3 76 373 1246 257 30 95 1
3 76 374 1244 257 32 96 1
3 76 375 1242 257 34 98 1
3 76 376 1240 256 36 101 1
3 76 377 1239 256 37 101 1
3 76 378 1237 256 39 103 1
3 76 379 1235 256 41 104 1
3 76 380 1233 256 43 104 1
3 76 381 1232 256 44 106 1
3 76 382 1230 254 46 110 1
3 76 383 1228 254 48 112 1
3 76 384 1226 254 50 112 1
3 76 385 1224 254 52 114 1
3 76 386 1223 254 53 115 1
3 76 387 1221 254 55 117 1
3 76 388 1219 254 55 117 1
3 76 389 1219 254 53 119 1
3 76 390 1219 254 52 119 1
3 76 391 1219 256 52 119 1
3 76 392 1219 256 50 119 1
3 76 393 1217 256 50 120 1
3 76 394 1217 256 48 120 1
3 76 395 1217 257 48 121 1
3 76 396 1217 257 47 121 1
3 76 397 1217 257 45 123 1
3 76 398 1217 259 45 123 1
3 76 399 1216 259 44 123 1
3 76 400 1214 261 44 123 1
3 76 401 1214 261 44 124 1
3 76 402 1212 263 44 124 1
3 76 403 1210 264 45 125 1
3 76 404 1210 264 45 127 1
3 76 405 1208 266 45 126 1
3 76 406 1207 268 44 126 1
3 76 407 1207 268 44 128 1
3 76 408 1205 270 44 128 1
3 76 409 1205 272 44 128 1
3 76 410 1201 272 47 128 1
3 76 411 1200 273 46 127 1
3 76 412 1198 273 46 128 1
3 76 413 1196 275 46 126 1
3 76 414 1194 275 46 128 1
3 76 415 1192 277 47 126 1
3 76 416 1191 277 46 126 1
3 76 417 1189 279 46 126 1
3 76 418 1187 279 46 126 1
3 76 419 1185 280 47 127 1
3 76 420 1184 280 46 127 1
3 76 421 1180 282 48 125 1
3 76 422 1178 284 48 124 1
3 76 423 1176 284 48 124 1
3 76 424 1175 286 48 124 1
3 76 425 1173 286 48 124 1
3 76 426 1171 288 48 122 1
3 76 427 1169 288 48 124 1
3 76 428 1168 289 48 123 1
3 76 429 1166 289 48 125 1
3 76 430 1164 291 48 123 1
3 76 431 1162 291 48 123 1
3 76 432 1160 293 48 123 1
3 76 433 1157 295 50 121 1
3 76 434 1155 295 50 122 1
3 76 435 1153 296 50 121 1
3 76 436 1152 296 49 121 1
3 76 437 1150 298 50 121 1
3 76 438 1148 298 50 121 1
3 76 439 1146 300 50 121 1
3 76 440 1144 300 50 121 1
3 76 441 1143 302 49 119 1
3 76 442 1141 302 50 121 1
3 76 443 1139 304 50 119 1
3 76 444 1137 305 52 119 1
