0 322 0 304 225 21 47 1
0 322 1 304 225 21 47 1
0 322 2 304 225 21 47 1
0 322 3 305 225 22 47 1
0 322 4 305 227 22 46 1
0 322 5 307 227 21 46 1
0 322 6 307 227 21 46 1
0 322 7 309 229 21 46 1
0 322 8 309 227 21 46 1
0 322 9 309 227 21 46 1
0 322 10 311 227 19 46 1
0 322 11 311 227 19 46 1
0 322 12 312 225 18 47 1
0 322 13 312 225 18 47 1
0 322 14 314 225 16 47 1
0 322 15 314 225 16 47 1
0 322 16 316 225 16 47 1
0 322 17 316 225 16 47 1
0 322 18 316 225 16 47 1
0 322 19 318 225 16 47 1
0 322 20 318 225 16 47 1
0 322 21 320 225 16 47 1
0 322 22 320 225 16 47 1
0 322 23 321 225 16 47 1
0 322 24 321 225 16 47 1
0 322 25 323 225 16 47 1
0 322 26 323 225 16 47 1
0 322 27 325 225 16 47 1
0 322 28 325 225 16 47 1
0 322 29 327 225 16 47 1
0 322 30 327 225 16 47 1
0 322 31 328 225 16 47 1
0 322 32 328 225 16 47 1
0 322 33 328 225 16 47 1
0 322 34 328 225 16 47 1
0 322 35 328 225 16 47 1
0 322 36 328 225 16 47 1
0 322 321 309 229 21 46 1
1 322 0 275 238 18 51 1
1 322 1 273 236 18 52 1
1 322 2 273 236 18 52 1
1 322 3 273 236 18 52 1
1 322 4 273 236 18 52 1
1 322 5 273 236 18 52 1
1 322 6 273 236 18 52 1
1 322 7 273 236 18 52 1
1 322 8 273 236 18 52 1
1 322 9 273 236 18 52 1
1 322 10 273 236 18 52 1
1 322 11 273 236 18 52 1
1 322 12 273 236 18 52 1
1 322 13 273 236 18 52 1
1 322 14 273 236 18 52 1
1 322 15 273 236 18 52 1
1 322 16 273 236 18 52 1
1 322 17 273 236 18 52 1
1 322 18 273 236 18 52 1
1 322 19 273 236 18 52 1
1 322 20 273 236 18 52 1
1 322 21 273 236 18 52 1
1 322 22 273 236 18 52 1
1 322 23 273 236 18 52 1
1 322 24 273 236 18 52 1
1 322 25 273 236 18 52 1
1 322 26 273 236 18 52 1
1 322 27 273 236 18 50 1
1 322 28 273 236 18 50 1
1 322 29 273 236 18 50 1
1 322 30 273 236 18 50 1
1 322 31 273 236 18 50 1
1 322 32 273 236 18 50 1
1 322 33 273 236 18 50 1
1 322 34 273 236 18 50 1
1 322 35 273 236 18 50 1
1 322 36 273 236 18 50 1
1 322 37 273 236 18 50 1
1 322 38 273 236 18 50 1
1 322 39 273 236 18 50 1
1 322 40 273 236 18 50 1
1 322 41 273 236 18 50 1
1 322 42 273 236 18 50 1
1 322 43 273 236 18 50 1
1 322 44 273 236 18 50 1
1 322 45 273 236 18 50 1
1 322 46 273 236 18 50 1
1 322 47 273 236 18 50 1
1 322 48 273 236 18 50 1
1 322 49 273 236 18 50 1
1 322 50 273 236 18 50 1
1 322 51 273 236 18 50 1
1 322 52 273 236 18 50 1
1 322 53 273 234 18 50 1
1 322 54 273 234 18 50 1
1 322 55 273 234 18 50 1
1 322 56 273 234 18 50 1
1 322 57 273 234 18 50 1
1 322 58 275 234 18 50 1
1 322 59 275 234 18 50 1
1 322 60 275 234 18 50 1
1 322 61 275 234 18 50 1
1 322 62 275 234 18 50 1
1 322 63 275 234 18 50 1
1 322 64 277 234 18 50 1
1 322 65 277 234 18 50 1
1 322 66 277 234 18 50 1
1 322 67 277 234 18 50 1
1 322 68 277 234 18 48 1
1 322 69 277 234 18 48 1
1 322 70 279 234 17 48 1
1 322 71 279 234 17 48 1
1 322 72 279 234 17 48 1
1 322 73 279 234 17 48 1
1 322 74 279 234 17 48 1
1 322 75 279 234 17 48 1
1 322 76 280 234 18 48 1
1 322 77 280 234 18 48 1
1 322 78 280 234 18 48 1
1 322 79 280 234 18 48 1
1 322 80 280 234 18 48 1
1 322 81 280 234 18 48 1
1 322 82 282 234 18 48 1
1 322 83 282 232 18 48 1
1 322 84 282 232 18 48 1
1 322 85 282 232 18 48 1
1 322 86 284 232 18 48 1
1 322 87 284 232 18 48 1
1 322 88 284 232 18 48 1
1 322 89 284 232 18 48 1
1 322 90 286 232 18 48 1
1 322 91 286 232 18 48 1
1 322 92 286 232 18 48 1
1 322 93 286 232 18 48 1
1 322 94 288 232 17 48 1
1 322 95 288 231 17 48 1
1 322 96 288 231 17 48 1
1 322 97 288 231 17 48 1
1 322 98 289 231 18 48 1
1 322 99 289 231 18 48 1
1 322 100 289 231 18 48 1
1 322 101 289 231 18 48 1
1 322 102 291 231 18 48 1
1 322 103 291 231 18 48 1
1 322 104 291 231 18 48 1
1 322 105 291 231 18 48 1
1 322 106 293 231 18 48 1
1 322 107 293 231 18 48 1
1 322 108 293 231 18 48 1
1 322 109 293 231 18 48 1
1 322 110 295 231 17 48 1
1 322 111 295 231 17 48 1
1 322 112 295 231 17 48 1
1 322 113 296 231 18 48 1
1 322 114 296 231 18 48 1
1 322 115 296 231 18 48 1
1 322 116 298 231 18 48 1
1 322 117 298 231 18 48 1
1 322 118 298 231 18 48 1
1 322 119 300 231 18 48 1
1 322 120 300 231 18 48 1
1 322 121 300 231 18 48 1
1 322 122 302 231 18 48 1
1 322 123 302 231 18 48 1
1 322 124 302 231 18 48 1
1 322 125 304 231 17 48 1
1 322 126 304 231 17 48 1
1 322 127 304 231 17 48 1
1 322 128 305 231 18 48 1
1 322 129 305 231 18 48 1
1 322 130 305 231 18 48 1
1 322 131 307 231 18 48 1
1 322 132 307 231 18 48 1
1 322 133 307 231 18 48 1
1 322 134 309 231 18 48 1
1 322 135 309 231 18 48 1
1 322 136 309 231 18 48 1
1 322 137 311 231 17 48 1
1 322 138 311 229 17 48 1
1 322 139 311 229 17 48 1
1 322 140 312 229 18 48 1
1 322 141 312 229 18 46 1
1 322 142 314 229 18 46 1
1 322 143 314 229 18 46 1
1 322 144 316 229 18 46 1
1 322 145 316 227 18 46 1
1 322 146 318 227 18 46 1
1 322 147 318 227 18 46 1
1 322 148 320 227 17 46 1
1 322 149 320 227 17 45 1
1 322 150 321 227 18 45 1
1 322 151 321 227 18 45 1
1 322 152 323 227 18 45 1
1 322 153 323 227 18 45 1
1 322 154 325 227 18 45 1
1 322 155 325 227 18 45 1
1 322 156 327 227 17 45 1
1 322 157 327 227 17 45 1
1 322 158 328 229 18 44 1
1 322 159 328 229 18 44 1
1 322 160 328 229 18 44 1
1 322 161 328 229 18 44 1
1 322 321 282 234 18 48 1
2 293 29 83 229 14 39 1
2 293 30 83 227 14 39 1
2 293 31 83 227 14 39 1
2 293 32 85 227 14 39 1
2 293 33 85 227 14 39 1
2 293 34 85 227 14 39 1
2 293 35 85 227 14 39 1
2 293 36 85 227 14 39 1
2 293 37 85 227 14 39 1
2 293 38 85 227 14 39 1
2 293 39 85 227 14 39 1
2 293 40 87 227 14 39 1
2 293 41 87 227 14 39 1
2 293 42 87 227 14 39 1
2 293 43 87 227 14 39 1
2 293 44 87 227 14 39 1
2 293 45 87 227 14 39 1
2 293 46 88 227 15 39 1
2 293 47 88 227 15 39 1
2 293 48 88 227 15 39 1
2 293 49 88 227 15 39 1
2 293 50 88 227 15 39 1
2 293 51 88 227 15 39 1
2 293 52 88 227 15 39 1
2 293 53 90 227 14 39 1
2 293 54 90 227 14 39 1
2 293 55 90 227 14 39 1
2 293 56 90 227 14 39 1
2 293 57 90 227 14 39 1
2 293 58 90 227 14 39 1
2 293 59 92 227 14 39 1
2 293 60 92 227 14 39 1
2 293 61 92 227 14 39 1
2 293 62 92 227 14 39 1
2 293 63 92 227 14 39 1
2 293 64 92 227 14 39 1
2 293 65 92 227 14 39 1
2 293 66 94 227 14 39 1
2 293 67 94 227 14 39 1
2 293 68 94 227 14 39 1
2 293 69 94 227 14 39 1
2 293 70 94 227 14 39 1
2 293 71 94 227 14 39 1
2 293 72 96 229 14 39 1
2 293 73 96 229 14 39 1
2 293 74 96 229 14 39 1
2 293 75 96 229 14 39 1
2 293 76 96 229 14 39 1
2 293 77 96 229 14 39 1
2 293 78 96 229 14 39 1
2 293 79 96 229 14 39 1
2 293 80 96 229 14 39 1
2 293 81 96 229 14 39 1
2 293 82 96 229 14 39 1
2 293 83 96 229 14 39 1
2 293 84 96 229 14 39 1
2 293 85 96 229 14 39 1
2 293 86 96 229 14 39 1
2 293 87 97 229 15 39 1
2 293 88 97 229 15 39 1
2 293 89 97 229 15 39 1
2 293 90 97 229 15 39 1
2 293 91 97 229 15 39 1
2 293 92 97 229 15 39 1
2 293 93 97 229 15 39 1
2 293 94 97 229 15 39 1
2 293 95 97 229 15 39 1
2 293 96 97 229 15 39 1
2 293 97 97 229 15 39 1
2 293 98 99 229 14 39 1
2 293 99 99 229 14 39 1
2 293 100 99 229 14 39 1
2 293 101 99 229 14 39 1
2 293 102 99 229 14 39 1
2 293 103 99 229 14 39 1
2 293 104 99 229 14 39 1
2 293 105 99 229 14 39 1
2 293 106 99 229 14 39 1
2 293 107 99 229 14 39 1
2 293 108 101 229 14 39 1
2 293 109 101 229 14 39 1
2 293 110 101 229 14 39 1
2 293 111 101 229 14 39 1
2 293 112 101 229 14 39 1
2 293 113 101 229 14 39 1
2 293 114 101 229 14 39 1
2 293 115 101 229 14 39 1
2 293 116 101 229 14 39 1
2 293 117 101 229 14 39 1
2 293 118 101 229 14 39 1
2 293 119 103 229 14 39 1
2 293 120 103 229 14 39 1
2 293 121 103 229 14 39 1
2 293 122 103 229 14 39 1
2 293 123 103 229 14 39 1
2 293 124 103 229 14 39 1
2 293 125 103 229 14 39 1
2 293 126 103 229 14 39 1
2 293 127 103 229 14 39 1
2 293 128 103 229 14 39 1
2 293 129 103 229 14 39 1
2 293 130 104 229 15 39 1
2 293 131 104 229 15 39 1
2 293 132 104 229 15 39 1
2 293 133 104 229 15 39 1
2 293 134 104 229 15 39 1
2 293 135 104 229 15 39 1
2 293 136 104 229 15 39 1
2 293 137 104 229 15 39 1
2 293 138 104 229 15 39 1
2 293 139 104 229 15 39 1
2 293 140 106 231 14 39 1
2 293 141 106 229 14 39 1
2 293 142 106 229 14 39 1
2 293 143 106 229 14 39 1
2 293 144 106 229 14 39 1
2 293 145 106 229 14 39 1
2 293 146 106 229 14 39 1
2 293 147 106 229 14 39 1
2 293 148 106 229 14 39 1
2 293 149 108 229 14 39 1
2 293 150 108 229 14 39 1
2 293 151 108 229 14 39 1
2 293 152 108 229 14 39 1
2 293 153 108 229 14 39 1
2 293 154 108 229 14 39 1
2 293 155 108 227 14 39 1
2 293 156 108 227 14 39 1
2 293 157 110 227 14 39 1
2 293 158 110 227 14 39 1
2 293 159 110 227 14 39 1
2 293 160 110 227 14 39 1
2 293 161 110 227 14 39 1
2 293 162 110 227 14 39 1
2 293 163 110 227 14 39 1
2 293 164 110 227 14 39 1
2 293 165 112 227 14 39 1
2 293 166 112 227 14 39 1
2 293 167 112 227 14 39 1
2 293 168 112 227 14 39 1
2 293 169 112 225 14 39 1
2 293 170 112 225 14 39 1
2 293 171 112 225 14 39 1
2 293 172 112 225 14 39 1
2 293 173 113 225 15 39 1
2 293 174 113 225 15 39 1
2 293 175 113 225 15 39 1
2 293 176 113 225 15 39 1
2 293 177 113 225 15 39 1
2 293 178 113 225 15 39 1
2 293 179 113 225 15 39 1
2 293 180 113 225 15 39 1
2 293 181 115 225 14 39 1
2 293 182 115 225 14 39 1
2 293 183 115 224 14 39 1
2 293 184 115 224 14 39 1
2 293 185 115 224 14 39 1
2 293 186 115 224 14 39 1
2 293 187 115 224 14 39 1
2 293 188 115 224 14 39 1
2 293 189 117 224 14 39 1
2 293 190 117 224 14 39 1
2 293 191 117 224 14 39 1
2 293 192 117 224 14 39 1
2 293 193 117 224 14 39 1
2 293 194 117 224 14 39 1
2 293 195 117 224 14 39 1
2 293 196 117 224 14 39 1
2 293 197 119 224 14 39 1
2 293 198 119 222 14 39 1
2 293 199 119 222 14 39 1
2 293 200 119 222 14 39 1
2 293 201 119 222 14 39 1
2 293 202 120 222 15 39 1
2 293 203 120 222 15 39 1
2 293 204 120 222 15 39 1
2 293 205 120 222 15 39 1
2 293 206 120 222 15 39 1
2 293 207 122 222 14 39 1
2 293 208 122 222 14 39 1
2 293 209 122 222 14 39 1
2 293 210 122 222 14 39 1
2 293 211 124 222 14 39 1
2 293 212 124 222 14 39 1
2 293 213 124 222 14 39 1
2 293 214 124 220 14 39 1
2 293 215 124 220 14 39 1
2 293 216 126 220 14 39 1
2 293 217 126 220 14 39 1
2 293 218 126 220 14 39 1
2 293 219 126 220 14 39 1
2 293 220 128 220 14 39 1
2 293 221 128 220 14 39 1
2 293 222 128 220 14 39 1
2 293 223 128 220 14 39 1
2 293 224 128 220 14 39 1
2 293 225 129 220 15 39 1
2 293 226 129 220 15 39 1
2 293 227 129 220 15 39 1
2 293 228 129 220 15 39 1
2 293 229 131 220 14 39 1
2 293 230 131 218 14 39 1
2 293 231 131 218 14 39 1
2 293 232 131 218 14 39 1
2 293 233 131 218 14 39 1
2 293 234 133 218 14 39 1
2 293 235 133 218 14 39 1
2 293 236 133 218 14 39 1
2 293 237 133 218 14 39 1
2 293 238 135 218 14 39 1
2 293 239 135 218 14 39 1
2 293 240 135 218 14 39 1
2 293 241 135 218 14 39 1
2 293 242 135 218 14 39 1
2 293 243 136 218 15 39 1
2 293 244 136 218 15 39 1
2 293 245 136 218 15 39 1
2 293 246 136 218 15 39 1
2 293 247 138 218 14 39 1
2 293 248 138 218 14 39 1
2 293 249 138 218 14 39 1
2 293 250 138 218 14 39 1
2 293 251 140 218 14 39 1
2 293 252 140 218 14 39 1
2 293 253 140 218 14 39 1
2 293 254 140 218 14 39 1
2 293 255 140 218 14 39 1
2 293 256 142 218 14 39 1
2 293 257 142 218 14 39 1
2 293 258 142 218 14 39 1
2 293 259 142 218 14 39 1
2 293 260 144 218 14 39 1
2 293 261 144 218 14 39 1
2 293 262 144 218 14 39 1
2 293 263 144 218 14 39 1
2 293 264 145 218 15 39 1
2 293 265 145 218 15 39 1
2 293 266 145 218 15 39 1
2 293 267 145 218 15 39 1
2 293 268 145 218 15 39 1
2 293 269 147 218 14 39 1
2 293 270 147 218 14 39 1
2 293 271 147 218 14 39 1
2 293 272 147 218 14 39 1
2 293 273 147 218 14 39 1
2 293 274 149 218 14 39 1
2 293 275 149 220 14 39 1
2 293 276 149 220 14 39 1
2 293 277 149 220 14 39 1
2 293 278 151 220 14 39 1
2 293 279 151 220 14 39 1
2 293 280 151 220 14 39 1
2 293 281 151 220 14 39 1
2 293 282 151 220 14 39 1
2 293 283 152 220 15 39 1
2 293 284 152 220 15 39 1
2 293 285 152 220 15 39 1
2 293 286 152 222 15 39 1
2 293 287 154 222 14 39 1
2 293 288 154 222 14 39 1
2 293 289 154 222 14 39 1
2 293 290 154 222 14 39 1
2 293 291 154 222 14 39 1
2 293 292 156 222 14 39 1
2 293 293 156 222 14 39 1
2 293 294 156 222 14 39 1
2 293 295 156 222 14 39 1
2 293 296 158 224 14 39 1
2 293 297 158 224 14 39 1
2 293 298 158 224 14 39 1
2 293 299 158 224 14 39 1
2 293 300 160 224 14 39 1
2 293 301 160 224 14 39 1
2 293 302 160 224 14 39 1
2 293 303 160 224 14 39 1
2 293 304 161 224 15 39 1
2 293 305 161 224 15 39 1
2 293 306 161 224 15 39 1
2 293 307 163 224 14 39 1
2 293 308 163 224 14 39 1
2 293 309 163 224 14 39 1
2 293 310 163 224 14 39 1
2 293 311 165 224 14 39 1
2 293 312 165 224 14 39 1
2 293 313 165 224 14 39 1
2 293 314 167 224 14 39 1
2 293 315 167 224 14 39 1
2 293 316 167 224 14 39 1
2 293 317 167 224 14 39 1
2 293 318 168 224 15 39 1
2 293 319 168 224 15 39 1
2 293 320 168 224 15 39 1
2 293 321 170 224 14 39 1
