0 322 0 156 225 20 36 1
0 322 1 154 225 20 36 1
0 322 2 154 225 20 36 1
0 322 3 154 225 20 36 1
0 322 4 154 225 20 36 1
0 322 5 154 225 20 36 1
0 322 6 154 225 20 36 1
0 322 7 154 225 20 36 1
0 322 8 154 225 20 36 1
0 322 9 154 225 20 36 1
0 322 10 154 225 20 36 1
0 322 11 154 225 20 36 1
0 322 12 154 225 20 36 1
0 322 13 154 225 20 36 1
0 322 14 154 225 20 36 1
0 322 15 154 225 20 36 1
0 322 16 154 225 20 36 1
0 322 17 154 225 20 36 1
0 322 18 154 225 20 36 1
0 322 19 154 225 20 36 1
0 322 20 154 225 20 36 1
0 322 21 154 225 20 36 1
0 322 22 154 225 20 36 1
0 322 23 154 225 20 36 1
0 322 24 154 225 20 36 1
0 322 25 154 225 20 36 1
0 322 26 154 225 20 36 1
0 322 27 154 225 20 36 1
0 322 28 154 225 20 36 1
0 322 29 154 225 20 36 1
0 322 30 154 225 20 36 1
0 322 31 154 225 20 36 1
0 322 32 154 225 20 36 1
0 322 33 154 225 20 36 1
0 322 34 154 225 20 36 1
0 322 35 154 225 20 36 1
0 322 36 154 225 20 36 1
0 322 37 154 225 20 36 1
0 322 38 154 225 20 36 1
0 322 39 154 225 20 36 1
0 322 40 154 225 20 36 1
0 322 41 154 225 20 36 1
0 322 42 154 225 20 36 1
0 322 43 154 225 20 36 1
0 322 44 154 225 20 36 1
0 322 45 154 225 20 36 1
0 322 46 154 225 20 36 1
0 322 47 154 225 20 36 1
0 322 48 154 225 20 36 1
0 322 49 154 225 20 36 1
0 322 50 156 227 20 36 1
0 322 51 156 227 20 36 1
0 322 52 156 227 20 36 1
0 322 53 156 227 20 36 1
0 322 54 156 227 20 36 1
0 322 55 156 227 20 36 1
0 322 56 156 227 20 36 1
0 322 57 156 227 20 36 1
0 322 58 156 227 20 36 1
0 322 59 156 227 20 36 1
0 322 60 158 229 19 35 1
0 322 61 156 229 20 35 1
0 322 62 156 229 20 35 1
0 322 63 156 229 20 35 1
0 322 64 156 229 20 35 1
0 322 65 156 229 20 35 1
0 322 66 156 229 20 35 1
0 322 67 156 229 20 35 1
0 322 68 156 229 20 35 1
0 322 69 156 229 20 35 1
0 322 70 156 229 20 35 1
0 322 71 154 229 20 35 1
0 322 72 154 229 20 35 1
0 322 73 154 229 20 35 1
0 322 74 154 229 20 35 1
0 322 75 154 229 20 35 1
0 322 76 154 229 20 35 1
0 322 77 154 229 20 35 1
0 322 78 154 229 20 35 1
0 322 79 154 229 20 35 1
0 322 80 154 229 20 35 1
0 322 81 154 229 20 35 1
0 322 82 154 229 20 35 1
0 322 83 154 229 20 35 1
0 322 84 154 229 20 35 1
0 322 85 154 229 20 35 1
0 322 86 154 229 20 35 1
0 322 87 154 229 20 35 1
0 322 88 154 229 20 35 1
0 322 89 154 229 20 35 1
0 322 90 154 229 20 35 1
0 322 91 154 229 20 35 1
0 322 92 154 229 20 35 1
0 322 93 154 229 20 35 1
0 322 94 154 229 20 35 1
0 322 95 154 229 20 35 1
0 322 96 154 229 20 35 1
0 322 97 154 229 20 35 1
0 322 98 154 229 20 35 1
0 322 99 154 229 20 35 1
0 322 100 156 229 20 35 1
0 322 101 156 229 20 35 1
0 322 102 156 229 20 35 1
0 322 103 156 229 20 35 1
0 322 104 156 229 20 35 1
0 322 105 156 229 20 35 1
0 322 106 156 229 20 35 1
0 322 107 156 229 20 35 1
0 322 108 156 229 20 35 1
0 322 109 156 229 20 35 1
0 322 110 156 229 20 35 1
0 322 111 156 229 20 35 1
0 322 112 156 229 20 35 1
0 322 113 156 229 20 35 1
0 322 114 156 229 20 35 1
0 322 115 156 229 20 35 1
0 322 116 156 229 20 35 1
0 322 117 156 229 20 35 1
0 322 118 156 229 20 35 1
0 322 119 156 229 20 35 1
0 322 120 158 229 19 35 1
0 322 121 156 227 20 36 1
0 322 122 156 227 20 36 1
0 322 123 156 227 20 36 1
0 322 124 156 227 20 36 1
0 322 125 156 227 20 36 1
0 322 126 156 227 20 36 1
0 322 127 156 227 20 36 1
0 322 128 156 227 20 36 1
0 322 129 156 227 20 36 1
0 322 130 156 227 20 36 1
0 322 131 154 227 20 36 1
0 322 132 154 227 20 36 1
0 322 133 154 227 20 36 1
0 322 134 154 227 20 36 1
0 322 135 154 227 20 36 1
0 322 136 154 227 20 36 1
0 322 137 154 227 20 36 1
0 322 138 154 227 20 36 1
0 322 139 154 227 20 36 1
0 322 140 154 227 20 36 1
0 322 141 154 225 20 36 1
0 322 142 154 225 20 36 1
0 322 143 154 225 20 36 1
0 322 144 154 225 20 36 1
0 322 145 154 225 20 36 1
0 322 146 154 225 20 36 1
0 322 147 154 225 20 36 1
0 322 148 154 225 20 36 1
0 322 149 154 225 20 36 1
0 322 150 154 225 20 36 1
0 322 151 154 225 20 36 1
0 322 152 154 225 20 36 1
0 322 153 154 225 20 36 1
0 322 154 154 225 20 36 1
0 322 155 154 225 20 36 1
0 322 156 154 225 20 36 1
0 322 157 154 225 20 36 1
0 322 158 154 225 20 36 1
0 322 159 154 225 20 36 1
0 322 160 154 225 20 36 1
0 322 161 154 225 20 36 1
0 322 162 154 225 20 36 1
0 322 163 154 225 20 36 1
0 322 164 154 225 20 36 1
0 322 165 154 225 20 36 1
0 322 166 154 225 20 36 1
0 322 167 154 225 20 36 1
0 322 168 154 225 20 36 1
0 322 169 154 225 20 36 1
0 322 170 154 225 20 36 1
0 322 171 154 225 20 36 1
0 322 172 154 225 20 36 1
0 322 173 154 225 20 36 1
0 322 174 154 225 20 36 1
0 322 175 154 225 20 36 1
0 322 176 154 225 20 36 1
0 322 177 154 225 20 36 1
0 322 178 154 225 20 36 1
0 322 179 154 225 20 36 1
0 322 180 154 225 20 36 1
0 322 181 154 225 20 36 1
0 322 182 154 225 20 36 1
0 322 183 154 225 20 36 1
0 322 184 154 225 20 36 1
0 322 185 154 225 20 36 1
0 322 186 154 225 20 36 1
0 322 187 154 225 20 36 1
0 322 188 154 225 20 36 1
0 322 189 154 225 20 36 1
0 322 190 156 225 20 36 1
0 322 191 156 224 20 35 1
0 322 192 156 224 20 35 1
0 322 193 156 224 20 35 1
0 322 194 156 224 20 35 1
0 322 195 156 224 20 35 1
0 322 196 156 224 20 35 1
0 322 197 156 224 20 35 1
0 322 198 156 224 20 35 1
0 322 199 156 224 20 35 1
0 322 200 156 224 20 35 1
0 322 201 156 224 20 35 1
0 322 202 156 224 20 35 1
0 322 203 156 224 20 35 1
0 322 204 156 224 20 35 1
0 322 205 156 224 20 35 1
0 322 206 156 224 20 35 1
0 322 207 156 224 20 35 1
0 322 208 156 224 20 35 1
0 322 209 156 224 20 35 1
0 322 210 156 224 20 35 1
0 322 211 156 224 20 35 1
0 322 212 156 224 20 35 1
0 322 213 156 224 20 35 1
0 322 214 156 224 20 35 1
0 322 215 156 224 20 35 1
0 322 216 156 224 20 35 1
0 322 217 156 224 20 35 1
0 322 218 156 224 20 35 1
0 322 219 156 224 20 35 1
0 322 220 156 224 20 35 1
0 322 221 156 224 20 35 1
0 322 222 156 224 20 35 1
0 322 223 156 224 20 35 1
0 322 224 156 224 20 35 1
0 322 225 156 224 20 35 1
0 322 226 156 224 20 35 1
0 322 227 156 224 20 35 1
0 322 228 156 224 20 35 1
0 322 229 156 224 20 35 1
0 322 230 156 224 20 35 1
0 322 231 156 224 20 35 1
0 322 232 156 224 20 35 1
0 322 233 156 224 20 35 1
0 322 234 156 224 20 35 1
0 322 235 156 224 20 35 1
0 322 236 156 224 20 35 1
0 322 237 156 224 20 35 1
0 322 238 156 224 20 35 1
0 322 239 156 224 20 35 1
0 322 240 158 224 19 35 1
0 322 241 158 222 19 35 1
0 322 242 158 222 19 35 1
0 322 243 158 222 19 35 1
0 322 244 158 222 19 35 1
0 322 245 158 222 19 35 1
0 322 246 158 222 19 35 1
0 322 247 158 222 19 35 1
0 322 248 158 222 19 35 1
0 322 249 158 222 19 35 1
0 322 250 158 222 19 35 1
0 322 251 158 222 19 35 1
0 322 252 158 222 19 35 1
0 322 253 158 222 19 35 1
0 322 254 158 222 19 35 1
0 322 255 158 222 19 35 1
0 322 256 158 222 19 35 1
0 322 257 158 222 19 35 1
0 322 258 158 222 19 35 1
0 322 259 158 222 19 35 1
0 322 260 158 222 19 35 1
0 322 261 158 222 19 35 1
0 322 262 158 222 19 35 1
0 322 263 158 222 19 35 1
0 322 264 158 222 19 35 1
0 322 265 158 222 19 35 1
0 322 266 158 222 19 35 1
0 322 267 158 222 19 35 1
0 322 268 158 222 19 35 1
0 322 269 158 222 19 35 1
0 322 270 158 222 19 35 1
0 322 271 158 222 19 35 1
0 322 272 158 222 19 35 1
0 322 273 158 222 19 35 1
0 322 274 158 222 19 35 1
0 322 275 158 222 19 35 1
0 322 276 158 222 19 35 1
0 322 277 158 222 19 35 1
0 322 278 158 222 19 35 1
0 322 279 158 222 19 35 1
0 322 280 158 222 19 35 1
0 322 281 158 222 19 35 1
0 322 282 158 222 19 35 1
0 322 283 158 222 19 35 1
0 322 284 158 222 19 35 1
0 322 285 158 222 19 35 1
0 322 286 158 222 19 35 1
0 322 287 158 222 19 35 1
0 322 288 158 222 19 35 1
0 322 289 158 222 19 35 1
0 322 290 160 222 19 35 1
0 322 291 158 222 19 35 1
0 322 292 158 222 19 35 1
0 322 293 158 222 19 35 1
0 322 294 158 222 19 35 1
0 322 295 158 222 19 35 1
0 322 296 158 222 19 35 1
0 322 297 158 222 19 35 1
0 322 298 158 224 19 35 1
0 322 299 158 224 19 35 1
0 322 300 158 224 19 35 1
0 322 301 156 224 20 35 1
0 322 302 156 224 20 35 1
0 322 303 156 224 20 35 1
0 322 304 156 224 20 35 1
0 322 305 156 224 20 35 1
0 322 306 156 225 20 36 1
0 322 307 156 225 20 36 1
0 322 308 156 225 20 36 1
0 322 309 156 225 20 36 1
0 322 310 156 225 20 36 1
0 322 311 154 225 20 36 1
0 322 312 154 225 20 36 1
0 322 313 154 225 20 36 1
0 322 314 154 227 20 36 1
0 322 315 154 227 20 36 1
0 322 316 154 227 20 36 1
0 322 317 154 227 20 36 1
0 322 318 154 227 20 36 1
0 322 319 154 227 20 36 1
0 322 320 154 227 20 36 1
0 322 321 154 229 20 35 1
1 178 190 282 232 25 41 1
1 178 191 280 232 25 41 1
1 178 192 280 232 25 41 1
1 178 193 280 232 25 41 1
1 178 194 280 232 25 41 1
1 178 195 280 232 25 41 1
1 178 196 280 232 25 41 1
1 178 197 279 232 25 41 1
1 178 198 279 232 25 41 1
1 178 199 279 232 25 41 1
1 178 200 279 232 25 41 1
1 178 201 279 232 25 41 1
1 178 202 279 232 25 41 1
1 178 203 277 232 25 41 1
1 178 204 277 232 25 41 1
1 178 205 277 232 25 41 1
1 178 206 277 232 25 41 1
1 178 207 277 232 25 41 1
1 178 208 277 232 25 41 1
1 178 209 275 232 25 41 1
1 178 210 275 232 25 41 1
1 178 211 275 232 25 41 1
1 178 212 275 232 25 41 1
1 178 213 275 232 25 41 1
1 178 214 275 232 25 41 1
1 178 215 273 232 25 41 1
1 178 216 273 232 25 41 1
1 178 217 273 232 25 41 1
1 178 218 273 232 25 41 1
1 178 219 273 232 25 41 1
1 178 220 273 232 25 41 1
1 178 221 272 232 24 41 1
1 178 222 272 232 24 41 1
1 178 223 272 232 24 41 1
1 178 224 272 232 24 41 1
1 178 225 272 232 24 43 1
1 178 226 272 232 24 43 1
1 178 227 272 232 24 43 1
1 178 228 272 232 24 43 1
1 178 229 272 232 24 45 1
1 178 230 272 232 24 45 1
1 178 231 272 232 24 45 1
1 178 232 272 232 24 45 1
1 178 233 272 232 24 45 1
1 178 234 272 232 24 47 1
1 178 235 272 232 24 47 1
1 178 236 272 232 24 47 1
1 178 237 272 232 24 47 1
1 178 238 272 232 24 48 1
1 178 239 272 232 24 48 1
1 178 240 272 232 24 48 1
1 178 241 272 232 24 48 1
1 178 242 272 232 24 48 1
1 178 243 272 232 24 50 1
1 178 244 272 232 24 50 1
1 178 245 272 232 24 50 1
1 178 246 272 232 24 50 1
1 178 247 272 232 24 50 1
1 178 248 272 232 24 52 1
1 178 249 272 232 24 47 1
1 178 250 272 234 24 41 1
1 178 251 272 234 24 41 1
1 178 252 272 234 24 43 1
1 178 253 272 234 24 43 1
1 178 254 272 234 24 45 1
1 178 255 272 234 24 46 1
1 178 256 272 234 24 46 1
1 178 257 272 234 24 48 1
1 178 258 273 234 25 50 1
1 178 259 273 234 25 50 1
1 178 260 273 234 25 50 1
1 178 261 273 234 25 50 1
1 178 262 273 234 25 50 1
1 178 263 273 234 25 50 1
1 178 264 273 234 25 50 1
1 178 265 273 234 25 50 1
1 178 266 273 234 25 50 1
1 178 267 273 234 25 50 1
1 178 268 275 234 25 52 1
1 178 269 275 234 25 52 1
1 178 270 275 234 25 52 1
1 178 271 275 234 25 52 1
1 178 272 275 234 25 52 1
1 178 273 275 234 25 52 1
1 178 274 275 234 25 52 1
1 178 275 275 234 25 52 1
1 178 276 275 234 25 52 1
1 178 277 275 234 25 52 1
1 178 278 277 234 25 52 1
1 178 279 277 234 25 46 1
1 178 280 279 234 25 41 1
1 178 281 279 234 25 41 1
1 178 282 279 234 25 43 1
1 178 283 279 234 25 43 1
1 178 284 279 234 25 45 1
1 178 285 279 234 25 46 1
1 178 286 279 234 25 46 1
1 178 287 279 234 25 48 1
1 178 288 279 234 25 50 1
1 178 289 279 234 25 50 1
1 178 290 279 234 25 50 1
1 178 291 279 234 25 50 1
1 178 292 279 234 25 50 1
1 178 293 279 234 25 50 1
1 178 294 279 234 25 50 1
1 178 295 279 234 25 50 1
1 178 296 279 234 25 50 1
1 178 297 279 234 25 50 1
1 178 298 280 236 25 48 1
1 178 299 280 236 25 44 1
1 178 300 282 238 25 41 1
1 178 301 282 238 25 41 1
1 178 302 282 238 25 41 1
1 178 303 282 238 25 41 1
1 178 304 282 238 25 41 1
1 178 305 282 238 25 41 1
1 178 306 284 238 23 41 1
1 178 307 284 238 25 41 1
1 178 308 284 238 25 42 1
1 178 309 284 238 25 42 1
1 178 310 284 238 25 42 1
1 178 311 286 238 23 42 1
1 178 312 286 238 23 42 1
1 178 313 286 238 25 42 1
1 178 314 286 238 25 42 1
1 178 315 286 238 25 44 1
1 178 316 288 238 23 44 1
1 178 317 288 238 23 44 1
1 178 318 288 238 23 44 1
1 178 319 288 238 24 44 1
1 178 320 288 238 24 44 1
1 178 321 289 238 23 44 1
1 178 322 289 238 23 44 1
1 178 323 289 240 23 44 1
1 178 324 289 240 23 44 1
1 178 325 289 240 25 44 1
1 178 326 291 240 23 44 1
1 178 327 291 240 23 44 1
1 178 328 291 240 23 44 1
1 178 329 291 240 23 44 1
1 178 330 291 240 23 46 1
1 178 331 293 240 23 46 1
1 178 332 293 240 23 46 1
1 178 333 293 240 23 46 1
1 178 334 293 240 23 46 1
1 178 335 293 240 23 46 1
1 178 336 293 240 23 46 1
1 178 337 295 240 23 46 1
1 178 338 295 240 23 48 1
1 178 339 295 240 23 48 1
1 178 340 295 240 23 48 1
1 178 341 295 240 23 48 1
1 178 342 296 240 22 48 1
1 178 343 296 240 24 48 1
1 178 344 296 240 24 48 1
1 178 345 296 241 24 48 1
1 178 346 296 241 24 48 1
1 178 347 298 241 22 48 1
1 178 348 298 241 22 48 1
1 178 349 298 241 23 48 1
1 178 350 298 241 23 48 1
1 178 351 298 241 23 48 1
1 178 352 300 241 21 48 1
1 178 353 300 241 21 50 1
1 178 354 300 241 21 50 1
1 178 355 300 241 23 50 1
1 178 356 300 241 23 50 1
1 178 357 302 241 21 50 1
1 178 358 302 241 21 50 1
1 178 359 302 241 21 50 1
1 178 360 302 241 21 52 1
1 178 361 302 241 23 52 1
1 178 362 304 241 21 52 1
1 178 363 304 241 21 52 1
1 178 364 304 241 21 52 1
1 178 365 304 241 21 52 1
1 178 366 304 241 21 52 1
1 178 367 305 243 22 52 1
2 68 300 266 227 20 20 1
2 68 301 264 227 20 20 1
2 68 302 264 227 20 20 1
2 68 303 264 227 20 20 1
2 68 304 264 227 20 20 1
2 68 305 263 227 19 20 1
2 68 306 263 227 19 20 1
2 68 307 263 227 19 20 1
2 68 308 263 227 19 20 1
2 68 309 261 227 19 20 1
2 68 310 261 227 19 20 1
2 68 311 261 227 19 20 1
2 68 312 261 227 19 20 1
2 68 313 261 227 19 20 1
2 68 314 259 227 20 20 1
2 68 315 259 227 20 20 1
2 68 316 259 227 20 20 1
2 68 317 259 227 20 20 1
2 68 318 257 227 20 20 1
2 68 319 257 227 20 20 1
2 68 320 257 227 20 20 1
2 68 321 257 227 20 20 1
2 68 322 257 227 20 20 1
2 68 323 256 229 19 19 1
2 68 324 256 229 19 19 1
2 68 325 256 229 19 19 1
2 68 326 256 229 19 19 1
2 68 327 254 229 19 19 1
2 68 328 254 229 19 19 1
2 68 329 254 229 19 19 1
2 68 330 254 229 19 19 1
2 68 331 254 229 19 19 1
2 68 332 252 229 20 19 1
2 68 333 252 229 20 19 1
2 68 334 252 229 20 19 1
2 68 335 252 229 20 19 1
2 68 336 250 229 20 19 1
2 68 337 250 229 20 19 1
2 68 338 250 229 20 19 1
2 68 339 250 229 20 19 1
2 68 340 250 229 20 19 1
2 68 341 248 229 20 19 1
2 68 342 248 229 20 19 1
2 68 343 248 229 20 19 1
2 68 344 248 229 20 19 1
2 68 345 247 231 19 19 1
2 68 346 247 231 19 19 1
2 68 347 247 231 19 19 1
2 68 348 247 231 19 19 1
2 68 349 247 231 19 19 1
2 68 350 245 231 19 19 1
2 68 351 245 231 19 19 1
2 68 352 245 231 19 19 1
2 68 353 245 231 19 19 1
2 68 354 243 231 20 19 1
2 68 355 243 231 20 19 1
2 68 356 243 231 20 19 1
2 68 357 243 231 20 19 1
2 68 358 243 231 20 19 1
2 68 359 241 231 20 19 1
2 68 360 241 231 20 19 1
2 68 361 241 231 20 19 1
2 68 362 241 231 20 19 1
2 68 363 240 231 19 19 1
2 68 364 240 231 19 19 1
2 68 365 240 231 19 19 1
2 68 366 240 231 19 19 1
2 68 367 240 232 19 20 1
3 68 300 144 234 23 18 1
3 68 301 144 234 23 18 1
3 68 302 144 234 23 18 1
3 68 303 144 234 23 18 1
3 68 304 144 234 23 18 1
3 68 305 144 234 23 18 1
3 68 306 144 234 23 18 1
3 68 307 144 234 23 18 1
3 68 308 144 234 23 18 1
3 68 309 144 234 23 18 1
3 68 310 144 234 23 18 1
3 68 311 144 234 23 18 1
3 68 312 144 234 23 18 1
3 68 313 144 234 23 18 1
3 68 314 144 234 23 18 1
3 68 315 144 234 23 18 1
3 68 316 144 234 23 18 1
3 68 317 144 234 23 18 1
3 68 318 144 234 23 18 1
3 68 319 144 234 23 18 1
3 68 320 144 234 23 18 1
3 68 321 144 234 23 18 1
3 68 322 144 234 23 18 1
3 68 323 144 234 23 18 1
3 68 324 144 234 23 18 1
3 68 325 144 234 23 18 1
3 68 326 144 234 23 18 1
3 68 327 144 234 23 18 1
3 68 328 144 234 23 18 1
3 68 329 144 234 23 18 1
3 68 330 144 234 23 18 1
3 68 331 144 234 23 18 1
3 68 332 144 234 23 18 1
3 68 333 144 234 23 18 1
3 68 334 144 234 23 18 1
3 68 335 144 234 23 18 1
3 68 336 144 234 23 18 1
3 68 337 144 234 23 18 1
3 68 338 144 234 23 18 1
3 68 339 144 234 23 18 1
3 68 340 144 234 23 18 1
3 68 341 144 234 23 18 1
3 68 342 144 234 23 18 1
3 68 343 144 234 23 18 1
3 68 344 144 234 23 18 1
3 68 345 144 234 23 18 1
3 68 346 144 234 23 18 1
3 68 347 144 234 23 18 1
3 68 348 144 234 23 18 1
3 68 349 144 234 23 18 1
3 68 350 144 234 23 18 1
3 68 351 144 234 23 18 1
3 68 352 144 234 23 18 1
3 68 353 144 234 23 18 1
3 68 354 144 234 23 18 1
3 68 355 144 234 23 18 1
3 68 356 144 234 23 18 1
3 68 357 144 234 23 18 1
3 68 358 144 234 23 18 1
3 68 359 144 234 23 18 1
3 68 360 144 234 23 18 1
3 68 361 144 234 23 18 1
3 68 362 144 234 23 18 1
3 68 363 144 234 23 18 1
3 68 364 144 234 23 18 1
3 68 365 144 234 23 18 1
3 68 366 144 234 23 18 1
3 68 367 144 234 23 18 1
