0 244 185 0 304 10 37 1
0 244 186 0 304 12 37 1
0 244 187 0 304 14 37 1
0 244 188 0 304 16 37 1
0 244 189 1 304 16 37 1
0 244 190 1 304 18 37 1
0 244 191 1 304 20 37 1
0 244 192 3 304 20 37 1
0 244 193 3 304 21 37 1
0 244 194 3 304 23 37 1
0 244 195 5 304 23 37 1
0 244 196 5 302 23 37 1
0 244 197 7 302 23 37 1
0 244 198 8 302 24 37 1
0 244 199 10 300 23 37 1
0 244 200 12 300 23 37 1
0 244 201 14 300 23 37 1
0 244 202 16 298 23 38 1
0 244 203 17 298 23 38 1
0 244 204 19 298 23 38 1
0 244 205 21 298 23 38 1
0 244 206 23 296 23 38 1
0 244 207 24 295 24 39 1
0 244 208 26 293 23 39 1
0 244 209 28 291 23 41 1
0 244 210 32 291 23 39 1
0 244 211 33 289 23 41 1
0 244 212 35 288 23 40 1
0 244 213 37 286 23 42 1
0 244 214 39 284 23 43 1
0 244 215 42 284 23 43 1
0 244 216 44 282 23 43 1
0 244 217 46 282 23 43 1
0 244 218 48 282 23 43 1
0 244 219 49 282 23 43 1
0 244 220 51 282 23 43 1
0 244 221 53 282 23 43 1
0 244 222 55 282 23 43 1
0 244 223 56 282 24 43 1
0 244 224 58 282 23 43 1
0 244 225 62 282 23 43 1
0 244 226 64 280 23 43 1
0 244 227 65 280 23 43 1
0 244 228 67 280 23 43 1
0 244 229 69 280 23 43 1
0 244 230 72 280 24 43 1
0 244 231 74 279 23 42 1
0 244 232 76 279 23 42 1
0 244 233 78 279 23 42 1
0 244 234 80 279 23 42 1
0 244 235 83 279 23 42 1
0 244 236 85 277 23 43 1
0 244 237 87 277 23 43 1
0 244 238 88 277 24 43 1
0 244 239 90 277 23 43 1
0 244 240 92 277 23 43 1
0 244 241 94 275 23 43 1
0 244 242 96 275 23 43 1
0 244 243 97 275 23 43 1
0 244 244 99 275 23 43 1
0 244 245 101 275 23 43 1
0 244 246 103 275 23 43 1
0 244 247 104 275 24 43 1
0 244 248 106 275 23 43 1
0 244 249 108 275 23 43 1
0 244 250 112 275 23 43 1
0 244 251 113 275 23 43 1
0 244 252 115 275 23 43 1
0 244 253 117 275 23 43 1
0 244 254 119 275 23 43 1
0 244 255 122 275 23 43 1
0 244 256 122 275 23 43 1
0 244 257 124 275 23 43 1
0 244 258 126 275 23 43 1
0 244 259 128 275 23 43 1
0 244 260 129 275 23 43 1
0 244 261 131 275 23 43 1
0 244 262 133 275 23 43 1
0 244 263 135 275 23 43 1
0 244 264 136 275 24 43 1
0 244 265 138 277 23 43 1
0 244 266 140 277 23 43 1
0 244 267 142 277 23 43 1
0 244 268 144 277 23 43 1
0 244 269 147 277 23 43 1
0 244 270 149 277 23 43 1
0 244 271 151 277 23 43 1
0 244 272 154 277 23 43 1
0 244 273 156 277 23 43 1
0 244 274 158 277 23 43 1
0 244 275 161 279 23 42 1
0 244 276 161 279 23 42 1
0 244 277 163 279 23 42 1
0 244 278 165 279 23 42 1
0 244 279 167 279 23 42 1
0 244 280 168 280 24 43 1
0 244 281 168 280 24 43 1
0 244 282 170 280 23 43 1
0 244 283 172 280 23 43 1
0 244 284 174 280 23 43 1
0 244 285 176 282 23 43 1
0 244 286 177 280 23 45 1
0 244 287 179 280 23 47 1
0 244 288 181 280 23 47 1
0 244 289 184 280 24 48 1
0 244 290 186 280 23 48 1
0 244 291 188 280 23 50 1
0 244 292 192 280 23 50 1
0 244 293 193 280 23 52 1
0 244 294 195 280 23 52 1
0 244 295 199 280 23 54 1
0 244 296 200 279 24 53 1
0 244 297 202 279 23 53 1
0 244 298 204 279 23 53 1
0 244 299 206 279 23 53 1
0 244 300 209 279 23 53 1
0 244 301 209 277 25 55 1
0 244 302 211 277 25 55 1
0 244 303 213 277 25 55 1
0 244 304 215 277 25 55 1
0 244 305 216 277 25 55 1
0 244 306 218 277 25 55 1
0 244 307 220 277 25 55 1
0 244 308 222 277 25 55 1
0 244 309 224 277 24 55 1
0 244 310 225 277 25 55 1
0 244 311 227 277 25 55 1
0 244 312 229 277 25 55 1
0 244 313 231 275 25 57 1
0 244 314 232 275 25 57 1
0 244 315 234 275 25 57 1
0 244 316 236 275 25 57 1
0 244 317 238 275 25 57 1
0 244 318 240 275 24 57 1
0 244 319 241 275 25 57 1
0 244 320 241 275 27 57 1
0 244 321 243 275 27 57 1
0 244 322 245 275 27 57 1
0 244 323 247 275 26 57 1
0 244 324 248 275 27 57 1
0 244 325 250 275 27 57 1
0 244 326 252 273 27 59 1
0 244 327 254 273 26 59 1
0 244 328 256 273 26 59 1
0 244 329 257 273 27 59 1
0 244 330 259 273 27 59 1
0 244 331 261 273 27 59 1
0 244 332 263 273 26 59 1
0 244 333 264 273 27 59 1
0 244 334 266 273 27 59 1
0 244 335 268 273 27 59 1
0 244 336 270 273 26 59 1
0 244 337 272 273 26 59 1
0 244 338 273 273 29 59 1
0 244 339 275 272 29 60 1
0 244 340 277 272 28 62 1
0 244 341 279 272 28 64 1
0 244 342 280 272 29 65 1
0 244 343 284 272 28 67 1
0 244 344 284 272 28 65 1
0 244 345 286 272 28 65 1
0 244 346 286 272 28 65 1
0 244 347 288 272 28 65 1
0 244 348 288 272 28 65 1
0 244 349 289 272 29 65 1
0 244 350 289 272 29 65 1
0 244 351 291 272 29 65 1
0 244 352 291 272 29 65 1
0 244 353 293 272 28 65 1
0 244 354 293 272 28 65 1
0 244 355 295 272 28 65 1
0 244 356 295 272 28 65 1
0 244 357 296 272 29 65 1
0 244 358 296 272 29 65 1
0 244 359 298 272 29 65 1
0 244 360 298 272 29 65 1
0 244 361 300 272 28 65 1
0 244 362 300 272 28 65 1
0 244 363 302 272 28 65 1
0 244 364 302 272 28 65 1
0 244 365 304 272 28 65 1
0 244 366 305 273 29 64 1
0 244 367 304 272 28 64 1
0 244 368 304 272 28 64 1
0 244 369 304 272 28 64 1
0 244 370 304 272 28 64 1
0 244 371 304 272 28 64 1
0 244 372 304 272 28 64 1
0 244 373 302 272 28 64 1
0 244 374 302 272 28 64 1
0 244 375 302 272 28 64 1
0 244 376 302 272 28 64 1
0 244 377 302 272 28 64 1
0 244 378 302 272 28 64 1
0 244 379 300 270 28 64 1
0 244 380 300 270 28 64 1
0 244 381 300 270 28 64 1
0 244 382 300 270 28 64 1
0 244 383 300 270 28 64 1
0 244 384 300 270 28 64 1
0 244 385 298 270 29 64 1
0 244 386 298 270 29 64 1
0 244 387 298 270 29 64 1
0 244 388 298 270 29 64 1
0 244 389 298 270 29 64 1
0 244 390 298 270 29 64 1
0 244 391 296 268 29 64 1
0 244 392 296 268 29 64 1
0 244 393 296 268 29 64 1
0 244 394 296 268 29 64 1
0 244 395 296 268 29 64 1
0 244 396 296 268 29 64 1
0 244 397 296 268 29 64 1
0 244 398 295 268 28 64 1
0 244 399 295 268 28 64 1
0 244 400 295 268 28 64 1
0 244 401 295 268 28 64 1
0 244 402 295 268 28 64 1
0 244 403 295 268 28 64 1
0 244 404 293 266 28 64 1
0 244 405 293 266 28 64 1
0 244 406 293 266 28 64 1
0 244 407 293 266 28 64 1
0 244 408 293 266 28 64 1
0 244 409 293 266 28 64 1
0 244 410 291 266 29 64 1
0 244 411 291 266 29 64 1
0 244 412 291 266 29 64 1
0 244 413 291 266 29 64 1
0 244 414 291 266 29 64 1
0 244 415 291 266 29 64 1
0 244 416 289 264 29 64 1
0 244 417 289 264 29 64 1
0 244 418 289 264 29 64 1
0 244 419 289 264 29 64 1
0 244 420 289 264 29 64 1
0 244 421 289 264 29 64 1
0 244 422 288 264 28 64 1
0 244 423 288 264 28 64 1
0 244 424 288 264 28 64 1
0 244 425 288 264 28 64 1
0 244 426 288 264 28 64 1
0 244 427 288 264 28 64 1
0 244 428 288 264 28 64 1
1 138 291 304 240 10 30 1
1 138 292 302 238 10 32 1
1 138 293 300 238 12 32 1
1 138 294 298 238 13 32 1
1 138 295 296 238 15 32 1
1 138 296 296 238 13 32 1
1 138 297 295 238 14 32 1
1 138 298 293 238 14 32 1
1 138 299 291 238 16 32 1
1 138 300 291 238 16 32 1
1 138 301 289 236 16 34 1
1 138 302 289 236 16 34 1
1 138 303 288 236 17 34 1
1 138 304 288 236 17 34 1
1 138 305 286 236 18 34 1
1 138 306 286 236 18 34 1
1 138 307 284 236 20 34 1
1 138 308 284 236 20 34 1
1 138 309 282 236 20 34 1
1 138 310 282 236 20 34 1
1 138 311 280 234 22 38 1
1 138 312 280 234 22 38 1
1 138 313 279 234 21 38 1
1 138 314 279 234 21 38 1
1 138 315 279 234 21 38 1
1 138 316 277 234 23 38 1
1 138 317 277 234 21 38 1
1 138 318 275 234 23 38 1
1 138 319 275 234 23 38 1
1 138 320 273 234 25 38 1
1 138 321 273 232 23 41 1
1 138 322 272 232 24 41 1
1 138 323 272 232 24 41 1
1 138 324 270 232 26 41 1
1 138 325 270 232 25 41 1
1 138 326 268 232 27 41 1
1 138 327 268 232 27 41 1
1 138 328 268 232 27 41 1
1 138 329 266 232 27 41 1
1 138 330 266 232 27 41 1
1 138 331 264 231 29 44 1
1 138 332 264 231 29 44 1
1 138 333 263 231 28 44 1
1 138 334 263 231 28 44 1
1 138 335 261 231 30 44 1
1 138 336 261 231 30 44 1
1 138 337 259 231 30 44 1
1 138 338 259 231 30 44 1
1 138 339 257 231 32 44 1
1 138 340 257 231 32 44 1
1 138 341 257 231 32 46 1
1 138 342 257 231 32 46 1
1 138 343 257 231 32 46 1
1 138 344 257 231 32 46 1
1 138 345 257 231 32 46 1
1 138 346 257 231 32 46 1
1 138 347 257 231 32 46 1
1 138 348 257 231 32 46 1
1 138 349 259 231 30 46 1
1 138 350 259 231 30 46 1
1 138 351 259 232 30 47 1
1 138 352 259 232 30 47 1
1 138 353 259 232 30 47 1
1 138 354 259 232 30 47 1
1 138 355 259 232 30 47 1
1 138 356 259 232 30 47 1
1 138 357 261 232 28 47 1
1 138 358 261 232 28 47 1
1 138 359 261 232 28 47 1
1 138 360 261 232 28 47 1
1 138 361 261 234 28 46 1
1 138 362 261 234 28 46 1
1 138 363 261 234 28 46 1
1 138 364 261 234 28 46 1
1 138 365 263 234 26 46 1
1 138 366 263 234 26 46 1
1 138 367 263 234 26 46 1
1 138 368 263 234 26 46 1
1 138 369 263 234 26 46 1
1 138 370 263 234 26 46 1
1 138 371 263 236 26 46 1
1 138 372 263 236 26 46 1
1 138 373 264 236 25 46 1
1 138 374 264 236 25 46 1
1 138 375 264 236 25 46 1
1 138 376 264 236 25 46 1
1 138 377 264 236 25 46 1
1 138 378 264 236 25 46 1
1 138 379 264 236 25 46 1
1 138 380 264 236 25 46 1
1 138 381 266 238 25 46 1
1 138 382 266 236 25 46 1
1 138 383 266 236 25 46 1
1 138 384 268 236 23 46 1
1 138 385 268 236 25 46 1
1 138 386 268 236 25 46 1
1 138 387 270 236 23 46 1
1 138 388 270 236 23 46 1
1 138 389 270 236 25 46 1
1 138 390 272 236 23 46 1
1 138 391 272 236 23 46 1
1 138 392 272 236 24 46 1
1 138 393 273 236 23 46 1
1 138 394 273 236 23 46 1
1 138 395 273 236 23 46 1
1 138 396 275 236 23 46 1
1 138 397 275 236 23 46 1
1 138 398 275 236 23 46 1
1 138 399 277 236 21 46 1
1 138 400 277 236 23 46 1
1 138 401 277 236 23 46 1
1 138 402 279 236 21 46 1
1 138 403 279 236 23 46 1
1 138 404 279 236 23 46 1
1 138 405 280 234 22 46 1
1 138 406 280 234 22 46 1
1 138 407 280 234 24 46 1
1 138 408 282 234 22 46 1
1 138 409 282 234 22 46 1
1 138 410 282 234 23 46 1
1 138 411 284 234 21 46 1
1 138 412 284 234 21 46 1
1 138 413 284 234 21 46 1
1 138 414 286 234 21 46 1
1 138 415 286 234 21 46 1
1 138 416 286 234 21 46 1
1 138 417 288 234 19 46 1
1 138 418 288 234 21 46 1
1 138 419 288 234 21 46 1
1 138 420 289 234 20 46 1
1 138 421 289 234 22 46 1
1 138 422 289 234 22 46 1
1 138 423 291 234 20 46 1
1 138 424 291 234 20 46 1
1 138 425 291 234 21 46 1
1 138 426 293 234 19 46 1
1 138 427 293 234 19 46 1
1 138 428 295 234 19 46 1
2 129 300 190 232 21 45 1
2 129 301 190 232 21 45 1
2 129 302 190 232 21 45 1
2 129 303 190 232 21 45 1
2 129 304 190 232 21 45 1
2 129 305 190 232 21 45 1
2 129 306 190 232 21 45 1
2 129 307 190 232 21 45 1
2 129 308 190 232 21 45 1
2 129 309 190 232 21 45 1
2 129 310 190 232 21 45 1
2 129 311 190 232 21 45 1
2 129 312 190 232 21 45 1
2 129 313 190 232 21 45 1
2 129 314 190 232 21 45 1
2 129 315 190 232 21 45 1
2 129 316 190 232 21 45 1
2 129 317 190 232 21 45 1
2 129 318 190 232 21 45 1
2 129 319 190 232 21 45 1
2 129 320 190 232 21 45 1
2 129 321 190 232 21 45 1
2 129 322 190 232 21 45 1
2 129 323 190 232 21 45 1
2 129 324 190 232 21 45 1
2 129 325 190 232 21 45 1
2 129 326 190 232 21 45 1
2 129 327 190 232 21 45 1
2 129 328 190 232 21 45 1
2 129 329 190 232 21 45 1
2 129 330 190 232 21 45 1
2 129 331 190 232 21 45 1
2 129 332 190 232 21 45 1
2 129 333 190 232 21 45 1
2 129 334 190 232 21 45 1
2 129 335 190 232 21 45 1
2 129 336 190 232 21 45 1
2 129 337 190 232 21 45 1
2 129 338 190 232 21 45 1
2 129 339 190 232 21 45 1
2 129 340 190 232 21 45 1
2 129 341 190 232 21 45 1
2 129 342 190 232 21 45 1
2 129 343 190 232 21 45 1
2 129 344 190 232 21 45 1
2 129 345 190 232 21 45 1
2 129 346 190 232 21 45 1
2 129 347 190 232 21 45 1
2 129 348 190 232 21 45 1
2 129 349 190 232 21 45 1
2 129 350 190 232 21 45 1
2 129 351 190 232 21 45 1
2 129 352 190 232 21 45 1
2 129 353 190 232 21 45 1
2 129 354 190 232 21 45 1
2 129 355 190 232 21 45 1
2 129 356 190 232 21 45 1
2 129 357 190 232 21 45 1
2 129 358 190 232 21 45 1
2 129 359 190 232 21 45 1
2 129 360 190 232 21 45 1
2 129 361 190 232 21 45 1
2 129 362 190 232 21 45 1
2 129 363 190 232 21 45 1
2 129 364 190 232 21 45 1
2 129 365 190 232 21 45 1
2 129 366 190 232 21 45 1
2 129 367 190 232 21 45 1
2 129 368 190 232 21 45 1
2 129 369 190 232 21 45 1
2 129 370 190 232 21 45 1
2 129 371 190 232 21 45 1
2 129 372 190 232 21 45 1
2 129 373 190 232 21 45 1
2 129 374 190 232 21 45 1
2 129 375 190 232 21 45 1
2 129 376 190 232 21 45 1
2 129 377 190 232 21 45 1
2 129 378 190 232 21 45 1
2 129 379 190 232 21 45 1
2 129 380 190 232 21 45 1
2 129 381 190 232 21 45 1
2 129 382 190 232 21 45 1
2 129 383 190 232 21 45 1
2 129 384 190 232 21 45 1
2 129 385 190 232 21 45 1
2 129 386 190 232 21 45 1
2 129 387 190 232 21 45 1
2 129 388 190 232 21 45 1
2 129 389 190 232 21 45 1
2 129 390 190 232 21 45 1
2 129 391 190 232 21 45 1
2 129 392 190 232 21 45 1
2 129 393 190 232 21 45 1
2 129 394 190 232 21 45 1
2 129 395 190 232 21 45 1
2 129 396 190 232 21 45 1
2 129 397 190 232 21 45 1
2 129 398 190 232 21 45 1
2 129 399 190 232 21 45 1
2 129 400 190 232 21 45 1
2 129 401 190 232 21 45 1
2 129 402 190 232 21 45 1
2 129 403 190 232 21 45 1
2 129 404 190 232 21 45 1
2 129 405 190 232 21 45 1
2 129 406 190 232 21 45 1
2 129 407 190 232 21 45 1
2 129 408 190 232 21 45 1
2 129 409 190 232 21 45 1
2 129 410 190 232 21 45 1
2 129 411 190 232 21 45 1
2 129 412 190 232 21 45 1
2 129 413 190 232 21 45 1
2 129 414 190 232 21 45 1
2 129 415 190 232 21 45 1
2 129 416 190 232 21 45 1
2 129 417 190 232 21 45 1
2 129 418 190 232 21 45 1
2 129 419 190 232 21 45 1
2 129 420 190 232 21 45 1
2 129 421 190 232 21 45 1
2 129 422 190 232 21 45 1
2 129 423 190 232 21 45 1
2 129 424 190 232 21 45 1
2 129 425 190 232 21 45 1
2 129 426 190 232 21 45 1
2 129 427 190 232 21 45 1
2 129 428 190 232 21 45 1
3 129 300 184 247 24 23 4
3 129 301 184 247 22 23 4
3 129 302 184 247 22 23 4
3 129 303 184 247 22 23 4
3 129 304 184 247 22 23 4
3 129 305 184 247 22 23 4
3 129 306 184 247 22 23 4
3 129 307 184 247 22 23 4
3 129 308 184 247 22 23 4
3 129 309 184 247 22 23 4
3 129 310 184 247 22 23 4
3 129 311 184 247 22 23 4
3 129 312 184 247 22 23 4
3 129 313 184 247 22 23 4
3 129 314 184 247 22 23 4
3 129 315 184 247 22 23 4
3 129 316 184 247 22 23 4
3 129 317 184 247 22 23 4
3 129 318 184 247 22 23 4
3 129 319 184 247 22 23 4
3 129 320 184 247 22 23 4
3 129 321 184 247 22 23 4
3 129 322 184 247 22 23 4
3 129 323 184 247 22 23 4
3 129 324 184 247 22 23 4
3 129 325 184 247 22 23 4
3 129 326 184 247 22 23 4
3 129 327 184 247 22 23 4
3 129 328 184 247 22 23 4
3 129 329 184 247 22 23 4
3 129 330 184 247 22 23 4
3 129 331 184 247 22 23 4
3 129 332 184 247 22 23 4
3 129 333 184 247 22 23 4
3 129 334 184 247 22 23 4
3 129 335 184 247 22 23 4
3 129 336 184 247 22 23 4
3 129 337 184 247 22 23 4
3 129 338 184 247 22 23 4
3 129 339 184 247 22 23 4
3 129 340 184 247 22 23 4
3 129 341 184 247 22 23 4
3 129 342 184 247 22 23 4
3 129 343 186 247 20 23 4
3 129 344 186 247 20 23 4
3 129 345 186 247 20 23 4
3 129 346 186 247 20 23 4
3 129 347 186 247 20 23 4
3 129 348 186 247 20 23 4
3 129 349 186 247 20 23 4
3 129 350 186 247 20 23 4
3 129 351 186 247 20 23 4
3 129 352 186 247 20 23 4
3 129 353 186 247 20 23 4
3 129 354 186 247 20 23 4
3 129 355 186 247 20 23 4
3 129 356 186 247 20 23 4
3 129 357 186 247 20 23 4
3 129 358 186 247 20 23 4
3 129 359 186 247 20 23 4
3 129 360 186 247 20 23 4
3 129 361 186 247 20 23 4
3 129 362 186 247 20 23 4
3 129 363 186 247 20 23 4
3 129 364 186 247 20 23 4
3 129 365 186 247 18 23 4
3 129 366 186 247 18 23 4
3 129 367 186 247 18 23 4
3 129 368 186 247 18 23 4
3 129 369 186 247 18 23 4
3 129 370 186 247 18 23 4
3 129 371 186 247 18 23 4
3 129 372 186 247 18 23 4
3 129 373 186 247 18 23 4
3 129 374 186 247 18 23 4
3 129 375 186 247 18 23 4
3 129 376 186 247 18 23 4
3 129 377 186 247 18 23 4
3 129 378 186 247 18 23 4
3 129 379 186 247 18 23 4
3 129 380 186 247 18 23 4
3 129 381 186 247 18 23 4
3 129 382 186 247 18 23 4
3 129 383 186 247 18 23 4
3 129 384 186 247 18 23 4
3 129 385 186 247 18 23 4
3 129 386 188 247 16 23 4
3 129 387 188 247 16 23 4
3 129 388 188 247 16 23 4
3 129 389 188 247 16 23 4
3 129 390 188 247 16 23 4
3 129 391 188 247 16 23 4
3 129 392 188 247 16 23 4
3 129 393 188 247 16 23 4
3 129 394 188 247 16 23 4
3 129 395 188 247 16 23 4
3 129 396 188 247 16 23 4
3 129 397 188 247 16 23 4
3 129 398 188 247 16 23 4
3 129 399 188 247 16 23 4
3 129 400 188 247 16 23 4
3 129 401 188 247 16 23 4
3 129 402 188 247 16 23 4
3 129 403 188 247 16 23 4
3 129 404 188 247 16 23 4
3 129 405 188 247 16 23 4
3 129 406 188 247 16 23 4
3 129 407 188 247 16 23 4
3 129 408 188 247 16 23 4
3 129 409 188 247 16 23 4
3 129 410 188 247 16 23 4
3 129 411 188 247 16 23 4
3 129 412 188 247 16 23 4
3 129 413 188 247 16 23 4
3 129 414 188 247 16 23 4
3 129 415 188 247 16 23 4
3 129 416 188 247 16 23 4
3 129 417 188 247 16 23 4
3 129 418 188 247 16 23 4
3 129 419 188 247 16 23 4
3 129 420 188 247 16 23 4
3 129 421 188 247 16 23 4
3 129 422 188 247 16 23 4
3 129 423 188 247 16 23 4
3 129 424 188 247 16 23 4
3 129 425 188 247 16 23 4
3 129 426 188 247 16 23 4
3 129 427 188 247 16 23 4
3 129 428 190 248 14 24 4
4 129 300 161 225 23 43 1
4 129 301 161 225 23 43 1
4 129 302 161 225 23 43 1
4 129 303 161 225 23 43 1
4 129 304 161 225 23 43 1
4 129 305 161 225 23 43 1
4 129 306 161 225 23 43 1
4 129 307 161 225 23 43 1
4 129 308 161 225 23 43 1
4 129 309 161 225 23 43 1
4 129 310 161 225 23 43 1
4 129 311 161 225 23 43 1
4 129 312 161 225 23 43 1
4 129 313 161 225 23 43 1
4 129 314 161 225 23 43 1
4 129 315 163 225 21 43 1
4 129 316 163 225 21 43 1
4 129 317 163 225 21 43 1
4 129 318 163 225 21 43 1
4 129 319 163 225 21 43 1
4 129 320 163 225 21 43 1
4 129 321 163 225 21 43 1
4 129 322 163 225 23 43 1
4 129 323 163 225 23 43 1
4 129 324 163 225 23 43 1
4 129 325 163 225 23 43 1
4 129 326 163 225 23 43 1
4 129 327 163 225 23 43 1
4 129 328 163 225 23 43 1
4 129 329 165 225 21 43 1
4 129 330 165 225 21 43 1
4 129 331 165 225 21 43 1
4 129 332 165 225 21 43 1
4 129 333 165 225 21 43 1
4 129 334 165 225 21 43 1
4 129 335 165 225 21 43 1
4 129 336 165 225 21 43 1
4 129 337 165 225 21 43 1
4 129 338 165 225 21 43 1
4 129 339 165 225 21 43 1
4 129 340 165 225 21 43 1
4 129 341 165 225 21 43 1
4 129 342 165 225 21 43 1
4 129 343 167 227 21 43 1
4 129 344 167 227 21 43 1
4 129 345 167 227 21 43 1
4 129 346 167 227 21 43 1
4 129 347 167 227 21 43 1
4 129 348 167 227 21 43 1
4 129 349 167 227 21 43 1
4 129 350 167 227 21 43 1
4 129 351 167 227 21 43 1
4 129 352 167 227 21 43 1
4 129 353 167 227 21 43 1
4 129 354 167 227 21 43 1
4 129 355 167 227 21 43 1
4 129 356 167 227 21 43 1
4 129 357 168 227 20 43 1
4 129 358 168 227 20 43 1
4 129 359 168 227 20 43 1
4 129 360 168 227 20 43 1
4 129 361 168 227 20 43 1
4 129 362 168 227 20 43 1
4 129 363 168 227 20 43 1
4 129 364 168 227 22 43 1
4 129 365 168 227 22 43 1
4 129 366 168 227 22 43 1
4 129 367 168 227 22 43 1
4 129 368 168 227 22 43 1
4 129 369 168 227 22 43 1
4 129 370 168 227 22 43 1
4 129 371 170 227 20 43 1
4 129 372 170 227 20 43 1
4 129 373 170 227 20 43 1
4 129 374 170 227 20 43 1
4 129 375 170 227 20 43 1
4 129 376 170 227 20 43 1
4 129 377 170 227 20 43 1
4 129 378 170 227 20 43 1
4 129 379 170 227 20 43 1
4 129 380 170 227 20 43 1
4 129 381 170 227 20 43 1
4 129 382 170 227 20 43 1
4 129 383 170 227 20 43 1
4 129 384 170 227 20 43 1
4 129 385 172 229 20 43 1
4 129 386 172 227 20 43 1
4 129 387 172 227 20 43 1
4 129 388 172 227 20 43 1
4 129 389 172 227 20 43 1
4 129 390 172 227 20 43 1
4 129 391 172 227 20 43 1
4 129 392 172 227 20 43 1
4 129 393 172 227 20 43 1
4 129 394 172 227 20 43 1
4 129 395 172 227 20 43 1
4 129 396 172 227 20 43 1
4 129 397 172 227 20 43 1
4 129 398 172 227 20 43 1
4 129 399 172 227 20 43 1
4 129 400 172 227 20 43 1
4 129 401 172 227 20 43 1
4 129 402 172 227 20 43 1
4 129 403 172 227 20 43 1
4 129 404 172 227 20 43 1
4 129 405 172 227 20 43 1
4 129 406 172 227 20 43 1
4 129 407 172 225 20 43 1
4 129 408 172 225 20 43 1
4 129 409 172 225 20 43 1
4 129 410 172 225 20 43 1
4 129 411 172 225 20 43 1
4 129 412 172 225 20 43 1
4 129 413 172 225 20 43 1
4 129 414 172 225 20 43 1
4 129 415 172 225 20 43 1
4 129 416 172 225 20 43 1
4 129 417 172 225 20 43 1
4 129 418 172 225 20 43 1
4 129 419 172 225 20 43 1
4 129 420 172 225 20 43 1
4 129 421 172 225 20 43 1
4 129 422 172 225 20 43 1
4 129 423 172 225 20 43 1
4 129 424 172 225 20 43 1
4 129 425 172 225 20 43 1
4 129 426 172 225 20 43 1
4 129 427 172 225 20 43 1
4 129 428 174 225 18 43 1
5 129 300 113 222 18 32 1
5 129 301 113 222 18 32 1
5 129 302 113 222 18 32 1
5 129 303 113 222 18 32 1
5 129 304 113 222 18 32 1
5 129 305 113 222 18 32 1
5 129 306 113 222 18 32 1
5 129 307 113 222 18 32 1
5 129 308 113 222 18 32 1
5 129 309 113 222 18 32 1
5 129 310 113 222 18 32 1
5 129 311 113 222 18 32 1
5 129 312 113 222 18 32 1
5 129 313 113 222 18 32 1
5 129 314 113 222 18 32 1
5 129 315 113 222 18 32 1
5 129 316 113 222 18 32 1
5 129 317 113 222 18 32 1
5 129 318 113 222 18 32 1
5 129 319 113 222 18 32 1
5 129 320 113 222 18 32 1
5 129 321 113 222 18 32 1
5 129 322 113 222 18 32 1
5 129 323 113 222 18 32 1
5 129 324 113 222 18 32 1
5 129 325 113 222 18 32 1
5 129 326 113 222 18 32 1
5 129 327 113 222 18 32 1
5 129 328 113 222 18 32 1
5 129 329 113 222 18 32 1
5 129 330 113 222 18 32 1
5 129 331 113 222 18 32 1
5 129 332 113 222 18 32 1
5 129 333 113 222 18 32 1
5 129 334 113 222 18 32 1
5 129 335 113 222 18 32 1
5 129 336 113 222 18 32 1
5 129 337 113 222 18 32 1
5 129 338 113 222 18 32 1
5 129 339 113 222 18 32 1
5 129 340 113 222 18 32 1
5 129 341 113 222 18 32 1
5 129 342 113 222 18 32 1
5 129 343 113 222 18 32 1
5 129 344 113 222 18 32 1
5 129 345 113 222 18 32 1
5 129 346 113 222 18 32 1
5 129 347 113 222 18 32 1
5 129 348 113 222 18 32 1
5 129 349 113 222 18 32 1
5 129 350 113 222 18 32 1
5 129 351 113 222 18 32 1
5 129 352 113 222 18 32 1
5 129 353 113 222 18 32 1
5 129 354 113 222 18 32 1
5 129 355 113 222 18 32 1
5 129 356 113 222 18 32 1
5 129 357 113 222 18 32 1
5 129 358 113 222 18 32 1
5 129 359 113 222 18 32 1
5 129 360 113 222 18 32 1
5 129 361 113 222 18 32 1
5 129 362 113 222 18 32 1
5 129 363 113 222 18 32 1
5 129 364 113 222 18 32 1
5 129 365 113 222 18 32 1
5 129 366 113 222 18 32 1
5 129 367 113 222 18 32 1
5 129 368 113 222 18 32 1
5 129 369 113 222 18 32 1
5 129 370 113 222 18 32 1
5 129 371 113 222 18 32 1
5 129 372 113 222 18 32 1
5 129 373 113 222 18 32 1
5 129 374 113 222 18 32 1
5 129 375 113 222 18 32 1
5 129 376 113 222 18 32 1
5 129 377 113 222 18 32 1
5 129 378 113 222 18 32 1
5 129 379 113 222 18 32 1
5 129 380 113 222 18 32 1
5 129 381 113 222 18 32 1
5 129 382 113 222 18 32 1
5 129 383 113 222 18 32 1
5 129 384 113 222 18 32 1
5 129 385 113 222 18 32 1
5 129 386 113 222 18 32 1
5 129 387 113 222 18 32 1
5 129 388 113 222 18 32 1
5 129 389 113 222 18 32 1
5 129 390 113 222 18 32 1
5 129 391 113 222 18 32 1
5 129 392 113 222 18 32 1
5 129 393 113 222 18 32 1
5 129 394 113 222 18 32 1
5 129 395 113 222 18 32 1
5 129 396 113 222 18 32 1
5 129 397 113 222 18 32 1
5 129 398 113 222 18 32 1
5 129 399 113 222 18 32 1
5 129 400 113 222 18 32 1
5 129 401 113 222 18 32 1
5 129 402 113 222 18 32 1
5 129 403 113 222 18 32 1
5 129 404 113 222 18 32 1
5 129 405 113 222 18 32 1
5 129 406 113 222 18 32 1
5 129 407 113 222 18 32 1
5 129 408 113 222 18 32 1
5 129 409 113 222 18 32 1
5 129 410 113 222 18 32 1
5 129 411 113 222 18 32 1
5 129 412 113 222 18 32 1
5 129 413 113 222 18 32 1
5 129 414 113 222 18 32 1
5 129 415 113 222 18 32 1
5 129 416 113 222 18 32 1
5 129 417 113 222 18 32 1
5 129 418 113 222 18 32 1
5 129 419 113 222 18 32 1
5 129 420 113 222 18 32 1
5 129 421 113 222 18 32 1
5 129 422 113 222 18 32 1
5 129 423 113 222 18 32 1
5 129 424 113 222 18 32 1
5 129 425 113 222 18 32 1
5 129 426 113 222 18 32 1
5 129 427 113 222 18 32 1
5 129 428 113 222 18 32 1
6 322 0 206 236 19 34 1
6 322 1 204 234 20 34 1
6 322 2 204 234 20 34 1
6 322 3 204 234 20 34 1
6 322 4 204 234 20 34 1
6 322 5 204 234 20 34 1
6 322 6 204 234 20 34 1
6 322 7 202 234 20 34 1
6 322 8 202 234 20 34 1
6 322 9 202 234 20 34 1
6 322 10 202 234 20 34 1
6 322 11 202 234 20 34 1
6 322 12 202 234 20 34 1
6 322 13 202 234 20 34 1
6 322 14 200 234 20 34 1
6 322 15 200 234 20 34 1
6 322 16 200 234 20 34 1
6 322 17 200 234 20 34 1
6 322 18 200 234 20 34 1
6 322 19 200 234 20 34 1
6 322 20 200 234 20 34 1
6 322 21 199 232 19 34 1
6 322 22 199 232 19 34 1
6 322 23 199 232 19 34 1
6 322 24 199 232 19 34 1
6 322 25 199 232 19 34 1
6 322 26 199 232 19 34 1
6 322 27 197 232 19 34 1
6 322 28 197 232 19 34 1
6 322 29 197 232 19 34 1
6 322 30 197 232 19 34 1
6 322 31 197 232 19 34 1
6 322 32 197 232 19 34 1
6 322 33 195 232 20 34 1
6 322 34 195 232 20 34 1
6 322 35 195 232 20 34 1
6 322 36 195 232 20 34 1
6 322 37 195 232 20 34 1
6 322 38 195 232 20 34 1
6 322 39 193 232 20 34 1
6 322 40 193 232 20 34 1
6 322 41 193 232 20 34 1
6 322 42 193 232 20 34 1
6 322 43 193 232 20 34 1
6 322 44 193 232 20 34 1
6 322 45 193 232 20 34 1
6 322 46 192 232 19 34 1
6 322 47 192 232 19 34 1
6 322 48 192 232 19 34 1
6 322 49 192 232 19 34 1
6 322 50 192 232 19 34 1
6 322 51 192 232 19 34 1
6 322 52 190 232 19 34 1
6 322 53 190 232 19 34 1
6 322 54 190 232 19 34 1
6 322 55 190 232 19 34 1
6 322 56 190 232 19 34 1
6 322 57 190 232 19 34 1
6 322 58 188 232 20 34 1
6 322 59 188 232 20 34 1
6 322 60 188 232 20 34 1
6 322 61 188 232 20 34 1
6 322 62 188 232 20 34 1
6 322 63 188 232 20 34 1
6 322 64 186 232 20 34 1
6 322 65 186 232 20 34 1
6 322 66 186 232 20 34 1
6 322 67 186 232 20 34 1
6 322 68 186 232 20 34 1
6 322 69 186 232 20 34 1
6 322 70 186 232 20 34 1
6 322 71 184 232 20 32 1
6 322 72 184 232 20 32 1
6 322 73 184 232 20 32 1
6 322 74 184 232 20 32 1
6 322 75 184 232 20 32 1
6 322 76 184 232 20 32 1
6 322 77 184 232 20 32 1
6 322 78 184 232 20 32 1
6 322 79 184 232 20 32 1
6 322 80 184 232 20 32 1
6 322 81 184 232 20 32 1
6 322 82 184 232 20 32 1
6 322 83 184 232 20 32 1
6 322 84 184 232 20 32 1
6 322 85 184 232 20 32 1
6 322 86 184 232 20 32 1
6 322 87 184 232 20 32 1
6 322 88 183 232 19 32 1
6 322 89 183 232 19 32 1
6 322 90 183 232 19 32 1
6 322 91 183 232 19 32 1
6 322 92 183 232 19 32 1
6 322 93 183 232 19 32 1
6 322 94 183 232 19 32 1
6 322 95 183 232 19 32 1
6 322 96 183 232 19 32 1
6 322 97 183 232 19 32 1
6 322 98 183 232 19 32 1
6 322 99 183 232 19 32 1
6 322 100 183 232 19 32 1
6 322 101 183 232 19 32 1
6 322 102 183 232 19 32 1
6 322 103 183 232 19 32 1
6 322 104 183 232 19 32 1
6 322 105 183 232 19 32 1
6 322 106 181 232 19 31 1
6 322 107 181 232 19 31 1
6 322 108 181 232 19 31 1
6 322 109 181 232 19 31 1
6 322 110 181 232 19 31 1
6 322 111 181 232 19 31 1
6 322 112 181 232 19 31 1
6 322 113 181 232 19 31 1
6 322 114 181 232 19 31 1
6 322 115 181 232 19 31 1
6 322 116 181 232 19 31 1
6 322 117 181 232 19 31 1
6 322 118 181 232 19 31 1
6 322 119 181 232 19 31 1
6 322 120 181 232 19 31 1
6 322 121 181 232 19 31 1
6 322 122 181 232 19 31 1
6 322 123 179 232 20 31 1
6 322 124 179 232 20 31 1
6 322 125 179 232 20 31 1
6 322 126 179 232 20 31 1
6 322 127 179 232 20 31 1
6 322 128 179 232 20 31 1
6 322 129 179 232 20 31 1
6 322 130 179 232 20 31 1
6 322 131 179 232 20 31 1
6 322 132 179 232 20 31 1
6 322 133 179 232 20 31 1
6 322 134 179 232 20 31 1
6 322 135 179 232 20 31 1
6 322 136 179 232 20 31 1
6 322 137 179 232 20 31 1
6 322 138 179 232 20 31 1
6 322 139 179 232 20 31 1
6 322 140 179 232 20 31 1
6 322 141 179 232 20 31 1
6 322 142 179 232 20 31 1
6 322 143 179 232 20 31 1
6 322 144 179 232 20 31 1
6 322 145 179 232 20 31 1
6 322 146 179 232 20 31 1
6 322 147 179 232 20 31 1
6 322 148 179 232 20 31 1
6 322 149 179 232 20 31 1
6 322 150 179 232 20 31 1
6 322 151 179 232 20 31 1
6 322 152 179 232 20 31 1
6 322 153 179 232 20 31 1
6 322 154 179 232 20 31 1
6 322 155 179 232 20 31 1
6 322 156 179 232 20 31 1
6 322 157 179 232 20 31 1
6 322 158 179 232 20 31 1
6 322 159 179 232 20 31 1
6 322 160 179 232 20 31 1
6 322 161 179 232 20 31 1
6 322 162 179 232 20 31 1
6 322 163 179 232 20 31 1
6 322 164 179 232 20 31 1
6 322 165 179 232 20 31 1
6 322 166 179 232 20 31 1
6 322 167 179 232 20 31 1
6 322 168 179 232 20 31 1
6 322 169 179 232 20 31 1
6 322 170 179 232 20 31 1
6 322 171 179 232 20 31 1
6 322 172 181 232 19 31 1
6 322 173 181 232 19 31 1
6 322 174 181 232 19 31 1
6 322 175 181 232 19 31 1
6 322 176 181 232 19 31 1
6 322 177 181 232 19 31 1
6 322 178 181 232 19 31 1
6 322 179 181 232 19 31 1
6 322 180 181 232 19 31 1
6 322 181 181 232 19 31 1
6 322 182 181 232 19 31 1
6 322 183 181 232 19 31 1
6 322 184 181 232 19 31 1
6 322 185 181 232 19 31 1
6 322 186 181 232 19 31 1
6 322 187 181 232 19 31 1
6 322 188 181 232 19 31 1
6 322 189 181 232 19 31 1
6 322 190 181 232 19 31 1
6 322 191 181 232 19 31 1
6 322 192 181 232 19 31 1
6 322 193 181 232 19 31 1
6 322 194 181 232 19 31 1
6 322 195 181 232 19 31 1
6 322 196 181 232 19 31 1
6 322 197 181 232 19 31 1
6 322 198 181 232 19 31 1
6 322 199 181 232 19 31 1
6 322 200 181 232 19 31 1
6 322 201 181 232 19 31 1
6 322 202 181 232 19 31 1
6 322 203 181 232 19 31 1
6 322 204 183 232 19 31 1
6 322 205 183 232 19 31 1
6 322 206 183 232 19 31 1
6 322 207 183 232 19 31 1
6 322 208 183 232 19 31 1
6 322 209 183 232 19 31 1
6 322 210 183 232 19 31 1
6 322 211 183 232 19 31 1
6 322 212 183 232 19 31 1
6 322 213 183 232 19 31 1
6 322 214 183 232 19 31 1
6 322 215 183 232 19 31 1
6 322 216 183 232 19 31 1
6 322 217 183 232 19 31 1
6 322 218 183 232 19 31 1
6 322 219 183 232 19 31 1
6 322 220 183 232 19 31 1
6 322 221 183 232 19 31 1
6 322 222 183 232 19 31 1
6 322 223 183 232 19 31 1
6 322 224 183 232 19 31 1
6 322 225 183 232 19 31 1
6 322 226 183 232 19 31 1
6 322 227 183 232 19 31 1
6 322 228 183 232 19 31 1
6 322 229 183 232 19 31 1
6 322 230 183 232 19 31 1
6 322 231 183 232 19 31 1
6 322 232 183 232 19 31 1
6 322 233 183 232 19 31 1
6 322 234 183 232 19 31 1
6 322 235 183 232 19 31 1
6 322 236 184 232 20 31 1
6 322 237 184 232 20 31 1
6 322 238 184 232 20 31 1
6 322 239 184 232 20 31 1
6 322 240 184 232 20 31 1
6 322 241 184 232 20 31 1
6 322 242 184 232 20 31 1
6 322 243 184 232 20 31 1
6 322 244 184 232 20 31 1
6 322 245 184 232 20 31 1
6 322 246 184 232 20 31 1
6 322 247 184 232 20 31 1
6 322 248 184 232 20 31 1
6 322 249 184 232 20 31 1
6 322 250 184 232 20 31 1
6 322 251 184 232 20 31 1
6 322 252 184 232 20 31 1
6 322 253 184 232 20 31 1
6 322 254 184 232 20 31 1
6 322 255 184 232 20 31 1
6 322 256 184 232 20 31 1
6 322 257 184 232 20 31 1
6 322 258 184 232 20 31 1
6 322 259 184 232 20 31 1
6 322 260 184 232 20 31 1
6 322 261 184 232 20 31 1
6 322 262 184 232 20 31 1
6 322 263 184 232 20 31 1
6 322 264 184 232 20 31 1
6 322 265 184 232 20 31 1
6 322 266 184 232 20 31 1
6 322 267 184 232 20 31 1
6 322 268 186 232 20 31 1
6 322 269 186 232 20 31 1
6 322 270 186 232 20 31 1
6 322 271 186 232 20 31 1
6 322 272 186 232 20 31 1
6 322 273 186 232 20 31 1
6 322 274 186 232 20 31 1
6 322 275 186 232 20 31 1
6 322 276 186 232 20 31 1
6 322 277 186 232 20 31 1
6 322 278 186 232 20 31 1
6 322 279 186 232 20 31 1
6 322 280 186 232 20 31 1
6 322 281 186 232 20 31 1
6 322 282 186 232 20 31 1
6 322 283 186 232 20 31 1
6 322 284 186 232 20 31 1
6 322 285 186 232 20 31 1
6 322 286 186 232 20 31 1
6 322 287 186 232 20 31 1
6 322 288 186 232 20 31 1
6 322 289 186 232 20 31 1
6 322 290 186 232 20 31 1
6 322 291 186 232 20 31 1
6 322 292 186 232 20 31 1
6 322 293 186 232 20 31 1
6 322 294 186 232 20 31 1
6 322 295 186 232 20 31 1
6 322 296 186 232 20 31 1
6 322 297 186 232 20 31 1
6 322 298 186 232 20 31 1
6 322 299 186 232 20 31 1
6 322 300 188 232 20 31 1
6 322 301 186 232 20 31 1
6 322 302 186 232 20 31 1
6 322 303 186 232 20 31 1
6 322 304 186 232 20 31 1
6 322 305 186 232 20 31 1
6 322 306 186 232 20 31 1
6 322 307 186 232 20 31 1
6 322 308 186 232 20 31 1
6 322 309 186 232 20 31 1
6 322 310 186 232 20 31 1
6 322 311 186 232 20 32 1
6 322 312 186 232 20 32 1
6 322 313 186 232 20 32 1
6 322 314 186 232 20 32 1
6 322 315 186 232 20 32 1
6 322 316 186 232 20 32 1
6 322 317 186 232 20 32 1
6 322 318 186 232 20 32 1
6 322 319 186 232 20 32 1
6 322 320 186 232 20 32 1
6 322 321 186 232 20 34 1
7 322 0 165 240 14 23 1
7 322 1 165 240 14 23 1
7 322 2 165 240 14 23 1
7 322 3 165 240 14 23 1
7 322 4 165 240 14 23 1
7 322 5 165 240 14 23 1
7 322 6 165 240 14 23 1
7 322 7 165 240 14 23 1
7 322 8 165 240 14 23 1
7 322 9 165 240 14 23 1
7 322 10 165 240 14 23 1
7 322 11 165 240 14 23 1
7 322 12 165 240 14 23 1
7 322 13 165 240 14 23 1
7 322 14 165 240 14 23 1
7 322 15 165 240 14 23 1
7 322 16 165 240 14 23 1
7 322 17 165 240 14 23 1
7 322 18 165 240 14 23 1
7 322 19 165 240 14 23 1
7 322 20 165 240 14 23 1
7 322 21 165 240 14 23 1
7 322 22 165 240 14 23 1
7 322 23 165 240 14 23 1
7 322 24 165 240 14 23 1
7 322 25 165 240 14 23 1
7 322 26 165 240 14 23 1
7 322 27 165 240 14 23 1
7 322 28 165 240 14 23 1
7 322 29 165 240 14 23 1
7 322 30 165 240 14 23 1
7 322 31 165 240 14 23 1
7 322 32 165 240 14 23 1
7 322 33 165 240 14 23 1
7 322 34 165 240 14 23 1
7 322 35 165 240 14 23 1
7 322 36 165 240 14 23 1
7 322 37 165 240 14 23 1
7 322 38 165 240 14 23 1
7 322 39 165 240 14 23 1
7 322 40 165 240 14 23 1
7 322 41 165 240 14 23 1
7 322 42 165 240 14 23 1
7 322 43 165 240 14 23 1
7 322 44 165 240 14 23 1
7 322 45 165 240 14 23 1
7 322 46 165 240 14 23 1
7 322 47 165 240 14 23 1
7 322 48 165 240 14 23 1
7 322 49 165 240 14 23 1
7 322 50 165 240 14 23 1
7 322 51 165 240 14 23 1
7 322 52 165 240 14 23 1
7 322 53 165 240 14 23 1
7 322 54 165 240 14 23 1
7 322 55 165 240 14 23 1
7 322 56 165 240 14 23 1
7 322 57 165 240 14 23 1
7 322 58 165 240 14 23 1
7 322 59 165 240 14 23 1
7 322 60 165 240 14 23 1
7 322 61 165 240 14 23 1
7 322 62 165 240 14 23 1
7 322 63 165 240 14 23 1
7 322 64 165 240 14 23 1
7 322 65 165 240 14 23 1
7 322 66 165 240 14 23 1
7 322 67 165 240 14 23 1
7 322 68 165 240 14 23 1
7 322 69 165 240 14 23 1
7 322 70 165 240 14 23 1
7 322 71 165 240 14 23 1
7 322 72 165 240 14 23 1
7 322 73 165 240 14 23 1
7 322 74 165 240 14 23 1
7 322 75 165 240 14 23 1
7 322 76 165 240 14 23 1
7 322 77 165 240 14 23 1
7 322 78 165 240 14 23 1
7 322 79 165 240 14 23 1
7 322 80 165 240 14 23 1
7 322 81 165 240 14 23 1
7 322 82 165 240 14 23 1
7 322 83 165 240 14 23 1
7 322 84 165 240 14 23 1
7 322 85 165 240 14 23 1
7 322 86 165 240 14 23 1
7 322 87 165 240 14 23 1
7 322 88 165 240 14 23 1
7 322 89 165 240 14 23 1
7 322 90 165 240 14 23 1
7 322 91 165 240 14 23 1
7 322 92 165 240 14 23 1
7 322 93 165 240 14 23 1
7 322 94 165 240 14 23 1
7 322 95 165 240 14 23 1
7 322 96 165 240 14 23 1
7 322 97 165 240 14 23 1
7 322 98 165 240 14 23 1
7 322 99 165 240 14 23 1
7 322 100 165 240 14 23 1
7 322 101 165 240 14 23 1
7 322 102 165 240 14 23 1
7 322 103 165 240 14 23 1
7 322 104 165 240 14 23 1
7 322 105 165 240 14 23 1
7 322 106 165 240 14 23 1
7 322 107 165 240 14 23 1
7 322 108 165 240 14 23 1
7 322 109 165 240 14 23 1
7 322 110 165 240 14 23 1
7 322 111 165 240 14 23 1
7 322 112 165 240 14 23 1
7 322 113 165 240 14 23 1
7 322 114 165 240 14 23 1
7 322 115 165 240 14 23 1
7 322 116 165 240 14 23 1
7 322 117 165 240 14 23 1
7 322 118 165 240 14 23 1
7 322 119 165 240 14 23 1
7 322 120 165 240 14 23 1
7 322 121 165 240 14 23 1
7 322 122 165 240 14 23 1
7 322 123 165 240 14 23 1
7 322 124 165 240 14 23 1
7 322 125 165 240 14 23 1
7 322 126 165 240 14 23 1
7 322 127 165 240 14 23 1
7 322 128 165 240 14 23 1
7 322 129 165 240 14 23 1
7 322 130 165 240 14 23 1
7 322 131 165 240 14 23 1
7 322 132 165 240 14 23 1
7 322 133 165 240 14 23 1
7 322 134 165 240 14 23 1
7 322 135 165 240 14 23 1
7 322 136 165 240 14 23 1
7 322 137 165 240 14 23 1
7 322 138 165 240 14 23 1
7 322 139 165 240 14 23 1
7 322 140 165 240 14 23 1
7 322 141 165 240 14 23 1
7 322 142 165 240 14 23 1
7 322 143 165 240 14 23 1
7 322 144 165 240 14 23 1
7 322 145 165 240 14 23 1
7 322 146 165 240 14 23 1
7 322 147 165 240 14 23 1
7 322 148 165 240 14 23 1
7 322 149 165 240 14 23 1
7 322 150 165 240 14 23 1
7 322 151 165 240 14 23 1
7 322 152 165 240 14 23 1
7 322 153 165 240 14 23 1
7 322 154 165 240 14 23 1
7 322 155 165 240 14 23 1
7 322 156 165 240 14 23 1
7 322 157 165 240 14 23 1
7 322 158 165 240 14 23 1
7 322 159 165 240 14 23 1
7 322 160 165 240 14 23 1
7 322 161 165 240 14 23 1
7 322 162 165 240 14 23 1
7 322 163 165 240 14 23 1
7 322 164 165 240 14 23 1
7 322 165 165 240 14 23 1
7 322 166 165 240 14 23 1
7 322 167 165 240 14 23 1
7 322 168 165 240 14 23 1
7 322 169 165 240 14 23 1
7 322 170 165 240 14 23 1
7 322 171 165 240 14 23 1
7 322 172 165 240 14 23 1
7 322 173 165 240 14 23 1
7 322 174 165 240 14 23 1
7 322 175 165 240 14 23 1
7 322 176 165 240 14 23 1
7 322 177 165 240 14 23 1
7 322 178 165 240 14 23 1
7 322 179 165 240 14 23 1
7 322 180 165 240 14 23 1
7 322 181 165 240 14 23 1
7 322 182 165 240 14 23 1
7 322 183 165 240 14 23 1
7 322 184 165 240 14 23 1
7 322 185 165 240 14 23 1
7 322 186 165 240 14 23 1
7 322 187 165 240 14 23 1
7 322 188 165 240 14 23 1
7 322 189 165 240 14 23 1
7 322 190 165 240 14 23 1
7 322 191 165 240 14 23 1
7 322 192 165 240 14 23 1
7 322 193 165 240 14 23 1
7 322 194 165 240 14 23 1
7 322 195 165 240 14 23 1
7 322 196 165 240 14 23 1
7 322 197 165 240 14 23 1
7 322 198 165 240 14 23 1
7 322 199 165 240 14 23 1
7 322 200 165 240 14 23 1
7 322 201 165 240 14 23 1
7 322 202 165 240 14 23 1
7 322 203 165 240 14 23 1
7 322 204 165 240 14 23 1
7 322 205 165 240 14 23 1
7 322 206 165 240 14 23 1
7 322 207 165 240 14 23 1
7 322 208 165 240 14 23 1
7 322 209 165 240 14 23 1
7 322 210 165 240 14 23 1
7 322 211 165 240 14 23 1
7 322 212 165 240 14 23 1
7 322 213 165 240 14 23 1
7 322 214 165 240 14 23 1
7 322 215 165 240 14 23 1
7 322 216 165 240 14 23 1
7 322 217 165 240 14 23 1
7 322 218 165 240 14 23 1
7 322 219 165 240 14 23 1
7 322 220 165 240 14 23 1
7 322 221 165 240 14 23 1
7 322 222 165 240 14 23 1
7 322 223 165 240 14 23 1
7 322 224 165 240 14 23 1
7 322 225 165 240 14 23 1
7 322 226 165 240 14 23 1
7 322 227 165 240 14 23 1
7 322 228 165 240 14 23 1
7 322 229 165 240 14 23 1
7 322 230 165 240 14 23 1
7 322 231 165 240 14 23 1
7 322 232 165 240 14 23 1
7 322 233 165 240 14 23 1
7 322 234 165 240 14 23 1
7 322 235 165 240 14 23 1
7 322 236 165 240 14 23 1
7 322 237 165 240 14 23 1
7 322 238 165 240 14 23 1
7 322 239 165 240 14 23 1
7 322 240 165 240 14 23 1
7 322 241 165 240 14 23 1
7 322 242 165 240 14 23 1
7 322 243 165 240 14 23 1
7 322 244 165 240 14 23 1
7 322 245 165 240 14 23 1
7 322 246 165 240 14 23 1
7 322 247 165 240 14 23 1
7 322 248 165 240 14 23 1
7 322 249 165 240 14 23 1
7 322 250 165 240 14 23 1
7 322 251 165 240 14 23 1
7 322 252 165 240 14 23 1
7 322 253 165 240 14 23 1
7 322 254 165 240 14 23 1
7 322 255 165 240 14 23 1
7 322 256 165 240 14 23 1
7 322 257 165 240 14 23 1
7 322 258 165 240 14 23 1
7 322 259 165 240 14 23 1
7 322 260 165 240 14 23 1
7 322 261 165 240 14 23 1
7 322 262 165 240 14 23 1
7 322 263 165 240 14 23 1
7 322 264 165 240 14 23 1
7 322 265 165 240 14 23 1
7 322 266 165 240 14 23 1
7 322 267 165 240 14 23 1
7 322 268 165 240 14 23 1
7 322 269 165 240 14 23 1
7 322 270 165 240 14 23 1
7 322 271 165 240 14 23 1
7 322 272 165 240 14 23 1
7 322 273 165 240 14 23 1
7 322 274 165 240 14 23 1
7 322 275 165 240 14 23 1
7 322 276 165 240 14 23 1
7 322 277 165 240 14 23 1
7 322 278 165 240 14 23 1
7 322 279 165 240 14 23 1
7 322 280 165 240 14 23 1
7 322 281 165 240 14 23 1
7 322 282 165 240 14 23 1
7 322 283 165 240 14 23 1
7 322 284 165 240 14 23 1
7 322 285 165 240 14 23 1
7 322 286 165 240 14 23 1
7 322 287 165 240 14 23 1
7 322 288 165 240 14 23 1
7 322 289 165 240 14 23 1
7 322 290 165 240 14 23 1
7 322 291 165 240 14 23 1
7 322 292 165 240 14 23 1
7 322 293 165 240 14 23 1
7 322 294 165 240 14 23 1
7 322 295 165 240 14 23 1
7 322 296 165 240 14 23 1
7 322 297 165 240 14 23 1
7 322 298 165 240 14 23 1
7 322 299 165 240 14 23 1
7 322 300 165 240 14 23 1
7 322 301 165 240 14 23 1
7 322 302 165 240 14 23 1
7 322 303 165 240 14 23 1
7 322 304 165 240 14 23 1
7 322 305 165 240 14 23 1
7 322 306 165 240 14 23 1
7 322 307 165 240 14 23 1
7 322 308 165 240 14 23 1
7 322 309 165 240 14 23 1
7 322 310 165 240 14 23 1
7 322 311 165 240 14 23 1
7 322 312 165 240 14 23 1
7 322 313 165 240 14 23 1
7 322 314 165 240 14 23 1
7 322 315 165 240 14 23 1
7 322 316 165 240 14 23 1
7 322 317 165 240 14 23 1
7 322 318 165 240 14 23 1
7 322 319 165 240 14 23 1
7 322 320 165 240 14 23 1
7 322 321 165 240 14 23 1
8 202 120 234 232 7 9 1
8 202 121 231 231 9 10 1
8 202 122 229 231 11 12 1
8 202 123 227 229 13 16 1
8 202 124 225 229 13 18 1
8 202 125 224 229 14 19 1
8 202 126 220 227 18 23 1
8 202 127 218 227 18 25 1
8 202 128 216 225 20 29 1
8 202 129 215 225 21 31 1
8 202 130 213 225 23 32 1
8 202 131 211 225 23 32 1
8 202 132 211 225 23 32 1
8 202 133 209 225 23 32 1
8 202 134 209 225 23 32 1
8 202 135 208 227 23 32 1
8 202 136 208 227 23 32 1
8 202 137 206 227 23 32 1
8 202 138 206 227 23 32 1
8 202 139 204 227 23 32 1
8 202 140 204 229 23 32 1
8 202 141 202 227 23 32 1
8 202 142 202 227 23 32 1
8 202 143 202 227 23 32 1
8 202 144 200 227 24 32 1
8 202 145 200 227 24 32 1
8 202 146 200 227 24 32 1
8 202 147 199 227 23 32 1
8 202 148 199 227 23 32 1
8 202 149 199 227 23 32 1
8 202 150 199 227 23 32 1
8 202 151 197 225 23 32 1
8 202 152 195 225 23 32 1
8 202 153 193 225 23 32 1
8 202 154 192 225 23 32 1
8 202 155 192 225 23 32 1
8 202 156 190 224 23 32 1
8 202 157 188 224 23 32 1
8 202 158 186 224 23 32 1
8 202 159 184 224 24 32 1
8 202 160 184 224 24 32 1
8 202 161 183 224 23 32 1
8 202 162 183 224 23 32 1
8 202 163 183 224 23 32 1
8 202 164 181 224 23 32 1
8 202 165 181 224 23 32 1
8 202 166 181 224 23 32 1
8 202 167 181 224 23 32 1
8 202 168 179 224 23 32 1
8 202 169 179 224 23 32 1
8 202 170 179 224 23 32 1
8 202 171 179 224 23 32 1
8 202 172 177 224 23 32 1
8 202 173 177 224 23 32 1
8 202 174 177 225 23 32 1
8 202 175 177 225 23 32 1
8 202 176 176 225 23 32 1
8 202 177 176 227 23 32 1
8 202 178 176 227 23 32 1
8 202 179 176 227 23 32 1
8 202 180 176 229 23 32 1
8 202 181 172 224 23 32 1
8 202 182 172 224 23 32 1
8 202 183 172 224 23 32 1
8 202 184 172 224 23 32 1
8 202 185 172 224 23 32 1
8 202 186 172 225 23 32 1
8 202 187 172 225 23 32 1
8 202 188 172 225 23 32 1
8 202 189 172 225 23 32 1
8 202 190 174 227 23 32 1
8 202 191 174 227 23 32 1
8 202 192 174 227 23 32 1
8 202 193 174 227 23 32 1
8 202 194 174 227 23 32 1
8 202 195 174 227 23 32 1
8 202 196 174 227 23 32 1
8 202 197 174 227 23 32 1
8 202 198 174 227 23 32 1
8 202 199 174 227 23 32 1
8 202 200 174 229 23 32 1
8 202 201 167 220 23 32 1
8 202 202 167 220 23 32 1
8 202 203 167 222 23 32 1
8 202 204 168 222 24 32 1
8 202 205 168 224 24 32 1
8 202 206 168 224 24 32 1
8 202 207 170 225 23 32 1
8 202 208 170 225 23 32 1
8 202 209 170 227 23 32 1
8 202 210 172 229 23 32 1
8 202 211 172 229 23 32 1
8 202 212 172 229 23 32 1
8 202 213 172 229 23 32 1
8 202 214 172 229 23 32 1
8 202 215 172 229 23 32 1
8 202 216 172 229 23 32 1
8 202 217 172 229 23 32 1
8 202 218 172 229 23 32 1
8 202 219 172 229 23 32 1
8 202 220 172 229 23 32 1
8 202 221 160 220 23 32 1
8 202 222 161 220 23 32 1
8 202 223 163 220 23 32 1
8 202 224 165 222 23 32 1
8 202 225 167 222 23 32 1
8 202 226 168 222 24 32 1
8 202 227 170 224 23 32 1
8 202 228 172 224 23 32 1
8 202 229 174 224 23 32 1
8 202 230 176 225 23 32 1
8 202 231 174 225 23 32 1
8 202 232 174 225 23 32 1
8 202 233 174 225 23 32 1
8 202 234 174 225 23 32 1
8 202 235 174 225 23 32 1
8 202 236 174 225 23 32 1
8 202 237 174 225 23 32 1
8 202 238 174 225 23 32 1
8 202 239 174 225 23 32 1
8 202 240 174 227 23 32 1
8 202 241 158 220 23 32 1
8 202 242 158 220 23 32 1
8 202 243 160 220 23 32 1
8 202 244 161 222 23 32 1
8 202 245 163 222 23 32 1
8 202 246 163 222 23 32 1
8 202 247 165 224 23 32 1
8 202 248 167 224 23 32 1
8 202 249 168 224 24 32 1
8 202 250 170 225 23 32 1
8 202 251 170 225 23 32 1
8 202 252 170 225 23 32 1
8 202 253 170 225 23 32 1
8 202 254 170 225 23 32 1
8 202 255 172 225 23 32 1
8 202 256 172 225 23 32 1
8 202 257 172 225 23 32 1
8 202 258 172 225 23 32 1
8 202 259 172 225 23 32 1
8 202 260 174 227 23 32 1
8 202 261 152 220 24 32 1
8 202 262 154 220 23 32 1
8 202 263 156 220 23 32 1
8 202 264 158 222 23 32 1
8 202 265 160 222 23 32 1
8 202 266 163 224 23 32 1
8 202 267 165 224 23 32 1
8 202 268 167 225 23 32 1
8 202 269 168 225 24 32 1
8 202 270 172 227 23 32 1
8 202 271 172 227 23 32 1
8 202 272 172 227 23 32 1
8 202 273 172 227 23 32 1
8 202 274 172 227 23 32 1
8 202 275 172 227 23 32 1
8 202 276 172 227 23 32 1
8 202 277 172 227 23 32 1
8 202 278 172 227 23 32 1
8 202 279 172 227 23 32 1
8 202 280 172 227 23 32 1
8 202 281 172 227 23 32 1
8 202 282 172 227 23 32 1
8 202 283 172 227 23 32 1
8 202 284 172 227 23 32 1
8 202 285 172 227 23 32 1
8 202 286 172 227 23 32 1
8 202 287 172 227 23 32 1
8 202 288 172 227 23 32 1
8 202 289 172 227 23 32 1
8 202 290 172 227 23 32 1
8 202 291 172 227 23 32 1
8 202 292 172 227 23 32 1
8 202 293 172 227 23 32 1
8 202 294 172 227 23 32 1
8 202 295 172 227 23 32 1
8 202 296 172 227 23 32 1
8 202 297 172 227 23 32 1
8 202 298 172 227 23 32 1
8 202 299 172 227 23 32 1
8 202 300 172 227 23 32 1
8 202 301 172 227 23 32 1
8 202 302 172 227 23 32 1
8 202 303 172 227 23 32 1
8 202 304 172 227 23 32 1
8 202 305 172 227 23 32 1
8 202 306 172 227 23 32 1
8 202 307 172 227 23 32 1
8 202 308 172 227 23 32 1
8 202 309 172 227 23 32 1
8 202 310 172 227 23 32 1
8 202 311 172 227 23 32 1
8 202 312 172 227 23 32 1
8 202 313 172 227 23 32 1
8 202 314 172 227 23 32 1
8 202 315 172 227 23 32 1
8 202 316 172 227 23 32 1
8 202 317 172 227 23 32 1
8 202 318 172 227 23 32 1
8 202 319 172 227 23 32 1
8 202 320 172 227 23 32 1
8 202 321 172 227 23 32 1
9 322 0 131 232 16 18 1
9 322 1 129 231 16 17 1
9 322 2 129 231 16 17 1
9 322 3 129 231 16 17 1
9 322 4 129 231 16 17 1
9 322 5 129 231 16 17 1
9 322 6 129 231 16 17 1
9 322 7 129 231 16 17 1
9 322 8 129 231 16 17 1
9 322 9 129 231 16 17 1
9 322 10 129 231 16 17 1
9 322 11 129 231 16 17 1
9 322 12 129 231 16 17 1
9 322 13 129 231 16 17 1
9 322 14 129 231 16 17 1
9 322 15 129 231 16 17 1
9 322 16 129 231 16 17 1
9 322 17 129 231 16 17 1
9 322 18 129 231 16 17 1
9 322 19 129 231 16 17 1
9 322 20 129 231 16 17 1
9 322 21 129 231 16 17 1
9 322 22 129 231 16 17 1
9 322 23 129 231 16 17 1
9 322 24 129 231 16 17 1
9 322 25 129 231 16 17 1
9 322 26 129 231 16 17 1
9 322 27 129 231 16 17 1
9 322 28 129 231 16 17 1
9 322 29 129 231 16 17 1
9 322 30 129 231 16 17 1
9 322 31 128 229 16 18 1
9 322 32 128 229 16 18 1
9 322 33 128 229 16 18 1
9 322 34 128 229 16 18 1
9 322 35 128 229 16 18 1
9 322 36 128 229 16 18 1
9 322 37 128 229 16 18 1
9 322 38 128 229 16 18 1
9 322 39 128 229 16 18 1
9 322 40 128 229 16 18 1
9 322 41 128 229 16 18 1
9 322 42 128 229 16 18 1
9 322 43 128 229 16 18 1
9 322 44 128 229 16 18 1
9 322 45 128 229 16 18 1
9 322 46 128 229 16 18 1
9 322 47 128 229 16 18 1
9 322 48 128 229 16 18 1
9 322 49 128 229 16 18 1
9 322 50 128 229 16 18 1
9 322 51 128 229 16 18 1
9 322 52 128 229 16 18 1
9 322 53 128 229 16 18 1
9 322 54 128 229 16 18 1
9 322 55 128 229 16 18 1
9 322 56 128 229 16 18 1
9 322 57 128 229 16 18 1
9 322 58 128 229 16 18 1
9 322 59 128 229 16 18 1
9 322 60 128 229 16 18 1
9 322 61 126 227 16 18 1
9 322 62 126 227 16 18 1
9 322 63 126 227 16 18 1
9 322 64 126 227 16 18 1
9 322 65 126 227 16 18 1
9 322 66 126 227 16 18 1
9 322 67 126 227 16 18 1
9 322 68 126 227 16 18 1
9 322 69 126 227 16 18 1
9 322 70 126 227 16 18 1
9 322 71 126 227 16 18 1
9 322 72 126 227 16 18 1
9 322 73 126 227 16 18 1
9 322 74 126 227 16 18 1
9 322 75 126 227 16 18 1
9 322 76 126 227 16 18 1
9 322 77 126 227 16 18 1
9 322 78 124 227 16 18 1
9 322 79 124 227 16 18 1
9 322 80 124 227 16 18 1
9 322 81 124 227 16 18 1
9 322 82 124 227 16 18 1
9 322 83 124 227 16 18 1
9 322 84 124 227 16 18 1
9 322 85 124 227 16 18 1
9 322 86 124 227 16 18 1
9 322 87 124 227 16 18 1
9 322 88 124 227 16 18 1
9 322 89 124 227 16 18 1
9 322 90 124 227 16 18 1
9 322 91 124 227 16 18 1
9 322 92 124 227 16 18 1
9 322 93 124 227 16 18 1
9 322 94 124 227 16 18 1
9 322 95 124 227 16 18 1
9 322 96 122 227 16 18 1
9 322 97 122 227 16 18 1
9 322 98 122 227 16 18 1
9 322 99 122 227 16 18 1
9 322 100 122 227 16 18 1
9 322 101 122 227 16 18 1
9 322 102 122 227 16 18 1
9 322 103 122 227 16 18 1
9 322 104 122 227 16 18 1
9 322 105 122 227 16 18 1
9 322 106 122 227 16 18 1
9 322 107 122 227 16 18 1
9 322 108 122 227 16 18 1
9 322 109 122 227 16 18 1
9 322 110 122 227 16 18 1
9 322 111 122 227 16 18 1
9 322 112 122 227 16 18 1
9 322 113 120 227 16 18 1
9 322 114 120 227 16 18 1
9 322 115 120 227 16 18 1
9 322 116 120 227 16 18 1
9 322 117 120 227 16 18 1
9 322 118 120 227 16 18 1
9 322 119 120 227 16 18 1
9 322 120 120 227 16 18 1
9 322 121 120 227 16 18 1
9 322 122 120 227 16 18 1
9 322 123 120 227 16 18 1
9 322 124 120 227 16 18 1
9 322 125 120 227 16 18 1
9 322 126 120 227 16 18 1
9 322 127 120 227 16 18 1
9 322 128 120 227 16 18 1
9 322 129 120 227 16 18 1
9 322 130 120 227 16 18 1
9 322 131 119 227 16 18 1
9 322 132 119 227 16 18 1
9 322 133 119 227 16 18 1
9 322 134 119 227 16 18 1
9 322 135 119 227 16 18 1
9 322 136 119 227 16 18 1
9 322 137 119 227 16 18 1
9 322 138 119 227 16 18 1
9 322 139 119 227 16 18 1
9 322 140 119 227 16 18 1
9 322 141 119 227 16 18 1
9 322 142 119 227 16 18 1
9 322 143 119 227 16 18 1
9 322 144 119 227 16 18 1
9 322 145 119 227 16 18 1
9 322 146 119 227 16 18 1
9 322 147 119 227 16 18 1
9 322 148 119 227 16 18 1
9 322 149 119 227 16 18 1
9 322 150 119 227 16 18 1
9 322 151 119 227 16 18 1
9 322 152 119 227 16 18 1
9 322 153 119 227 16 18 1
9 322 154 119 227 16 18 1
9 322 155 119 227 16 18 1
9 322 156 119 227 16 18 1
9 322 157 119 227 16 18 1
9 322 158 119 227 16 18 1
9 322 159 119 227 16 18 1
9 322 160 119 227 16 18 1
9 322 161 119 227 16 18 1
9 322 162 119 227 16 18 1
9 322 163 119 227 16 18 1
9 322 164 119 227 16 18 1
9 322 165 119 227 16 18 1
9 322 166 119 227 16 18 1
9 322 167 119 227 16 18 1
9 322 168 119 227 16 18 1
9 322 169 119 227 16 18 1
9 322 170 119 227 16 18 1
9 322 171 119 227 16 18 1
9 322 172 119 227 16 18 1
9 322 173 119 227 16 18 1
9 322 174 119 227 16 18 1
9 322 175 119 227 16 18 1
9 322 176 119 227 16 18 1
9 322 177 119 227 16 18 1
9 322 178 119 227 16 18 1
9 322 179 119 227 16 18 1
9 322 180 119 227 16 18 1
9 322 181 119 227 16 18 1
9 322 182 119 227 16 18 1
9 322 183 119 227 16 18 1
9 322 184 119 227 16 18 1
9 322 185 119 227 16 18 1
9 322 186 119 227 16 18 1
9 322 187 119 227 16 18 1
9 322 188 119 227 16 18 1
9 322 189 119 227 16 18 1
9 322 190 119 227 16 18 1
9 322 191 119 227 16 18 1
9 322 192 119 227 16 18 1
9 322 193 120 227 16 18 1
9 322 194 120 227 16 18 1
9 322 195 120 227 16 18 1
9 322 196 120 227 16 18 1
9 322 197 120 227 16 18 1
9 322 198 120 227 16 18 1
9 322 199 120 227 16 18 1
9 322 200 120 227 16 18 1
9 322 201 120 227 16 18 1
9 322 202 120 227 16 18 1
9 322 203 120 227 16 18 1
9 322 204 120 227 16 18 1
9 322 205 120 227 16 18 1
9 322 206 120 227 16 18 1
9 322 207 120 227 16 18 1
9 322 208 120 227 16 18 1
9 322 209 120 227 16 18 1
9 322 210 120 227 16 18 1
9 322 211 120 227 16 18 1
9 322 212 120 227 16 18 1
9 322 213 120 227 16 18 1
9 322 214 120 227 16 18 1
9 322 215 120 227 16 18 1
9 322 216 120 227 16 18 1
9 322 217 120 227 16 18 1
9 322 218 120 227 16 18 1
9 322 219 120 227 16 18 1
9 322 220 120 227 16 18 1
9 322 221 120 227 16 18 1
9 322 222 120 227 16 18 1
9 322 223 120 227 16 18 1
9 322 224 120 227 16 18 1
9 322 225 122 227 16 18 1
9 322 226 122 227 16 18 1
9 322 227 122 227 16 18 1
9 322 228 122 227 16 18 1
9 322 229 122 227 16 18 1
9 322 230 122 227 16 18 1
9 322 231 122 227 16 18 1
9 322 232 122 227 16 18 1
9 322 233 122 227 16 18 1
9 322 234 122 227 16 18 1
9 322 235 122 227 16 18 1
9 322 236 122 227 16 18 1
9 322 237 122 227 16 18 1
9 322 238 122 227 16 18 1
9 322 239 122 227 16 18 1
9 322 240 122 227 16 18 1
9 322 241 122 227 16 18 1
9 322 242 122 227 16 18 1
9 322 243 122 227 16 18 1
9 322 244 122 227 16 18 1
9 322 245 122 227 16 18 1
9 322 246 122 227 16 18 1
9 322 247 122 227 16 18 1
9 322 248 122 227 16 18 1
9 322 249 122 227 16 18 1
9 322 250 122 227 16 18 1
9 322 251 122 227 16 18 1
9 322 252 122 227 16 18 1
9 322 253 122 227 16 18 1
9 322 254 122 227 16 18 1
9 322 255 122 227 16 18 1
9 322 256 122 227 16 18 1
9 322 257 124 227 16 18 1
9 322 258 124 227 16 18 1
9 322 259 124 227 16 18 1
9 322 260 124 227 16 18 1
9 322 261 124 227 16 18 1
9 322 262 124 227 16 18 1
9 322 263 124 227 16 18 1
9 322 264 124 227 16 18 1
9 322 265 124 227 16 18 1
9 322 266 124 227 16 18 1
9 322 267 124 227 16 18 1
9 322 268 124 227 16 18 1
9 322 269 124 227 16 18 1
9 322 270 124 227 16 18 1
9 322 271 124 227 16 18 1
9 322 272 124 227 16 18 1
9 322 273 124 227 16 18 1
9 322 274 124 227 16 18 1
9 322 275 124 227 16 18 1
9 322 276 124 227 16 18 1
9 322 277 124 227 16 18 1
9 322 278 124 227 16 18 1
9 322 279 124 227 16 18 1
9 322 280 124 227 16 18 1
9 322 281 124 227 16 18 1
9 322 282 124 227 16 18 1
9 322 283 124 227 16 18 1
9 322 284 124 227 16 18 1
9 322 285 124 227 16 18 1
9 322 286 124 227 16 18 1
9 322 287 124 227 16 18 1
9 322 288 124 227 16 18 1
9 322 289 126 227 16 18 1
9 322 290 126 227 16 18 1
9 322 291 126 227 16 18 1
9 322 292 126 227 16 18 1
9 322 293 126 227 16 18 1
9 322 294 126 227 16 18 1
9 322 295 126 227 16 18 1
9 322 296 126 227 16 18 1
9 322 297 126 227 16 18 1
9 322 298 126 227 16 18 1
9 322 299 126 227 16 18 1
9 322 300 126 227 16 18 1
9 322 301 126 227 16 18 1
9 322 302 126 227 16 18 1
9 322 303 126 227 16 18 1
9 322 304 126 227 16 18 1
9 322 305 126 227 16 18 1
9 322 306 126 227 16 18 1
9 322 307 126 227 16 18 1
9 322 308 126 227 16 18 1
9 322 309 126 227 16 18 1
9 322 310 126 227 16 18 1
9 322 311 126 227 16 18 1
9 322 312 126 227 16 18 1
9 322 313 126 227 16 18 1
9 322 314 126 227 16 18 1
9 322 315 126 227 16 18 1
9 322 316 126 227 16 18 1
9 322 317 126 227 16 18 1
9 322 318 126 227 16 18 1
9 322 319 126 227 16 18 1
9 322 320 126 227 16 18 1
9 322 321 128 229 16 18 1
