0 332 0 974 218 28 61 1
0 332 1 974 218 28 61 1
0 332 2 974 218 28 61 1
0 332 3 974 218 28 61 1
0 332 4 974 218 28 61 1
0 332 5 976 218 28 61 1
0 332 6 976 218 28 61 1
0 332 7 976 218 28 61 1
0 332 8 976 218 28 61 1
0 332 9 977 218 29 61 1
0 332 10 977 218 29 61 1
0 332 11 977 218 29 61 1
0 332 12 977 218 29 61 1
0 332 13 979 218 29 61 1
0 332 14 979 218 29 61 1
0 332 15 979 218 29 61 1
0 332 16 979 218 29 61 1
0 332 17 981 218 28 61 1
0 332 18 981 218 28 61 1
0 332 19 981 218 28 61 1
0 332 20 981 218 28 61 1
0 332 21 983 218 28 61 1
0 332 22 983 218 28 61 1
0 332 23 983 218 28 61 1
0 332 24 983 218 28 61 1
0 332 25 984 218 29 61 1
0 332 26 984 218 29 61 1
0 332 27 984 218 29 61 1
0 332 28 984 218 29 61 1
0 332 29 984 218 29 61 1
0 332 30 986 218 29 61 1
0 332 31 986 218 29 61 1
0 332 32 986 218 29 61 1
0 332 33 986 218 29 61 1
0 332 34 988 218 28 61 1
0 332 35 988 218 28 61 1
0 332 36 988 218 28 61 1
0 332 37 988 218 28 61 1
0 332 38 990 218 28 61 1
0 332 39 990 218 28 61 1
0 332 40 990 218 28 61 1
0 332 41 990 218 28 61 1
0 332 42 992 218 28 61 1
0 332 43 992 218 28 61 1
0 332 44 992 218 28 61 1
0 332 45 992 218 28 61 1
0 332 46 993 218 29 61 1
0 332 47 993 218 29 61 1
0 332 48 993 218 29 61 1
0 332 49 993 218 29 61 1
0 332 50 995 218 29 61 1
0 332 51 995 218 29 61 1
0 332 52 995 218 29 61 1
0 332 53 995 218 29 61 1
0 332 54 995 218 29 61 1
0 332 55 995 218 29 61 1
0 332 56 995 218 29 61 1
0 332 57 995 218 29 61 1
0 332 58 995 218 29 61 1
0 332 59 995 218 29 61 1
0 332 60 995 218 29 61 1
0 332 61 995 218 29 61 1
0 332 62 995 218 29 61 1
0 332 63 995 218 29 61 1
0 332 64 995 218 29 61 1
0 332 65 995 218 29 61 1
0 332 66 995 218 29 61 1
0 332 67 995 218 29 61 1
0 332 68 997 218 28 61 1
0 332 69 997 218 28 61 1
0 332 70 997 218 28 61 1
0 332 71 997 218 28 61 1
0 332 72 997 218 28 61 1
0 332 73 997 218 28 61 1
0 332 74 997 218 28 61 1
0 332 75 997 218 28 61 1
0 332 76 997 218 28 61 1
0 332 77 997 218 28 61 1
0 332 78 997 218 28 61 1
0 332 79 997 218 28 61 1
0 332 80 997 218 28 61 1
0 332 81 997 218 28 61 1
0 332 82 997 218 28 61 1
0 332 83 997 218 28 61 1
0 332 84 997 218 28 61 1
0 332 85 999 218 28 61 1
0 332 86 999 218 28 61 1
0 332 87 999 218 28 61 1
0 332 88 999 218 28 61 1
0 332 89 999 218 28 61 1
0 332 90 999 218 28 61 1
0 332 91 999 218 28 61 1
0 332 92 999 218 28 61 1
0 332 93 999 218 28 61 1
0 332 94 999 218 28 61 1
0 332 95 999 218 28 61 1
0 332 96 999 218 28 61 1
0 332 97 999 218 28 61 1
0 332 98 999 218 28 61 1
0 332 99 999 218 28 61 1
0 332 100 999 218 28 61 1
0 332 101 999 218 28 61 1
0 332 102 1000 220 29 60 1
0 332 103 1000 218 29 61 1
0 332 104 1000 218 29 61 1
0 332 105 1000 218 29 61 1
0 332 106 1000 218 29 61 1
0 332 107 1002 218 29 61 1
0 332 108 1002 218 29 61 1
0 332 109 1002 218 29 61 1
0 332 110 1002 218 29 61 1
0 332 111 1004 218 28 61 1
0 332 112 1004 218 28 61 1
0 332 113 1004 218 28 61 1
0 332 114 1004 218 28 61 1
0 332 115 1004 218 28 61 1
0 332 116 1004 218 28 61 1
0 332 117 1004 218 28 61 1
0 332 118 1004 218 28 61 1
0 332 119 1006 218 28 61 1
0 332 120 1006 218 28 61 1
0 332 121 1006 218 28 61 1
0 332 122 1006 220 28 60 1
0 332 123 1006 220 28 60 1
0 332 124 1006 220 28 60 1
0 332 125 1006 220 28 60 1
0 332 126 1008 220 28 60 1
0 332 127 1008 220 28 60 1
0 332 128 1008 220 28 60 1
0 332 129 1008 220 28 60 1
0 332 130 1008 220 28 60 1
0 332 131 1008 220 28 60 1
0 332 132 1008 220 28 60 1
0 332 133 1009 222 29 60 1
0 332 134 1009 222 29 60 1
0 332 135 1011 222 29 60 1
0 332 136 1011 222 29 60 1
0 332 137 1013 222 28 60 1
0 332 138 1013 222 28 60 1
0 332 139 1015 222 28 60 1
0 332 140 1015 222 28 60 1
0 332 141 1016 222 29 60 1
0 332 142 1018 222 29 60 1
0 332 143 1018 222 29 60 1
0 332 144 1020 222 28 60 1
0 332 145 1020 222 28 60 1
0 332 146 1022 222 28 60 1
0 332 147 1022 222 28 60 1
0 332 148 1024 222 28 60 1
0 332 149 1024 222 28 60 1
0 332 150 1025 222 29 60 1
0 332 151 1027 222 29 60 1
0 332 152 1027 222 29 60 1
0 332 153 1029 222 28 60 1
0 332 154 1029 222 28 60 1
0 332 155 1031 222 28 60 1
0 332 156 1031 222 28 60 1
0 332 157 1032 222 29 60 1
0 332 158 1032 222 29 60 1
0 332 159 1034 222 29 60 1
0 332 160 1036 222 28 60 1
0 332 161 1036 222 28 60 1
0 332 162 1038 222 28 60 1
0 332 163 1038 222 28 60 1
0 332 164 1040 222 28 60 1
0 332 165 1040 222 28 60 1
0 332 166 1041 222 29 60 1
0 332 167 1041 222 29 60 1
0 332 168 1043 222 29 60 1
0 332 169 1045 222 28 60 1
0 332 170 1045 222 28 60 1
0 332 171 1047 222 28 60 1
0 332 172 1047 222 28 60 1
0 332 173 1048 222 29 60 1
0 332 174 1048 222 29 60 1
0 332 175 1050 222 29 60 1
0 332 176 1050 222 29 60 1
0 332 177 1052 222 28 60 1
0 332 178 1054 224 28 60 1
0 332 179 1054 224 28 60 1
0 332 180 1056 224 28 60 1
0 332 181 1057 224 29 60 1
0 332 182 1057 224 29 60 1
0 332 183 1059 224 29 60 1
0 332 184 1061 224 28 60 1
0 332 185 1061 224 28 60 1
0 332 186 1063 224 28 60 1
0 332 187 1064 224 29 60 1
0 332 188 1064 224 29 60 1
0 332 189 1066 224 29 60 1
0 332 190 1068 224 28 60 1
0 332 191 1070 224 28 60 1
0 332 192 1070 224 28 60 1
0 332 193 1072 224 28 60 1
0 332 194 1073 224 29 60 1
0 332 195 1073 224 29 60 1
0 332 196 1075 224 29 60 1
0 332 197 1077 224 28 60 1
0 332 198 1077 224 28 60 1
0 332 199 1079 224 28 60 1
0 332 200 1080 224 29 60 1
0 332 201 1082 224 29 60 1
0 332 202 1082 224 29 60 1
0 332 203 1084 224 28 60 1
0 332 204 1086 224 28 60 1
0 332 205 1086 224 28 62 1
0 332 206 1088 224 28 62 1
0 332 207 1089 224 29 62 1
0 332 208 1089 224 29 62 1
0 332 209 1091 224 29 62 1
0 332 210 1093 224 28 62 1
0 332 211 1095 224 28 62 1
0 332 212 1095 224 28 62 1
0 332 213 1096 224 29 62 1
0 332 214 1098 224 29 62 1
0 332 215 1098 224 29 62 1
0 332 216 1100 224 28 62 1
0 332 217 1102 224 28 62 1
0 332 218 1102 224 28 62 1
0 332 219 1104 224 28 62 1
0 332 220 1105 224 29 62 1
0 332 221 1107 224 29 62 1
0 332 222 1107 224 29 62 1
0 332 223 1109 224 28 62 1
0 332 224 1111 224 28 62 1
0 332 225 1111 224 28 62 1
0 332 226 1112 224 29 62 1
0 332 227 1114 224 29 62 1
0 332 228 1114 224 29 62 1
0 332 229 1116 224 28 62 1
0 332 230 1118 224 28 62 1
0 332 231 1120 224 28 64 1
0 332 232 1120 224 28 64 1
0 332 233 1121 224 29 64 1
0 332 234 1123 224 29 64 1
0 332 235 1125 224 28 64 1
0 332 236 1125 224 28 64 1
0 332 237 1127 224 28 64 1
0 332 238 1128 224 29 64 1
0 332 239 1130 224 29 64 1
0 332 240 1132 224 28 64 1
0 332 241 1132 224 28 64 1
0 332 242 1134 224 28 64 1
0 332 243 1136 224 28 64 1
0 332 244 1137 224 29 64 1
0 332 245 1137 224 29 64 1
0 332 246 1139 224 29 64 1
0 332 247 1141 224 28 64 1
0 332 248 1143 224 28 64 1
0 332 249 1144 224 29 65 1
0 332 250 1144 224 29 65 1
0 332 251 1146 224 29 65 1
0 332 252 1148 224 28 65 1
0 332 253 1150 224 28 65 1
0 332 254 1152 224 28 65 1
0 332 255 1152 224 28 65 1
0 332 256 1153 224 29 65 1
0 332 257 1155 224 29 65 1
0 332 258 1157 224 28 65 1
0 332 259 1157 224 28 65 1
0 332 260 1159 224 28 65 1
0 332 261 1160 224 29 65 1
0 332 262 1162 224 29 65 1
0 332 263 1164 224 28 65 1
0 332 264 1164 224 28 65 1
0 332 265 1166 224 28 65 1
0 332 266 1168 225 28 66 1
0 332 267 1169 225 29 66 1
0 332 268 1169 225 29 66 1
0 332 269 1171 225 29 66 1
0 332 270 1173 225 28 66 1
0 332 271 1175 225 28 66 1
0 332 272 1176 225 29 66 1
0 332 273 1176 225 29 66 1
0 332 274 1178 225 29 66 1
0 332 275 1180 225 28 66 1
0 332 276 1182 225 28 66 1
0 332 277 1184 225 28 66 1
0 332 278 1184 225 28 66 1
0 332 279 1185 225 29 66 1
0 332 280 1187 225 29 66 1
0 332 281 1189 225 28 66 1
0 332 282 1189 225 28 66 1
0 332 283 1191 225 28 68 1
0 332 284 1192 225 29 68 1
0 332 285 1194 225 29 68 1
0 332 286 1196 225 28 68 1
0 332 287 1196 225 28 68 1
0 332 288 1198 225 28 68 1
0 332 289 1200 225 28 68 1
0 332 290 1201 225 29 68 1
0 332 291 1201 225 29 68 1
0 332 292 1203 225 29 68 1
0 332 293 1205 225 28 68 1
0 332 294 1207 225 28 68 1
0 332 295 1208 225 29 68 1
0 332 296 1208 225 29 68 1
0 332 297 1210 225 29 68 1
0 332 298 1212 225 28 68 1
0 332 299 1214 225 28 68 1
0 332 300 1216 227 28 68 1
0 332 301 1216 225 30 70 1
0 332 302 1217 225 31 70 1
0 332 303 1219 225 30 70 1
0 332 304 1219 225 32 70 1
0 332 305 1221 225 32 70 1
0 332 306 1223 224 32 71 1
0 332 307 1224 224 32 71 1
0 332 308 1224 224 34 71 1
0 332 309 1226 224 34 71 1
0 332 310 1228 224 34 71 1
0 332 311 1230 224 34 71 1
0 332 312 1232 224 32 71 1
0 332 313 1233 224 32 71 1
0 332 314 1235 224 32 71 1
0 332 315 1237 224 32 71 1
0 332 316 1239 224 30 71 1
0 332 317 1240 224 31 71 1
0 332 318 1242 224 30 71 1
0 332 319 1246 225 28 71 1
0 332 320 1246 225 28 71 1
0 332 321 1248 225 26 71 1
0 332 322 1249 225 27 71 1
0 332 323 1251 225 25 71 1
0 332 324 1253 225 25 71 1
0 332 325 1253 227 25 69 1
0 332 326 1255 229 23 67 1
0 332 327 1255 231 23 65 1
0 332 328 1256 232 22 64 1
0 332 329 1256 234 22 62 1
0 332 330 1258 236 20 60 1
0 332 331 1258 236 20 60 1
1 237 256 1264 240 14 69 1
1 237 257 1262 238 14 69 1
1 237 258 1260 236 16 69 1
1 237 259 1258 234 18 70 1
1 237 260 1256 232 20 70 1
1 237 261 1255 231 21 69 1
1 237 262 1253 231 23 69 1
1 237 263 1248 231 28 69 1
1 237 264 1244 231 32 69 1
1 237 265 1240 231 36 69 1
1 237 266 1237 231 39 69 1
1 237 267 1233 229 39 69 1
1 237 268 1232 229 39 69 1
1 237 269 1230 229 37 69 1
1 237 270 1226 229 39 69 1
1 237 271 1224 229 38 69 1
1 237 272 1223 229 37 69 1
1 237 273 1219 229 37 69 1
1 237 274 1217 229 38 69 1
1 237 275 1216 229 35 69 1
1 237 276 1212 229 37 69 1
1 237 277 1210 229 36 69 1
1 237 278 1208 229 36 69 1
1 237 279 1207 229 33 69 1
1 237 280 1203 229 36 69 1
1 237 281 1201 229 34 69 1
1 237 282 1200 229 33 69 1
1 237 283 1196 227 34 69 1
1 237 284 1194 227 34 69 1
1 237 285 1192 227 32 69 1
1 237 286 1189 227 34 69 1
1 237 287 1187 227 32 69 1
1 237 288 1185 227 32 69 1
1 237 289 1184 227 30 69 1
1 237 290 1180 227 32 69 1
1 237 291 1178 227 30 69 1
1 237 292 1176 227 31 69 1
1 237 293 1173 227 30 69 1
1 237 294 1171 227 30 69 1
1 237 295 1169 227 29 69 1
1 237 296 1166 227 30 69 1
1 237 297 1164 227 28 69 1
1 237 298 1162 227 29 69 1
1 237 299 1160 227 29 69 1
1 237 300 1157 225 30 70 1
1 237 301 1155 224 29 69 1
1 237 302 1153 224 29 69 1
1 237 303 1152 224 28 69 1
1 237 304 1150 224 28 69 1
1 237 305 1148 222 27 71 1
1 237 306 1146 222 27 71 1
1 237 307 1144 222 27 71 1
1 237 308 1143 222 26 71 1
1 237 309 1141 222 27 71 1
1 237 310 1137 222 27 69 1
1 237 311 1136 222 26 69 1
1 237 312 1134 222 26 69 1
1 237 313 1132 222 27 69 1
1 237 314 1130 224 27 67 1
1 237 315 1128 224 27 65 1
1 237 316 1127 224 26 65 1
1 237 317 1125 224 27 65 1
1 237 318 1123 224 27 65 1
1 237 319 1121 225 27 64 1
1 237 320 1118 225 26 64 1
1 237 321 1116 225 27 64 1
1 237 322 1114 225 27 64 1
1 237 323 1112 225 27 64 1
1 237 324 1111 225 26 64 1
1 237 325 1109 225 27 64 1
1 237 326 1107 225 27 64 1
1 237 327 1105 225 27 64 1
1 237 328 1104 225 26 64 1
1 237 329 1102 224 26 64 1
1 237 330 1100 224 27 64 1
1 237 331 1098 224 27 64 1
1 237 332 1096 224 27 64 1
1 237 333 1095 224 26 64 1
1 237 334 1093 224 27 64 1
1 237 335 1091 224 27 64 1
1 237 336 1089 224 27 64 1
1 237 337 1086 224 26 62 1
1 237 338 1084 224 27 60 1
1 237 339 1080 224 27 60 1
1 237 340 1079 224 26 58 1
1 237 341 1077 224 27 56 1
1 237 342 1073 224 27 56 1
1 237 343 1072 224 26 55 1
1 237 344 1070 224 26 55 1
1 237 345 1066 222 27 55 1
1 237 346 1064 222 27 55 1
1 237 347 1063 222 26 55 1
1 237 348 1059 220 27 57 1
1 237 349 1057 220 27 55 1
1 237 350 1056 220 26 55 1
1 237 351 1052 220 27 55 1
1 237 352 1050 220 27 57 1
1 237 353 1048 220 27 57 1
1 237 354 1047 220 26 59 1
1 237 355 1045 220 27 59 1
1 237 356 1043 220 27 60 1
1 237 357 1041 220 27 60 1
1 237 358 1040 220 26 62 1
1 237 359 1038 222 26 62 1
1 237 360 1034 222 29 62 1
1 237 361 1032 222 29 62 1
1 237 362 1031 222 28 62 1
1 237 363 1027 222 30 62 1
1 237 364 1025 222 31 64 1
1 237 365 1024 222 30 64 1
1 237 366 1020 222 32 64 1
1 237 367 1018 222 32 64 1
1 237 368 1016 222 32 64 1
1 237 369 1015 222 33 66 1
1 237 370 1013 220 32 66 1
1 237 371 1011 220 32 66 1
1 237 372 1009 220 32 66 1
1 237 373 1008 220 32 66 1
1 237 374 1006 220 30 66 1
1 237 375 1004 220 30 66 1
1 237 376 1002 220 30 66 1
1 237 377 1002 220 29 66 1
1 237 378 999 220 28 66 1
1 237 379 997 220 28 66 1
1 237 380 995 220 29 66 1
1 237 381 993 220 29 66 1
1 237 382 992 220 28 66 1
1 237 383 990 220 28 66 1
1 237 384 988 220 28 66 1
1 237 385 986 220 29 66 1
1 237 386 984 222 29 66 1
1 237 387 981 222 30 64 1
1 237 388 979 222 30 64 1
1 237 389 976 222 32 64 1
1 237 390 974 222 34 64 1
1 237 391 970 222 36 62 1
1 237 392 968 222 36 62 1
1 237 393 965 222 37 62 1
1 237 394 963 224 39 60 1
1 237 395 961 222 38 62 1
1 237 396 960 222 37 62 1
1 237 397 958 222 37 62 1
1 237 398 956 222 37 62 1
1 237 399 954 220 36 64 1
1 237 400 952 220 36 64 1
1 237 401 951 220 35 64 1
1 237 402 949 220 35 64 1
1 237 403 949 220 34 64 1
1 237 404 947 220 32 64 1
1 237 405 945 220 32 64 1
1 237 406 944 220 32 64 1
1 237 407 942 220 32 64 1
1 237 408 940 220 32 64 1
1 237 409 938 220 30 64 1
1 237 410 936 220 31 64 1
1 237 411 935 220 30 64 1
1 237 412 933 220 30 64 1
1 237 413 933 220 28 64 1
1 237 414 929 220 31 64 1
1 237 415 928 220 30 64 1
1 237 416 926 220 30 64 1
1 237 417 924 220 30 64 1
1 237 418 922 220 30 64 1
1 237 419 920 220 31 64 1
1 237 420 919 220 30 64 1
1 237 421 917 220 30 64 1
1 237 422 915 220 32 64 1
1 237 423 913 220 31 60 1
1 237 424 912 220 30 59 1
1 237 425 910 220 28 57 1
1 237 426 908 220 28 55 1
1 237 427 906 220 27 52 1
1 237 428 904 220 27 50 1
1 237 429 903 220 25 48 1
1 237 430 901 220 25 46 1
1 237 431 897 218 25 46 1
1 237 432 896 218 24 46 1
1 237 433 894 218 25 46 1
1 237 434 892 218 25 46 1
1 237 435 888 218 25 46 1
1 237 436 887 218 25 46 1
1 237 437 885 218 25 46 1
1 237 438 883 218 25 46 1
1 237 439 881 218 25 46 1
1 237 440 880 218 24 46 1
1 237 441 878 218 25 46 1
1 237 442 876 218 25 46 1
1 237 443 874 218 25 46 1
1 237 444 872 220 25 46 1
1 237 445 871 220 25 46 1
1 237 446 869 220 25 46 1
1 237 447 867 220 25 46 1
1 237 448 865 220 25 46 1
1 237 449 864 220 24 46 1
1 237 450 862 220 25 46 1
1 237 451 860 220 25 46 1
1 237 452 858 220 25 46 1
1 237 453 856 220 25 46 1
1 237 454 853 220 25 46 1
1 237 455 851 220 25 46 1
1 237 456 849 220 25 46 1
1 237 457 846 220 25 46 1
1 237 458 844 220 25 46 1
1 237 459 842 220 25 46 1
1 237 460 840 220 25 46 1
1 237 461 839 220 25 46 1
1 237 462 837 220 25 46 1
1 237 463 835 220 25 48 1
1 237 464 833 220 25 48 1
1 237 465 832 220 24 48 1
1 237 466 830 220 25 50 1
1 237 467 828 220 25 50 1
1 237 468 826 220 25 50 1
1 237 469 824 222 25 50 1
1 237 470 821 220 27 52 1
1 237 471 819 220 27 53 1
1 237 472 817 220 27 53 1
1 237 473 816 220 26 55 1
1 237 474 814 220 26 55 1
1 237 475 812 218 27 59 1
1 237 476 810 218 27 59 1
1 237 477 808 218 27 61 1
1 237 478 807 218 26 61 1
1 237 479 805 218 27 62 1
1 237 480 803 218 27 62 1
1 237 481 801 218 27 62 1
1 237 482 800 218 26 62 1
1 237 483 798 218 26 62 1
1 237 484 796 218 27 62 1
1 237 485 794 218 27 62 1
1 237 486 792 218 27 62 1
1 237 487 791 218 26 62 1
1 237 488 789 218 27 62 1
1 237 489 789 218 27 62 1
1 237 490 787 218 27 62 1
1 237 491 785 218 27 62 1
1 237 492 785 218 27 62 1
2 193 300 856 211 24 52 1
2 193 301 855 209 23 54 1
2 193 302 853 209 23 54 1
2 193 303 851 209 23 54 1
2 193 304 849 209 23 54 1
2 193 305 849 209 23 54 1
2 193 306 848 209 23 54 1
2 193 307 846 208 23 55 1
2 193 308 844 208 23 55 1
2 193 309 844 208 23 55 1
2 193 310 842 208 23 55 1
2 193 311 840 208 24 55 1
2 193 312 839 208 23 55 1
2 193 313 839 208 23 55 1
2 193 314 837 208 23 55 1
2 193 315 835 208 23 55 1
2 193 316 833 208 23 55 1
2 193 317 833 208 23 55 1
2 193 318 832 208 23 56 1
2 193 319 830 208 23 56 1
2 193 320 830 208 23 56 1
2 193 321 828 208 23 56 1
2 193 322 826 208 23 56 1
2 193 323 824 208 24 58 1
2 193 324 824 208 24 58 1
2 193 325 823 208 23 58 1
2 193 326 821 208 23 58 1
2 193 327 821 209 23 59 1
2 193 328 819 209 23 59 1
2 193 329 817 209 23 59 1
2 193 330 817 209 23 59 1
2 193 331 816 209 23 59 1
2 193 332 816 209 23 59 1
2 193 333 814 209 23 59 1
2 193 334 812 209 23 59 1
2 193 335 812 209 23 59 1
2 193 336 810 209 23 59 1
2 193 337 810 209 23 59 1
2 193 338 808 209 24 59 1
2 193 339 807 209 23 59 1
2 193 340 807 209 23 59 1
2 193 341 805 209 23 59 1
2 193 342 805 209 23 59 1
2 193 343 803 209 23 59 1
2 193 344 803 209 23 59 1
2 193 345 801 209 23 59 1
2 193 346 800 209 23 59 1
2 193 347 798 209 23 59 1
2 193 348 798 209 23 59 1
2 193 349 796 209 23 59 1
2 193 350 794 209 23 59 1
2 193 351 794 209 23 59 1
2 193 352 792 209 24 59 1
2 193 353 791 209 23 59 1
2 193 354 791 209 23 59 1
2 193 355 789 209 23 59 1
2 193 356 787 209 23 59 1
2 193 357 787 211 23 59 1
2 193 358 785 211 23 57 1
2 193 359 784 211 23 57 1
2 193 360 784 211 23 57 1
2 193 361 782 211 23 57 1
2 193 362 782 211 23 57 1
2 193 363 780 211 23 57 1
2 193 364 780 211 23 57 1
2 193 365 778 211 23 57 1
2 193 366 776 211 24 55 1
2 193 367 776 211 24 55 1
2 193 368 775 211 23 55 1
2 193 369 775 211 23 55 1
2 193 370 773 211 23 55 1
2 193 371 773 211 23 55 1
2 193 372 771 211 23 55 1
2 193 373 771 211 23 55 1
2 193 374 769 211 23 55 1
2 193 375 769 211 23 55 1
2 193 376 769 211 23 55 1
2 193 377 768 211 23 55 1
2 193 378 768 211 23 55 1
2 193 379 768 211 23 55 1
2 193 380 766 211 23 55 1
2 193 381 766 211 23 55 1
2 193 382 766 211 23 55 1
2 193 383 764 211 23 55 1
2 193 384 764 211 23 55 1
2 193 385 764 211 23 55 1
2 193 386 762 211 23 55 1
2 193 387 762 211 23 55 1
2 193 388 762 211 23 55 1
2 193 389 760 211 24 55 1
2 193 390 760 211 24 55 1
2 193 391 760 211 24 55 1
2 193 392 759 211 23 55 1
2 193 393 759 211 23 55 1
2 193 394 759 211 23 55 1
2 193 395 759 211 23 55 1
2 193 396 757 209 23 55 1
2 193 397 757 209 23 55 1
2 193 398 757 209 23 55 1
2 193 399 757 209 23 55 1
2 193 400 757 209 23 55 1
2 193 401 757 209 23 55 1
2 193 402 757 209 23 55 1
2 193 403 757 209 23 55 1
2 193 404 757 209 23 55 1
2 193 405 757 209 23 55 1
2 193 406 757 209 23 55 1
2 193 407 757 209 23 55 1
2 193 408 757 209 23 55 1
2 193 409 757 209 23 55 1
2 193 410 757 209 23 55 1
2 193 411 757 209 23 55 1
2 193 412 755 209 23 55 1
2 193 413 755 209 23 55 1
2 193 414 755 209 23 55 1
2 193 415 755 209 23 55 1
2 193 416 755 209 23 55 1
2 193 417 755 209 23 55 1
2 193 418 755 209 23 55 1
2 193 419 755 209 23 55 1
2 193 420 755 209 23 55 1
2 193 421 755 209 23 55 1
2 193 422 755 209 23 55 1
2 193 423 755 209 23 55 1
2 193 424 755 209 23 55 1
2 193 425 755 209 23 55 1
2 193 426 755 209 23 55 1
2 193 427 755 209 23 55 1
2 193 428 755 209 23 55 1
2 193 429 753 209 23 55 1
2 193 430 753 209 23 55 1
2 193 431 753 209 23 55 1
2 193 432 753 209 23 55 1
2 193 433 753 209 23 55 1
2 193 434 753 209 23 55 1
2 193 435 753 209 23 55 1
2 193 436 753 209 23 55 1
2 193 437 753 209 23 55 1
2 193 438 753 209 23 55 1
2 193 439 753 209 23 55 1
2 193 440 753 209 23 55 1
2 193 441 753 209 23 55 1
2 193 442 753 209 23 55 1
2 193 443 753 209 23 55 1
2 193 444 753 209 23 55 1
2 193 445 752 209 23 55 1
2 193 446 752 209 23 55 1
2 193 447 752 209 23 55 1
2 193 448 752 209 23 55 1
2 193 449 752 209 23 55 1
2 193 450 752 209 23 55 1
2 193 451 752 209 23 55 1
2 193 452 752 209 23 55 1
2 193 453 752 209 23 55 1
2 193 454 752 209 23 55 1
2 193 455 752 209 23 55 1
2 193 456 752 209 23 55 1
2 193 457 752 209 23 55 1
2 193 458 752 209 23 55 1
2 193 459 752 209 23 55 1
2 193 460 752 209 23 55 1
2 193 461 752 209 23 55 1
2 193 462 752 209 23 55 1
2 193 463 752 209 23 55 1
2 193 464 752 209 23 55 1
2 193 465 752 209 23 55 1
2 193 466 752 209 23 55 1
2 193 467 752 209 23 55 1
2 193 468 752 209 23 55 1
2 193 469 752 209 23 55 1
2 193 470 752 209 23 55 1
2 193 471 752 209 23 55 1
2 193 472 752 209 23 55 1
2 193 473 752 209 23 55 1
2 193 474 752 209 23 55 1
2 193 475 752 209 23 55 1
2 193 476 752 209 23 55 1
2 193 477 752 209 23 55 1
2 193 478 752 209 23 55 1
2 193 479 752 209 23 55 1
2 193 480 752 209 23 55 1
2 193 481 752 209 23 55 1
2 193 482 752 209 23 55 1
2 193 483 752 209 23 55 1
2 193 484 752 209 23 55 1
2 193 485 752 209 23 55 1
2 193 486 752 209 23 55 1
2 193 487 752 209 23 55 1
2 193 488 752 209 23 55 1
2 193 489 752 209 23 55 1
2 193 490 752 209 23 55 1
2 193 491 752 209 23 55 1
2 193 492 752 211 23 55 1
3 137 311 195 222 20 58 1
3 137 312 193 222 20 58 1
3 137 313 192 222 19 58 1
3 137 314 190 222 19 58 1
3 137 315 190 222 19 58 1
3 137 316 188 222 20 58 1
3 137 317 186 222 20 58 1
3 137 318 186 222 20 58 1
3 137 319 184 222 20 58 1
3 137 320 183 222 19 58 1
3 137 321 181 222 19 58 1
3 137 322 181 222 19 58 1
3 137 323 179 222 20 58 1
3 137 324 177 222 20 58 1
3 137 325 177 222 20 58 1
3 137 326 176 220 19 59 1
3 137 327 174 220 19 59 1
3 137 328 172 220 20 59 1
3 137 329 170 220 20 59 1
3 137 330 168 220 20 59 1
3 137 331 168 220 20 59 1
3 137 332 167 220 19 59 1
3 137 333 165 220 19 59 1
3 137 334 163 220 20 59 1
3 137 335 161 220 20 59 1
3 137 336 160 220 19 59 1
3 137 337 160 220 19 59 1
3 137 338 158 220 19 59 1
3 137 339 156 220 20 59 1
3 137 340 154 220 20 59 1
3 137 341 152 220 20 59 1
3 137 342 152 220 20 59 1
3 137 343 151 220 19 59 1
3 137 344 149 220 19 59 1
3 137 345 147 220 20 59 1
3 137 346 147 220 20 59 1
3 137 347 145 220 20 59 1
3 137 348 144 220 19 59 1
3 137 349 142 220 19 59 1
3 137 350 142 220 19 59 1
3 137 351 140 220 20 59 1
3 137 352 138 220 20 59 1
3 137 353 136 220 20 59 1
3 137 354 135 220 19 59 1
3 137 355 135 220 19 59 1
3 137 356 133 220 19 59 1
3 137 357 131 220 20 59 1
3 137 358 129 220 20 59 1
3 137 359 128 220 19 59 1
3 137 360 128 220 19 59 1
3 137 361 126 220 19 59 1
3 137 362 124 220 20 59 1
3 137 363 122 220 20 59 1
3 137 364 122 220 20 59 1
3 137 365 120 220 20 59 1
3 137 366 119 220 19 59 1
3 137 367 117 220 19 59 1
3 137 368 115 220 20 59 1
3 137 369 115 220 20 59 1
3 137 370 113 220 20 59 1
3 137 371 112 220 19 59 1
3 137 372 110 220 19 59 1
3 137 373 108 220 20 59 1
3 137 374 108 220 20 59 1
3 137 375 106 220 20 59 1
3 137 376 104 220 20 59 1
3 137 377 103 220 19 59 1
3 137 378 103 220 19 59 1
3 137 379 101 220 19 59 1
3 137 380 99 220 20 59 1
3 137 381 97 220 20 59 1
3 137 382 96 220 19 59 1
3 137 383 96 220 19 59 1
3 137 384 94 220 19 59 1
3 137 385 92 220 20 59 1
3 137 386 90 220 20 59 1
3 137 387 90 220 20 59 1
3 137 388 88 220 20 59 1
3 137 389 87 220 19 59 1
3 137 390 85 220 19 59 1
3 137 391 85 220 19 59 1
3 137 392 83 218 20 59 1
3 137 393 81 218 20 59 1
3 137 394 80 218 19 59 1
3 137 395 78 218 19 59 1
3 137 396 76 218 20 59 1
3 137 397 76 218 20 59 1
3 137 398 74 218 20 59 1
3 137 399 72 218 20 59 1
3 137 400 71 218 19 59 1
3 137 401 69 218 19 59 1
3 137 402 69 218 19 59 1
3 137 403 67 218 20 59 1
3 137 404 65 218 20 59 1
3 137 405 64 218 19 59 1
3 137 406 62 220 19 59 1
3 137 407 60 220 20 59 1
3 137 408 58 220 20 59 1
3 137 409 56 220 20 59 1
3 137 410 55 222 19 58 1
3 137 411 53 220 19 59 1
3 137 412 51 220 20 59 1
3 137 413 49 220 20 59 1
3 137 414 48 220 19 59 1
3 137 415 46 220 19 59 1
3 137 416 44 220 20 59 1
3 137 417 42 220 20 59 1
3 137 418 40 220 20 59 1
3 137 419 39 220 19 59 1
3 137 420 37 220 19 59 1
3 137 421 35 220 20 59 1
3 137 422 33 220 20 59 1
3 137 423 32 220 19 59 1
3 137 424 30 220 19 59 1
3 137 425 28 220 20 59 1
3 137 426 26 220 22 59 1
3 137 427 24 220 22 59 1
3 137 428 23 220 21 59 1
3 137 429 21 220 21 59 1
3 137 430 19 220 23 59 1
3 137 431 17 220 23 59 1
3 137 432 16 220 23 59 1
3 137 433 14 220 23 59 1
3 137 434 14 220 23 59 1
3 137 435 12 220 21 59 1
3 137 436 10 220 22 59 1
3 137 437 8 220 22 59 1
3 137 438 7 220 21 59 1
3 137 439 5 220 21 59 1
3 137 440 3 220 21 59 1
3 137 441 1 220 22 59 1
3 137 442 0 222 21 58 1
3 137 443 0 222 19 58 1
3 137 444 0 222 17 58 1
3 137 445 0 222 16 58 1
3 137 446 0 222 16 58 1
3 137 447 0 222 16 58 1
4 129 364 0 227 17 55 1
4 129 365 0 227 17 55 1
4 129 366 0 227 19 55 1
4 129 367 1 227 18 55 1
4 129 368 1 227 20 55 1
4 129 369 3 227 20 55 1
4 129 370 3 227 20 55 1
4 129 371 5 227 19 55 1
4 129 372 5 227 19 55 1
4 129 373 7 227 19 55 1
4 129 374 7 227 21 55 1
4 129 375 8 227 20 55 1
4 129 376 8 227 22 55 1
4 129 377 10 227 22 55 1
4 129 378 12 227 21 55 1
4 129 379 14 227 21 55 1
4 129 380 16 227 21 55 1
4 129 381 17 227 22 55 1
4 129 382 19 227 21 55 1
4 129 383 21 227 21 55 1
4 129 384 23 227 21 55 1
4 129 385 24 227 22 55 1
4 129 386 26 227 22 55 1
4 129 387 28 227 21 55 1
4 129 388 30 227 21 55 1
4 129 389 30 227 21 55 1
4 129 390 32 227 21 55 1
4 129 391 33 227 22 55 1
4 129 392 35 227 21 55 1
4 129 393 35 227 21 55 1
4 129 394 37 227 21 55 1
4 129 395 39 227 21 55 1
4 129 396 40 227 22 55 1
4 129 397 40 227 22 55 1
4 129 398 42 227 22 55 1
4 129 399 44 227 21 55 1
4 129 400 46 227 21 55 1
4 129 401 48 227 21 55 1
4 129 402 49 227 22 55 1
4 129 403 51 227 21 55 1
4 129 404 53 227 21 55 1
4 129 405 55 227 21 55 1
4 129 406 56 227 22 55 1
4 129 407 58 227 22 55 1
4 129 408 60 227 21 55 1
4 129 409 62 227 21 55 1
4 129 410 64 227 21 55 1
4 129 411 65 227 22 55 1
4 129 412 65 227 22 55 1
4 129 413 67 227 21 55 1
4 129 414 67 227 21 55 1
4 129 415 69 227 21 55 1
4 129 416 69 227 21 55 1
4 129 417 71 227 21 55 1
4 129 418 71 227 21 55 1
4 129 419 72 227 22 55 1
4 129 420 74 227 22 55 1
4 129 421 74 227 22 55 1
4 129 422 76 227 21 55 1
4 129 423 76 227 21 55 1
4 129 424 78 227 21 55 1
4 129 425 78 227 21 55 1
4 129 426 80 227 21 55 1
4 129 427 81 229 22 55 1
4 129 428 81 227 22 55 1
4 129 429 83 227 21 55 1
4 129 430 85 227 21 55 1
4 129 431 87 227 21 55 1
4 129 432 88 227 22 55 1
4 129 433 88 227 22 55 1
4 129 434 90 227 22 55 1
4 129 435 92 227 21 55 1
4 129 436 94 227 21 55 1
4 129 437 96 227 21 55 1
4 129 438 96 227 21 55 1
4 129 439 97 227 22 55 1
4 129 440 99 227 21 55 1
4 129 441 101 227 21 55 1
4 129 442 103 227 21 55 1
4 129 443 103 225 21 55 1
4 129 444 104 225 22 55 1
4 129 445 104 225 22 55 1
4 129 446 106 225 22 55 1
4 129 447 108 225 21 55 1
4 129 448 108 225 21 55 1
4 129 449 110 225 21 55 1
4 129 450 112 225 21 55 1
4 129 451 112 225 21 55 1
4 129 452 113 225 22 55 1
4 129 453 115 225 21 55 1
4 129 454 117 225 21 55 1
4 129 455 119 225 21 55 1
4 129 456 120 225 22 55 1
4 129 457 122 225 22 55 1
4 129 458 124 225 21 55 1
4 129 459 126 225 21 55 1
4 129 460 128 225 21 55 1
4 129 461 129 225 22 55 1
4 129 462 131 225 21 55 1
4 129 463 133 227 21 55 1
4 129 464 133 227 21 55 1
4 129 465 135 227 21 55 1
4 129 466 135 227 21 55 1
4 129 467 136 227 22 55 1
4 129 468 138 227 22 55 1
4 129 469 138 227 22 55 1
4 129 470 140 227 21 55 1
4 129 471 142 227 21 55 1
4 129 472 142 227 21 55 1
4 129 473 144 227 21 55 1
4 129 474 145 229 22 55 1
4 129 475 147 229 21 55 1
4 129 476 149 229 21 55 1
4 129 477 151 229 21 55 1
4 129 478 152 229 22 55 1
4 129 479 154 229 22 55 1
4 129 480 156 229 21 55 1
4 129 481 158 229 21 55 1
4 129 482 160 229 21 55 1
4 129 483 163 231 21 55 1
4 129 484 163 229 21 55 1
4 129 485 165 229 19 55 1
4 129 486 167 229 19 55 1
4 129 487 167 229 19 53 1
4 129 488 168 229 20 53 1
4 129 489 170 229 18 53 1
4 129 490 170 229 20 51 1
4 129 491 172 229 18 51 1
4 129 492 174 229 18 51 1
5 322 0 595 215 27 48 1
5 322 1 593 215 27 48 1
5 322 2 592 215 26 48 1
5 322 3 590 215 26 48 1
5 322 4 588 215 27 48 1
5 322 5 588 215 27 48 1
5 322 6 586 215 27 48 1
5 322 7 584 215 27 48 1
5 322 8 583 215 26 48 1
5 322 9 583 215 26 48 1
5 322 10 581 215 27 48 1
5 322 11 579 215 27 48 1
5 322 12 577 215 27 48 1
5 322 13 577 215 27 48 1
5 322 14 576 215 26 48 1
5 322 15 574 215 26 48 1
5 322 16 572 215 27 48 1
5 322 17 570 215 27 48 1
5 322 18 570 215 27 48 1
5 322 19 568 215 27 48 1
5 322 20 567 215 26 48 1
5 322 21 565 215 27 48 1
5 322 22 565 215 27 48 1
5 322 23 563 215 27 48 1
5 322 24 561 215 27 48 1
5 322 25 560 215 26 48 1
5 322 26 560 215 26 48 1
5 322 27 558 215 26 48 1
5 322 28 556 215 27 48 1
5 322 29 554 215 27 48 1
5 322 30 554 215 27 49 1
5 322 31 552 215 27 49 1
5 322 32 551 215 26 49 1
5 322 33 549 215 27 49 1
5 322 34 547 215 27 49 1
5 322 35 547 215 27 49 1
5 322 36 545 215 27 49 1
5 322 37 544 215 26 49 1
5 322 38 542 215 26 49 1
5 322 39 542 215 26 49 1
5 322 40 540 215 27 49 1
5 322 41 538 215 27 49 1
5 322 42 536 215 27 49 1
5 322 43 536 215 27 49 1
5 322 44 535 215 26 49 1
5 322 45 533 215 27 49 1
5 322 46 531 215 27 49 1
5 322 47 529 215 27 49 1
5 322 48 529 215 27 49 1
5 322 49 528 215 26 49 1
5 322 50 526 215 26 49 1
5 322 51 524 215 27 49 1
5 322 52 524 215 27 49 1
5 322 53 522 215 27 49 1
5 322 54 520 215 27 49 1
5 322 55 519 215 26 49 1
5 322 56 519 215 26 49 1
5 322 57 517 215 27 49 1
5 322 58 515 215 27 49 1
5 322 59 513 215 27 49 1
5 322 60 513 215 27 51 1
5 322 61 512 215 26 51 1
5 322 62 510 215 26 51 1
5 322 63 508 215 27 51 1
5 322 64 506 215 27 51 1
5 322 65 506 215 27 51 1
5 322 66 504 215 27 51 1
5 322 67 503 215 26 51 1
5 322 68 501 215 27 51 1
5 322 69 501 215 27 51 1
5 322 70 499 215 27 51 1
5 322 71 497 215 27 51 1
5 322 72 496 215 26 51 1
5 322 73 496 215 26 51 1
5 322 74 494 215 26 51 1
5 322 75 492 215 27 51 1
5 322 76 490 215 27 51 1
5 322 77 488 215 27 51 1
5 322 78 488 215 27 51 1
5 322 79 487 215 26 51 1
5 322 80 485 215 27 51 1
5 322 81 483 215 27 51 1
5 322 82 483 215 27 51 1
5 322 83 481 215 27 51 1
5 322 84 480 215 26 51 1
5 322 85 478 215 26 51 1
5 322 86 478 215 26 51 1
5 322 87 476 215 27 51 1
5 322 88 474 215 27 51 1
5 322 89 472 215 27 51 1
5 322 90 472 216 27 52 1
5 322 91 471 216 26 52 1
5 322 92 469 216 27 52 1
5 322 93 467 216 27 52 1
5 322 94 465 216 27 52 1
5 322 95 464 216 26 52 1
5 322 96 462 216 26 52 1
5 322 97 462 216 26 52 1
5 322 98 460 216 27 52 1
5 322 99 458 216 27 52 1
5 322 100 456 216 27 54 1
5 322 101 455 216 26 54 1
5 322 102 453 216 27 54 1
5 322 103 453 218 27 52 1
5 322 104 451 218 27 52 1
5 322 105 449 218 27 52 1
5 322 106 448 218 26 52 1
5 322 107 446 218 26 52 1
5 322 108 444 218 27 52 1
5 322 109 444 218 27 54 1
5 322 110 442 218 27 54 1
5 322 111 440 218 27 54 1
5 322 112 439 218 26 54 1
5 322 113 437 218 27 54 1
5 322 114 435 218 27 54 1
5 322 115 435 220 27 52 1
5 322 116 433 220 27 52 1
5 322 117 432 220 26 52 1
5 322 118 430 220 26 53 1
5 322 119 428 220 27 53 1
5 322 120 426 220 27 53 1
5 322 121 426 220 27 53 1
5 322 122 424 220 27 53 1
5 322 123 423 220 26 53 1
5 322 124 421 220 27 53 1
5 322 125 419 220 27 53 1
5 322 126 417 220 27 53 1
5 322 127 417 222 27 53 1
5 322 128 416 220 26 55 1
5 322 129 414 220 26 55 1
5 322 130 412 220 27 55 1
5 322 131 410 220 27 55 1
5 322 132 408 220 27 55 1
5 322 133 407 220 26 55 1
5 322 134 407 220 26 55 1
5 322 135 405 220 27 55 1
5 322 136 403 220 27 55 1
5 322 137 401 220 27 55 1
5 322 138 400 220 26 55 1
5 322 139 398 220 26 55 1
5 322 140 398 220 26 55 1
5 322 141 396 220 27 55 1
5 322 142 394 220 27 55 1
5 322 143 392 220 27 55 1
5 322 144 391 220 26 55 1
5 322 145 389 220 27 55 1
5 322 146 389 220 27 55 1
5 322 147 387 220 27 55 1
5 322 148 385 220 27 55 1
5 322 149 384 220 26 55 1
5 322 150 382 220 26 55 1
5 322 151 380 220 27 55 1
5 322 152 380 220 27 55 1
5 322 153 378 220 27 55 1
5 322 154 376 220 27 55 1
5 322 155 375 220 26 55 1
5 322 156 373 220 27 55 1
5 322 157 371 220 27 55 1
5 322 158 371 220 27 55 1
5 322 159 369 220 27 55 1
5 322 160 368 220 26 55 1
5 322 161 366 220 26 55 1
5 322 162 364 220 27 55 1
5 322 163 362 220 27 55 1
5 322 164 362 220 27 55 1
5 322 165 360 220 27 55 1
5 322 166 359 220 26 55 1
5 322 167 357 220 27 55 1
5 322 168 355 220 27 55 1
5 322 169 353 220 27 55 1
5 322 170 353 220 27 55 1
5 322 171 352 220 26 55 1
5 322 172 350 220 26 55 1
5 322 173 348 220 27 55 1
5 322 174 346 220 27 55 1
5 322 175 344 220 27 55 1
5 322 176 344 220 27 55 1
5 322 177 343 218 26 57 1
5 322 178 341 218 27 57 1
5 322 179 339 218 27 57 1
5 322 180 337 218 27 57 1
5 322 181 337 218 27 57 1
5 322 182 336 218 26 57 1
5 322 183 334 218 26 57 1
5 322 184 332 218 27 57 1
5 322 185 332 218 27 57 1
5 322 186 330 218 27 57 1
5 322 187 328 218 27 57 1
5 322 188 327 218 26 57 1
5 322 189 325 218 27 57 1
5 322 190 325 218 27 57 1
5 322 191 323 218 27 57 1
5 322 192 321 218 27 57 1
5 322 193 320 218 26 57 1
5 322 194 320 218 26 57 1
5 322 195 318 218 26 57 1
5 322 196 316 218 27 57 1
5 322 197 314 218 27 57 1
5 322 198 312 218 27 57 1
5 322 199 312 218 27 57 1
5 322 200 311 218 26 57 1
5 322 201 309 218 27 57 1
5 322 202 307 218 27 57 1
5 322 203 307 218 27 57 1
5 322 204 305 218 27 57 1
5 322 205 304 218 26 57 1
5 322 206 302 218 26 57 1
5 322 207 300 218 27 57 1
5 322 208 300 218 27 57 1
5 322 209 298 218 27 57 1
5 322 210 296 218 27 57 1
5 322 211 295 218 26 57 1
5 322 212 295 218 26 57 1
5 322 213 293 218 27 57 1
5 322 214 291 218 27 57 1
5 322 215 289 218 27 57 1
5 322 216 289 218 27 57 1
5 322 217 288 218 26 57 1
5 322 218 286 218 26 57 1
5 322 219 286 218 26 57 1
5 322 220 284 218 27 57 1
5 322 221 284 218 27 57 1
5 322 222 282 218 27 57 1
5 322 223 280 218 27 57 1
5 322 224 280 218 27 57 1
5 322 225 279 218 26 57 1
5 322 226 279 218 26 57 1
5 322 227 277 218 27 57 1
5 322 228 275 218 27 57 1
5 322 229 275 218 27 57 1
5 322 230 273 218 27 57 1
5 322 231 273 218 27 57 1
5 322 232 272 218 26 57 1
5 322 233 270 218 26 57 1
5 322 234 270 218 26 57 1
5 322 235 268 218 27 57 1
5 322 236 268 218 27 57 1
5 322 237 266 218 27 57 1
5 322 238 264 218 27 57 1
5 322 239 264 218 27 57 1
5 322 240 263 218 26 57 1
5 322 241 263 218 26 57 1
5 322 242 261 218 27 57 1
5 322 243 261 218 27 57 1
5 322 244 259 216 27 59 1
5 322 245 257 216 27 59 1
5 322 246 257 216 27 59 1
5 322 247 256 216 26 59 1
5 322 248 254 216 26 59 1
5 322 249 254 216 26 59 1
5 322 250 252 216 27 59 1
5 322 251 252 216 27 59 1
5 322 252 250 216 27 59 1
5 322 253 248 216 27 59 1
5 322 254 248 216 27 59 1
5 322 255 247 216 26 59 1
5 322 256 247 216 26 59 1
5 322 257 245 216 27 59 1
5 322 258 243 216 27 59 1
5 322 259 243 216 27 59 1
5 322 260 241 216 27 59 1
5 322 261 241 216 27 59 1
5 322 262 240 216 26 59 1
5 322 263 238 216 26 59 1
5 322 264 238 216 26 59 1
5 322 265 236 216 27 59 1
5 322 266 234 216 27 59 1
5 322 267 234 216 27 59 1
5 322 268 232 216 27 59 1
5 322 269 232 216 27 59 1
5 322 270 231 216 26 59 1
5 322 271 229 216 27 59 1
5 322 272 229 216 27 59 1
5 322 273 227 216 27 59 1
5 322 274 227 216 27 59 1
5 322 275 225 216 27 59 1
5 322 276 224 216 26 59 1
5 322 277 224 216 26 59 1
5 322 278 222 216 26 59 1
5 322 279 222 216 26 59 1
5 322 280 220 216 27 59 1
5 322 281 218 216 27 59 1
5 322 282 218 216 27 59 1
5 322 283 216 216 27 59 1
5 322 284 215 216 26 59 1
5 322 285 215 216 26 59 1
5 322 286 213 216 27 59 1
5 322 287 213 216 27 59 1
5 322 288 211 216 27 59 1
5 322 289 209 216 27 59 1
5 322 290 209 216 27 59 1
5 322 291 208 216 26 59 1
5 322 292 208 216 26 59 1
5 322 293 206 216 26 59 1
5 322 294 204 216 27 59 1
5 322 295 204 216 27 59 1
5 322 296 202 216 27 59 1
5 322 297 202 216 27 59 1
5 322 298 200 216 27 59 1
5 322 299 199 216 26 59 1
5 322 300 199 216 26 59 1
5 322 301 197 216 27 59 1
5 322 302 197 216 27 59 1
5 322 303 195 216 27 59 1
5 322 304 193 216 27 59 1
5 322 305 193 216 27 59 1
5 322 306 192 216 26 59 1
5 322 307 192 216 26 59 1
5 322 308 190 216 26 59 1
5 322 309 190 216 26 59 1
5 322 310 188 216 27 59 1
5 322 311 188 216 27 59 1
5 322 312 186 216 27 61 1
5 322 313 186 216 27 61 1
5 322 314 184 216 27 61 1
5 322 315 184 216 27 61 1
5 322 316 183 216 26 61 1
5 322 317 183 216 26 61 1
5 322 318 181 216 27 61 1
5 322 319 181 216 27 61 1
5 322 320 179 216 27 61 1
5 322 321 179 218 27 61 1
6 322 0 304 220 19 57 1
6 322 1 304 220 19 57 1
6 322 2 304 220 19 57 1
6 322 3 304 220 19 57 1
6 322 4 304 220 19 57 1
6 322 5 304 220 19 57 1
6 322 6 304 220 19 57 1
6 322 7 304 220 19 57 1
6 322 8 304 220 19 57 1
6 322 9 304 220 19 57 1
6 322 10 304 220 19 57 1
6 322 11 304 220 19 57 1
6 322 12 304 220 19 57 1
6 322 13 304 220 19 57 1
6 322 14 304 220 19 57 1
6 322 15 304 220 19 57 1
6 322 16 304 220 19 57 1
6 322 17 304 220 19 57 1
6 322 18 304 220 19 57 1
6 322 19 304 220 19 57 1
6 322 20 304 220 19 57 1
6 322 21 304 220 19 57 1
6 322 22 304 220 19 57 1
6 322 23 304 220 19 57 1
6 322 24 304 220 19 57 1
6 322 25 304 220 19 57 1
6 322 26 304 220 19 57 1
6 322 27 304 220 19 57 1
6 322 28 304 220 19 57 1
6 322 29 304 220 19 57 1
6 322 30 304 220 19 57 1
6 322 31 304 220 19 57 1
6 322 32 304 220 19 57 1
6 322 33 304 220 19 57 1
6 322 34 304 220 19 57 1
6 322 35 304 220 19 57 1
6 322 36 304 220 19 57 1
6 322 37 304 220 19 57 1
6 322 38 304 220 19 57 1
6 322 39 304 220 19 57 1
6 322 40 304 220 19 57 1
6 322 41 304 220 19 57 1
6 322 42 304 220 19 57 1
6 322 43 304 220 19 57 1
6 322 44 304 220 19 57 1
6 322 45 304 220 19 57 1
6 322 46 304 220 19 57 1
6 322 47 304 220 19 57 1
6 322 48 304 220 19 57 1
6 322 49 304 220 19 57 1
6 322 50 304 220 19 57 1
6 322 51 304 220 19 57 1
6 322 52 304 220 19 57 1
6 322 53 304 220 19 57 1
6 322 54 304 220 19 57 1
6 322 55 304 220 19 57 1
6 322 56 304 220 19 57 1
6 322 57 304 220 19 57 1
6 322 58 304 220 19 57 1
6 322 59 304 220 19 57 1
6 322 60 304 220 19 57 1
6 322 61 304 220 19 57 1
6 322 62 304 220 19 57 1
6 322 63 304 220 19 57 1
6 322 64 304 220 19 57 1
6 322 65 304 220 19 57 1
6 322 66 304 220 19 57 1
6 322 67 304 220 19 57 1
6 322 68 304 220 19 57 1
6 322 69 304 220 19 57 1
6 322 70 304 220 19 57 1
6 322 71 304 220 19 57 1
6 322 72 304 220 19 57 1
6 322 73 304 220 19 57 1
6 322 74 304 220 19 57 1
6 322 75 304 220 19 57 1
6 322 76 304 220 19 57 1
6 322 77 304 220 19 57 1
6 322 78 304 220 19 57 1
6 322 79 304 220 19 57 1
6 322 80 304 220 19 57 1
6 322 81 304 220 19 57 1
6 322 82 304 220 19 57 1
6 322 83 304 220 19 57 1
6 322 84 304 220 19 57 1
6 322 85 304 220 19 57 1
6 322 86 304 220 19 57 1
6 322 87 304 220 19 57 1
6 322 88 304 220 19 57 1
6 322 89 304 220 19 57 1
6 322 90 304 220 19 57 1
6 322 91 304 220 19 57 1
6 322 92 304 220 19 57 1
6 322 93 304 220 19 57 1
6 322 94 304 220 19 57 1
6 322 95 304 220 19 57 1
6 322 96 304 220 19 57 1
6 322 97 304 220 19 57 1
6 322 98 304 220 19 57 1
6 322 99 304 220 19 57 1
6 322 100 304 220 19 57 1
6 322 101 304 220 19 57 1
6 322 102 304 220 19 57 1
6 322 103 304 220 19 57 1
6 322 104 304 220 19 57 1
6 322 105 304 220 19 57 1
6 322 106 304 220 19 57 1
6 322 107 304 220 19 57 1
6 322 108 304 220 19 57 1
6 322 109 304 220 19 57 1
6 322 110 304 220 19 57 1
6 322 111 304 220 19 57 1
6 322 112 304 220 19 57 1
6 322 113 304 220 19 57 1
6 322 114 304 220 19 57 1
6 322 115 304 220 19 57 1
6 322 116 304 220 19 57 1
6 322 117 304 220 19 57 1
6 322 118 304 220 19 57 1
6 322 119 304 220 19 57 1
6 322 120 304 220 19 57 1
6 322 121 304 220 19 57 1
6 322 122 304 220 19 57 1
6 322 123 304 220 19 57 1
6 322 124 304 220 19 57 1
6 322 125 304 220 19 57 1
6 322 126 304 220 19 57 1
6 322 127 304 220 19 57 1
6 322 128 304 220 19 57 1
6 322 129 304 220 19 57 1
6 322 130 304 220 19 57 1
6 322 131 304 220 19 57 1
6 322 132 304 220 19 57 1
6 322 133 304 220 19 57 1
6 322 134 304 220 19 57 1
6 322 135 304 220 19 57 1
6 322 136 304 220 19 57 1
6 322 137 304 220 19 57 1
6 322 138 304 220 19 57 1
6 322 139 304 220 19 57 1
6 322 140 304 220 19 57 1
6 322 141 304 220 19 57 1
6 322 142 304 220 19 57 1
6 322 143 304 220 19 57 1
6 322 144 304 220 19 57 1
6 322 145 304 220 19 57 1
6 322 146 304 220 19 57 1
6 322 147 304 220 19 57 1
6 322 148 304 220 19 57 1
6 322 149 304 220 19 57 1
6 322 150 304 220 19 57 1
6 322 151 304 220 19 57 1
6 322 152 304 220 19 57 1
6 322 153 304 220 19 57 1
6 322 154 304 220 19 57 1
6 322 155 304 220 19 57 1
6 322 156 304 220 19 57 1
6 322 157 304 220 19 57 1
6 322 158 304 220 19 57 1
6 322 159 304 220 19 57 1
6 322 160 304 220 19 57 1
6 322 161 304 220 19 57 1
6 322 162 304 220 19 57 1
6 322 163 304 220 19 57 1
6 322 164 304 220 19 57 1
6 322 165 304 220 19 57 1
6 322 166 304 220 19 57 1
6 322 167 304 220 19 57 1
6 322 168 304 220 19 57 1
6 322 169 304 220 19 57 1
6 322 170 304 220 19 57 1
6 322 171 304 220 19 57 1
6 322 172 304 220 19 57 1
6 322 173 304 220 19 57 1
6 322 174 304 220 19 57 1
6 322 175 304 220 19 57 1
6 322 176 304 220 19 57 1
6 322 177 304 220 19 57 1
6 322 178 304 220 19 57 1
6 322 179 304 220 19 57 1
6 322 180 304 220 19 57 1
6 322 181 304 220 19 57 1
6 322 182 304 220 19 57 1
6 322 183 304 220 19 57 1
6 322 184 304 220 19 57 1
6 322 185 304 220 19 57 1
6 322 186 304 220 19 57 1
6 322 187 304 220 19 57 1
6 322 188 304 220 19 57 1
6 322 189 304 220 19 57 1
6 322 190 304 220 19 57 1
6 322 191 304 220 19 57 1
6 322 192 304 220 19 57 1
6 322 193 304 220 19 57 1
6 322 194 304 220 19 57 1
6 322 195 304 220 19 57 1
6 322 196 304 220 19 57 1
6 322 197 304 220 19 57 1
6 322 198 304 220 19 57 1
6 322 199 304 220 19 57 1
6 322 200 304 220 19 57 1
6 322 201 304 220 19 57 1
6 322 202 304 220 19 57 1
6 322 203 304 220 19 57 1
6 322 204 304 220 19 57 1
6 322 205 304 220 19 57 1
6 322 206 304 220 19 57 1
6 322 207 304 220 19 57 1
6 322 208 304 220 19 57 1
6 322 209 304 220 19 57 1
6 322 210 304 220 19 57 1
6 322 211 304 220 19 57 1
6 322 212 304 220 19 57 1
6 322 213 304 220 19 57 1
6 322 214 304 220 19 57 1
6 322 215 304 220 19 57 1
6 322 216 304 220 19 57 1
6 322 217 304 220 19 57 1
6 322 218 304 220 19 57 1
6 322 219 304 220 19 57 1
6 322 220 304 220 19 57 1
6 322 221 304 220 19 57 1
6 322 222 304 220 19 57 1
6 322 223 304 220 19 57 1
6 322 224 304 220 19 57 1
6 322 225 304 220 19 57 1
6 322 226 304 220 19 57 1
6 322 227 304 220 19 57 1
6 322 228 304 220 19 57 1
6 322 229 304 220 19 57 1
6 322 230 304 220 19 57 1
6 322 231 304 220 19 57 1
6 322 232 304 220 19 57 1
6 322 233 304 220 19 57 1
6 322 234 304 220 19 57 1
6 322 235 304 220 19 57 1
6 322 236 304 220 19 57 1
6 322 237 304 220 19 57 1
6 322 238 304 220 19 57 1
6 322 239 304 220 19 57 1
6 322 240 304 220 19 57 1
6 322 241 304 220 19 57 1
6 322 242 304 220 19 57 1
6 322 243 304 220 19 57 1
6 322 244 304 220 19 57 1
6 322 245 304 220 19 57 1
6 322 246 304 220 19 57 1
6 322 247 304 220 19 57 1
6 322 248 304 220 19 57 1
6 322 249 304 220 19 57 1
6 322 250 304 220 19 57 1
6 322 251 304 220 19 57 1
6 322 252 304 220 19 57 1
6 322 253 304 220 19 57 1
6 322 254 304 220 19 57 1
6 322 255 304 220 19 57 1
6 322 256 304 220 19 57 1
6 322 257 304 220 19 57 1
6 322 258 304 220 19 57 1
6 322 259 304 220 19 57 1
6 322 260 304 220 19 57 1
6 322 261 304 220 19 57 1
6 322 262 304 220 19 57 1
6 322 263 304 220 19 57 1
6 322 264 304 220 19 57 1
6 322 265 304 220 19 57 1
6 322 266 304 220 19 57 1
6 322 267 304 220 19 57 1
6 322 268 304 220 19 57 1
6 322 269 304 220 19 57 1
6 322 270 304 220 19 57 1
6 322 271 304 220 19 57 1
6 322 272 304 220 19 57 1
6 322 273 304 220 19 57 1
6 322 274 304 220 19 57 1
6 322 275 304 220 19 57 1
6 322 276 304 220 19 57 1
6 322 277 304 220 19 57 1
6 322 278 304 220 19 57 1
6 322 279 304 220 19 57 1
6 322 280 304 220 19 57 1
6 322 281 304 220 19 57 1
6 322 282 304 220 19 57 1
6 322 283 304 220 19 57 1
6 322 284 304 220 19 57 1
6 322 285 304 220 19 57 1
6 322 286 304 220 19 57 1
6 322 287 304 220 19 57 1
6 322 288 304 220 19 57 1
6 322 289 304 220 19 57 1
6 322 290 304 220 19 57 1
6 322 291 304 220 19 57 1
6 322 292 304 220 19 57 1
6 322 293 304 220 19 57 1
6 322 294 304 220 19 57 1
6 322 295 304 220 19 57 1
6 322 296 304 220 19 57 1
6 322 297 304 220 19 57 1
6 322 298 304 220 19 57 1
6 322 299 304 220 19 57 1
6 322 300 304 220 19 57 1
6 322 301 304 220 19 57 1
6 322 302 304 220 19 57 1
6 322 303 304 220 19 57 1
6 322 304 304 220 19 57 1
6 322 305 304 220 19 57 1
6 322 306 304 220 19 57 1
6 322 307 304 220 19 57 1
6 322 308 304 220 19 57 1
6 322 309 304 220 19 57 1
6 322 310 304 220 19 57 1
6 322 311 304 220 19 57 1
6 322 312 304 220 19 57 1
6 322 313 304 220 19 57 1
6 322 314 304 220 19 57 1
6 322 315 304 220 19 57 1
6 322 316 304 220 19 57 1
6 322 317 304 220 19 57 1
6 322 318 304 220 19 57 1
6 322 319 304 220 19 57 1
6 322 320 304 220 19 57 1
6 322 321 304 220 19 57 1
7 322 0 318 222 19 55 1
7 322 1 318 222 19 55 1
7 322 2 318 222 19 55 1
7 322 3 318 222 19 55 1
7 322 4 318 222 19 55 1
7 322 5 318 222 19 55 1
7 322 6 318 222 19 55 1
7 322 7 318 222 19 55 1
7 322 8 318 222 19 55 1
7 322 9 318 222 19 55 1
7 322 10 318 222 19 55 1
7 322 11 318 222 19 55 1
7 322 12 318 222 19 55 1
7 322 13 318 222 19 55 1
7 322 14 318 222 19 55 1
7 322 15 318 222 19 55 1
7 322 16 318 222 19 55 1
7 322 17 318 222 19 55 1
7 322 18 318 222 19 55 1
7 322 19 318 222 19 55 1
7 322 20 318 222 19 55 1
7 322 21 318 222 19 55 1
7 322 22 318 222 19 55 1
7 322 23 318 222 19 55 1
7 322 24 318 222 19 55 1
7 322 25 318 222 19 55 1
7 322 26 318 222 19 55 1
7 322 27 318 222 19 55 1
7 322 28 318 222 19 55 1
7 322 29 318 222 19 55 1
7 322 30 318 222 19 55 1
7 322 31 318 222 19 55 1
7 322 32 318 222 19 55 1
7 322 33 318 222 19 55 1
7 322 34 318 222 19 55 1
7 322 35 318 222 19 55 1
7 322 36 318 222 19 55 1
7 322 37 318 222 19 55 1
7 322 38 318 222 19 55 1
7 322 39 318 222 19 55 1
7 322 40 318 222 19 55 1
7 322 41 318 222 19 55 1
7 322 42 318 222 19 55 1
7 322 43 318 222 19 55 1
7 322 44 318 222 19 55 1
7 322 45 318 222 19 55 1
7 322 46 318 222 19 55 1
7 322 47 318 222 19 55 1
7 322 48 318 222 19 55 1
7 322 49 318 222 19 55 1
7 322 50 318 222 19 55 1
7 322 51 318 222 19 55 1
7 322 52 318 222 19 55 1
7 322 53 318 222 19 55 1
7 322 54 318 222 19 55 1
7 322 55 318 222 19 55 1
7 322 56 318 222 19 55 1
7 322 57 318 222 19 55 1
7 322 58 318 222 19 55 1
7 322 59 318 222 19 55 1
7 322 60 318 222 19 55 1
7 322 61 318 222 19 55 1
7 322 62 318 222 19 55 1
7 322 63 318 222 19 55 1
7 322 64 318 222 19 55 1
7 322 65 318 222 19 55 1
7 322 66 318 222 19 55 1
7 322 67 318 222 19 55 1
7 322 68 318 222 19 55 1
7 322 69 318 222 19 55 1
7 322 70 318 222 19 55 1
7 322 71 318 222 19 55 1
7 322 72 318 222 19 55 1
7 322 73 318 222 19 55 1
7 322 74 318 222 19 55 1
7 322 75 318 222 19 55 1
7 322 76 318 222 19 55 1
7 322 77 318 222 19 55 1
7 322 78 318 222 19 55 1
7 322 79 318 222 19 55 1
7 322 80 318 222 19 55 1
7 322 81 318 222 19 55 1
7 322 82 318 222 19 55 1
7 322 83 318 222 19 55 1
7 322 84 318 222 19 55 1
7 322 85 318 222 19 55 1
7 322 86 318 222 19 55 1
7 322 87 318 222 19 55 1
7 322 88 318 222 19 55 1
7 322 89 318 222 19 55 1
7 322 90 318 222 19 55 1
7 322 91 318 222 19 55 1
7 322 92 318 222 19 55 1
7 322 93 318 222 19 55 1
7 322 94 318 222 19 55 1
7 322 95 318 222 19 55 1
7 322 96 318 222 19 55 1
7 322 97 318 222 19 55 1
7 322 98 318 222 19 55 1
7 322 99 318 222 19 55 1
7 322 100 318 222 19 55 1
7 322 101 318 222 19 55 1
7 322 102 318 222 19 55 1
7 322 103 318 222 19 55 1
7 322 104 318 222 19 55 1
7 322 105 318 222 19 55 1
7 322 106 318 222 19 55 1
7 322 107 318 222 19 55 1
7 322 108 318 222 19 55 1
7 322 109 318 222 19 55 1
7 322 110 318 222 19 55 1
7 322 111 318 222 19 55 1
7 322 112 318 222 19 55 1
7 322 113 318 222 19 55 1
7 322 114 318 222 19 55 1
7 322 115 318 222 19 55 1
7 322 116 318 222 19 55 1
7 322 117 318 222 19 55 1
7 322 118 318 222 19 55 1
7 322 119 318 222 19 55 1
7 322 120 318 222 19 55 1
7 322 121 318 222 19 55 1
7 322 122 318 222 19 55 1
7 322 123 318 222 19 55 1
7 322 124 318 222 19 55 1
7 322 125 318 222 19 55 1
7 322 126 318 222 19 55 1
7 322 127 318 222 19 55 1
7 322 128 318 222 19 55 1
7 322 129 318 222 19 55 1
7 322 130 318 222 19 55 1
7 322 131 318 222 19 55 1
7 322 132 318 222 19 55 1
7 322 133 318 222 19 55 1
7 322 134 318 222 19 55 1
7 322 135 318 222 19 55 1
7 322 136 318 222 19 55 1
7 322 137 318 222 19 55 1
7 322 138 318 222 19 55 1
7 322 139 318 222 19 55 1
7 322 140 318 222 19 55 1
7 322 141 318 222 19 55 1
7 322 142 318 222 19 55 1
7 322 143 318 222 19 55 1
7 322 144 318 222 19 55 1
7 322 145 318 222 19 55 1
7 322 146 318 222 19 55 1
7 322 147 318 222 19 55 1
7 322 148 318 222 19 55 1
7 322 149 318 222 19 55 1
7 322 150 318 222 19 55 1
7 322 151 318 222 19 55 1
7 322 152 318 222 19 55 1
7 322 153 318 222 19 55 1
7 322 154 318 222 19 55 1
7 322 155 318 222 19 55 1
7 322 156 318 222 19 55 1
7 322 157 318 222 19 55 1
7 322 158 318 222 19 55 1
7 322 159 318 222 19 55 1
7 322 160 318 222 19 55 1
7 322 161 318 222 19 55 1
7 322 162 318 222 19 55 1
7 322 163 318 222 19 55 1
7 322 164 318 222 19 55 1
7 322 165 318 222 19 55 1
7 322 166 318 222 19 55 1
7 322 167 318 222 19 55 1
7 322 168 318 222 19 55 1
7 322 169 318 222 19 55 1
7 322 170 318 222 19 55 1
7 322 171 318 222 19 55 1
7 322 172 318 222 19 55 1
7 322 173 318 222 19 55 1
7 322 174 318 222 19 55 1
7 322 175 318 222 19 55 1
7 322 176 318 222 19 55 1
7 322 177 318 222 19 55 1
7 322 178 318 222 19 55 1
7 322 179 318 222 19 55 1
7 322 180 318 222 19 55 1
7 322 181 318 222 19 55 1
7 322 182 318 222 19 55 1
7 322 183 318 222 19 55 1
7 322 184 318 222 19 55 1
7 322 185 318 222 19 55 1
7 322 186 318 222 19 55 1
7 322 187 318 222 19 55 1
7 322 188 318 222 19 55 1
7 322 189 318 222 19 55 1
7 322 190 318 222 19 55 1
7 322 191 318 222 19 55 1
7 322 192 318 222 19 55 1
7 322 193 318 222 19 55 1
7 322 194 318 222 19 55 1
7 322 195 318 222 19 55 1
7 322 196 318 222 19 55 1
7 322 197 318 222 19 55 1
7 322 198 318 222 19 55 1
7 322 199 318 222 19 55 1
7 322 200 318 222 19 55 1
7 322 201 318 222 19 55 1
7 322 202 318 222 19 55 1
7 322 203 318 222 19 55 1
7 322 204 318 222 19 55 1
7 322 205 318 222 19 55 1
7 322 206 318 222 19 55 1
7 322 207 318 222 19 55 1
7 322 208 318 222 19 55 1
7 322 209 318 222 19 55 1
7 322 210 318 222 19 55 1
7 322 211 318 222 19 55 1
7 322 212 318 222 19 55 1
7 322 213 318 222 19 55 1
7 322 214 318 222 19 55 1
7 322 215 318 222 19 55 1
7 322 216 318 222 19 55 1
7 322 217 318 222 19 55 1
7 322 218 318 222 19 55 1
7 322 219 318 222 19 55 1
7 322 220 318 222 19 55 1
7 322 221 318 222 19 55 1
7 322 222 318 222 19 55 1
7 322 223 318 222 19 55 1
7 322 224 318 222 19 55 1
7 322 225 318 222 19 55 1
7 322 226 318 222 19 55 1
7 322 227 318 222 19 55 1
7 322 228 318 222 19 55 1
7 322 229 318 222 19 55 1
7 322 230 318 222 19 55 1
7 322 231 318 222 19 55 1
7 322 232 318 222 19 55 1
7 322 233 318 222 19 55 1
7 322 234 318 222 19 55 1
7 322 235 318 222 19 55 1
7 322 236 318 222 19 55 1
7 322 237 318 222 19 55 1
7 322 238 318 222 19 55 1
7 322 239 318 222 19 55 1
7 322 240 318 222 19 55 1
7 322 241 318 222 19 55 1
7 322 242 318 222 19 55 1
7 322 243 318 222 19 55 1
7 322 244 318 222 19 55 1
7 322 245 318 222 19 55 1
7 322 246 318 222 19 55 1
7 322 247 318 222 19 55 1
7 322 248 318 222 19 55 1
7 322 249 318 222 19 55 1
7 322 250 318 222 19 55 1
7 322 251 318 222 19 55 1
7 322 252 318 222 19 55 1
7 322 253 318 222 19 55 1
7 322 254 318 222 19 55 1
7 322 255 318 222 19 55 1
7 322 256 318 222 19 55 1
7 322 257 318 222 19 55 1
7 322 258 318 222 19 55 1
7 322 259 318 222 19 55 1
7 322 260 318 222 19 55 1
7 322 261 318 222 19 55 1
7 322 262 318 222 19 55 1
7 322 263 318 222 19 55 1
7 322 264 318 222 19 55 1
7 322 265 318 222 19 55 1
7 322 266 318 222 19 55 1
7 322 267 318 222 19 55 1
7 322 268 318 222 19 55 1
7 322 269 318 222 19 55 1
7 322 270 318 222 19 55 1
7 322 271 318 222 19 55 1
7 322 272 318 222 19 55 1
7 322 273 318 222 19 55 1
7 322 274 318 222 19 55 1
7 322 275 318 222 19 55 1
7 322 276 318 222 19 55 1
7 322 277 318 222 19 55 1
7 322 278 318 222 19 55 1
7 322 279 318 222 19 55 1
7 322 280 318 222 19 55 1
7 322 281 318 222 19 55 1
7 322 282 318 222 19 55 1
7 322 283 318 222 19 55 1
7 322 284 318 222 19 55 1
7 322 285 318 222 19 55 1
7 322 286 318 222 19 55 1
7 322 287 318 222 19 55 1
7 322 288 318 222 19 55 1
7 322 289 318 222 19 55 1
7 322 290 318 222 19 55 1
7 322 291 318 222 19 55 1
7 322 292 318 222 19 55 1
7 322 293 318 222 19 55 1
7 322 294 318 222 19 55 1
7 322 295 318 222 19 55 1
7 322 296 318 222 19 55 1
7 322 297 318 222 19 55 1
7 322 298 318 222 19 55 1
7 322 299 318 222 19 55 1
7 322 300 318 222 19 55 1
7 322 301 318 222 19 55 1
7 322 302 318 222 19 55 1
7 322 303 318 222 19 55 1
7 322 304 318 222 19 55 1
7 322 305 318 222 19 55 1
7 322 306 318 222 19 55 1
7 322 307 318 222 19 55 1
7 322 308 318 222 19 55 1
7 322 309 318 222 19 55 1
7 322 310 318 222 19 55 1
7 322 311 318 222 19 55 1
7 322 312 318 222 19 55 1
7 322 313 318 222 19 55 1
7 322 314 318 222 19 55 1
7 322 315 318 222 19 55 1
7 322 316 318 222 19 55 1
7 322 317 318 222 19 55 1
7 322 318 318 222 19 55 1
7 322 319 318 222 19 55 1
7 322 320 318 222 19 55 1
7 322 321 318 222 19 55 1
8 203 0 700 213 21 41 1
8 203 1 700 211 21 41 1
8 203 2 700 211 21 41 1
8 203 3 700 211 21 41 1
8 203 4 702 211 21 41 1
8 203 5 702 211 21 41 1
8 203 6 702 211 21 41 1
8 203 7 702 211 21 41 1
8 203 8 704 211 21 41 1
8 203 9 704 211 21 41 1
8 203 10 704 211 21 41 1
8 203 11 704 211 21 41 1
8 203 12 705 211 22 41 1
8 203 13 705 211 22 41 1
8 203 14 705 211 22 41 1
8 203 15 705 211 22 41 1
8 203 16 707 211 21 41 1
8 203 17 707 211 21 41 1
8 203 18 707 211 21 41 1
8 203 19 709 211 21 41 1
8 203 20 709 211 21 41 1
8 203 21 709 211 21 41 1
8 203 22 709 211 21 41 1
8 203 23 711 211 21 41 1
8 203 24 711 211 21 41 1
8 203 25 711 211 21 41 1
8 203 26 711 211 21 41 1
8 203 27 712 211 22 41 1
8 203 28 712 211 22 41 1
8 203 29 712 211 22 41 1
8 203 30 712 211 22 41 1
8 203 31 714 211 22 41 1
8 203 32 714 211 22 41 1
8 203 33 714 211 22 41 1
8 203 34 716 211 21 41 1
8 203 35 716 211 21 41 1
8 203 36 716 211 21 41 1
8 203 37 716 211 21 41 1
8 203 38 718 211 21 41 1
8 203 39 718 211 21 41 1
8 203 40 718 211 21 41 1
8 203 41 718 211 21 41 1
8 203 42 720 211 21 41 1
8 203 43 720 211 21 41 1
8 203 44 720 211 21 41 1
8 203 45 720 211 21 41 1
8 203 46 721 211 22 41 1
8 203 47 721 211 22 41 1
8 203 48 721 211 22 41 1
8 203 49 721 211 22 41 1
8 203 50 723 211 21 41 1
8 203 51 723 211 21 41 1
8 203 52 723 211 21 41 1
8 203 53 725 211 21 41 1
8 203 54 725 211 21 41 1
8 203 55 725 211 21 41 1
8 203 56 725 211 21 41 1
8 203 57 727 211 21 41 1
8 203 58 727 211 21 41 1
8 203 59 727 211 21 41 1
8 203 60 727 211 21 41 1
8 203 61 728 211 22 41 1
8 203 62 728 211 22 41 1
8 203 63 728 211 22 41 1
8 203 64 728 211 22 41 1
8 203 65 730 211 22 41 1
8 203 66 730 211 22 41 1
8 203 67 730 211 22 41 1
8 203 68 732 211 21 41 1
8 203 69 732 211 21 41 1
8 203 70 732 211 21 41 1
8 203 71 732 211 21 41 1
8 203 72 734 211 21 41 1
8 203 73 734 211 21 41 1
8 203 74 734 211 21 41 1
8 203 75 734 211 21 41 1
8 203 76 736 209 21 41 1
8 203 77 736 209 21 41 1
8 203 78 736 209 21 41 1
8 203 79 736 209 21 41 1
8 203 80 737 209 22 41 1
8 203 81 737 209 22 41 1
8 203 82 737 209 22 41 1
8 203 83 737 209 22 41 1
8 203 84 739 209 21 41 1
8 203 85 739 209 21 41 1
8 203 86 739 209 21 41 1
8 203 87 741 209 21 41 1
8 203 88 741 209 21 41 1
8 203 89 741 209 21 41 1
8 203 90 741 209 21 41 1
8 203 91 743 209 21 41 1
8 203 92 743 209 21 41 1
8 203 93 743 209 21 41 1
8 203 94 743 209 21 41 1
8 203 95 744 209 22 41 1
8 203 96 744 209 22 41 1
8 203 97 744 209 22 41 1
8 203 98 744 209 22 41 1
8 203 99 746 209 22 41 1
8 203 100 746 209 22 41 1
8 203 101 746 209 22 41 1
8 203 102 748 209 21 41 1
8 203 103 748 209 21 41 1
8 203 104 748 209 21 41 1
8 203 105 748 209 21 41 1
8 203 106 750 209 21 41 1
8 203 107 750 209 21 41 1
8 203 108 750 209 21 41 1
8 203 109 750 209 21 41 1
8 203 110 752 209 21 41 1
8 203 111 752 209 21 41 1
8 203 112 752 209 21 41 1
8 203 113 752 209 21 41 1
8 203 114 753 209 22 41 1
8 203 115 753 209 22 41 1
8 203 116 753 209 22 41 1
8 203 117 753 209 22 41 1
8 203 118 755 209 21 41 1
8 203 119 755 209 21 41 1
8 203 120 755 209 21 41 1
8 203 121 757 209 21 41 1
8 203 122 757 209 21 41 1
8 203 123 757 209 21 41 1
8 203 124 757 209 21 41 1
8 203 125 759 209 21 41 1
8 203 126 759 209 21 41 1
8 203 127 759 209 21 41 1
8 203 128 759 209 21 41 1
8 203 129 760 209 22 41 1
8 203 130 760 209 22 41 1
8 203 131 760 209 22 41 1
8 203 132 760 209 22 41 1
8 203 133 762 209 22 41 1
8 203 134 762 209 22 41 1
8 203 135 762 209 22 41 1
8 203 136 764 209 21 41 1
8 203 137 764 209 21 41 1
8 203 138 764 209 21 41 1
8 203 139 764 209 21 41 1
8 203 140 766 209 21 41 1
8 203 141 766 209 21 41 1
8 203 142 766 209 21 41 1
8 203 143 766 209 21 41 1
8 203 144 768 209 21 41 1
8 203 145 768 209 21 41 1
8 203 146 768 209 21 41 1
8 203 147 768 209 21 41 1
8 203 148 769 209 22 41 1
8 203 149 769 209 22 41 1
8 203 150 769 209 22 41 1
8 203 151 771 209 21 41 1
8 203 152 771 209 21 41 1
8 203 153 771 209 21 41 1
8 203 154 771 209 21 41 1
8 203 155 773 209 21 41 1
8 203 156 773 209 21 41 1
8 203 157 773 209 21 41 1
8 203 158 773 209 21 41 1
8 203 159 775 209 21 41 1
8 203 160 775 209 21 41 1
8 203 161 775 209 21 41 1
8 203 162 775 209 21 41 1
8 203 163 776 209 22 41 1
8 203 164 776 209 22 41 1
8 203 165 776 209 22 41 1
8 203 166 776 209 22 41 1
8 203 167 778 209 22 41 1
8 203 168 778 209 22 41 1
8 203 169 778 209 22 41 1
8 203 170 778 209 22 41 1
8 203 171 780 209 21 41 1
8 203 172 780 209 21 41 1
8 203 173 780 209 21 41 1
8 203 174 782 209 21 41 1
8 203 175 782 209 21 41 1
8 203 176 782 209 21 41 1
8 203 177 782 209 21 41 1
8 203 178 782 209 21 41 1
8 203 179 782 209 21 41 1
8 203 180 782 209 21 41 1
8 203 181 782 209 21 41 1
8 203 182 782 209 21 41 1
8 203 183 782 209 21 41 1
8 203 184 782 209 21 41 1
8 203 185 782 209 21 41 1
8 203 186 782 209 21 41 1
8 203 187 782 209 21 41 1
8 203 188 782 209 21 41 1
8 203 189 782 209 21 41 1
8 203 190 782 209 21 41 1
8 203 191 782 209 21 41 1
8 203 192 782 209 21 41 1
8 203 193 782 209 21 41 1
8 203 194 782 209 21 41 1
8 203 195 782 209 21 41 1
8 203 196 782 209 21 41 1
8 203 197 782 209 21 41 1
8 203 198 782 209 21 41 1
8 203 199 782 209 21 41 1
8 203 200 782 209 21 41 1
8 203 201 782 209 21 41 1
8 203 202 782 209 21 41 1
9 328 0 990 246 24 26 4
9 328 1 990 246 24 26 4
9 328 2 990 246 24 26 4
9 328 3 990 246 24 26 4
9 328 4 991 246 24 26 4
9 328 5 991 246 24 26 4
9 328 6 991 246 24 26 4
9 328 7 991 246 24 26 4
9 328 8 992 246 24 26 4
9 328 9 992 246 24 26 4
9 328 10 992 246 24 26 4
9 328 11 992 247 24 26 4
9 328 12 993 247 24 26 4
9 328 13 993 247 24 26 4
9 328 14 993 247 24 26 4
9 328 15 993 247 24 26 4
9 328 16 994 247 24 26 4
9 328 17 994 247 24 26 4
9 328 18 994 247 24 26 4
9 328 19 995 247 24 26 4
9 328 20 995 247 24 26 4
9 328 21 995 247 24 26 4
9 328 22 995 248 24 26 4
9 328 23 996 248 24 26 4
9 328 24 996 248 24 26 4
9 328 25 996 248 24 26 4
9 328 26 996 248 24 26 4
9 328 27 997 248 24 26 4
9 328 28 997 248 24 26 4
9 328 29 997 248 24 26 4
9 328 30 997 248 24 26 4
9 328 31 998 248 24 26 4
9 328 32 998 249 24 26 4
9 328 33 998 249 24 26 4
9 328 34 998 249 24 26 4
9 328 35 999 249 24 26 4
9 328 36 999 249 24 26 4
9 328 37 999 249 24 26 4
9 328 38 1000 249 24 26 4
9 328 39 1000 249 24 26 4
9 328 40 1000 249 24 26 4
9 328 41 1000 249 24 26 4
9 328 42 1001 249 24 26 4
9 328 43 1001 250 24 26 4
9 328 44 1001 250 24 26 4
9 328 45 1001 250 24 26 4
9 328 46 1002 250 24 26 4
9 328 47 1002 250 24 26 4
9 328 48 1002 250 24 26 4
9 328 49 1002 250 24 26 4
9 328 50 1003 250 24 26 4
9 328 51 1003 250 24 26 4
9 328 52 1003 250 24 26 4
9 328 53 1004 251 24 26 4
9 328 54 1004 251 24 26 4
9 328 55 1004 251 24 26 4
9 328 56 1004 251 24 26 4
9 328 57 1004 251 24 26 4
9 328 58 1004 251 24 26 4
9 328 59 1004 251 24 26 4
9 328 60 1004 251 24 26 4
9 328 61 1005 251 24 26 4
9 328 62 1005 251 24 26 4
9 328 63 1005 251 24 26 4
9 328 64 1005 251 24 26 4
9 328 65 1005 251 24 26 4
9 328 66 1005 251 24 26 4
9 328 67 1005 251 24 26 4
9 328 68 1005 251 24 26 4
9 328 69 1006 251 24 26 4
9 328 70 1006 251 24 26 4
9 328 71 1006 251 24 26 4
9 328 72 1006 251 24 26 4
9 328 73 1006 251 24 26 4
9 328 74 1006 251 24 26 4
9 328 75 1006 252 24 26 4
9 328 76 1006 252 24 26 4
9 328 77 1007 252 24 26 4
9 328 78 1007 252 24 26 4
9 328 79 1007 252 24 26 4
9 328 80 1007 252 24 26 4
9 328 81 1007 252 24 26 4
9 328 82 1007 252 24 26 4
9 328 83 1007 252 24 26 4
9 328 84 1007 252 24 26 4
9 328 85 1008 252 24 26 4
9 328 86 1008 252 24 26 4
9 328 87 1008 252 24 26 4
9 328 88 1008 252 24 26 4
9 328 89 1008 252 24 26 4
9 328 90 1008 252 24 26 4
9 328 91 1008 252 24 26 4
9 328 92 1008 252 24 26 4
9 328 93 1009 252 24 26 4
9 328 94 1009 252 24 26 4
9 328 95 1009 252 24 26 4
9 328 96 1009 253 24 26 4
9 328 97 1009 253 24 26 4
9 328 98 1009 253 24 26 4
9 328 99 1009 253 24 26 4
9 328 100 1009 253 24 26 4
9 328 101 1010 253 24 26 4
9 328 102 1010 253 24 26 4
9 328 103 1010 253 24 26 4
9 328 104 1010 253 24 26 4
9 328 105 1010 253 24 26 4
9 328 106 1010 253 24 26 4
9 328 107 1010 253 24 26 4
9 328 108 1010 253 24 26 4
9 328 109 1011 253 24 26 4
9 328 110 1011 253 24 26 4
9 328 111 1011 253 24 26 4
9 328 112 1011 253 24 26 4
9 328 113 1011 253 24 26 4
9 328 114 1011 253 24 26 4
9 328 115 1011 253 24 26 4
9 328 116 1011 253 24 26 4
9 328 117 1012 254 24 26 4
9 328 118 1012 254 24 26 4
9 328 119 1013 254 24 26 4
9 328 120 1014 254 24 26 4
9 328 121 1015 254 24 26 4
9 328 122 1016 254 24 26 4
9 328 123 1017 254 24 26 4
9 328 124 1018 254 24 26 4
9 328 125 1019 254 24 26 4
9 328 126 1020 254 24 26 4
9 328 127 1021 254 24 26 4
9 328 128 1022 254 24 26 4
9 328 129 1023 254 24 26 4
9 328 130 1024 254 24 26 4
9 328 131 1025 254 24 26 4
9 328 132 1026 254 24 26 4
9 328 133 1027 254 24 26 4
9 328 134 1028 254 24 26 4
9 328 135 1029 254 24 26 4
9 328 136 1029 254 24 26 4
9 328 137 1030 254 24 26 4
9 328 138 1031 254 24 26 4
9 328 139 1032 254 24 26 4
9 328 140 1033 254 24 26 4
9 328 141 1034 254 24 26 4
9 328 142 1035 254 24 26 4
9 328 143 1036 254 24 26 4
9 328 144 1037 254 24 26 4
9 328 145 1038 254 24 26 4
9 328 146 1039 254 24 26 4
9 328 147 1040 254 24 26 4
9 328 148 1041 254 24 26 4
9 328 149 1042 254 24 26 4
9 328 150 1043 254 24 26 4
9 328 151 1044 254 24 26 4
9 328 152 1045 254 24 26 4
9 328 153 1046 254 24 26 4
9 328 154 1046 255 24 26 4
9 328 155 1047 255 24 26 4
9 328 156 1048 255 24 26 4
9 328 157 1049 255 24 26 4
9 328 158 1050 255 24 26 4
9 328 159 1051 255 24 26 4
9 328 160 1052 255 24 26 4
9 328 161 1053 255 24 26 4
9 328 162 1054 255 24 26 4
9 328 163 1055 255 24 26 4
9 328 164 1056 255 24 26 4
9 328 165 1057 255 24 26 4
9 328 166 1058 255 24 26 4
9 328 167 1059 255 24 26 4
9 328 168 1060 255 24 26 4
9 328 169 1061 255 24 26 4
9 328 170 1062 255 24 26 4
9 328 171 1063 255 24 26 4
9 328 172 1063 255 24 26 4
9 328 173 1064 255 24 26 4
9 328 174 1065 255 24 26 4
9 328 175 1066 255 24 26 4
9 328 176 1067 255 24 26 4
9 328 177 1068 255 24 26 4
9 328 178 1069 255 24 26 4
9 328 179 1070 255 24 26 4
9 328 180 1071 255 24 26 4
9 328 181 1072 255 24 26 4
9 328 182 1073 255 24 26 4
9 328 183 1074 255 24 26 4
9 328 184 1075 255 24 26 4
9 328 185 1076 255 24 26 4
9 328 186 1077 255 24 26 4
9 328 187 1078 255 24 26 4
9 328 188 1079 255 24 26 4
9 328 189 1080 255 24 26 4
9 328 190 1081 256 24 26 4
9 328 191 1082 256 24 26 4
9 328 192 1083 256 24 26 4
9 328 193 1084 256 24 26 4
9 328 194 1085 256 24 26 4
9 328 195 1087 256 24 26 4
9 328 196 1088 256 24 26 4
9 328 197 1089 256 24 26 4
9 328 198 1090 256 24 26 4
9 328 199 1092 256 24 26 4
9 328 200 1093 256 24 26 4
9 328 201 1094 256 24 26 4
9 328 202 1095 257 24 26 4
9 328 203 1096 257 24 26 4
9 328 204 1098 257 24 26 4
9 328 205 1099 257 24 26 4
9 328 206 1100 257 24 26 4
9 328 207 1101 257 24 26 4
9 328 208 1103 257 24 26 4
9 328 209 1104 257 24 26 4
9 328 210 1105 257 24 26 4
9 328 211 1106 257 24 26 4
9 328 212 1107 257 24 26 4
9 328 213 1109 257 24 26 4
9 328 214 1110 258 24 26 4
9 328 215 1111 258 24 26 4
9 328 216 1112 258 24 26 4
9 328 217 1114 258 24 26 4
9 328 218 1115 258 24 26 4
9 328 219 1116 258 24 26 4
9 328 220 1117 258 24 26 4
9 328 221 1118 258 24 26 4
9 328 222 1120 258 24 26 4
9 328 223 1121 258 24 26 4
9 328 224 1122 258 24 26 4
9 328 225 1123 258 24 26 4
9 328 226 1125 259 24 26 4
9 328 227 1126 259 24 26 4
9 328 228 1127 259 24 26 4
9 328 229 1128 259 24 26 4
9 328 230 1129 259 24 26 4
9 328 231 1131 259 24 26 4
9 328 232 1132 259 24 26 4
9 328 233 1133 259 24 26 4
9 328 234 1134 259 24 26 4
9 328 235 1136 259 24 26 4
9 328 236 1137 259 24 26 4
9 328 237 1138 259 24 26 4
9 328 238 1139 260 24 26 4
9 328 239 1140 260 24 26 4
9 328 240 1142 260 24 26 4
9 328 241 1143 260 24 26 4
9 328 242 1144 260 24 26 4
9 328 243 1145 260 24 26 4
9 328 244 1147 260 24 26 4
9 328 245 1148 260 24 26 4
9 328 246 1149 260 24 26 4
9 328 247 1150 260 24 26 4
9 328 248 1151 260 24 26 4
9 328 249 1153 260 24 26 4
9 328 250 1154 261 24 26 4
9 328 251 1155 261 24 26 4
9 328 252 1156 261 24 26 4
9 328 253 1158 261 24 26 4
9 328 254 1159 261 24 26 4
9 328 255 1160 261 24 26 4
9 328 256 1161 261 24 26 4
9 328 257 1162 261 24 26 4
9 328 258 1164 261 24 26 4
9 328 259 1165 261 24 26 4
9 328 260 1166 261 24 26 4
9 328 261 1167 261 24 26 4
9 328 262 1169 262 24 26 4
9 328 263 1170 261 24 26 4
9 328 264 1172 261 24 26 4
9 328 265 1173 261 24 26 4
9 328 266 1175 261 24 26 4
9 328 267 1176 261 24 26 4
9 328 268 1178 261 24 26 4
9 328 269 1179 261 24 26 4
9 328 270 1181 261 24 26 4
9 328 271 1182 260 24 26 4
9 328 272 1184 260 24 26 4
9 328 273 1185 260 24 26 4
9 328 274 1187 260 24 26 4
9 328 275 1188 260 24 26 4
9 328 276 1190 260 24 26 4
9 328 277 1191 260 24 26 4
9 328 278 1193 260 24 26 4
9 328 279 1195 259 24 26 4
9 328 280 1196 259 24 26 4
9 328 281 1198 259 24 26 4
9 328 282 1199 259 24 26 4
9 328 283 1201 259 24 26 4
9 328 284 1202 259 24 26 4
9 328 285 1204 259 24 26 4
9 328 286 1205 259 24 26 4
9 328 287 1207 258 24 26 4
9 328 288 1208 258 24 26 4
9 328 289 1210 258 24 26 4
9 328 290 1211 258 24 26 4
9 328 291 1213 258 24 26 4
9 328 292 1214 258 24 26 4
9 328 293 1216 258 24 26 4
9 328 294 1217 258 24 26 4
9 328 295 1219 257 24 26 4
9 328 296 1221 257 24 26 4
9 328 297 1222 257 24 26 4
9 328 298 1224 257 24 26 4
9 328 299 1225 257 24 26 4
9 328 300 1227 257 24 26 4
9 328 301 1228 257 24 26 4
9 328 302 1230 257 24 26 4
9 328 303 1231 256 24 26 4
9 328 304 1233 256 24 26 4
9 328 305 1234 256 24 26 4
9 328 306 1236 256 24 26 4
9 328 307 1237 256 24 26 4
9 328 308 1239 256 24 26 4
9 328 309 1240 256 24 26 4
9 328 310 1242 256 24 26 4
9 328 311 1244 256 24 26 4
9 328 312 1244 256 24 26 4
9 328 313 1244 256 24 26 4
9 328 314 1244 256 24 26 4
9 328 315 1244 256 24 26 4
9 328 316 1244 256 24 26 4
9 328 317 1244 256 24 26 4
9 328 318 1244 256 24 26 4
9 328 319 1244 256 24 26 4
9 328 320 1244 256 24 26 4
9 328 321 1244 256 24 26 4
9 328 322 1244 256 24 26 4
9 328 323 1244 256 24 26 4
9 328 324 1244 256 24 26 4
9 328 325 1244 256 24 26 4
9 328 326 1244 256 24 26 4
9 328 327 1244 256 24 26 4
