0 540 300 910 213 21 46 1
0 540 301 910 213 21 46 1
0 540 302 910 213 21 46 1
0 540 303 910 213 21 46 1
0 540 304 910 213 21 46 1
0 540 305 910 213 21 46 1
0 540 306 910 213 21 46 1
0 540 307 910 213 21 46 1
0 540 308 910 213 21 46 1
0 540 309 910 213 21 46 1
0 540 310 908 213 21 46 1
0 540 311 908 213 21 46 1
0 540 312 908 213 21 46 1
0 540 313 908 213 21 46 1
0 540 314 908 213 21 46 1
0 540 315 908 213 21 46 1
0 540 316 908 213 21 46 1
0 540 317 908 213 21 46 1
0 540 318 908 213 21 46 1
0 540 319 908 213 21 46 1
0 540 320 908 213 21 46 1
0 540 321 908 213 21 46 1
0 540 322 908 213 21 46 1
0 540 323 908 213 21 46 1
0 540 324 908 213 21 46 1
0 540 325 908 213 21 46 1
0 540 326 908 213 21 46 1
0 540 327 908 213 21 46 1
0 540 328 908 213 21 46 1
0 540 329 908 213 21 46 1
0 540 330 908 213 21 46 1
0 540 331 906 213 22 46 1
0 540 332 906 213 22 46 1
0 540 333 906 213 22 46 1
0 540 334 906 213 22 46 1
0 540 335 906 213 22 46 1
0 540 336 906 213 22 46 1
0 540 337 906 213 22 46 1
0 540 338 906 213 22 46 1
0 540 339 906 213 22 46 1
0 540 340 906 213 22 46 1
0 540 341 906 213 22 46 1
0 540 342 906 213 22 46 1
0 540 343 906 213 22 46 1
0 540 344 906 213 22 46 1
0 540 345 906 213 22 46 1
0 540 346 906 213 22 46 1
0 540 347 906 213 22 46 1
0 540 348 906 213 22 46 1
0 540 349 906 213 22 46 1
0 540 350 906 213 22 46 1
0 540 351 906 213 22 46 1
0 540 352 906 213 22 46 1
0 540 353 904 213 22 46 1
0 540 354 904 213 22 46 1
0 540 355 904 213 22 46 1
0 540 356 904 213 22 46 1
0 540 357 904 213 22 46 1
0 540 358 904 213 22 46 1
0 540 359 904 213 22 46 1
0 540 360 904 213 22 46 1
0 540 361 904 213 22 46 1
0 540 362 904 213 22 46 1
0 540 363 904 213 22 46 1
0 540 364 904 213 22 46 1
0 540 365 904 213 22 46 1
0 540 366 904 213 22 46 1
0 540 367 904 213 22 46 1
0 540 368 904 213 22 46 1
0 540 369 904 213 22 46 1
0 540 370 904 213 22 46 1
0 540 371 904 213 22 46 1
0 540 372 904 213 22 46 1
0 540 373 904 213 22 46 1
0 540 374 904 213 22 46 1
0 540 375 903 213 21 46 1
0 540 376 903 213 21 46 1
0 540 377 903 213 21 46 1
0 540 378 903 213 21 46 1
0 540 379 903 213 21 46 1
0 540 380 903 213 21 46 1
0 540 381 903 213 21 46 1
0 540 382 903 213 21 46 1
0 540 383 903 213 21 46 1
0 540 384 903 213 21 46 1
0 540 385 903 213 21 46 1
0 540 386 903 213 21 46 1
0 540 387 903 213 21 46 1
0 540 388 903 213 21 46 1
0 540 389 903 213 21 46 1
0 540 390 903 213 21 46 1
0 540 391 903 213 21 46 1
0 540 392 903 213 21 46 1
0 540 393 903 213 21 46 1
0 540 394 903 213 21 46 1
0 540 395 903 213 21 46 1
0 540 396 903 213 21 46 1
0 540 397 901 213 21 46 1
0 540 398 899 213 21 46 1
0 540 399 897 213 22 46 1
0 540 400 897 213 22 46 1
0 540 401 896 213 21 46 1
0 540 402 894 213 21 46 1
0 540 403 894 213 21 46 1
0 540 404 892 213 21 46 1
0 540 405 890 213 22 46 1
0 540 406 890 213 22 46 1
0 540 407 888 213 22 46 1
0 540 408 887 213 21 46 1
0 540 409 885 213 21 46 1
0 540 410 885 213 21 46 1
0 540 411 883 213 21 46 1
0 540 412 881 213 22 46 1
0 540 413 881 213 22 46 1
0 540 414 880 213 21 46 1
0 540 415 878 213 21 46 1
0 540 416 878 213 21 46 1
0 540 417 876 213 21 46 1
0 540 418 874 213 22 46 1
0 540 419 872 213 22 46 1
0 540 420 872 213 22 46 1
0 540 421 871 213 21 46 1
0 540 422 869 213 21 46 1
0 540 423 869 213 21 46 1
0 540 424 867 213 21 46 1
0 540 425 865 213 22 46 1
0 540 426 865 215 22 46 1
0 540 427 864 215 21 46 1
0 540 428 862 215 21 46 1
0 540 429 860 215 21 46 1
0 540 430 858 215 22 46 1
0 540 431 858 215 22 46 1
0 540 432 856 215 22 46 1
0 540 433 855 215 21 46 1
0 540 434 853 215 21 46 1
0 540 435 851 215 21 46 1
0 540 436 851 215 21 46 1
0 540 437 849 215 22 46 1
0 540 438 848 215 21 46 1
0 540 439 846 215 21 46 1
0 540 440 844 215 21 46 1
0 540 441 844 215 21 46 1
0 540 442 842 215 22 46 1
0 540 443 840 215 22 46 1
0 540 444 839 215 21 46 1
0 540 445 837 215 21 46 1
0 540 446 837 215 21 46 1
0 540 447 835 215 21 46 1
0 540 448 833 215 22 46 1
0 540 449 832 215 21 46 1
0 540 450 830 215 21 46 1
0 540 451 830 215 21 46 1
0 540 452 828 215 21 46 1
0 540 453 826 215 22 46 1
0 540 454 824 215 22 46 1
0 540 455 823 215 21 46 1
0 540 456 823 215 21 46 1
0 540 457 821 215 21 46 1
0 540 458 819 215 21 46 1
0 540 459 817 215 22 46 1
0 540 460 816 215 21 46 1
0 540 461 816 215 21 46 1
0 540 462 814 215 21 46 1
0 540 463 812 215 21 46 1
0 540 464 810 215 22 46 1
0 540 465 808 215 22 46 1
0 540 466 808 215 22 46 1
0 540 467 807 215 21 46 1
0 540 468 805 215 21 46 1
0 540 469 803 215 21 46 1
0 540 470 801 215 22 46 1
0 540 471 801 215 22 46 1
0 540 472 800 215 21 46 1
0 540 473 798 215 21 46 1
0 540 474 796 215 21 46 1
0 540 475 794 215 22 46 1
0 540 476 794 215 22 46 1
0 540 477 792 215 22 46 1
0 540 478 791 215 21 46 1
0 540 479 789 215 21 46 1
0 540 480 787 215 21 46 1
0 540 481 787 215 21 46 1
0 540 482 785 215 22 46 1
0 540 483 784 215 21 46 1
0 540 484 782 215 21 46 1
0 540 485 780 215 21 46 1
0 540 486 780 215 21 46 1
0 540 487 778 215 22 46 1
0 540 488 776 215 22 46 1
0 540 489 775 215 21 46 1
0 540 490 773 215 21 46 1
0 540 491 773 215 21 46 1
0 540 492 771 215 21 46 1
0 540 493 769 215 22 46 1
0 540 494 768 215 21 46 1
0 540 495 766 215 21 46 1
0 540 496 766 215 21 46 1
0 540 497 764 215 21 46 1
0 540 498 762 215 22 46 1
0 540 499 760 215 22 46 1
0 540 500 759 215 21 46 1
0 540 501 759 215 21 46 1
0 540 502 757 215 21 46 1
0 540 503 755 215 21 46 1
0 540 504 753 215 22 46 1
0 540 505 752 215 21 46 1
0 540 506 752 215 21 46 1
0 540 507 750 215 21 46 1
0 540 508 748 215 21 46 1
0 540 509 746 215 22 46 1
0 540 510 744 215 22 46 1
0 540 511 744 215 22 46 1
0 540 512 743 215 21 46 1
0 540 513 741 215 21 46 1
0 540 514 739 215 21 46 1
0 540 515 737 215 22 46 1
0 540 516 737 215 22 46 1
0 540 517 736 215 21 46 1
0 540 518 734 215 21 46 1
0 540 519 732 215 21 46 1
0 540 520 730 215 22 46 1
0 540 521 730 215 22 46 1
0 540 522 728 215 22 46 1
0 540 523 727 215 21 46 1
0 540 524 725 215 21 46 1
0 540 525 723 215 21 46 1
0 540 526 723 215 21 46 1
0 540 527 721 215 22 46 1
0 540 528 720 215 21 46 1
0 540 529 718 215 21 46 1
0 540 530 718 216 21 47 1
0 540 531 716 216 21 47 1
0 540 532 714 216 22 47 1
0 540 533 712 216 22 47 1
0 540 534 711 216 21 47 1
0 540 535 709 216 21 47 1
0 540 536 709 216 21 47 1
0 540 537 707 216 21 47 1
0 540 538 705 216 22 47 1
0 540 539 704 216 21 47 1
0 540 540 702 216 21 47 1
0 540 541 702 216 21 47 1
0 540 542 700 216 21 47 1
0 540 543 698 216 22 47 1
0 540 544 696 216 22 47 1
0 540 545 695 216 21 47 1
0 540 546 693 216 21 47 1
0 540 547 693 216 21 47 1
0 540 548 691 218 21 46 1
0 540 549 689 218 22 46 1
0 540 550 688 218 21 46 1
0 540 551 686 218 21 46 1
0 540 552 686 218 21 46 1
0 540 553 684 218 21 46 1
0 540 554 682 218 22 46 1
0 540 555 680 218 22 46 1
0 540 556 679 218 21 46 1
0 540 557 679 218 21 46 1
0 540 558 677 218 21 46 1
0 540 559 675 218 21 46 1
0 540 560 673 218 22 46 1
0 540 561 672 218 21 46 1
0 540 562 670 218 21 46 1
0 540 563 670 218 21 46 1
0 540 564 668 218 21 46 1
0 540 565 666 220 22 46 1
0 540 566 664 220 22 46 1
0 540 567 663 220 21 46 1
0 540 568 663 220 21 46 1
0 540 569 661 220 21 46 1
0 540 570 659 220 21 46 1
0 540 571 657 220 22 46 1
0 540 572 656 220 21 46 1
0 540 573 654 220 21 46 1
0 540 574 654 220 21 46 1
0 540 575 652 220 21 46 1
0 540 576 650 220 22 46 1
0 540 577 648 220 22 46 1
0 540 578 647 220 21 46 1
0 540 579 647 220 21 46 1
0 540 580 645 220 21 46 1
0 540 581 643 220 21 46 1
0 540 582 641 220 22 46 1
0 540 583 640 222 21 46 1
0 540 584 640 222 21 46 1
0 540 585 638 222 21 46 1
0 540 586 636 222 21 46 1
0 540 587 634 222 22 46 1
0 540 588 632 222 22 46 1
0 540 589 631 222 21 46 1
0 540 590 631 222 21 46 1
0 540 591 629 222 21 46 1
0 540 592 627 222 21 46 1
0 540 593 625 222 22 46 1
0 540 594 624 222 21 46 1
0 540 595 624 222 21 46 1
0 540 596 622 222 21 46 1
0 540 597 620 222 21 46 1
0 540 598 618 222 22 46 1
0 540 599 616 222 22 46 1
0 540 600 616 224 22 46 1
0 540 601 615 224 21 46 1
0 540 602 613 224 21 46 1
0 540 603 611 224 21 46 1
0 540 604 609 224 22 46 1
0 540 605 609 224 22 46 1
0 540 606 608 224 21 46 1
0 540 607 606 224 21 46 1
0 540 608 604 224 21 46 1
0 540 609 602 224 22 46 1
0 540 610 602 224 22 46 1
0 540 611 600 224 22 46 1
0 540 612 599 224 21 46 1
0 540 613 597 224 21 46 1
0 540 614 595 224 21 46 1
0 540 615 595 224 21 46 1
0 540 616 593 224 22 46 1
0 540 617 592 224 21 46 1
0 540 618 590 224 21 46 1
0 540 619 588 224 21 46 1
0 540 620 588 224 21 46 1
0 540 621 586 224 22 46 1
0 540 622 584 224 22 46 1
0 540 623 583 224 21 46 1
0 540 624 581 224 21 46 1
0 540 625 581 224 21 46 1
0 540 626 579 224 21 46 1
0 540 627 577 224 22 46 1
0 540 628 576 224 21 46 1
0 540 629 576 224 21 46 1
0 540 630 574 224 21 46 1
0 540 631 572 224 21 46 1
0 540 632 570 224 22 46 1
0 540 633 568 224 22 46 1
0 540 634 568 224 22 46 1
0 540 635 567 224 21 46 1
0 540 636 565 224 21 46 1
0 540 637 563 224 21 46 1
0 540 638 561 224 22 46 1
0 540 639 561 224 22 46 1
0 540 640 560 224 21 46 1
0 540 641 558 224 21 46 1
0 540 642 556 224 21 46 1
0 540 643 554 224 22 46 1
0 540 644 554 224 22 46 1
0 540 645 552 224 22 46 1
0 540 646 551 224 21 46 1
0 540 647 549 224 21 46 1
0 540 648 547 224 21 46 1
0 540 649 547 224 21 46 1
0 540 650 545 224 22 46 1
0 540 651 544 224 21 46 1
0 540 652 542 224 21 46 1
0 540 653 540 224 21 46 1
0 540 654 540 224 21 46 1
0 540 655 538 224 22 46 1
0 540 656 536 224 22 46 1
0 540 657 535 224 21 46 1
0 540 658 535 224 21 46 1
0 540 659 533 224 21 46 1
0 540 660 531 224 21 46 1
0 540 661 529 224 22 46 1
0 540 662 528 224 21 46 1
0 540 663 528 224 21 46 1
0 540 664 526 224 21 46 1
0 540 665 524 224 21 46 1
0 540 666 522 224 22 46 1
0 540 667 520 224 22 46 1
0 540 668 520 224 22 46 1
0 540 669 519 224 21 46 1
0 540 670 517 224 21 46 1
0 540 671 515 224 21 46 1
0 540 672 513 224 22 46 1
0 540 673 513 224 22 46 1
0 540 674 512 224 21 46 1
0 540 675 510 224 21 46 1
0 540 676 508 224 21 46 1
0 540 677 506 224 22 46 1
0 540 678 506 224 22 46 1
0 540 679 504 224 22 46 1
0 540 680 503 224 21 46 1
0 540 681 501 224 21 46 1
0 540 682 499 224 21 46 1
0 540 683 499 224 21 46 1
0 540 684 497 224 22 46 1
0 540 685 496 224 21 46 1
0 540 686 494 224 21 46 1
0 540 687 494 225 21 45 1
0 540 688 492 224 21 46 1
0 540 689 490 224 22 46 1
0 540 690 488 224 22 46 1
0 540 691 487 224 21 46 1
0 540 692 485 224 21 46 1
0 540 693 483 224 21 46 1
0 540 694 481 224 22 46 1
0 540 695 481 224 22 46 1
0 540 696 480 224 21 46 1
0 540 697 478 224 21 46 1
0 540 698 476 224 21 46 1
0 540 699 474 224 22 46 1
0 540 700 472 224 22 46 1
0 540 701 471 224 21 46 1
0 540 702 469 224 21 46 1
0 540 703 469 222 21 48 1
0 540 704 467 222 21 48 1
0 540 705 465 222 22 48 1
0 540 706 464 222 21 48 1
0 540 707 462 222 21 48 1
0 540 708 460 222 21 48 1
0 540 709 458 222 22 48 1
0 540 710 456 222 22 48 1
0 540 711 456 222 22 48 1
0 540 712 455 222 21 48 1
0 540 713 453 222 21 48 1
0 540 714 451 222 21 48 1
0 540 715 449 222 22 48 1
0 540 716 448 222 21 48 1
0 540 717 446 222 21 48 1
0 540 718 446 222 21 48 1
0 540 719 444 222 21 48 1
0 540 720 442 222 22 48 1
0 540 721 440 222 22 48 1
0 540 722 440 222 22 48 1
0 540 723 439 222 21 48 1
0 540 724 437 222 21 48 1
0 540 725 437 222 21 48 1
0 540 726 435 222 21 50 1
0 540 727 433 222 22 50 1
0 540 728 433 222 22 50 1
0 540 729 432 222 21 50 1
0 540 730 430 222 21 50 1
0 540 731 430 222 21 50 1
0 540 732 428 224 21 48 1
0 540 733 426 224 22 48 1
0 540 734 426 224 22 49 1
0 540 735 424 224 22 49 1
0 540 736 423 224 21 49 1
0 540 737 423 224 21 49 1
0 540 738 421 224 21 49 1
0 540 739 419 224 21 49 1
0 540 740 419 224 21 49 1
0 540 741 417 224 22 49 1
0 540 742 416 224 21 51 1
0 540 743 416 224 21 51 1
0 540 744 414 224 21 51 1
0 540 745 412 225 21 50 1
0 540 746 412 225 21 50 1
0 540 747 410 225 22 50 1
0 540 748 408 225 22 50 1
0 540 749 408 225 22 50 1
0 540 750 407 225 21 52 1
0 540 751 405 225 21 52 1
0 540 752 405 225 21 52 1
0 540 753 403 225 21 52 1
0 540 754 401 225 22 52 1
0 540 755 401 225 22 52 1
0 540 756 400 225 21 52 1
0 540 757 398 225 21 52 1
0 540 758 398 227 21 52 1
0 540 759 396 229 21 51 1
0 540 760 396 231 21 51 1
0 540 761 394 231 22 51 1
0 540 762 394 231 22 51 1
0 540 763 392 231 22 53 1
0 540 764 392 232 22 52 1
0 540 765 391 232 21 52 1
0 540 766 391 232 21 54 1
0 540 767 389 234 21 52 1
0 540 768 389 234 21 52 1
0 540 769 387 234 21 54 1
0 540 770 387 234 21 54 1
0 540 771 385 236 22 52 1
0 540 772 385 236 22 53 1
0 540 773 384 236 21 53 1
0 540 774 384 238 21 51 1
0 540 775 382 238 23 53 1
0 540 776 382 238 21 53 1
0 540 777 380 240 23 51 1
0 540 778 380 240 21 53 1
0 540 779 378 240 23 53 1
0 540 780 378 240 22 55 1
0 540 781 376 241 24 54 1
0 540 782 376 241 22 54 1
0 540 783 375 241 23 55 1
0 540 784 375 243 21 53 1
0 540 785 373 243 23 53 1
0 540 786 373 243 21 55 1
0 540 787 371 245 23 53 1
0 540 788 371 245 23 53 1
0 540 789 369 245 23 55 1
0 540 790 369 245 23 55 1
0 540 791 368 247 23 53 1
0 540 792 368 247 23 55 1
0 540 793 366 247 23 55 1
0 540 794 366 248 23 54 1
0 540 795 364 248 23 56 1
0 540 796 364 248 23 56 1
0 540 797 362 248 23 57 1
0 540 798 362 250 23 55 1
0 540 799 360 250 24 55 1
0 540 800 360 250 24 57 1
0 540 801 359 252 25 55 1
0 540 802 359 252 23 55 1
0 540 803 357 252 25 57 1
0 540 804 357 254 23 55 1
0 540 805 355 254 25 55 1
0 540 806 355 254 23 57 1
0 540 807 353 254 25 57 1
0 540 808 353 256 23 55 1
0 540 809 352 256 24 56 1
0 540 810 352 256 23 56 1
0 540 811 350 257 25 55 1
0 540 812 350 257 23 57 1
0 540 813 348 257 25 57 1
0 540 814 348 259 25 57 1
0 540 815 346 259 25 57 1
0 540 816 344 259 25 57 1
0 540 817 344 259 25 57 1
0 540 818 343 259 25 57 1
0 540 819 343 259 23 57 1
0 540 820 341 259 25 57 1
0 540 821 341 259 23 57 1
0 540 822 339 259 23 57 1
0 540 823 337 259 25 57 1
0 540 824 337 259 23 57 1
0 540 825 336 259 23 57 1
0 540 826 336 259 23 57 1
0 540 827 334 259 23 57 1
0 540 828 334 259 23 57 1
0 540 829 332 259 23 57 1
0 540 830 332 259 21 57 1
0 540 831 330 259 23 57 1
0 540 832 328 259 24 57 1
0 540 833 328 259 22 57 1
0 540 834 327 259 23 57 1
0 540 835 327 259 21 57 1
0 540 836 325 259 21 57 1
0 540 837 325 259 21 57 1
0 540 838 323 259 21 57 1
0 540 839 323 259 21 59 1
1 840 0 1006 202 18 46 1
1 840 1 1006 202 18 46 1
1 840 2 1006 202 18 46 1
1 840 3 1006 202 18 46 1
1 840 4 1006 202 18 46 1
1 840 5 1006 202 18 46 1
1 840 6 1006 202 18 46 1
1 840 7 1006 202 18 46 1
1 840 8 1006 202 18 46 1
1 840 9 1006 202 18 46 1
1 840 10 1006 202 18 46 1
1 840 11 1006 202 18 46 1
1 840 12 1006 202 18 46 1
1 840 13 1006 202 18 46 1
1 840 14 1006 202 18 46 1
1 840 15 1006 202 18 46 1
1 840 16 1006 202 18 46 1
1 840 17 1006 202 18 46 1
1 840 18 1006 202 18 46 1
1 840 19 1006 202 18 46 1
1 840 20 1006 202 18 46 1
1 840 21 1006 202 18 46 1
1 840 22 1006 202 18 46 1
1 840 23 1006 202 18 46 1
1 840 24 1006 202 18 46 1
1 840 25 1006 202 18 46 1
1 840 26 1006 202 18 46 1
1 840 27 1006 202 18 46 1
1 840 28 1006 202 18 46 1
1 840 29 1006 202 18 46 1
1 840 30 1006 202 18 46 1
1 840 31 1006 202 18 46 1
1 840 32 1006 202 18 46 1
1 840 33 1006 202 18 46 1
1 840 34 1006 202 18 46 1
1 840 35 1006 202 18 46 1
1 840 36 1006 202 18 46 1
1 840 37 1006 202 18 46 1
1 840 38 1006 202 18 46 1
1 840 39 1006 202 18 46 1
1 840 40 1006 202 18 46 1
1 840 41 1006 202 18 46 1
1 840 42 1006 202 18 46 1
1 840 43 1006 202 18 46 1
1 840 44 1006 202 18 46 1
1 840 45 1006 202 18 46 1
1 840 46 1006 202 18 46 1
1 840 47 1006 202 18 46 1
1 840 48 1006 202 18 46 1
1 840 49 1006 202 18 46 1
1 840 50 1006 202 18 46 1
1 840 51 1006 202 18 46 1
1 840 52 1006 202 18 46 1
1 840 53 1006 202 18 46 1
1 840 54 1006 202 18 46 1
1 840 55 1006 202 18 46 1
1 840 56 1006 202 18 46 1
1 840 57 1006 202 18 46 1
1 840 58 1006 202 18 46 1
1 840 59 1006 202 18 46 1
1 840 60 1006 202 18 46 1
1 840 61 1006 202 18 46 1
1 840 62 1006 202 18 46 1
1 840 63 1006 202 18 46 1
1 840 64 1006 202 18 46 1
1 840 65 1006 202 18 46 1
1 840 66 1006 202 18 46 1
1 840 67 1006 202 18 46 1
1 840 68 1006 202 18 46 1
1 840 69 1006 202 18 46 1
1 840 70 1006 202 18 46 1
1 840 71 1006 202 18 46 1
1 840 72 1006 202 18 46 1
1 840 73 1006 202 18 46 1
1 840 74 1006 202 18 46 1
1 840 75 1006 202 18 46 1
1 840 76 1006 202 18 46 1
1 840 77 1006 202 18 46 1
1 840 78 1006 202 18 46 1
1 840 79 1006 202 18 46 1
1 840 80 1006 202 18 46 1
1 840 81 1006 202 18 46 1
1 840 82 1006 202 18 46 1
1 840 83 1006 202 18 46 1
1 840 84 1006 202 18 46 1
1 840 85 1006 202 18 46 1
1 840 86 1006 202 18 46 1
1 840 87 1006 202 18 46 1
1 840 88 1006 202 18 46 1
1 840 89 1006 202 18 46 1
1 840 90 1006 202 18 46 1
1 840 91 1006 202 18 46 1
1 840 92 1006 202 18 46 1
1 840 93 1006 202 18 46 1
1 840 94 1006 202 18 46 1
1 840 95 1006 202 18 46 1
1 840 96 1006 202 18 46 1
1 840 97 1006 202 18 46 1
1 840 98 1006 202 18 46 1
1 840 99 1006 202 18 46 1
1 840 100 1006 202 18 46 1
1 840 101 1006 202 18 46 1
1 840 102 1006 202 18 46 1
1 840 103 1006 202 18 46 1
1 840 104 1006 202 18 46 1
1 840 105 1006 202 18 46 1
1 840 106 1006 202 18 46 1
1 840 107 1006 202 18 46 1
1 840 108 1006 202 18 46 1
1 840 109 1006 202 18 46 1
1 840 110 1006 202 18 46 1
1 840 111 1006 202 18 46 1
1 840 112 1006 202 18 46 1
1 840 113 1006 202 18 46 1
1 840 114 1006 202 18 46 1
1 840 115 1006 202 18 46 1
1 840 116 1006 202 18 46 1
1 840 117 1008 202 17 46 1
1 840 118 1006 202 18 46 1
1 840 119 1006 202 18 46 1
1 840 120 1006 202 18 46 1
1 840 121 1006 202 18 46 1
1 840 122 1006 202 18 46 1
1 840 123 1006 202 18 46 1
1 840 124 1006 202 18 46 1
1 840 125 1006 202 18 46 1
1 840 126 1006 202 18 46 1
1 840 127 1006 202 18 46 1
1 840 128 1004 202 18 46 1
1 840 129 1004 202 18 46 1
1 840 130 1002 202 18 46 1
1 840 131 1002 202 18 46 1
1 840 132 1002 202 18 46 1
1 840 133 1000 202 18 46 1
1 840 134 1000 202 18 46 1
1 840 135 999 202 17 46 1
1 840 136 999 202 17 46 1
1 840 137 999 202 17 46 1
1 840 138 997 202 18 46 1
1 840 139 997 202 18 46 1
1 840 140 997 202 18 46 1
1 840 141 997 202 18 46 1
1 840 142 997 202 18 46 1
1 840 143 997 202 18 46 1
1 840 144 997 202 18 46 1
1 840 145 997 202 18 46 1
1 840 146 997 202 18 46 1
1 840 147 997 202 18 46 1
1 840 148 995 202 18 46 1
1 840 149 993 202 20 46 1
1 840 150 992 202 19 46 1
1 840 151 992 202 19 46 1
1 840 152 990 202 21 48 1
1 840 153 988 202 21 48 1
1 840 154 988 202 21 48 1
1 840 155 986 202 22 48 1
1 840 156 984 202 24 48 1
1 840 157 984 202 24 50 1
1 840 158 983 202 23 50 1
1 840 159 983 202 23 50 1
1 840 160 981 202 23 50 1
1 840 161 981 202 23 50 1
1 840 162 979 202 23 50 1
1 840 163 979 202 23 50 1
1 840 164 977 202 23 50 1
1 840 165 977 202 23 50 1
1 840 166 976 202 23 50 1
1 840 167 976 202 23 52 1
1 840 168 974 202 23 52 1
1 840 169 974 202 23 52 1
1 840 170 974 202 23 52 1
1 840 171 972 202 23 52 1
1 840 172 972 202 23 52 1
1 840 173 972 202 23 52 1
1 840 174 970 202 23 52 1
1 840 175 970 202 23 52 1
1 840 176 970 202 23 52 1
1 840 177 970 204 23 52 1
1 840 178 968 204 24 52 1
1 840 179 968 204 24 52 1
1 840 180 967 204 23 52 1
1 840 181 967 204 23 52 1
1 840 182 965 204 23 52 1
1 840 183 965 204 23 52 1
1 840 184 963 204 23 52 1
1 840 185 963 204 23 52 1
1 840 186 961 204 23 52 1
1 840 187 961 204 23 52 1
1 840 188 960 204 23 52 1
1 840 189 960 204 23 52 1
1 840 190 960 204 23 52 1
1 840 191 958 204 23 52 1
1 840 192 958 204 23 52 1
1 840 193 958 204 23 52 1
1 840 194 956 204 23 52 1
1 840 195 956 204 23 52 1
1 840 196 956 204 23 52 1
1 840 197 956 204 23 52 1
1 840 198 954 204 23 52 1
1 840 199 954 204 23 52 1
1 840 200 952 204 24 52 1
1 840 201 952 204 24 52 1
1 840 202 952 204 24 52 1
1 840 203 951 204 23 52 1
1 840 204 951 204 23 52 1
1 840 205 949 204 23 52 1
1 840 206 949 204 23 52 1
1 840 207 949 204 23 52 1
1 840 208 947 204 23 52 1
1 840 209 947 204 23 52 1
1 840 210 945 204 23 52 1
1 840 211 945 204 23 52 1
1 840 212 944 204 23 52 1
1 840 213 944 204 23 52 1
1 840 214 942 204 23 52 1
1 840 215 942 204 23 52 1
1 840 216 940 204 23 52 1
1 840 217 940 206 23 51 1
1 840 218 938 206 23 51 1
1 840 219 938 206 23 51 1
1 840 220 938 206 23 51 1
1 840 221 938 206 23 51 1
1 840 222 938 206 23 51 1
1 840 223 938 206 23 51 1
1 840 224 938 206 23 51 1
1 840 225 938 206 23 51 1
1 840 226 938 206 23 51 1
1 840 227 938 206 23 51 1
1 840 228 936 206 24 51 1
1 840 229 936 206 24 51 1
1 840 230 936 206 24 51 1
1 840 231 936 206 24 51 1
1 840 232 936 206 24 51 1
1 840 233 935 206 23 51 1
1 840 234 935 206 23 51 1
1 840 235 935 206 23 51 1
1 840 236 935 206 23 51 1
1 840 237 935 206 23 51 1
1 840 238 933 206 23 51 1
1 840 239 933 206 23 51 1
1 840 240 933 206 23 51 1
1 840 241 931 206 23 51 1
1 840 242 931 206 23 51 1
1 840 243 931 206 23 51 1
1 840 244 929 206 23 51 1
1 840 245 929 206 23 51 1
1 840 246 929 206 23 51 1
1 840 247 929 206 23 51 1
1 840 248 929 206 23 51 1
1 840 249 929 206 23 51 1
1 840 250 929 206 23 51 1
1 840 251 929 206 23 51 1
1 840 252 929 206 23 51 1
1 840 253 929 206 23 51 1
1 840 254 929 206 23 51 1
1 840 255 929 206 23 51 1
1 840 256 929 206 23 51 1
1 840 257 929 206 23 51 1
1 840 258 929 206 23 51 1
1 840 259 929 206 23 51 1
1 840 260 929 206 23 51 1
1 840 261 929 206 23 51 1
1 840 262 929 206 23 51 1
1 840 263 929 206 23 51 1
1 840 264 929 206 23 51 1
1 840 265 929 206 23 51 1
1 840 266 929 206 23 51 1
1 840 267 929 206 23 51 1
1 840 268 929 206 23 51 1
1 840 269 929 206 23 51 1
1 840 270 929 206 23 51 1
1 840 271 929 206 23 51 1
1 840 272 929 206 23 51 1
1 840 273 929 206 23 51 1
1 840 274 929 206 23 51 1
1 840 275 929 206 23 51 1
1 840 276 929 206 23 51 1
1 840 277 929 206 23 51 1
1 840 278 929 206 23 51 1
1 840 279 929 206 23 51 1
1 840 280 929 206 23 51 1
1 840 281 929 206 23 51 1
1 840 282 929 206 23 51 1
1 840 283 929 206 23 51 1
1 840 284 929 206 23 51 1
1 840 285 929 206 23 51 1
1 840 286 929 206 23 51 1
1 840 287 929 206 23 51 1
1 840 288 929 206 23 51 1
1 840 289 929 206 23 51 1
1 840 290 929 206 23 51 1
1 840 291 929 206 23 51 1
1 840 292 929 206 23 51 1
1 840 293 929 206 23 51 1
1 840 294 929 206 23 51 1
1 840 295 929 206 23 51 1
1 840 296 929 206 23 51 1
1 840 297 929 206 23 51 1
1 840 298 929 206 23 51 1
1 840 299 929 206 23 51 1
1 840 300 929 206 23 51 1
1 840 301 928 206 23 51 1
1 840 302 928 206 23 51 1
1 840 303 928 206 23 51 1
1 840 304 928 206 23 51 1
1 840 305 928 206 23 51 1
1 840 306 928 206 23 51 1
1 840 307 928 206 23 51 1
1 840 308 928 206 23 51 1
1 840 309 928 206 23 51 1
1 840 310 928 206 23 51 1
1 840 311 928 206 23 51 1
1 840 312 928 206 23 51 1
1 840 313 928 206 23 51 1
1 840 314 928 206 23 51 1
1 840 315 928 206 23 51 1
1 840 316 928 206 23 51 1
1 840 317 928 206 23 51 1
1 840 318 928 206 23 51 1
1 840 319 928 206 23 51 1
1 840 320 928 206 23 51 1
1 840 321 928 206 23 51 1
1 840 322 928 206 23 51 1
1 840 323 928 206 23 51 1
1 840 324 928 206 23 51 1
1 840 325 928 206 23 51 1
1 840 326 928 206 23 51 1
1 840 327 928 206 23 51 1
1 840 328 928 206 23 51 1
1 840 329 928 206 23 51 1
1 840 330 928 206 23 51 1
1 840 331 928 206 23 51 1
1 840 332 928 206 23 51 1
1 840 333 928 206 23 53 1
1 840 334 928 206 23 53 1
1 840 335 928 206 23 53 1
1 840 336 928 206 23 53 1
1 840 337 928 206 23 53 1
1 840 338 928 206 23 53 1
1 840 339 928 206 23 53 1
1 840 340 928 206 23 53 1
1 840 341 928 206 23 53 1
1 840 342 928 206 23 53 1
1 840 343 928 206 23 53 1
1 840 344 928 206 23 53 1
1 840 345 928 206 23 53 1
1 840 346 928 206 23 53 1
1 840 347 928 206 23 53 1
1 840 348 928 206 23 53 1
1 840 349 926 208 23 51 1
1 840 350 926 208 23 51 1
1 840 351 926 208 23 51 1
1 840 352 926 208 23 51 1
1 840 353 926 208 23 51 1
1 840 354 926 208 23 51 1
1 840 355 926 208 23 51 1
1 840 356 926 208 23 51 1
1 840 357 926 208 23 51 1
1 840 358 926 208 23 51 1
1 840 359 926 208 23 51 1
1 840 360 926 208 23 51 1
1 840 361 926 208 23 51 1
1 840 362 926 208 23 51 1
1 840 363 926 208 23 51 1
1 840 364 926 208 23 51 1
1 840 365 926 208 23 53 1
1 840 366 926 208 23 53 1
1 840 367 926 208 23 53 1
1 840 368 926 208 23 53 1
1 840 369 926 208 23 53 1
1 840 370 926 208 23 53 1
1 840 371 926 208 23 53 1
1 840 372 926 208 23 53 1
1 840 373 926 208 23 53 1
1 840 374 926 208 23 53 1
1 840 375 926 208 23 53 1
1 840 376 926 208 23 53 1
1 840 377 926 208 23 53 1
1 840 378 926 208 23 53 1
1 840 379 926 208 23 53 1
1 840 380 926 208 23 53 1
1 840 381 926 208 23 53 1
1 840 382 926 208 23 53 1
1 840 383 926 208 23 53 1
1 840 384 926 208 23 53 1
1 840 385 926 208 23 53 1
1 840 386 926 208 23 53 1
1 840 387 926 208 23 53 1
1 840 388 926 208 23 53 1
1 840 389 926 208 23 53 1
1 840 390 926 208 23 53 1
1 840 391 926 208 23 53 1
1 840 392 926 208 23 53 1
1 840 393 926 208 23 53 1
1 840 394 926 208 23 53 1
1 840 395 926 208 23 53 1
1 840 396 926 208 23 53 1
1 840 397 926 209 23 54 1
1 840 398 924 208 23 53 1
1 840 399 922 208 23 53 1
1 840 400 922 208 23 53 1
1 840 401 920 208 24 53 1
1 840 402 920 208 24 53 1
1 840 403 919 208 23 53 1
1 840 404 919 208 23 53 1
1 840 405 917 208 23 53 1
1 840 406 917 208 23 53 1
1 840 407 915 208 23 53 1
1 840 408 915 208 23 53 1
1 840 409 913 208 23 53 1
1 840 410 913 208 23 53 1
1 840 411 912 208 23 53 1
1 840 412 912 208 23 53 1
1 840 413 910 208 23 53 1
1 840 414 910 206 23 53 1
1 840 415 908 206 23 53 1
1 840 416 908 206 23 53 1
1 840 417 906 206 23 53 1
1 840 418 906 206 23 53 1
1 840 419 904 206 24 53 1
1 840 420 904 206 24 53 1
1 840 421 903 206 23 53 1
1 840 422 903 206 23 53 1
1 840 423 901 206 23 53 1
1 840 424 901 206 23 53 1
1 840 425 899 206 23 53 1
1 840 426 899 206 23 53 1
1 840 427 897 206 23 53 1
1 840 428 897 206 23 53 1
1 840 429 896 206 23 53 1
1 840 430 896 206 23 53 1
1 840 431 894 206 23 53 1
1 840 432 892 206 23 53 1
1 840 433 890 206 23 53 1
1 840 434 888 206 24 53 1
1 840 435 887 206 23 53 1
1 840 436 885 206 23 53 1
1 840 437 883 206 23 53 1
1 840 438 883 206 23 53 1
1 840 439 881 206 23 53 1
1 840 440 880 206 23 53 1
1 840 441 878 206 23 53 1
1 840 442 876 206 23 53 1
1 840 443 874 206 23 53 1
1 840 444 872 206 24 53 1
1 840 445 872 206 24 53 1
1 840 446 871 206 23 53 1
1 840 447 869 206 23 53 1
1 840 448 867 206 23 53 1
1 840 449 865 206 23 53 1
1 840 450 864 206 23 53 1
1 840 451 862 206 23 53 1
1 840 452 862 206 23 53 1
1 840 453 860 206 23 53 1
1 840 454 858 206 23 53 1
1 840 455 856 206 24 53 1
1 840 456 855 206 23 53 1
1 840 457 853 206 23 53 1
1 840 458 851 206 23 53 1
1 840 459 849 206 23 53 1
1 840 460 849 206 23 53 1
1 840 461 848 206 23 53 1
1 840 462 846 206 23 53 1
1 840 463 844 206 23 53 1
1 840 464 842 206 23 53 1
1 840 465 840 206 24 53 1
1 840 466 839 206 23 53 1
1 840 467 839 206 23 53 1
1 840 468 837 206 23 53 1
1 840 469 835 206 23 53 1
1 840 470 833 206 23 53 1
1 840 471 832 206 23 53 1
1 840 472 830 206 23 53 1
1 840 473 828 206 23 53 1
1 840 474 828 206 23 53 1
1 840 475 826 206 23 53 1
1 840 476 824 206 24 53 1
1 840 477 823 206 23 53 1
1 840 478 821 206 23 53 1
1 840 479 819 206 23 53 1
1 840 480 817 206 23 53 1
1 840 481 816 206 23 53 1
1 840 482 816 206 23 53 1
1 840 483 814 206 23 53 1
1 840 484 812 206 23 53 1
1 840 485 810 206 23 53 1
1 840 486 808 206 24 53 1
1 840 487 807 206 23 53 1
1 840 488 805 206 23 53 1
1 840 489 805 206 23 53 1
1 840 490 803 206 23 53 1
1 840 491 801 206 23 53 1
1 840 492 800 208 23 53 1
1 840 493 798 208 23 53 1
1 840 494 796 208 23 53 1
1 840 495 794 208 23 53 1
1 840 496 794 208 23 53 1
1 840 497 792 208 24 53 1
1 840 498 791 208 23 53 1
1 840 499 789 208 23 53 1
1 840 500 787 208 23 53 1
1 840 501 785 208 23 53 1
1 840 502 784 208 23 53 1
1 840 503 784 208 23 53 1
1 840 504 782 208 23 53 1
1 840 505 780 208 23 53 1
1 840 506 778 208 23 53 1
1 840 507 776 208 24 53 1
1 840 508 775 208 23 53 1
1 840 509 773 208 23 53 1
1 840 510 771 208 23 53 1
1 840 511 771 208 23 53 1
1 840 512 769 208 23 53 1
1 840 513 768 208 23 53 1
1 840 514 766 208 23 53 1
1 840 515 764 208 23 53 1
1 840 516 762 208 23 53 1
1 840 517 760 208 24 53 1
1 840 518 760 208 24 53 1
1 840 519 759 208 23 53 1
1 840 520 757 208 23 53 1
1 840 521 755 208 23 53 1
1 840 522 753 208 23 53 1
1 840 523 752 208 23 53 1
1 840 524 750 208 23 53 1
1 840 525 750 208 23 53 1
1 840 526 748 208 23 53 1
1 840 527 746 208 23 53 1
1 840 528 744 208 24 53 1
1 840 529 743 208 23 53 1
1 840 530 741 208 23 53 1
1 840 531 739 208 23 53 1
1 840 532 737 208 23 53 1
1 840 533 737 208 23 53 1
1 840 534 736 208 23 53 1
1 840 535 734 208 23 53 1
1 840 536 732 208 23 53 1
1 840 537 730 208 23 53 1
1 840 538 728 208 24 53 1
1 840 539 727 208 23 53 1
1 840 540 727 208 23 53 1
1 840 541 725 208 23 53 1
1 840 542 723 208 23 53 1
1 840 543 721 208 23 53 1
1 840 544 720 208 23 53 1
1 840 545 718 208 23 53 1
1 840 546 716 208 23 53 1
1 840 547 716 208 23 53 1
1 840 548 714 208 23 53 1
1 840 549 712 208 24 53 1
1 840 550 711 208 23 53 1
1 840 551 709 208 23 53 1
1 840 552 707 208 23 53 1
1 840 553 705 208 23 53 1
1 840 554 705 209 23 54 1
1 840 555 704 209 23 54 1
1 840 556 702 209 23 54 1
1 840 557 700 209 23 54 1
1 840 558 698 209 23 54 1
1 840 559 696 209 24 54 1
1 840 560 696 209 24 54 1
1 840 561 695 209 23 54 1
1 840 562 693 209 23 54 1
1 840 563 691 209 23 54 1
1 840 564 689 209 23 54 1
1 840 565 688 209 23 54 1
1 840 566 688 209 23 54 1
1 840 567 686 209 23 54 1
1 840 568 684 209 23 54 1
1 840 569 682 209 23 54 1
1 840 570 680 209 24 54 1
1 840 571 679 209 23 54 1
1 840 572 679 209 23 54 1
1 840 573 677 209 23 54 1
1 840 574 675 209 23 54 1
1 840 575 673 209 23 54 1
1 840 576 672 209 23 54 1
1 840 577 672 211 23 53 1
1 840 578 670 211 23 53 1
1 840 579 668 211 23 53 1
1 840 580 666 211 23 53 1
1 840 581 664 211 24 53 1
1 840 582 663 211 23 53 1
1 840 583 663 211 23 53 1
1 840 584 661 211 23 53 1
1 840 585 659 211 23 53 1
1 840 586 657 211 23 53 1
1 840 587 656 211 23 53 1
1 840 588 654 211 23 53 1
1 840 589 654 211 23 53 1
1 840 590 652 211 23 53 1
1 840 591 650 211 23 53 1
1 840 592 648 211 24 53 1
1 840 593 647 211 23 53 1
1 840 594 645 211 23 53 1
1 840 595 645 211 23 53 1
1 840 596 643 211 23 53 1
1 840 597 641 211 23 53 1
1 840 598 640 211 23 53 1
1 840 599 638 211 23 53 1
1 840 600 638 213 23 53 1
1 840 601 636 213 23 53 1
1 840 602 634 213 23 53 1
1 840 603 632 213 24 53 1
1 840 604 631 213 23 53 1
1 840 605 629 213 23 53 1
1 840 606 627 213 23 53 1
1 840 607 627 213 23 53 1
1 840 608 625 213 23 53 1
1 840 609 624 213 23 53 1
1 840 610 622 213 23 53 1
1 840 611 620 213 23 53 1
1 840 612 618 213 23 53 1
1 840 613 618 213 23 53 1
1 840 614 616 213 24 53 1
1 840 615 615 213 23 53 1
1 840 616 613 213 23 53 1
1 840 617 611 213 23 55 1
1 840 618 609 213 23 55 1
1 840 619 609 213 23 55 1
1 840 620 608 213 23 55 1
1 840 621 606 213 23 55 1
1 840 622 604 213 23 55 1
1 840 623 602 213 23 55 1
1 840 624 600 213 24 55 1
1 840 625 599 213 23 55 1
1 840 626 599 213 23 55 1
1 840 627 597 213 23 55 1
1 840 628 595 215 23 53 1
1 840 629 593 215 23 53 1
1 840 630 592 215 23 53 1
1 840 631 590 215 23 53 1
1 840 632 590 215 23 53 1
1 840 633 588 215 23 55 1
1 840 634 586 215 23 55 1
1 840 635 584 215 24 55 1
1 840 636 583 215 23 55 1
1 840 637 581 215 23 55 1
1 840 638 581 215 23 55 1
1 840 639 579 215 23 55 1
1 840 640 577 215 23 55 1
1 840 641 576 215 23 55 1
1 840 642 574 215 23 55 1
1 840 643 572 215 23 55 1
1 840 644 570 215 23 55 1
1 840 645 570 215 23 55 1
1 840 646 568 215 24 55 1
1 840 647 567 215 23 55 1
1 840 648 565 215 23 55 1
1 840 649 563 215 23 55 1
1 840 650 561 215 23 57 1
1 840 651 561 215 23 57 1
1 840 652 560 215 23 57 1
1 840 653 558 215 23 57 1
1 840 654 556 215 23 57 1
1 840 655 554 216 23 56 1
1 840 656 552 216 24 56 1
1 840 657 552 216 24 56 1
1 840 658 551 216 23 56 1
1 840 659 549 216 23 56 1
1 840 660 547 216 23 56 1
1 840 661 545 216 23 56 1
1 840 662 544 216 23 56 1
1 840 663 542 216 23 56 1
1 840 664 542 216 23 56 1
1 840 665 540 216 23 56 1
1 840 666 538 216 23 57 1
1 840 667 536 216 24 57 1
1 840 668 535 216 23 57 1
1 840 669 533 216 23 57 1
1 840 670 533 216 23 57 1
1 840 671 531 216 23 57 1
1 840 672 529 216 23 57 1
1 840 673 528 216 23 57 1
1 840 674 526 216 23 57 1
1 840 675 524 216 23 57 1
1 840 676 524 216 23 57 1
1 840 677 522 216 23 57 1
1 840 678 520 216 24 57 1
1 840 679 519 216 23 57 1
1 840 680 517 216 23 57 1
1 840 681 515 216 23 57 1
1 840 682 515 218 23 57 1
1 840 683 513 218 23 57 1
1 840 684 512 218 23 57 1
1 840 685 510 218 23 57 1
1 840 686 510 218 23 57 1
1 840 687 508 218 23 57 1
1 840 688 506 218 23 57 1
1 840 689 504 218 24 57 1
1 840 690 504 218 24 57 1
1 840 691 503 218 23 57 1
1 840 692 501 218 23 57 1
1 840 693 499 218 23 57 1
1 840 694 499 218 23 57 1
1 840 695 497 218 23 57 1
1 840 696 496 218 23 57 1
1 840 697 494 218 23 57 1
1 840 698 494 218 23 57 1
1 840 699 492 218 23 57 1
1 840 700 490 218 23 57 1
1 840 701 490 218 23 57 1
1 840 702 488 218 24 57 1
1 840 703 487 218 23 57 1
1 840 704 485 218 23 57 1
1 840 705 485 218 23 57 1
1 840 706 483 218 23 57 1
1 840 707 481 218 23 57 1
1 840 708 480 218 23 57 1
1 840 709 480 218 23 57 1
1 840 710 478 218 23 57 1
1 840 711 476 218 23 57 1
1 840 712 474 218 23 57 1
1 840 713 474 218 23 57 1
1 840 714 472 218 24 57 1
1 840 715 471 218 23 57 1
1 840 716 469 218 23 57 1
1 840 717 469 218 23 57 1
1 840 718 467 218 23 57 1
1 840 719 465 218 23 57 1
1 840 720 465 218 23 57 1
1 840 721 464 218 23 57 1
1 840 722 464 218 23 57 1
1 840 723 462 218 23 57 1
1 840 724 462 218 23 57 1
1 840 725 460 218 23 57 1
1 840 726 460 218 23 57 1
1 840 727 460 218 23 57 1
1 840 728 458 218 23 57 1
1 840 729 458 220 23 57 1
1 840 730 456 220 24 57 1
1 840 731 456 220 24 57 1
1 840 732 456 220 24 57 1
1 840 733 455 220 23 57 1
1 840 734 455 220 23 57 1
1 840 735 453 220 23 57 1
1 840 736 453 220 23 57 1
1 840 737 453 220 23 57 1
1 840 738 451 222 23 57 1
1 840 739 451 222 23 57 1
1 840 740 449 222 23 57 1
1 840 741 449 222 23 57 1
1 840 742 449 222 23 57 1
1 840 743 448 222 23 57 1
1 840 744 448 222 23 57 1
1 840 745 446 222 23 57 1
1 840 746 446 224 23 56 1
1 840 747 446 224 23 56 1
1 840 748 444 224 23 56 1
1 840 749 444 224 23 56 1
1 840 750 442 224 23 56 1
1 840 751 442 224 23 56 1
1 840 752 442 224 23 56 1
1 840 753 440 224 24 56 1
1 840 754 440 224 24 56 1
1 840 755 439 225 23 57 1
1 840 756 439 225 23 57 1
1 840 757 439 225 23 57 1
1 840 758 437 225 23 57 1
1 840 759 437 225 23 57 1
1 840 760 435 225 23 57 1
1 840 761 435 225 23 57 1
1 840 762 435 225 23 57 1
1 840 763 433 225 23 57 1
1 840 764 433 227 23 57 1
1 840 765 432 227 23 57 1
1 840 766 432 227 23 57 1
1 840 767 432 227 23 57 1
1 840 768 430 227 23 57 1
1 840 769 430 227 23 57 1
1 840 770 428 227 23 57 1
1 840 771 428 227 23 57 1
1 840 772 428 229 23 57 1
1 840 773 426 229 23 57 1
1 840 774 424 229 24 57 1
1 840 775 424 229 24 57 1
1 840 776 423 229 23 57 1
1 840 777 423 229 23 57 1
1 840 778 421 229 23 57 1
1 840 779 421 231 23 57 1
1 840 780 419 231 23 57 1
1 840 781 419 231 23 57 1
1 840 782 417 231 23 57 1
1 840 783 417 231 23 57 1
1 840 784 416 231 23 57 1
1 840 785 416 232 23 57 1
1 840 786 414 232 23 57 1
1 840 787 414 232 23 57 1
1 840 788 412 232 23 57 1
1 840 789 412 232 23 57 1
1 840 790 410 232 23 57 1
1 840 791 410 234 23 57 1
1 840 792 408 234 24 57 1
1 840 793 408 234 24 57 1
1 840 794 407 234 23 57 1
1 840 795 407 234 23 57 1
1 840 796 405 234 23 57 1
1 840 797 405 236 23 57 1
1 840 798 403 236 23 57 1
1 840 799 403 236 23 57 1
1 840 800 401 236 23 57 1
1 840 801 401 236 23 57 1
1 840 802 400 236 23 57 1
1 840 803 400 238 23 57 1
1 840 804 398 238 23 57 1
1 840 805 398 238 23 57 1
1 840 806 396 238 23 57 1
1 840 807 396 238 23 57 1
1 840 808 394 238 23 57 1
1 840 809 394 240 23 56 1
1 840 810 392 240 24 56 1
1 840 811 392 240 24 56 1
1 840 812 391 240 23 56 1
1 840 813 391 240 23 56 1
1 840 814 389 240 23 56 1
1 840 815 389 241 23 57 1
1 840 816 387 241 23 57 1
1 840 817 387 241 23 57 1
1 840 818 385 241 23 57 1
1 840 819 385 241 23 57 1
1 840 820 384 241 23 57 1
1 840 821 384 243 23 57 1
1 840 822 382 243 23 57 1
1 840 823 382 243 23 57 1
1 840 824 380 243 23 57 1
1 840 825 380 243 23 57 1
1 840 826 378 243 23 57 1
1 840 827 378 245 23 57 1
1 840 828 376 245 24 57 1
1 840 829 376 245 24 57 1
1 840 830 375 245 23 57 1
1 840 831 375 245 23 57 1
1 840 832 373 245 23 57 1
1 840 833 373 247 23 57 1
1 840 834 371 247 23 57 1
1 840 835 371 247 23 57 1
1 840 836 369 247 23 57 1
1 840 837 369 247 23 57 1
1 840 838 368 247 23 57 1
1 840 839 368 248 23 57 1
2 196 0 1098 204 30 55 1
2 196 1 1096 204 31 55 1
2 196 2 1095 204 30 55 1
2 196 3 1095 204 28 55 1
2 196 4 1093 204 28 55 1
2 196 5 1093 204 27 55 1
2 196 6 1091 204 27 55 1
2 196 7 1089 204 27 55 1
2 196 8 1089 204 25 55 1
2 196 9 1088 204 24 55 1
2 196 10 1088 204 23 55 1
2 196 11 1086 202 23 55 1
2 196 12 1084 202 23 55 1
2 196 13 1084 202 23 55 1
2 196 14 1082 202 23 55 1
2 196 15 1082 202 23 55 1
2 196 16 1080 200 24 56 1
2 196 17 1079 200 23 56 1
2 196 18 1079 200 23 56 1
2 196 19 1077 200 23 56 1
2 196 20 1077 200 23 56 1
2 196 21 1075 200 23 56 1
2 196 22 1073 200 23 56 1
2 196 23 1073 200 23 56 1
2 196 24 1072 200 23 56 1
2 196 25 1072 200 23 56 1
2 196 26 1070 200 23 56 1
2 196 27 1068 200 23 56 1
2 196 28 1068 200 23 56 1
2 196 29 1066 200 23 56 1
2 196 30 1066 202 23 55 1
2 196 31 1064 200 24 56 1
2 196 32 1063 200 23 56 1
2 196 33 1061 200 23 56 1
2 196 34 1061 200 23 56 1
2 196 35 1059 200 23 56 1
2 196 36 1057 200 23 56 1
2 196 37 1057 200 23 56 1
2 196 38 1056 200 23 56 1
2 196 39 1054 200 23 56 1
2 196 40 1054 200 23 56 1
2 196 41 1052 200 23 56 1
2 196 42 1050 200 23 56 1
2 196 43 1050 200 23 56 1
2 196 44 1048 200 24 56 1
2 196 45 1048 200 24 56 1
2 196 46 1047 200 23 56 1
2 196 47 1045 200 23 56 1
2 196 48 1045 200 23 56 1
2 196 49 1043 200 23 56 1
2 196 50 1043 200 23 56 1
2 196 51 1041 200 23 56 1
2 196 52 1041 200 23 56 1
2 196 53 1041 200 23 56 1
2 196 54 1041 200 23 56 1
2 196 55 1041 200 23 56 1
2 196 56 1040 200 23 56 1
2 196 57 1040 200 23 56 1
2 196 58 1040 200 23 56 1
2 196 59 1040 200 23 56 1
2 196 60 1040 200 23 56 1
2 196 61 1038 200 23 56 1
2 196 62 1038 200 23 56 1
2 196 63 1038 200 23 56 1
2 196 64 1036 200 23 56 1
2 196 65 1036 200 23 56 1
2 196 66 1036 200 23 56 1
2 196 67 1034 200 23 56 1
2 196 68 1034 200 23 56 1
2 196 69 1034 200 23 56 1
2 196 70 1034 200 23 56 1
2 196 71 1032 200 24 56 1
2 196 72 1032 200 24 56 1
2 196 73 1032 200 24 56 1
2 196 74 1032 200 24 56 1
2 196 75 1032 200 24 56 1
2 196 76 1032 200 24 56 1
2 196 77 1031 200 23 56 1
2 196 78 1031 200 23 56 1
2 196 79 1031 200 23 56 1
2 196 80 1031 200 23 56 1
2 196 81 1031 200 23 56 1
2 196 82 1031 200 23 56 1
2 196 83 1031 200 23 56 1
2 196 84 1031 200 23 56 1
2 196 85 1031 200 23 56 1
2 196 86 1031 200 23 56 1
2 196 87 1031 200 23 56 1
2 196 88 1031 200 23 56 1
2 196 89 1031 200 23 56 1
2 196 90 1031 200 23 56 1
2 196 91 1031 200 23 56 1
2 196 92 1031 200 23 56 1
2 196 93 1031 200 23 56 1
2 196 94 1031 200 23 56 1
2 196 95 1031 200 23 56 1
2 196 96 1031 200 23 56 1
2 196 97 1031 200 23 56 1
2 196 98 1031 200 23 56 1
2 196 99 1031 200 23 56 1
2 196 100 1031 200 23 56 1
2 196 101 1031 200 23 56 1
2 196 102 1031 200 23 56 1
2 196 103 1031 200 23 56 1
2 196 104 1031 200 23 56 1
2 196 105 1031 200 23 56 1
2 196 106 1031 200 23 56 1
2 196 107 1031 200 23 56 1
2 196 108 1031 200 23 56 1
2 196 109 1031 200 23 56 1
2 196 110 1031 200 23 56 1
2 196 111 1031 200 23 56 1
2 196 112 1031 200 23 56 1
2 196 113 1031 200 23 56 1
2 196 114 1029 200 23 56 1
2 196 115 1029 200 23 56 1
2 196 116 1029 200 23 56 1
2 196 117 1029 200 23 56 1
2 196 118 1029 200 23 56 1
2 196 119 1027 200 23 56 1
2 196 120 1027 200 23 56 1
2 196 121 1027 200 23 56 1
2 196 122 1027 200 23 56 1
2 196 123 1027 200 23 56 1
2 196 124 1025 200 23 56 1
2 196 125 1025 200 23 56 1
2 196 126 1025 200 23 56 1
2 196 127 1025 200 23 56 1
2 196 128 1025 200 23 56 1
2 196 129 1025 200 23 56 1
2 196 130 1025 200 23 56 1
2 196 131 1025 200 23 56 1
2 196 132 1025 200 23 56 1
2 196 133 1025 200 23 56 1
2 196 134 1024 200 23 56 1
2 196 135 1024 200 23 56 1
2 196 136 1024 200 23 56 1
2 196 137 1024 200 23 56 1
2 196 138 1024 200 23 56 1
2 196 139 1024 200 23 56 1
2 196 140 1024 200 23 56 1
2 196 141 1024 200 23 56 1
2 196 142 1024 200 23 56 1
2 196 143 1024 200 23 56 1
2 196 144 1024 200 23 56 1
2 196 145 1024 200 23 56 1
2 196 146 1024 200 23 56 1
2 196 147 1024 200 23 56 1
2 196 148 1024 200 23 56 1
2 196 149 1024 200 23 56 1
2 196 150 1024 200 23 56 1
2 196 151 1024 200 23 56 1
2 196 152 1024 200 23 56 1
2 196 153 1024 200 23 56 1
2 196 154 1024 200 23 56 1
2 196 155 1024 200 23 56 1
2 196 156 1024 200 23 56 1
2 196 157 1024 200 23 56 1
2 196 158 1024 200 23 56 1
2 196 159 1024 200 23 56 1
2 196 160 1024 200 23 56 1
2 196 161 1024 200 23 56 1
2 196 162 1024 200 23 56 1
2 196 163 1024 200 23 56 1
2 196 164 1024 200 23 56 1
2 196 165 1024 200 23 56 1
2 196 166 1024 200 23 56 1
2 196 167 1024 200 23 56 1
2 196 168 1024 200 23 56 1
2 196 169 1024 200 23 56 1
2 196 170 1024 200 23 56 1
2 196 171 1024 200 23 56 1
2 196 172 1024 200 23 56 1
2 196 173 1024 200 23 56 1
2 196 174 1024 200 23 56 1
2 196 175 1024 200 23 56 1
2 196 176 1024 200 23 56 1
2 196 177 1024 200 23 56 1
2 196 178 1024 200 23 56 1
2 196 179 1024 200 23 56 1
2 196 180 1024 200 23 56 1
2 196 181 1024 200 23 56 1
2 196 182 1024 200 23 56 1
2 196 183 1024 200 23 56 1
2 196 184 1024 200 23 56 1
2 196 185 1024 200 23 56 1
2 196 186 1024 200 23 56 1
2 196 187 1024 200 23 56 1
2 196 188 1024 200 23 56 1
2 196 189 1024 200 23 56 1
2 196 190 1024 200 23 56 1
2 196 191 1024 200 23 56 1
2 196 192 1024 200 23 56 1
2 196 193 1024 200 23 56 1
2 196 194 1024 200 23 56 1
2 196 195 1024 200 23 56 1
3 322 0 96 488 58 114 1
3 322 1 96 487 58 113 1
3 322 2 97 487 59 113 1
3 322 3 99 487 59 113 1
3 322 4 101 485 59 114 1
3 322 5 103 485 58 114 1
3 322 6 103 485 58 114 1
3 322 7 104 483 59 114 1
3 322 8 106 483 59 114 1
3 322 9 108 483 59 114 1
3 322 10 110 483 58 114 1
3 322 11 110 481 58 114 1
3 322 12 110 481 58 114 1
3 322 13 112 481 58 114 1
3 322 14 112 480 58 113 1
3 322 15 113 480 59 113 1
3 322 16 113 480 59 113 1
3 322 17 113 478 59 114 1
3 322 18 115 478 59 114 1
3 322 19 115 478 59 114 1
3 322 20 117 478 59 114 1
3 322 21 117 476 59 114 1
3 322 22 117 476 59 114 1
3 322 23 117 476 59 112 1
3 322 24 119 476 58 112 1
3 322 25 119 476 58 110 1
3 322 26 119 474 58 112 1
3 322 27 120 474 59 110 1
3 322 28 120 474 59 110 1
3 322 29 120 474 59 109 1
3 322 30 122 474 59 109 1
3 322 31 122 472 59 109 1
3 322 32 124 472 59 107 1
3 322 33 126 472 58 105 1
3 322 34 126 471 58 106 1
3 322 35 128 471 58 105 1
3 322 36 129 471 59 103 1
3 322 37 129 469 59 105 1
3 322 38 131 469 59 103 1
3 322 39 133 469 59 101 1
3 322 40 135 469 58 101 1
3 322 41 135 467 58 101 1
3 322 42 135 467 58 101 1
3 322 43 135 467 58 101 1
3 322 44 135 467 58 101 1
3 322 45 136 467 59 101 1
3 322 46 136 465 59 102 1
3 322 47 136 465 59 102 1
3 322 48 136 465 59 102 1
3 322 49 136 465 59 102 1
3 322 50 138 465 59 102 1
3 322 51 138 464 59 101 1
3 322 52 140 464 57 101 1
3 322 53 142 464 55 101 1
3 322 54 144 462 53 101 1
3 322 55 145 462 54 101 1
3 322 56 145 462 54 101 1
3 322 57 147 460 52 101 1
3 322 58 149 460 50 101 1
3 322 59 151 460 48 101 1
3 322 60 152 460 48 101 1
3 322 61 152 460 48 100 1
3 322 62 154 460 48 100 1
3 322 63 154 460 50 98 1
3 322 64 156 460 50 98 1
3 322 65 156 460 52 96 1
3 322 66 158 460 51 96 1
3 322 67 158 460 53 94 1
3 322 68 160 460 53 94 1
3 322 69 160 460 55 92 1
3 322 70 161 460 55 92 1
3 322 71 161 458 55 93 1
3 322 72 161 458 55 93 1
3 322 73 161 458 55 93 1
3 322 74 163 456 53 95 1
3 322 75 163 456 53 93 1
3 322 76 163 456 53 93 1
3 322 77 165 455 51 94 1
3 322 78 165 455 51 94 1
3 322 79 165 455 51 92 1
3 322 80 167 453 49 94 1
3 322 81 167 453 49 94 1
3 322 82 167 453 49 94 1
3 322 83 168 453 50 94 1
3 322 84 168 451 50 94 1
3 322 85 170 451 50 94 1
3 322 86 170 449 52 96 1
3 322 87 172 449 50 96 1
3 322 88 172 448 52 97 1
3 322 89 174 448 51 97 1
3 322 90 174 446 51 98 1
3 322 91 174 444 53 100 1
3 322 92 176 444 53 100 1
3 322 93 177 444 54 101 1
3 322 94 177 440 54 104 1
3 322 95 177 440 52 102 1
3 322 96 177 440 52 100 1
3 322 97 177 440 52 100 1
3 322 98 177 440 52 98 1
3 322 99 177 440 50 98 1
3 322 100 177 440 50 96 1
3 322 101 177 440 50 96 1
3 322 102 177 440 50 95 1
3 322 103 177 442 50 93 1
3 322 104 177 440 48 93 1
3 322 105 177 440 48 93 1
3 322 106 177 439 48 94 1
3 322 107 177 439 48 94 1
3 322 108 177 439 48 94 1
3 322 109 177 437 48 94 1
3 322 110 177 437 48 94 1
3 322 111 177 435 48 96 1
3 322 112 177 435 48 96 1
3 322 113 177 435 48 96 1
3 322 114 176 433 48 96 1
3 322 115 176 433 48 96 1
3 322 116 176 433 46 96 1
3 322 117 174 432 48 96 1
3 322 118 174 432 46 96 1
3 322 119 174 432 46 96 1
3 322 120 172 430 46 96 1
3 322 121 172 430 46 96 1
3 322 122 172 430 44 96 1
3 322 123 172 430 44 96 1
3 322 124 170 430 45 96 1
3 322 125 168 430 45 96 1
3 322 126 167 430 44 96 1
3 322 127 165 430 44 96 1
3 322 128 165 430 44 96 1
3 322 129 163 430 45 96 1
3 322 130 161 430 45 96 1
3 322 131 160 430 44 96 1
3 322 132 158 430 44 96 1
3 322 133 158 430 44 98 1
3 322 134 156 428 44 98 1
3 322 135 156 428 44 98 1
3 322 136 154 428 45 98 1
3 322 137 154 428 45 98 1
3 322 138 154 428 45 98 1
3 322 139 152 426 45 98 1
3 322 140 152 426 45 98 1
3 322 141 151 426 44 98 1
3 322 142 151 426 44 98 1
3 322 143 151 426 44 98 1
3 322 144 149 426 44 96 1
3 322 145 147 426 46 96 1
3 322 146 145 426 47 96 1
3 322 147 144 426 48 96 1
3 322 148 144 426 48 96 1
3 322 149 142 426 48 94 1
3 322 150 140 426 50 94 1
3 322 151 138 426 50 94 1
3 322 152 136 426 52 94 1
3 322 153 136 428 52 92 1
3 322 154 135 428 49 91 1
3 322 155 133 428 50 91 1
3 322 156 131 428 50 91 1
3 322 157 129 428 50 91 1
3 322 158 128 428 49 91 1
3 322 159 126 428 50 91 1
3 322 160 124 428 50 91 1
3 322 161 122 428 50 91 1
3 322 162 120 428 50 91 1
3 322 163 119 428 49 91 1
3 322 164 117 426 48 93 1
3 322 165 115 426 48 93 1
3 322 166 113 426 48 93 1
3 322 167 112 426 46 93 1
3 322 168 112 426 44 93 1
3 322 169 110 426 44 93 1
3 322 170 108 426 43 93 1
3 322 171 106 426 43 93 1
3 322 172 104 426 43 93 1
3 322 173 104 426 41 94 1
3 322 174 101 426 41 94 1
3 322 175 99 426 41 94 1
3 322 176 97 426 41 94 1
3 322 177 96 426 40 94 1
3 322 178 94 426 41 94 1
3 322 179 92 426 41 94 1
3 322 180 90 426 41 94 1
3 322 181 88 426 41 94 1
3 322 182 87 426 41 94 1
3 322 183 85 428 41 92 1
3 322 184 83 428 41 91 1
3 322 185 83 428 41 91 1
3 322 186 83 428 39 91 1
3 322 187 81 428 41 91 1
3 322 188 81 428 39 91 1
3 322 189 81 428 39 89 1
3 322 190 80 428 39 89 1
3 322 191 80 428 39 89 1
3 322 192 80 428 37 89 1
3 322 193 80 428 37 89 1
3 322 194 76 428 37 89 1
3 322 195 74 428 38 89 1
3 322 196 72 428 38 89 1
3 322 197 71 430 37 89 1
3 322 198 69 430 37 89 1
3 322 199 65 430 38 89 1
3 322 200 64 432 37 88 1
3 322 201 62 432 37 88 1
3 322 202 60 432 37 88 1
3 322 203 58 433 38 89 1
3 322 204 55 432 37 88 1
3 322 205 53 432 37 88 1
3 322 206 51 432 37 88 1
3 322 207 49 432 38 88 1
3 322 208 48 432 37 88 1
3 322 209 46 430 37 89 1
3 322 210 44 430 37 89 1
3 322 211 42 430 38 89 1
3 322 212 40 430 38 89 1
3 322 213 39 430 37 89 1
3 322 214 37 428 37 89 1
3 322 215 35 428 37 89 1
3 322 216 33 426 38 89 1
3 322 217 32 426 37 89 1
3 322 218 30 426 37 89 1
3 322 219 28 424 37 89 1
3 322 220 26 424 38 89 1
3 322 221 24 423 38 89 1
3 322 222 23 423 37 89 1
3 322 223 23 423 37 89 1
3 322 224 21 421 37 89 1
3 322 225 19 421 37 89 1
3 322 226 17 421 38 89 1
3 322 227 16 421 37 89 1
3 322 228 14 421 37 89 1
3 322 229 12 421 37 87 1
3 322 230 10 421 38 87 1
3 322 231 8 421 38 87 1
3 322 232 7 421 37 87 1
3 322 233 7 421 35 87 1
3 322 234 5 419 35 87 1
3 322 235 5 419 35 87 1
3 322 236 3 419 36 87 1
3 322 237 3 417 36 87 1
3 322 238 3 417 36 87 1
3 322 239 1 417 36 87 1
3 322 240 1 416 36 87 1
3 322 241 0 416 35 87 1
3 322 242 0 416 35 87 1
3 322 243 0 416 35 87 1
3 322 244 0 416 33 87 1
3 322 245 0 416 32 87 1
3 322 246 0 416 30 87 1
3 322 247 0 416 28 87 1
3 322 248 0 416 26 87 1
3 322 249 0 416 24 87 1
3 322 250 0 416 23 87 1
3 322 251 0 416 21 87 1
3 322 252 0 416 19 87 1
3 322 253 0 416 17 87 1
3 322 254 0 416 17 87 1
3 322 255 0 416 17 87 1
3 322 256 0 416 17 87 1
3 322 257 0 416 17 87 1
3 322 258 0 416 17 87 1
3 322 259 0 416 17 87 1
3 322 260 0 416 17 87 1
3 322 261 0 416 17 87 1
3 322 262 0 416 17 87 1
3 322 321 177 440 54 104 1
4 322 0 1013 204 18 48 1
4 322 1 1013 204 18 48 1
4 322 2 1013 204 18 48 1
4 322 3 1013 204 18 48 1
4 322 4 1013 204 18 48 1
4 322 5 1013 204 18 48 1
4 322 6 1013 204 18 48 1
4 322 7 1013 204 18 48 1
4 322 8 1013 204 18 48 1
4 322 9 1013 204 18 48 1
4 322 10 1013 204 18 48 1
4 322 11 1013 204 18 48 1
4 322 12 1013 204 18 48 1
4 322 13 1013 204 18 48 1
4 322 14 1013 204 18 48 1
4 322 15 1013 204 18 48 1
4 322 16 1013 204 18 48 1
4 322 17 1013 204 18 48 1
4 322 18 1013 204 18 48 1
4 322 19 1013 204 18 48 1
4 322 20 1013 204 18 48 1
4 322 21 1013 204 18 48 1
4 322 22 1013 204 18 48 1
4 322 23 1013 204 18 48 1
4 322 24 1013 204 18 48 1
4 322 25 1013 204 18 48 1
4 322 26 1013 204 18 48 1
4 322 27 1013 204 18 48 1
4 322 28 1013 204 18 48 1
4 322 29 1013 204 18 48 1
4 322 30 1013 204 18 48 1
4 322 31 1013 204 18 48 1
4 322 32 1013 204 18 48 1
4 322 33 1013 204 18 48 1
4 322 34 1013 204 18 48 1
4 322 35 1013 204 18 48 1
4 322 36 1013 204 18 48 1
4 322 37 1013 204 18 48 1
4 322 38 1013 204 18 48 1
4 322 39 1013 204 18 48 1
4 322 40 1013 204 18 48 1
4 322 41 1013 204 18 48 1
4 322 42 1013 204 18 48 1
4 322 43 1013 204 18 48 1
4 322 44 1013 204 18 48 1
4 322 45 1013 204 18 48 1
4 322 46 1013 204 18 48 1
4 322 47 1013 204 18 48 1
4 322 48 1013 204 18 48 1
4 322 49 1013 204 18 48 1
4 322 50 1013 204 18 48 1
4 322 51 1013 204 18 48 1
4 322 52 1013 204 18 48 1
4 322 53 1013 204 18 48 1
4 322 54 1013 204 18 48 1
4 322 55 1013 204 18 48 1
4 322 56 1013 204 18 48 1
4 322 57 1013 204 18 48 1
4 322 58 1013 204 18 48 1
4 322 59 1013 204 18 48 1
4 322 60 1013 204 18 48 1
4 322 61 1013 204 18 48 1
4 322 62 1013 204 18 48 1
4 322 63 1013 204 18 48 1
4 322 64 1013 204 18 48 1
4 322 65 1013 204 18 48 1
4 322 66 1013 204 18 48 1
4 322 67 1013 204 18 48 1
4 322 68 1013 204 18 48 1
4 322 69 1013 204 18 48 1
4 322 70 1013 204 18 48 1
4 322 71 1013 204 18 48 1
4 322 72 1013 204 18 48 1
4 322 73 1013 204 18 48 1
4 322 74 1013 204 18 48 1
4 322 75 1013 204 18 48 1
4 322 76 1013 204 18 48 1
4 322 77 1013 204 18 48 1
4 322 78 1013 204 18 48 1
4 322 79 1013 204 18 48 1
4 322 80 1013 204 18 48 1
4 322 81 1013 204 18 48 1
4 322 82 1011 204 18 48 1
4 322 83 1011 204 18 48 1
4 322 84 1009 204 18 48 1
4 322 85 1009 204 18 48 1
4 322 86 1009 204 18 48 1
4 322 87 1008 204 17 48 1
4 322 88 1008 204 17 48 1
4 322 89 1006 204 18 48 1
4 322 90 1006 204 18 48 1
4 322 91 1006 204 18 48 1
4 322 92 1004 204 18 48 1
4 322 93 1004 204 18 48 1
4 322 94 1004 204 18 48 1
4 322 95 1004 204 18 48 1
4 322 96 1004 204 18 48 1
4 322 97 1004 204 18 48 1
4 322 98 1004 204 18 48 1
4 322 99 1004 204 18 48 1
4 322 100 1004 204 18 48 1
4 322 101 1004 204 18 48 1
4 322 102 1002 204 18 48 1
4 322 103 1002 204 18 48 1
4 322 104 1002 204 18 48 1
4 322 105 1002 204 18 48 1
4 322 106 1002 204 18 48 1
4 322 107 1002 204 18 48 1
4 322 108 1002 204 18 48 1
4 322 109 1002 204 18 48 1
4 322 110 1002 204 18 48 1
4 322 111 1002 204 18 48 1
4 322 112 1000 204 18 48 1
4 322 113 999 204 17 48 1
4 322 114 999 204 17 48 1
4 322 115 997 204 18 48 1
4 322 116 997 204 18 48 1
4 322 117 995 204 18 48 1
4 322 118 993 204 18 48 1
4 322 119 993 204 18 48 1
4 322 120 992 204 17 48 1
4 322 121 992 206 17 46 1
4 322 122 990 206 18 46 1
4 322 123 990 206 18 46 1
4 322 124 988 206 18 46 1
4 322 125 988 206 18 46 1
4 322 126 988 208 18 46 1
4 322 127 986 208 18 46 1
4 322 128 986 208 18 46 1
4 322 129 984 208 18 46 1
4 322 130 984 208 18 46 1
4 322 131 984 209 18 47 1
4 322 132 983 209 17 47 1
4 322 133 983 209 17 47 1
4 322 134 981 209 18 47 1
4 322 135 981 209 18 47 1
4 322 136 979 209 18 47 1
4 322 137 979 209 18 47 1
4 322 138 977 209 18 47 1
4 322 139 977 209 18 47 1
4 322 140 976 209 17 47 1
4 322 141 976 209 17 47 1
4 322 142 974 209 18 47 1
4 322 143 972 209 18 47 1
4 322 144 972 209 18 47 1
4 322 145 970 209 18 47 1
4 322 146 970 209 18 47 1
4 322 147 968 209 18 47 1
4 322 148 967 209 17 47 1
4 322 149 967 209 17 47 1
4 322 150 965 209 18 47 1
4 322 151 965 209 18 47 1
4 322 152 963 209 18 47 1
4 322 153 963 209 18 47 1
4 322 154 963 209 18 47 1
4 322 155 963 209 18 47 1
4 322 156 963 211 18 46 1
4 322 157 961 211 18 46 1
4 322 158 961 211 18 46 1
4 322 159 961 211 18 46 1
4 322 160 961 211 18 46 1
4 322 161 961 213 18 46 1
4 322 162 960 213 17 46 1
4 322 163 960 213 17 46 1
4 322 164 958 213 18 46 1
4 322 165 958 213 18 46 1
4 322 166 958 213 18 46 1
4 322 167 956 213 18 46 1
4 322 168 956 213 18 46 1
4 322 169 954 213 18 46 1
4 322 170 954 213 18 46 1
4 322 171 954 213 18 46 1
4 322 172 952 213 18 46 1
4 322 173 952 213 18 46 1
4 322 174 951 213 17 46 1
4 322 175 951 213 17 46 1
4 322 176 951 213 17 46 1
4 322 177 949 213 18 46 1
4 322 178 949 213 18 46 1
4 322 179 947 213 18 46 1
4 322 180 947 213 18 46 1
4 322 181 947 213 18 46 1
4 322 182 945 213 18 46 1
4 322 183 945 213 18 46 1
4 322 184 944 213 17 46 1
4 322 185 944 213 17 46 1
4 322 186 944 213 17 46 1
4 322 187 942 213 18 46 1
4 322 188 942 213 18 46 1
4 322 189 942 213 18 46 1
4 322 190 940 213 18 46 1
4 322 191 940 213 18 46 1
4 322 192 938 213 18 46 1
4 322 193 938 213 18 46 1
4 322 194 938 213 18 46 1
4 322 195 936 213 18 46 1
4 322 196 936 213 18 46 1
4 322 197 936 213 18 46 1
4 322 198 935 213 17 46 1
4 322 199 935 213 17 46 1
4 322 200 935 213 17 46 1
4 322 201 935 213 17 46 1
4 322 202 933 213 18 46 1
4 322 203 933 213 18 46 1
4 322 204 933 213 18 46 1
4 322 205 931 213 18 46 1
4 322 206 931 213 18 46 1
4 322 207 931 213 18 46 1
4 322 208 931 213 18 46 1
4 322 209 931 213 18 46 1
4 322 210 931 213 18 46 1
4 322 211 931 213 18 46 1
4 322 212 929 213 18 46 1
4 322 213 929 213 18 46 1
4 322 214 929 213 18 46 1
4 322 215 928 213 17 46 1
4 322 216 928 213 17 46 1
4 322 217 928 213 17 46 1
4 322 218 926 213 18 46 1
4 322 219 926 213 18 46 1
4 322 220 926 213 18 46 1
4 322 221 926 213 18 46 1
4 322 222 924 213 18 46 1
4 322 223 924 213 18 46 1
4 322 224 924 213 18 46 1
4 322 225 922 213 18 46 1
4 322 226 922 213 18 46 1
4 322 227 922 213 18 46 1
4 322 228 920 213 18 46 1
4 322 229 920 213 18 46 1
4 322 230 920 213 18 46 1
4 322 231 920 213 18 46 1
4 322 232 919 213 19 46 1
4 322 233 919 213 19 46 1
4 322 234 919 213 19 46 1
4 322 235 917 213 21 46 1
4 322 236 917 213 21 46 1
4 322 237 917 213 21 46 1
4 322 238 915 213 23 46 1
4 322 239 915 213 23 46 1
4 322 240 915 213 23 46 1
4 322 241 915 213 23 46 1
4 322 242 913 211 23 46 1
4 322 243 913 211 23 46 1
4 322 244 913 211 23 46 1
4 322 245 913 211 23 46 1
4 322 246 913 211 23 46 1
4 322 247 913 211 23 46 1
4 322 248 913 211 23 46 1
4 322 249 913 211 23 46 1
4 322 250 913 211 23 46 1
4 322 251 913 211 23 46 1
4 322 252 912 211 23 46 1
4 322 253 912 211 23 46 1
4 322 254 912 211 23 46 1
4 322 255 912 211 23 46 1
4 322 256 912 211 23 46 1
4 322 257 910 211 23 46 1
4 322 258 910 211 23 46 1
4 322 259 910 211 23 46 1
4 322 260 910 211 23 46 1
4 322 261 910 211 23 46 1
4 322 262 910 211 22 46 1
4 322 263 910 211 22 46 1
4 322 264 910 211 22 46 1
4 322 265 910 211 22 46 1
4 322 266 910 211 22 46 1
4 322 267 910 211 22 46 1
4 322 268 910 211 22 46 1
4 322 269 910 211 22 46 1
4 322 270 910 212 22 46 1
4 322 271 910 212 22 46 1
4 322 272 911 212 21 46 1
4 322 273 911 212 21 46 1
4 322 274 911 212 21 46 1
4 322 275 911 212 21 46 1
4 322 276 911 212 21 46 1
4 322 277 911 212 21 46 1
4 322 278 911 213 21 46 1
4 322 279 911 213 21 46 1
4 322 280 911 213 21 46 1
4 322 281 911 213 21 46 1
4 322 282 912 213 20 46 1
4 322 283 912 213 20 46 1
4 322 284 912 213 20 46 1
4 322 285 912 213 20 46 1
4 322 286 912 214 20 46 1
4 322 287 912 214 20 46 1
4 322 288 912 214 20 46 1
4 322 289 912 214 20 46 1
4 322 290 912 214 20 46 1
4 322 291 912 214 20 46 1
4 322 292 913 214 19 46 1
4 322 293 913 214 19 46 1
4 322 294 913 215 19 46 1
4 322 295 913 215 19 46 1
4 322 296 913 215 19 46 1
4 322 297 913 215 19 46 1
4 322 298 913 215 19 46 1
4 322 299 913 215 19 46 1
4 322 300 913 215 19 46 1
4 322 301 913 215 19 46 1
4 322 302 914 216 19 46 1
4 322 303 918 215 19 46 1
4 322 304 923 214 19 46 1
4 322 305 928 214 19 46 1
4 322 306 933 213 19 46 1
4 322 307 938 212 18 47 1
4 322 308 943 212 18 46 1
4 322 309 947 211 19 47 1
4 322 310 952 210 19 47 1
4 322 311 957 210 19 47 1
4 322 312 962 209 18 47 1
4 322 313 967 209 18 47 1
4 322 314 972 208 18 47 1
4 322 315 976 207 19 48 1
4 322 316 981 207 19 47 1
4 322 317 986 206 18 48 1
4 322 318 991 205 18 48 1
4 322 319 996 205 18 48 1
4 322 320 1001 204 18 48 1
4 322 321 1005 203 18 48 1
5 322 0 700 209 18 41 1
5 322 1 700 209 18 41 1
5 322 2 702 209 18 41 1
5 322 3 702 209 18 41 1
5 322 4 704 209 17 41 1
5 322 5 704 209 17 41 1
5 322 6 705 209 18 41 1
5 322 7 705 209 18 41 1
5 322 8 707 209 18 41 1
5 322 9 707 209 18 41 1
5 322 10 709 211 18 41 1
5 322 11 709 211 18 41 1
5 322 12 709 211 18 41 1
5 322 13 709 211 18 41 1
5 322 14 709 211 18 41 1
5 322 15 709 211 18 41 1
5 322 16 709 211 18 41 1
5 322 17 709 211 18 41 1
5 322 18 709 211 18 41 1
5 322 19 709 211 18 41 1
5 322 20 711 211 17 41 1
5 322 21 711 211 17 41 1
5 322 22 711 211 17 41 1
5 322 23 711 211 17 41 1
5 322 24 711 211 17 41 1
5 322 25 711 211 17 41 1
5 322 26 711 211 17 41 1
5 322 27 711 211 17 41 1
5 322 28 711 211 17 41 1
5 322 29 711 211 17 41 1
5 322 30 712 211 18 41 1
5 322 31 712 209 18 43 1
5 322 32 712 209 18 43 1
5 322 33 714 209 18 43 1
5 322 34 714 209 18 43 1
5 322 35 714 209 18 43 1
5 322 36 716 209 18 43 1
5 322 37 716 209 18 43 1
5 322 38 716 209 18 43 1
5 322 39 718 209 18 43 1
5 322 40 718 209 18 43 1
5 322 41 718 208 18 44 1
5 322 42 720 208 17 44 1
5 322 43 720 208 17 44 1
5 322 44 720 208 17 44 1
5 322 45 721 208 18 44 1
5 322 46 721 208 18 44 1
5 322 47 721 208 18 44 1
5 322 48 723 208 18 44 1
5 322 49 723 208 18 44 1
5 322 50 725 208 18 44 1
5 322 51 725 206 18 44 1
5 322 52 727 206 17 44 1
5 322 53 727 206 17 44 1
5 322 54 728 206 18 44 1
5 322 55 728 206 18 44 1
5 322 56 730 206 18 44 1
5 322 57 730 206 18 44 1
5 322 58 732 206 18 44 1
5 322 59 732 206 18 44 1
5 322 60 734 206 18 44 1
5 322 61 734 206 18 44 1
5 322 62 734 206 18 44 1
5 322 63 734 206 18 44 1
5 322 64 736 206 17 44 1
5 322 65 736 206 17 44 1
5 322 66 736 206 17 44 1
5 322 67 736 206 17 44 1
5 322 68 737 206 18 44 1
5 322 69 737 206 18 44 1
5 322 70 737 206 18 44 1
5 322 71 737 206 18 44 1
5 322 72 739 206 18 44 1
5 322 73 739 206 18 44 1
5 322 74 739 206 18 44 1
5 322 75 739 206 18 44 1
5 322 76 741 206 18 44 1
5 322 77 741 206 18 44 1
5 322 78 741 206 18 44 1
5 322 79 741 206 18 44 1
5 322 80 743 206 17 44 1
5 322 81 743 206 17 44 1
5 322 82 743 206 17 44 1
5 322 83 743 206 17 44 1
5 322 84 743 206 17 44 1
5 322 85 744 206 18 44 1
5 322 86 744 206 18 44 1
5 322 87 744 206 18 44 1
5 322 88 744 206 18 44 1
5 322 89 744 206 18 44 1
5 322 90 746 206 18 44 1
5 322 91 746 206 18 44 1
5 322 92 746 206 18 44 1
5 322 93 746 206 18 44 1
5 322 94 746 206 18 44 1
5 322 95 748 206 18 44 1
5 322 96 748 206 18 44 1
5 322 97 748 206 18 44 1
5 322 98 748 206 18 44 1
5 322 99 748 206 18 44 1
5 322 100 750 206 18 44 1
5 322 101 750 206 18 44 1
5 322 102 750 206 18 44 1
5 322 103 750 206 18 44 1
5 322 104 750 206 18 44 1
5 322 105 750 206 18 44 1
5 322 106 750 206 18 44 1
5 322 107 752 206 17 44 1
5 322 108 752 206 17 44 1
5 322 109 752 206 17 44 1
5 322 110 752 206 17 44 1
5 322 111 752 206 17 44 1
5 322 112 752 206 17 44 1
5 322 113 752 206 17 44 1
5 322 114 753 206 18 44 1
5 322 115 753 206 18 44 1
5 322 116 753 206 18 44 1
5 322 117 753 206 18 44 1
5 322 118 753 206 18 44 1
5 322 119 753 206 18 44 1
5 322 120 755 206 18 44 1
5 322 121 755 204 18 44 1
5 322 122 757 204 18 44 1
5 322 123 757 204 18 44 1
5 322 124 759 204 17 44 1
5 322 125 759 204 17 44 1
5 322 126 760 204 18 44 1
5 322 127 760 204 18 44 1
5 322 128 762 204 18 44 1
5 322 129 762 204 18 44 1
5 322 130 764 204 18 44 1
5 322 131 766 204 18 44 1
5 322 132 766 204 18 44 1
5 322 133 768 204 17 44 1
5 322 134 768 204 17 44 1
5 322 135 769 204 18 44 1
5 322 136 769 204 18 44 1
5 322 137 771 204 18 44 1
5 322 138 771 204 18 44 1
5 322 139 773 204 18 44 1
5 322 140 775 204 17 44 1
5 322 141 775 202 17 45 1
5 322 142 775 202 17 45 1
5 322 143 776 202 18 45 1
5 322 144 776 202 18 45 1
5 322 145 778 202 18 45 1
5 322 146 778 202 18 45 1
5 322 147 778 202 18 45 1
5 322 148 780 202 18 45 1
5 322 149 780 202 18 45 1
5 322 150 782 202 18 45 1
5 322 151 782 202 18 45 1
5 322 152 784 202 17 45 1
5 322 153 784 202 17 45 1
5 322 154 785 202 18 45 1
5 322 155 787 202 18 45 1
5 322 156 787 202 18 45 1
5 322 157 789 202 18 45 1
5 322 158 789 202 18 45 1
5 322 159 791 202 17 45 1
5 322 160 792 202 18 45 1
5 322 161 792 202 18 45 1
5 322 162 792 202 18 45 1
5 322 163 794 202 18 45 1
5 322 164 794 202 18 45 1
5 322 165 796 202 18 45 1
5 322 166 796 202 18 45 1
5 322 167 796 202 18 45 1
5 322 168 798 202 18 45 1
5 322 169 798 202 18 45 1
5 322 170 800 202 17 45 1
5 322 171 800 202 17 45 1
5 322 172 800 202 17 45 1
5 322 173 801 202 18 45 1
5 322 174 801 202 18 45 1
5 322 175 803 202 18 45 1
5 322 176 803 202 18 45 1
5 322 177 803 202 18 45 1
5 322 178 805 202 18 45 1
5 322 179 805 202 18 45 1
5 322 180 807 202 17 45 1
5 322 181 807 202 17 43 1
5 322 182 808 202 18 43 1
5 322 183 808 202 18 43 1
5 322 184 810 202 18 43 1
5 322 185 812 202 18 43 1
5 322 186 812 202 18 41 1
5 322 187 814 202 18 41 1
5 322 188 814 202 18 41 1
5 322 189 816 202 17 41 1
5 322 190 817 202 18 41 1
5 322 191 817 202 18 41 1
5 322 192 817 202 18 41 1
5 322 193 817 202 18 41 1
5 322 194 819 202 18 41 1
5 322 195 819 202 18 41 1
5 322 196 819 202 18 41 1
5 322 197 821 202 18 41 1
5 322 198 821 202 18 41 1
5 322 199 821 202 18 41 1
5 322 200 823 202 17 41 1
5 322 201 823 202 17 41 1
5 322 202 823 202 17 41 1
5 322 203 823 202 17 41 1
5 322 204 824 202 18 41 1
5 322 205 824 202 18 41 1
5 322 206 824 202 18 41 1
5 322 207 826 202 18 41 1
5 322 208 826 202 18 41 1
5 322 209 826 202 18 41 1
5 322 210 828 202 18 41 1
5 322 211 828 200 18 41 1
5 322 212 828 200 18 41 1
5 322 213 828 200 18 41 1
5 322 214 830 200 18 41 1
5 322 215 830 200 18 41 1
5 322 216 830 200 18 41 1
5 322 217 832 200 17 41 1
5 322 218 832 200 17 41 1
5 322 219 832 200 17 41 1
5 322 220 833 200 18 41 1
5 322 221 833 200 18 41 1
5 322 222 833 200 18 41 1
5 322 223 835 200 18 41 1
5 322 224 835 200 18 41 1
5 322 225 837 200 18 41 1
5 322 226 837 200 18 41 1
5 322 227 837 200 18 41 1
5 322 228 839 200 17 41 1
5 322 229 839 200 17 41 1
5 322 230 840 200 18 41 1
5 322 231 840 200 18 40 1
5 322 232 840 200 18 40 1
5 322 233 840 200 18 38 1
5 322 234 840 200 18 38 1
5 322 235 842 200 18 36 1
5 322 236 842 200 18 36 1
5 322 237 842 200 18 34 1
5 322 238 842 200 18 34 1
5 322 239 842 200 18 32 1
5 322 240 844 200 18 32 1
5 322 241 844 200 18 32 1
5 322 242 844 200 18 32 1
5 322 243 844 200 18 32 1
5 322 244 844 200 18 32 1
5 322 245 846 200 18 32 1
5 322 246 846 200 18 32 1
5 322 247 846 200 18 32 1
5 322 248 846 200 18 32 1
5 322 249 846 200 18 32 1
5 322 250 848 200 17 32 1
5 322 251 848 200 17 32 1
5 322 252 848 200 17 32 1
5 322 253 848 200 17 32 1
5 322 254 848 200 17 32 1
5 322 255 849 200 18 32 1
5 322 256 849 200 18 32 1
5 322 257 849 200 18 32 1
5 322 258 849 200 18 32 1
5 322 259 849 200 18 32 1
5 322 260 851 200 18 32 1
5 322 261 851 200 18 32 1
5 322 262 851 200 18 32 1
5 322 263 851 200 18 32 1
5 322 264 851 200 18 32 1
5 322 265 851 200 18 32 1
5 322 266 851 200 18 32 1
5 322 267 851 200 18 32 1
5 322 268 851 200 18 32 1
5 322 269 851 200 18 32 1
5 322 270 853 202 18 32 1
5 322 271 853 202 18 32 1
5 322 272 853 202 18 32 1
5 322 273 853 202 18 32 1
5 322 274 853 202 18 32 1
5 322 275 853 202 18 32 1
5 322 276 853 202 18 32 1
5 322 277 853 202 18 32 1
5 322 278 853 202 18 32 1
5 322 279 853 202 18 32 1
5 322 280 853 202 18 32 1
5 322 281 853 202 18 32 1
5 322 282 853 202 18 32 1
5 322 283 853 202 18 32 1
5 322 284 853 202 18 32 1
5 322 285 853 202 18 32 1
5 322 286 853 202 18 32 1
5 322 287 853 202 18 32 1
5 322 288 853 202 18 32 1
5 322 289 853 202 18 32 1
5 322 290 853 202 18 32 1
5 322 291 849 202 18 32 1
5 322 292 846 202 18 32 1
5 322 293 842 202 18 32 1
5 322 294 839 202 17 34 1
5 322 295 835 202 18 34 1
5 322 296 832 202 17 34 1
5 322 297 828 202 18 36 1
5 322 298 824 202 18 36 1
5 322 299 821 202 18 36 1
5 322 300 817 202 18 36 1
5 322 301 814 202 18 38 1
5 322 302 810 202 18 38 1
5 322 303 807 202 17 38 1
5 322 304 803 202 18 39 1
5 322 305 800 202 17 39 1
5 322 306 796 204 18 37 1
5 322 307 792 204 18 37 1
5 322 308 789 204 18 39 1
5 322 309 785 204 18 39 1
5 322 310 782 204 18 39 1
5 322 311 778 204 18 41 1
5 322 312 775 204 17 41 1
5 322 313 771 204 18 41 1
5 322 314 768 204 17 41 1
5 322 315 764 204 18 43 1
5 322 316 760 204 18 43 1
5 322 317 757 204 18 43 1
5 322 318 753 204 18 44 1
5 322 319 750 204 18 44 1
5 322 320 746 204 18 44 1
5 322 321 743 206 17 44 1
6 322 0 856 206 15 30 1
6 322 1 856 206 15 30 1
6 322 2 856 206 15 30 1
6 322 3 856 206 15 30 1
6 322 4 856 206 15 30 1
6 322 5 856 206 15 30 1
6 322 6 856 206 15 30 1
6 322 7 856 206 15 30 1
6 322 8 856 206 15 30 1
6 322 9 856 206 15 30 1
6 322 10 856 206 15 30 1
6 322 11 856 206 15 30 1
6 322 12 856 206 15 30 1
6 322 13 856 206 15 30 1
6 322 14 856 206 15 30 1
6 322 15 856 206 15 30 1
6 322 16 856 206 15 30 1
6 322 17 856 206 15 30 1
6 322 18 856 206 15 30 1
6 322 19 856 206 15 30 1
6 322 20 856 206 15 30 1
6 322 21 856 206 15 30 1
6 322 22 856 206 15 30 1
6 322 23 856 206 15 30 1
6 322 24 856 206 15 30 1
6 322 25 856 206 15 30 1
6 322 26 856 206 15 30 1
6 322 27 856 206 15 30 1
6 322 28 856 206 15 30 1
6 322 29 856 206 15 30 1
6 322 30 856 206 15 30 1
6 322 31 856 206 15 30 1
6 322 32 856 206 15 30 1
6 322 33 856 206 15 30 1
6 322 34 856 206 15 30 1
6 322 35 856 206 15 30 1
6 322 36 856 206 15 30 1
6 322 37 856 206 15 30 1
6 322 38 856 206 15 30 1
6 322 39 856 206 15 30 1
6 322 40 856 206 15 30 1
6 322 41 856 206 15 30 1
6 322 42 856 206 15 30 1
6 322 43 856 206 15 30 1
6 322 44 856 206 15 30 1
6 322 45 856 206 15 30 1
6 322 46 856 206 15 30 1
6 322 47 856 206 15 30 1
6 322 48 856 206 15 30 1
6 322 49 856 206 15 30 1
6 322 50 856 206 15 30 1
6 322 51 856 206 15 30 1
6 322 52 856 206 15 30 1
6 322 53 856 206 15 30 1
6 322 54 856 206 15 30 1
6 322 55 856 206 15 30 1
6 322 56 856 206 15 30 1
6 322 57 856 206 15 30 1
6 322 58 856 206 15 30 1
6 322 59 856 206 15 30 1
6 322 60 856 206 15 30 1
6 322 61 856 206 15 30 1
6 322 62 856 206 15 30 1
6 322 63 856 206 15 30 1
6 322 64 856 206 15 30 1
6 322 65 856 206 15 30 1
6 322 66 856 206 15 30 1
6 322 67 856 206 15 30 1
6 322 68 856 206 15 30 1
6 322 69 856 206 15 30 1
6 322 70 856 206 15 30 1
6 322 71 856 206 15 30 1
6 322 72 856 206 15 30 1
6 322 73 856 206 15 30 1
6 322 74 856 206 15 30 1
6 322 75 856 206 15 30 1
6 322 76 856 206 15 30 1
6 322 77 856 206 15 30 1
6 322 78 856 206 15 30 1
6 322 79 856 206 15 30 1
6 322 80 856 206 15 30 1
6 322 81 856 206 15 30 1
6 322 82 856 206 15 30 1
6 322 83 856 206 15 30 1
6 322 84 856 206 15 30 1
6 322 85 856 206 15 30 1
6 322 86 856 206 15 30 1
6 322 87 856 206 15 30 1
6 322 88 856 206 15 30 1
6 322 89 856 206 15 30 1
6 322 90 856 206 15 30 1
6 322 91 856 206 15 30 1
6 322 92 856 206 15 30 1
6 322 93 856 206 15 30 1
6 322 94 856 206 15 30 1
6 322 95 856 206 15 30 1
6 322 96 856 206 15 30 1
6 322 97 856 206 15 30 1
6 322 98 856 206 15 30 1
6 322 99 856 206 15 30 1
6 322 100 856 206 15 30 1
6 322 101 856 206 15 30 1
6 322 102 856 206 15 30 1
6 322 103 856 206 15 30 1
6 322 104 856 206 15 30 1
6 322 105 856 206 15 30 1
6 322 106 856 206 15 30 1
6 322 107 856 206 15 30 1
6 322 108 856 206 15 30 1
6 322 109 856 206 15 30 1
6 322 110 856 206 15 30 1
6 322 111 856 206 15 30 1
6 322 112 856 206 15 30 1
6 322 113 856 206 15 30 1
6 322 114 856 206 15 30 1
6 322 115 856 206 15 30 1
6 322 116 856 206 15 30 1
6 322 117 856 206 15 30 1
6 322 118 856 206 15 30 1
6 322 119 856 206 15 30 1
6 322 120 856 206 15 30 1
6 322 121 856 206 15 30 1
6 322 122 856 206 15 30 1
6 322 123 856 206 15 30 1
6 322 124 856 206 15 30 1
6 322 125 856 206 15 30 1
6 322 126 856 206 15 30 1
6 322 127 856 206 15 30 1
6 322 128 856 206 15 30 1
6 322 129 856 206 15 30 1
6 322 130 856 206 15 30 1
6 322 131 856 206 15 30 1
6 322 132 856 206 15 30 1
6 322 133 856 206 15 30 1
6 322 134 856 206 15 30 1
6 322 135 856 206 15 30 1
6 322 136 856 206 15 30 1
6 322 137 856 206 15 30 1
6 322 138 856 206 15 30 1
6 322 139 856 206 15 30 1
6 322 140 856 206 15 30 1
6 322 141 856 206 15 30 1
6 322 142 856 206 15 30 1
6 322 143 856 206 15 30 1
6 322 144 856 206 15 30 1
6 322 145 856 206 15 30 1
6 322 146 856 206 15 30 1
6 322 147 856 206 15 30 1
6 322 148 856 206 15 30 1
6 322 149 856 206 15 30 1
6 322 150 856 206 15 30 1
6 322 151 856 206 15 30 1
6 322 152 856 206 15 30 1
6 322 153 856 206 15 30 1
6 322 154 856 206 15 30 1
6 322 155 856 206 15 30 1
6 322 156 856 206 15 30 1
6 322 157 856 206 15 30 1
6 322 158 856 206 15 30 1
6 322 159 856 206 15 30 1
6 322 160 856 206 15 30 1
6 322 161 856 206 15 30 1
6 322 162 856 206 15 30 1
6 322 163 856 206 15 30 1
6 322 164 856 206 15 30 1
6 322 165 856 206 15 30 1
6 322 166 856 206 15 30 1
6 322 167 856 206 15 30 1
6 322 168 856 206 15 30 1
6 322 169 856 206 15 30 1
6 322 170 856 206 15 30 1
6 322 171 856 206 15 30 1
6 322 172 856 206 15 30 1
6 322 173 856 206 15 30 1
6 322 174 856 206 15 30 1
6 322 175 856 206 15 30 1
6 322 176 856 206 15 30 1
6 322 177 856 206 15 30 1
6 322 178 856 206 15 30 1
6 322 179 856 206 15 30 1
6 322 180 856 206 15 30 1
6 322 181 856 206 15 30 1
6 322 182 856 206 15 30 1
6 322 183 856 206 15 30 1
6 322 184 856 206 15 30 1
6 322 185 856 206 15 30 1
6 322 186 856 206 15 30 1
6 322 187 856 206 15 30 1
6 322 188 856 206 15 30 1
6 322 189 856 206 15 30 1
6 322 190 856 206 15 30 1
6 322 191 856 206 15 30 1
6 322 192 856 206 15 30 1
6 322 193 856 206 15 30 1
6 322 194 856 206 15 30 1
6 322 195 856 206 15 30 1
6 322 196 855 206 14 30 1
6 322 197 855 206 14 30 1
6 322 198 855 206 14 30 1
6 322 199 855 206 14 30 1
6 322 200 853 206 14 30 1
6 322 201 853 206 14 30 1
6 322 202 853 206 14 30 1
6 322 203 853 206 14 30 1
6 322 204 853 206 14 30 1
6 322 205 853 206 14 30 1
6 322 206 851 204 14 30 1
6 322 207 851 204 14 30 1
6 322 208 851 204 14 30 1
6 322 209 851 204 14 30 1
6 322 210 851 204 14 30 1
6 322 211 849 204 15 30 1
6 322 212 849 204 15 30 1
6 322 213 849 204 15 30 1
6 322 214 849 204 15 30 1
6 322 215 849 204 15 30 1
6 322 216 848 204 14 30 1
6 322 217 848 204 14 30 1
6 322 218 846 204 14 30 1
6 322 219 846 204 14 30 1
6 322 220 846 204 14 30 1
6 322 221 844 204 14 30 1
6 322 222 844 204 14 30 1
6 322 223 842 204 14 30 1
6 322 224 842 204 14 30 1
6 322 225 842 204 14 30 1
6 322 226 840 204 15 30 1
6 322 227 840 204 15 30 1
6 322 228 840 204 15 30 1
6 322 229 839 204 14 30 1
6 322 230 839 204 14 30 1
6 322 231 839 204 14 30 1
6 322 232 837 204 14 30 1
6 322 233 837 204 14 30 1
6 322 234 837 204 14 30 1
6 322 235 837 206 14 30 1
6 322 236 835 206 14 30 1
6 322 237 835 206 14 30 1
6 322 238 835 206 14 30 1
6 322 239 833 206 15 30 1
6 322 240 833 206 15 30 1
6 322 241 833 206 15 30 1
6 322 242 832 206 14 30 1
6 322 243 832 206 14 30 1
6 322 244 832 206 14 30 1
6 322 245 832 208 14 30 1
6 322 246 830 206 14 30 1
6 322 247 830 206 14 30 1
6 322 248 830 206 14 30 1
6 322 249 830 206 14 30 1
6 322 250 830 206 14 30 1
6 322 251 828 206 14 30 1
6 322 252 828 206 14 30 1
6 322 253 828 206 14 30 1
6 322 254 828 206 14 30 1
6 322 255 828 206 14 30 1
6 322 256 826 206 14 30 1
6 322 257 826 206 14 30 1
6 322 258 824 206 15 30 1
6 322 259 824 206 15 30 1
6 322 260 824 206 15 30 1
6 322 261 823 206 14 30 1
6 322 262 823 206 14 30 1
6 322 263 821 206 14 30 1
6 322 264 821 206 14 30 1
6 322 265 821 206 14 30 1
6 322 266 819 204 14 30 1
6 322 267 819 204 14 30 1
6 322 268 819 204 14 30 1
6 322 269 819 204 14 30 1
6 322 270 819 204 14 30 1
6 322 271 817 204 15 30 1
6 322 272 817 204 15 30 1
6 322 273 817 204 15 30 1
6 322 274 817 204 15 30 1
6 322 275 817 204 15 30 1
6 322 276 816 204 14 30 1
6 322 277 816 204 14 30 1
6 322 278 814 204 14 30 1
6 322 279 814 204 14 30 1
6 322 280 814 204 14 30 1
6 322 281 812 204 14 30 1
6 322 282 812 204 14 30 1
6 322 283 810 204 14 30 1
6 322 284 810 204 14 30 1
6 322 285 810 204 14 30 1
6 322 286 808 204 15 30 1
6 322 287 808 204 15 30 1
6 322 288 807 204 14 30 1
6 322 289 807 204 14 30 1
6 322 290 807 204 14 30 1
6 322 291 805 204 14 30 1
6 322 292 805 204 14 30 1
6 322 293 803 204 14 30 1
6 322 294 803 204 14 30 1
6 322 295 803 206 14 30 1
6 322 296 801 206 15 30 1
6 322 297 801 206 15 30 1
6 322 298 801 206 15 30 1
6 322 299 801 206 15 30 1
6 322 300 801 206 15 30 1
6 322 301 801 206 15 30 1
6 322 302 801 206 15 30 1
6 322 303 801 206 15 30 1
6 322 304 801 206 15 30 1
6 322 305 801 206 15 30 1
6 322 306 800 206 14 30 1
6 322 307 800 206 14 30 1
6 322 308 800 206 14 30 1
6 322 309 798 206 14 30 1
6 322 310 798 206 14 30 1
6 322 311 798 206 14 30 1
6 322 312 796 206 14 30 1
6 322 313 796 206 14 30 1
6 322 314 796 206 14 30 1
6 322 315 796 206 14 30 1
6 322 316 794 206 14 30 1
6 322 317 794 206 14 30 1
6 322 318 794 206 14 30 1
6 322 319 794 206 14 30 1
6 322 320 794 206 14 30 1
6 322 321 794 206 14 30 1
7 569 0 405 240 19 46 1
7 569 1 405 238 19 46 1
7 569 2 405 238 19 46 1
7 569 3 405 238 19 46 1
7 569 4 405 238 19 46 1
7 569 5 407 238 19 46 1
7 569 6 407 238 19 46 1
7 569 7 407 238 19 46 1
7 569 8 407 238 19 46 1
7 569 9 407 238 19 46 1
7 569 10 408 238 20 46 1
7 569 11 408 236 20 46 1
7 569 12 408 236 20 46 1
7 569 13 408 234 20 46 1
7 569 14 410 234 20 46 1
7 569 15 410 234 20 46 1
7 569 16 410 232 20 47 1
7 569 17 412 232 20 47 1
7 569 18 412 231 20 46 1
7 569 19 412 231 20 46 1
7 569 20 414 231 19 46 1
7 569 21 414 229 19 46 1
7 569 22 414 229 19 46 1
7 569 23 416 229 19 46 1
7 569 24 416 229 19 46 1
7 569 25 417 229 20 46 1
7 569 26 417 227 20 46 1
7 569 27 417 227 20 46 1
7 569 28 419 227 20 46 1
7 569 29 419 227 20 46 1
7 569 30 421 227 19 46 1
7 569 31 421 225 19 47 1
7 569 32 421 225 19 47 1
7 569 33 421 225 19 47 1
7 569 34 421 225 19 47 1
7 569 35 421 225 19 47 1
7 569 36 421 224 19 46 1
7 569 37 421 224 19 46 1
7 569 38 421 224 19 46 1
7 569 39 421 224 19 46 1
7 569 40 423 224 19 46 1
7 569 41 423 222 19 46 1
7 569 42 423 222 19 46 1
7 569 43 423 222 19 46 1
7 569 44 424 222 20 46 1
7 569 45 424 222 20 46 1
7 569 46 424 222 20 46 1
7 569 47 426 222 20 46 1
7 569 48 426 222 20 46 1
7 569 49 426 222 20 46 1
7 569 50 428 222 20 46 1
7 569 51 428 222 20 46 1
7 569 52 430 222 19 46 1
7 569 53 430 222 19 46 1
7 569 54 432 222 19 46 1
7 569 55 433 222 20 46 1
7 569 56 433 222 20 46 1
7 569 57 435 222 20 46 1
7 569 58 435 222 20 46 1
7 569 59 437 222 19 46 1
7 569 60 439 224 19 46 1
7 569 61 439 222 21 46 1
7 569 62 440 222 22 46 1
7 569 63 442 222 22 46 1
7 569 64 444 222 21 46 1
7 569 65 446 222 21 46 1
7 569 66 446 222 23 46 1
7 569 67 448 222 23 46 1
7 569 68 449 222 23 46 1
7 569 69 451 222 23 46 1
7 569 70 453 222 25 46 1
7 569 71 453 222 25 46 1
7 569 72 453 222 25 46 1
7 569 73 453 222 25 46 1
7 569 74 453 222 25 46 1
7 569 75 455 222 25 46 1
7 569 76 455 222 25 46 1
7 569 77 455 222 25 46 1
7 569 78 455 222 25 46 1
7 569 79 455 222 25 46 1
7 569 80 456 222 25 46 1
7 569 81 456 222 25 46 1
7 569 82 458 222 25 46 1
7 569 83 460 222 25 46 1
7 569 84 462 222 25 46 1
7 569 85 464 222 24 46 1
7 569 86 465 222 25 46 1
7 569 87 467 222 25 46 1
7 569 88 469 222 25 46 1
7 569 89 471 222 25 46 1
7 569 90 472 222 25 46 1
7 569 91 472 220 25 46 1
7 569 92 474 220 25 46 1
7 569 93 476 220 25 46 1
7 569 94 478 220 25 46 1
7 569 95 480 220 24 46 1
7 569 96 481 220 25 46 1
7 569 97 483 220 25 46 1
7 569 98 485 220 25 46 1
7 569 99 487 220 25 46 1
7 569 100 488 220 25 46 1
7 569 101 488 218 25 46 1
7 569 102 490 218 25 46 1
7 569 103 492 218 25 46 1
7 569 104 494 218 25 46 1
7 569 105 496 218 24 46 1
7 569 106 497 218 25 45 1
7 569 107 499 218 25 45 1
7 569 108 501 218 25 45 1
7 569 109 503 218 25 45 1
7 569 110 504 218 25 45 1
7 569 111 504 218 25 45 1
7 569 112 506 218 25 45 1
7 569 113 508 218 25 45 1
7 569 114 508 218 25 45 1
7 569 115 510 218 25 45 1
7 569 116 512 218 24 45 1
7 569 117 512 218 24 45 1
7 569 118 513 218 25 45 1
7 569 119 515 218 25 45 1
7 569 120 517 218 25 45 1
7 569 121 517 218 25 43 1
7 569 122 519 218 25 43 1
7 569 123 520 218 25 43 1
7 569 124 522 218 25 43 1
7 569 125 524 218 25 43 1
7 569 126 524 218 25 41 1
7 569 127 526 218 25 41 1
7 569 128 528 218 24 41 1
7 569 129 529 218 25 41 1
7 569 130 531 218 25 41 1
7 569 131 531 218 25 41 1
7 569 132 533 218 25 41 1
7 569 133 535 218 25 41 1
7 569 134 535 218 25 41 1
7 569 135 536 218 25 41 1
7 569 136 538 218 25 41 1
7 569 137 538 218 25 41 1
7 569 138 540 218 25 41 1
7 569 139 542 218 25 41 1
7 569 140 544 218 24 41 1
7 569 141 544 218 24 41 1
7 569 142 545 218 25 41 1
7 569 143 545 218 25 41 1
7 569 144 547 218 25 41 1
7 569 145 547 218 25 41 1
7 569 146 549 218 25 41 1
7 569 147 549 218 25 41 1
7 569 148 551 218 25 41 1
7 569 149 551 218 25 41 1
7 569 150 552 218 25 41 1
7 569 151 552 218 25 39 1
7 569 152 554 218 25 39 1
7 569 153 556 218 25 39 1
7 569 154 556 218 25 39 1
7 569 155 558 218 25 39 1
7 569 156 560 218 24 39 1
7 569 157 560 218 24 39 1
7 569 158 561 218 25 39 1
7 569 159 563 218 25 39 1
7 569 160 565 220 25 37 1
7 569 161 565 220 25 37 1
7 569 162 567 220 25 37 1
7 569 163 568 220 25 37 1
7 569 164 568 220 25 37 1
7 569 165 570 220 25 37 1
7 569 166 572 220 25 37 1
7 569 167 572 220 25 37 1
7 569 168 574 220 25 37 1
7 569 169 576 220 24 37 1
7 569 170 577 220 25 37 1
7 569 171 577 220 25 37 1
7 569 172 579 220 25 37 1
7 569 173 579 220 25 37 1
7 569 174 581 220 25 37 1
7 569 175 583 220 25 37 1
7 569 176 583 220 25 37 1
7 569 177 584 220 25 37 1
7 569 178 584 220 25 37 1
7 569 179 586 220 25 37 1
7 569 180 588 220 25 37 1
7 569 181 588 220 25 37 1
7 569 182 590 220 25 37 1
7 569 183 590 220 25 37 1
7 569 184 592 220 24 39 1
7 569 185 592 220 24 39 1
7 569 186 593 220 25 39 1
7 569 187 593 220 25 41 1
7 569 188 595 220 25 41 1
7 569 189 595 220 25 41 1
7 569 190 597 220 25 43 1
7 569 191 597 220 25 43 1
7 569 192 599 220 25 43 1
7 569 193 599 220 25 43 1
7 569 194 600 220 25 44 1
7 569 195 602 220 25 44 1
7 569 196 602 220 25 44 1
7 569 197 604 220 25 46 1
7 569 198 604 220 25 46 1
7 569 199 606 220 25 46 1
7 569 200 608 220 24 48 1
7 569 201 608 220 24 48 1
7 569 202 608 220 24 48 1
7 569 203 609 220 25 48 1
7 569 204 609 220 25 48 1
7 569 205 611 220 25 48 1
7 569 206 611 220 25 48 1
7 569 207 611 220 25 48 1
7 569 208 613 220 25 48 1
7 569 209 613 220 25 48 1
7 569 210 615 220 25 48 1
7 569 211 615 220 25 48 1
7 569 212 616 220 25 48 1
7 569 213 616 220 25 48 1
7 569 214 618 220 25 48 1
7 569 215 620 220 25 48 1
7 569 216 620 220 25 48 1
7 569 217 622 220 25 48 1
7 569 218 622 220 25 48 1
7 569 219 624 220 24 48 1
7 569 220 625 220 25 48 1
7 569 221 625 218 25 48 1
7 569 222 627 218 25 48 1
7 569 223 627 218 25 48 1
7 569 224 629 218 25 48 1
7 569 225 631 218 25 48 1
7 569 226 631 218 25 48 1
7 569 227 632 218 25 48 1
7 569 228 632 218 25 48 1
7 569 229 634 218 25 48 1
7 569 230 636 218 25 48 1
7 569 231 636 218 25 48 1
7 569 232 636 218 25 48 1
7 569 233 638 218 25 48 1
7 569 234 638 218 25 48 1
7 569 235 640 218 24 48 1
7 569 236 640 218 24 48 1
7 569 237 640 218 24 48 1
7 569 238 641 218 25 48 1
7 569 239 641 218 25 48 1
7 569 240 643 218 25 48 1
7 569 241 643 218 25 48 1
7 569 242 645 218 25 48 1
7 569 243 645 218 25 48 1
7 569 244 647 218 25 48 1
7 569 245 648 218 25 48 1
7 569 246 648 218 25 48 1
7 569 247 650 218 25 48 1
7 569 248 650 218 25 48 1
7 569 249 652 218 25 48 1
7 569 250 654 218 25 48 1
7 569 251 654 218 25 48 1
7 569 252 654 218 25 48 1
7 569 253 656 218 24 48 1
7 569 254 656 218 24 48 1
7 569 255 657 218 25 48 1
7 569 256 657 218 25 48 1
7 569 257 657 218 25 48 1
7 569 258 659 218 25 48 1
7 569 259 659 218 25 48 1
7 569 260 661 218 25 48 1
7 569 261 661 218 25 46 1
7 569 262 663 218 25 46 1
7 569 263 663 218 25 46 1
7 569 264 664 218 25 46 1
7 569 265 664 218 25 46 1
7 569 266 666 218 25 45 1
7 569 267 666 218 25 45 1
7 569 268 668 218 25 45 1
7 569 269 668 218 25 45 1
7 569 270 670 218 25 45 1
7 569 271 670 216 25 45 1
7 569 272 672 216 24 45 1
7 569 273 672 216 24 45 1
7 569 274 673 216 25 45 1
7 569 275 673 216 25 45 1
7 569 276 675 216 25 45 1
7 569 277 675 216 25 45 1
7 569 278 677 216 25 45 1
7 569 279 677 216 25 45 1
7 569 280 679 216 25 45 1
7 569 281 679 216 25 45 1
7 569 282 680 216 25 45 1
7 569 283 680 216 25 45 1
7 569 284 682 216 25 45 1
7 569 285 682 216 25 45 1
7 569 286 684 216 25 45 1
7 569 287 684 216 25 45 1
7 569 288 686 216 25 45 1
7 569 289 686 216 25 45 1
7 569 290 688 216 24 45 1
7 569 291 688 216 24 45 1
7 569 292 688 216 24 45 1
7 569 293 689 216 25 45 1
7 569 294 689 216 25 45 1
7 569 295 691 216 25 45 1
7 569 296 691 216 25 45 1
7 569 297 691 216 25 45 1
7 569 298 693 216 25 45 1
7 569 299 693 216 25 45 1
7 569 300 695 216 25 45 1
7 569 301 695 215 25 44 1
7 569 302 695 215 25 44 1
7 569 303 696 215 25 44 1
7 569 304 696 215 25 44 1
7 569 305 698 215 25 44 1
7 569 306 698 215 25 44 1
7 569 307 700 215 25 44 1
7 569 308 700 215 25 44 1
7 569 309 702 215 25 44 1
7 569 310 702 215 25 44 1
7 569 311 704 215 23 44 1
7 569 312 704 215 24 44 1
7 569 313 705 215 23 44 1
7 569 314 705 215 25 44 1
7 569 315 707 215 23 44 1
7 569 316 707 215 25 44 1
7 569 317 709 215 23 44 1
7 569 318 709 215 25 44 1
7 569 319 711 215 23 44 1
7 569 320 711 215 25 44 1
7 569 321 711 215 25 44 1
7 569 322 712 215 24 44 1
7 569 323 712 215 25 44 1
7 569 324 714 215 23 44 1
7 569 325 714 215 25 44 1
7 569 326 716 215 23 44 1
7 569 327 716 213 25 46 1
7 569 328 718 213 23 46 1
7 569 329 718 213 25 46 1
7 569 330 720 213 23 46 1
7 569 331 720 213 24 44 1
7 569 332 721 213 23 44 1
7 569 333 721 213 23 44 1
7 569 334 723 213 23 44 1
7 569 335 723 213 23 44 1
7 569 336 725 213 23 44 1
7 569 337 725 213 23 44 1
7 569 338 727 213 23 44 1
7 569 339 727 213 23 44 1
7 569 340 728 213 24 44 1
7 569 341 728 213 24 44 1
7 569 342 728 213 25 44 1
7 569 343 730 213 23 44 1
7 569 344 730 213 23 44 1
7 569 345 732 213 23 44 1
7 569 346 732 213 23 44 1
7 569 347 734 213 23 44 1
7 569 348 734 213 23 44 1
7 569 349 736 213 23 44 1
7 569 350 736 213 23 44 1
7 569 351 737 213 23 44 1
7 569 352 737 213 23 44 1
7 569 353 739 211 23 46 1
7 569 354 739 211 23 46 1
7 569 355 741 211 21 46 1
7 569 356 741 211 23 46 1
7 569 357 743 211 21 46 1
7 569 358 743 211 23 46 1
7 569 359 744 211 22 46 1
7 569 360 744 211 24 46 1
7 569 361 746 211 22 46 1
7 569 362 746 211 23 45 1
7 569 363 746 211 23 45 1
7 569 364 748 211 23 45 1
7 569 365 748 211 23 45 1
7 569 366 750 211 21 45 1
7 569 367 750 211 23 45 1
7 569 368 752 211 21 45 1
7 569 369 752 211 23 45 1
7 569 370 753 211 22 45 1
7 569 371 753 211 23 45 1
7 569 372 755 211 21 45 1
7 569 373 755 211 23 45 1
7 569 374 757 211 21 45 1
7 569 375 757 211 23 45 1
7 569 376 759 211 21 45 1
7 569 377 759 211 21 45 1
7 569 378 760 211 22 45 1
7 569 379 760 209 22 47 1
7 569 380 762 209 22 47 1
7 569 381 762 209 22 47 1
7 569 382 762 209 23 47 1
7 569 383 764 209 21 47 1
7 569 384 764 209 23 47 1
7 569 385 766 209 21 47 1
7 569 386 766 209 23 47 1
7 569 387 768 209 21 47 1
7 569 388 768 209 21 47 1
7 569 389 769 209 22 47 1
7 569 390 769 209 22 47 1
7 569 391 771 209 21 47 1
7 569 392 771 209 21 45 1
7 569 393 773 209 21 45 1
7 569 394 773 209 21 45 1
7 569 395 775 209 21 45 1
7 569 396 775 209 21 45 1
7 569 397 776 209 20 45 1
7 569 398 776 209 22 45 1
7 569 399 778 209 20 45 1
7 569 400 778 209 22 45 1
7 569 401 780 209 20 45 1
7 569 402 780 209 21 45 1
7 569 403 780 209 21 45 1
7 569 404 782 209 21 45 1
7 569 405 782 208 21 46 1
7 569 406 784 208 21 46 1
7 569 407 784 208 21 46 1
7 569 408 785 208 20 46 1
7 569 409 785 208 22 46 1
7 569 410 787 208 20 46 1
7 569 411 787 208 21 46 1
7 569 412 789 208 19 46 1
7 569 413 789 208 21 46 1
7 569 414 791 208 19 46 1
7 569 415 791 208 21 46 1
7 569 416 792 208 20 46 1
7 569 417 792 208 22 46 1
7 569 418 794 208 20 46 1
7 569 419 794 208 20 46 1
7 569 420 796 208 20 46 1
7 569 421 796 208 20 46 1
7 569 422 798 208 19 46 1
7 569 423 798 208 19 44 1
7 569 424 798 208 21 44 1
7 569 425 800 208 19 44 1
7 569 426 800 208 21 44 1
7 569 427 801 208 20 44 1
7 569 428 801 208 22 44 1
7 569 429 803 208 20 44 1
7 569 430 803 208 20 44 1
7 569 431 805 206 19 46 1
7 569 432 805 206 19 46 1
7 569 433 807 206 19 46 1
7 569 434 807 206 19 46 1
7 569 435 808 206 20 46 1
7 569 436 808 206 20 46 1
7 569 437 810 206 20 46 1
7 569 438 810 206 20 46 1
7 569 439 812 206 20 46 1
7 569 440 812 206 20 46 1
7 569 441 814 206 18 46 1
7 569 442 814 206 19 46 1
7 569 443 814 206 19 46 1
7 569 444 816 206 19 46 1
7 569 445 816 206 19 46 1
7 569 446 817 206 20 46 1
7 569 447 817 206 20 46 1
7 569 448 819 206 20 46 1
7 569 449 819 206 20 46 1
7 569 450 821 206 19 46 1
7 569 451 821 206 19 46 1
7 569 452 823 206 17 46 1
7 569 453 823 206 19 44 1
7 569 454 824 206 18 44 1
7 569 455 824 206 20 44 1
7 569 456 826 206 18 44 1
7 569 457 826 204 20 46 1
7 569 458 828 204 18 46 1
7 569 459 828 204 20 46 1
7 569 460 830 204 18 46 1
7 569 461 830 204 19 46 1
7 569 462 832 204 17 46 1
7 569 463 832 204 17 46 1
7 569 464 832 204 19 46 1
7 569 465 833 204 18 46 1
7 569 466 833 204 20 46 1
7 569 467 835 204 18 46 1
7 569 468 835 204 20 46 1
7 569 469 837 204 18 46 1
7 569 470 837 204 19 46 1
7 569 471 839 204 17 46 1
7 569 472 839 204 19 46 1
7 569 473 840 204 18 46 1
7 569 474 840 204 18 46 1
7 569 475 842 204 18 46 1
7 569 476 842 204 18 46 1
7 569 477 844 204 18 46 1
7 569 478 844 204 18 46 1
7 569 479 846 204 18 46 1
7 569 480 846 204 18 46 1
7 569 481 848 204 17 46 1
7 569 482 848 204 17 46 1
7 569 483 849 204 18 46 1
7 569 484 849 202 18 46 1
7 569 485 849 202 18 46 1
7 569 486 849 202 18 46 1
7 569 487 851 202 18 46 1
7 569 488 851 202 18 46 1
7 569 489 851 202 18 46 1
7 569 490 853 202 18 46 1
7 569 491 853 202 18 46 1
7 569 492 853 202 18 46 1
7 569 493 853 202 18 46 1
7 569 494 855 202 17 46 1
7 569 495 855 202 17 46 1
7 569 496 855 202 17 46 1
7 569 497 856 202 18 46 1
7 569 498 856 202 18 46 1
7 569 499 856 202 18 46 1
7 569 500 856 202 18 46 1
7 569 501 856 202 18 46 1
7 569 502 856 202 18 46 1
7 569 503 856 202 18 46 1
7 569 504 856 202 18 46 1
7 569 505 856 202 18 46 1
7 569 506 856 202 18 46 1
7 569 507 856 202 18 46 1
7 569 508 856 202 18 46 1
7 569 509 856 202 18 46 1
7 569 510 856 202 18 46 1
7 569 511 856 202 18 46 1
7 569 512 856 202 18 46 1
7 569 513 856 202 18 46 1
7 569 514 856 202 18 46 1
7 569 515 856 202 18 46 1
7 569 516 856 202 18 46 1
7 569 517 856 202 18 46 1
7 569 518 856 202 18 46 1
7 569 519 856 202 18 46 1
7 569 520 856 202 18 46 1
7 569 521 856 202 18 46 1
7 569 522 856 202 18 46 1
7 569 523 856 202 18 46 1
7 569 524 856 202 18 46 1
7 569 525 856 202 18 46 1
7 569 526 856 202 18 46 1
7 569 527 856 202 18 46 1
7 569 528 856 202 18 46 1
7 569 529 856 202 18 46 1
7 569 530 856 202 18 46 1
7 569 531 856 202 18 46 1
7 569 532 856 202 18 46 1
7 569 533 856 202 18 46 1
7 569 534 856 202 18 46 1
7 569 535 856 202 18 46 1
7 569 536 856 202 18 46 1
7 569 537 856 202 18 46 1
7 569 538 856 202 18 46 1
7 569 539 856 202 18 46 1
7 569 540 856 202 18 46 1
7 569 541 856 202 18 46 1
7 569 542 856 202 18 46 1
7 569 543 856 202 18 46 1
7 569 544 856 202 18 46 1
7 569 545 856 202 18 46 1
7 569 546 856 202 18 46 1
7 569 547 856 202 18 46 1
7 569 548 856 202 18 46 1
7 569 549 856 202 18 46 1
7 569 550 856 202 18 46 1
7 569 551 856 202 18 46 1
7 569 552 856 202 18 46 1
7 569 553 856 202 18 46 1
7 569 554 856 202 18 46 1
7 569 555 856 202 18 46 1
7 569 556 856 202 18 46 1
7 569 557 856 202 18 46 1
7 569 558 856 202 18 46 1
7 569 559 856 202 18 46 1
7 569 560 856 202 18 46 1
7 569 561 856 202 18 46 1
7 569 562 856 202 18 46 1
7 569 563 856 202 18 46 1
7 569 564 856 202 18 46 1
7 569 565 856 202 18 46 1
7 569 566 856 202 18 46 1
7 569 567 856 202 18 46 1
7 569 568 856 202 18 46 1
8 144 697 588 707 25 11 1
8 144 698 583 704 25 14 1
8 144 699 579 702 25 16 1
8 144 700 576 700 24 18 1
8 144 701 572 698 25 20 1
8 144 702 567 695 25 23 1
8 144 703 563 693 25 25 1
8 144 704 560 691 24 27 1
8 144 705 556 689 25 29 1
8 144 706 552 686 27 32 1
8 144 707 549 684 28 34 1
8 144 708 545 682 31 36 1
8 144 709 544 680 30 38 1
8 144 710 540 679 32 39 1
8 144 711 536 677 34 41 1
8 144 712 533 675 35 43 1
8 144 713 531 673 36 45 1
8 144 714 528 672 37 46 1
8 144 715 524 670 39 48 1
8 144 716 520 668 41 50 1
8 144 717 519 666 41 52 1
8 144 718 515 664 43 54 1
8 144 719 512 663 44 55 1
8 144 720 508 661 46 57 1
8 144 721 506 659 48 59 1
8 144 722 503 657 48 61 1
8 144 723 499 656 48 62 1
8 144 724 496 656 48 62 1
8 144 725 492 654 50 64 1
8 144 726 490 652 48 66 1
8 144 727 487 652 48 66 1
8 144 728 483 650 48 68 1
8 144 729 480 648 49 70 1
8 144 730 478 648 48 70 1
8 144 731 474 647 48 71 1
8 144 732 471 645 49 73 1
8 144 733 467 645 50 73 1
8 144 734 464 643 49 75 1
8 144 735 462 641 48 77 1
8 144 736 458 641 50 77 1
8 144 737 455 640 49 78 1
8 144 738 451 638 50 80 1
8 144 739 449 638 48 80 1
8 144 740 446 636 50 82 1
8 144 741 442 634 50 84 1
8 144 742 439 634 49 84 1
8 144 743 437 632 50 86 1
8 144 744 433 631 50 87 1
8 144 745 430 631 50 87 1
8 144 746 426 629 50 89 1
8 144 747 423 627 51 91 1
8 144 748 421 627 50 91 1
8 144 749 417 625 50 93 1
8 144 750 414 624 50 94 1
8 144 751 410 624 52 94 1
8 144 752 408 622 50 96 1
8 144 753 405 620 50 98 1
8 144 754 401 620 52 98 1
8 144 755 398 618 51 100 1
8 144 756 394 616 52 102 1
8 144 757 392 616 50 102 1
8 144 758 389 615 51 103 1
8 144 759 385 613 52 105 1
8 144 760 382 613 51 105 1
8 144 761 380 611 50 107 1
8 144 762 376 609 52 109 1
8 144 763 373 609 51 109 1
8 144 764 369 608 52 110 1
8 144 765 368 608 51 110 1
8 144 766 364 606 52 110 1
8 144 767 360 604 52 112 1
8 144 768 357 602 53 114 1
8 144 769 353 600 54 116 1
8 144 770 350 599 53 117 1
8 144 771 348 597 53 119 1
8 144 772 344 595 54 121 1
8 144 773 341 595 53 121 1
8 144 774 337 593 55 123 1
8 144 775 336 593 53 123 1
8 144 776 332 593 53 123 1
8 144 777 328 592 56 124 1
8 144 778 327 592 53 124 1
8 144 779 323 592 55 124 1
8 144 780 320 590 55 126 1
8 144 781 318 590 53 126 1
8 144 782 314 588 55 128 1
8 144 783 311 588 55 128 1
8 144 784 309 588 53 128 1
8 144 785 305 586 55 130 1
8 144 786 302 586 55 130 1
8 144 787 300 586 55 132 1
8 144 788 296 584 56 132 1
8 144 789 295 584 55 130 1
8 144 790 293 583 55 131 1
8 144 791 291 583 53 129 1
8 144 792 289 581 54 131 1
8 144 793 288 581 53 130 1
8 144 794 286 579 53 130 1
8 144 795 282 579 54 130 1
8 144 796 280 577 54 130 1
8 144 797 279 577 53 130 1
8 144 798 277 576 53 129 1
8 144 799 275 576 52 128 1
8 144 800 273 574 52 130 1
8 144 801 272 574 51 128 1
8 144 802 268 572 52 130 1
8 144 803 266 572 52 128 1
8 144 804 264 570 52 128 1
8 144 805 263 570 51 128 1
8 144 806 261 568 50 128 1
8 144 807 259 568 50 128 1
8 144 808 257 567 50 128 1
8 144 809 256 567 49 126 1
8 144 810 252 565 50 128 1
8 144 811 250 565 50 126 1
8 144 812 248 563 50 128 1
8 144 813 247 563 49 126 1
8 144 814 245 563 48 125 1
8 144 815 243 561 48 127 1
8 144 816 241 561 48 125 1
8 144 817 238 560 48 126 1
8 144 818 236 560 48 124 1
8 144 819 234 558 48 124 1
8 144 820 232 558 48 124 1
8 144 821 231 556 46 124 1
8 144 822 229 556 46 124 1
8 144 823 227 554 46 125 1
8 144 824 225 554 47 123 1
8 144 825 222 552 46 125 1
8 144 826 220 552 46 123 1
8 144 827 218 551 46 124 1
8 144 828 216 551 45 122 1
8 144 829 215 549 44 123 1
8 144 830 213 549 44 123 1
8 144 831 211 547 45 123 1
8 144 832 208 547 44 123 1
8 144 833 206 545 44 123 1
8 144 834 204 545 44 121 1
8 144 835 202 544 45 122 1
8 144 836 200 544 43 120 1
8 144 837 199 542 42 122 1
8 144 838 197 542 43 121 1
8 144 839 195 542 43 121 1
8 144 840 199 541 43 124 1
9 71 770 387 665 40 39 4
9 71 771 384 663 39 39 4
9 71 772 381 662 39 39 4
9 71 773 379 661 38 39 4
9 71 774 376 660 38 39 4
9 71 775 373 659 38 39 4
9 71 776 371 658 37 39 4
9 71 777 368 657 37 39 4
9 71 778 365 656 37 38 4
9 71 779 363 655 36 38 4
9 71 780 360 654 36 38 4
9 71 781 358 653 35 38 4
9 71 782 355 652 35 38 4
9 71 783 352 651 35 38 4
9 71 784 350 650 34 38 4
9 71 785 347 649 34 37 4
9 71 786 344 648 34 37 4
9 71 787 342 647 33 37 4
9 71 788 339 646 33 37 4
9 71 789 336 645 33 37 4
9 71 790 334 644 32 37 4
9 71 791 331 643 32 37 4
9 71 792 329 642 31 37 4
9 71 793 326 640 31 37 4
9 71 794 323 639 31 37 4
9 71 795 321 638 31 37 4
9 71 796 318 637 31 37 4
9 71 797 316 636 31 37 4
9 71 798 313 635 31 37 4
9 71 799 310 634 31 37 4
9 71 800 308 633 31 37 4
9 71 801 305 632 31 37 4
9 71 802 303 631 31 37 4
9 71 803 300 630 31 37 4
9 71 804 297 629 31 37 4
9 71 805 295 628 31 37 4
9 71 806 292 627 31 37 4
9 71 807 290 626 31 37 4
9 71 808 287 625 31 37 4
9 71 809 284 624 31 37 4
9 71 810 282 623 31 37 4
9 71 811 279 622 31 37 4
9 71 812 277 621 31 37 4
9 71 813 274 620 31 37 4
9 71 814 271 619 31 37 4
9 71 815 269 618 31 37 4
9 71 816 266 617 31 37 4
9 71 817 264 616 31 37 4
9 71 818 261 615 31 37 4
9 71 819 259 614 31 37 4
9 71 820 257 613 31 37 4
9 71 821 255 612 31 37 4
9 71 822 253 611 31 37 4
9 71 823 251 610 31 37 4
9 71 824 249 609 31 37 4
9 71 825 247 608 31 37 4
9 71 826 246 607 31 37 4
9 71 827 244 606 31 37 4
9 71 828 242 605 31 37 4
9 71 829 240 604 31 37 4
9 71 830 238 604 31 37 4
9 71 831 236 603 31 37 4
9 71 832 234 602 31 37 4
9 71 833 233 601 31 37 4
9 71 834 231 600 31 37 4
9 71 835 229 599 31 37 4
9 71 836 227 598 31 37 4
9 71 837 225 597 31 37 4
9 71 838 223 596 31 37 4
9 71 839 221 595 31 37 4
9 71 840 220 595 31 37 4
