0 322 0 588 476 25 32 4
0 322 1 590 476 25 32 4
0 322 2 592 478 24 32 4
0 322 3 593 478 25 32 4
0 322 4 595 480 25 32 4
0 322 5 597 480 25 32 4
0 322 6 599 481 25 32 4
0 322 7 600 481 25 34 4
0 322 8 602 483 25 32 4
0 322 9 604 483 25 34 4
0 322 10 606 485 26 32 4
0 322 11 608 487 26 32 4
0 322 12 609 487 27 32 4
0 322 13 611 488 27 32 4
0 322 14 613 488 27 34 4
0 322 15 615 490 26 32 4
0 322 16 616 490 27 34 4
0 322 17 618 492 27 32 4
0 322 18 620 492 27 34 4
0 322 19 622 494 28 34 4
0 322 20 624 496 28 32 4
0 322 21 625 496 29 33 4
0 322 22 627 497 29 32 4
0 322 23 629 497 28 34 4
0 322 24 631 499 28 32 4
0 322 25 632 499 29 34 4
0 322 26 634 501 29 34 4
0 322 27 636 501 28 34 4
0 322 28 638 503 28 33 4
0 322 29 640 504 30 32 4
0 322 30 641 504 31 34 4
0 322 31 643 506 30 32 4
0 322 32 645 506 30 34 4
0 322 33 647 508 30 34 4
0 322 34 648 508 31 34 4
0 322 35 650 510 30 34 4
0 322 36 652 510 30 34 4
0 322 37 654 512 30 33 4
0 322 38 656 513 32 34 4
0 322 39 656 513 32 34 4
0 322 40 657 515 32 34 4
0 322 41 659 517 32 34 4
0 322 42 661 519 32 33 4
0 322 43 661 519 34 35 4
0 322 44 663 520 33 34 4
0 322 45 664 522 34 34 4
0 322 46 666 524 32 34 4
0 322 47 668 524 32 36 4
0 322 48 668 526 34 35 4
0 322 49 670 528 34 35 4
0 322 50 672 529 33 34 4
0 322 51 673 529 34 36 4
0 322 52 675 531 34 36 4
0 322 53 675 533 34 35 4
0 322 54 677 535 34 35 4
0 322 55 679 535 33 35 4
0 322 56 680 536 34 36 4
0 322 57 680 538 36 36 4
0 322 58 682 540 36 36 4
0 322 59 684 540 36 37 4
0 322 60 686 542 34 37 4
0 322 61 688 544 33 35 4
0 322 62 688 545 35 36 4
0 322 63 689 545 36 38 4
0 322 64 691 547 36 37 4
0 322 65 693 549 35 37 4
0 322 66 695 551 35 37 4
0 322 67 696 552 36 38 4
0 322 68 700 554 36 38 4
0 322 69 704 556 35 37 4
0 322 70 705 558 38 37 4
0 322 71 709 561 37 38 4
0 322 72 712 563 36 37 4
0 322 73 714 565 38 37 4
0 322 74 718 567 37 37 4
0 322 75 721 568 38 38 4
0 322 76 723 572 39 37 4
0 322 77 727 574 37 37 4
0 322 78 730 576 38 37 4
0 322 79 732 577 39 38 4
0 322 80 736 579 39 37 4
0 322 81 739 583 39 37 4
0 322 82 741 583 39 37 4
0 322 83 744 584 40 38 4
0 322 84 746 586 41 38 4
0 322 85 750 588 39 36 4
0 322 86 752 588 40 37 4
0 322 87 755 590 41 37 4
0 322 88 759 592 39 37 4
0 322 89 760 593 41 36 4
0 322 90 764 595 41 36 4
0 322 91 766 595 41 37 4
0 322 92 769 597 41 37 4
0 322 93 771 599 43 35 4
0 322 94 775 600 41 36 4
0 322 95 778 602 41 36 4
0 322 96 780 602 43 38 4
0 322 97 784 604 40 36 4
0 322 98 785 606 43 35 4
0 322 99 789 608 43 35 4
0 322 100 792 609 43 36 4
0 322 101 796 611 44 37 4
0 322 102 801 615 45 37 4
0 322 103 807 618 44 38 4
0 322 104 812 622 44 37 4
0 322 105 817 625 45 38 4
0 322 106 823 629 44 37 4
0 322 107 828 632 44 38 4
0 322 108 832 634 44 38 4
0 322 109 835 636 45 37 4
0 322 110 839 638 44 37 4
0 322 111 842 640 45 37 4
0 322 112 846 641 44 38 4
0 322 113 849 643 45 37 4
0 322 114 853 645 44 37 4
0 322 115 856 647 45 37 4
0 322 116 860 648 44 38 4
0 322 117 864 650 44 38 4
0 322 118 867 652 45 37 4
0 322 119 871 654 44 37 4
0 322 120 876 656 44 37 4
0 322 121 880 657 44 38 4
0 322 122 885 659 44 37 4
0 322 123 888 663 47 35 4
0 322 124 894 664 44 38 4
0 322 125 897 668 47 36 4
0 322 126 903 670 46 35 4
0 322 127 908 673 46 36 4
0 322 128 913 673 47 36 4
0 322 129 919 675 46 36 4
0 322 130 924 677 46 35 4
0 322 131 929 677 47 35 4
0 322 132 935 679 46 35 4
0 322 133 940 680 46 36 4
0 322 134 947 682 46 36 4
0 322 135 951 686 46 32 4
0 322 136 954 689 46 29 4
0 322 137 958 695 46 23 4
0 322 138 961 698 47 20 4
0 322 139 965 704 46 14 4
0 322 140 965 704 46 14 4
0 322 141 965 704 46 14 4
0 322 142 965 704 46 14 4
0 322 143 965 704 46 14 4
0 322 144 965 704 46 14 4
0 322 145 965 704 46 14 4
0 322 146 965 704 46 14 4
0 322 147 965 704 46 14 4
0 322 148 965 704 46 14 4
0 322 321 739 583 39 37 4
1 322 0 734 446 25 30 4
1 322 1 734 446 25 30 4
1 322 2 736 448 24 30 4
1 322 3 737 448 25 30 4
1 322 4 739 449 25 31 4
1 322 5 741 449 25 32 4
1 322 6 741 451 25 30 4
1 322 7 743 453 25 30 4
1 322 8 744 453 25 30 4
1 322 9 746 455 25 30 4
1 322 10 748 455 25 32 4
1 322 11 750 456 23 31 4
1 322 12 750 456 25 32 4
1 322 13 752 458 24 30 4
1 322 14 753 460 25 30 4
1 322 15 755 460 25 32 4
1 322 16 757 462 23 30 4
1 322 17 759 462 23 32 4
1 322 18 759 464 25 30 4
1 322 19 760 464 25 32 4
1 322 20 762 465 25 32 4
1 322 21 764 467 23 30 4
1 322 22 766 467 23 32 4
1 322 23 768 469 23 30 4
1 322 24 768 469 24 32 4
1 322 25 769 471 25 32 4
1 322 26 771 471 23 32 4
1 322 27 773 472 23 32 4
1 322 28 775 474 23 30 4
1 322 29 776 474 24 32 4
1 322 30 776 476 25 32 4
1 322 31 778 476 23 32 4
1 322 32 780 478 23 32 4
1 322 33 782 478 23 32 4
1 322 34 784 480 23 32 4
1 322 35 785 481 23 32 4
1 322 36 787 481 23 32 4
1 322 37 789 481 23 34 4
1 322 38 791 483 25 34 4
1 322 39 792 483 25 34 4
1 322 40 794 483 25 36 4
1 322 41 796 485 27 35 4
1 322 42 798 485 25 35 4
1 322 43 800 487 24 35 4
1 322 44 803 488 23 36 4
1 322 45 805 488 23 36 4
1 322 46 808 490 24 36 4
1 322 47 810 492 23 36 4
1 322 48 814 492 23 37 4
1 322 49 817 494 23 37 4
1 322 50 819 496 23 35 4
1 322 51 823 497 23 36 4
1 322 52 826 497 23 38 4
1 322 53 828 499 23 37 4
1 322 54 832 501 23 37 4
1 322 55 835 503 23 37 4
1 322 56 837 503 23 37 4
1 322 57 840 504 24 38 4
1 322 58 844 506 23 38 4
1 322 59 846 506 23 39 4
1 322 60 849 508 23 39 4
1 322 61 853 510 23 37 4
1 322 62 855 510 23 39 4
1 322 63 858 512 23 39 4
1 322 64 862 513 23 39 4
1 322 65 865 515 23 39 4
1 322 66 867 515 25 39 4
1 322 67 871 517 25 39 4
1 322 68 874 519 27 39 4
1 322 69 878 520 26 40 4
1 322 70 881 522 29 39 4
1 322 71 885 522 27 39 4
1 322 72 888 522 27 41 4
1 322 73 892 522 27 41 4
1 322 74 896 522 26 43 4
1 322 75 899 524 27 43 4
1 322 76 901 526 27 42 4
1 322 77 903 528 26 42 4
1 322 78 904 529 27 43 4
1 322 79 906 531 27 43 4
1 322 80 908 533 28 44 4
1 322 81 912 533 28 44 4
1 322 82 915 535 29 44 4
1 322 83 919 536 28 45 4
1 322 84 922 538 30 45 4
1 322 85 926 540 30 44 4
1 322 86 931 542 29 42 4
1 322 87 935 544 28 42 4
1 322 88 938 545 30 43 4
1 322 89 942 545 30 45 4
1 322 90 945 547 31 45 4
1 322 91 951 549 28 43 4
1 322 92 954 551 30 42 4
1 322 93 958 552 30 43 4
1 322 94 961 554 31 43 4
1 322 95 965 556 30 43 4
1 322 96 970 558 30 42 4
1 322 97 974 558 28 44 4
1 322 98 977 560 29 44 4
1 322 99 981 561 28 45 4
1 322 100 984 563 29 45 4
1 322 101 988 565 28 44 4
1 322 102 992 567 28 44 4
1 322 103 995 568 29 45 4
1 322 104 999 570 28 45 4
1 322 105 1002 570 29 46 4
1 322 106 1008 572 28 46 4
1 322 107 1013 574 28 46 4
1 322 108 1018 576 29 46 4
1 322 109 1022 577 28 47 4
1 322 110 1027 579 29 46 4
1 322 111 1032 581 29 46 4
1 322 112 1038 583 28 46 4
1 322 113 1041 584 29 47 4
1 322 114 1047 586 28 46 4
1 322 115 1052 588 28 46 4
1 322 116 1057 590 29 46 4
1 322 117 1061 592 28 46 4
1 322 118 1066 593 29 47 4
1 322 119 1072 595 28 46 4
1 322 120 1077 597 28 46 4
1 322 121 1080 599 29 46 4
1 322 122 1086 600 28 47 4
1 322 123 1091 604 29 46 4
1 322 124 1095 606 28 46 4
1 322 125 1100 608 28 46 4
1 322 126 1105 611 29 46 4
1 322 127 1111 613 28 46 4
1 322 128 1116 615 28 46 4
1 322 129 1121 616 29 48 4
1 322 130 1127 620 28 46 4
1 322 131 1132 622 28 46 4
1 322 132 1137 624 29 48 4
1 322 133 1143 625 28 48 4
1 322 134 1148 629 28 46 4
1 322 135 1153 631 29 48 4
1 322 136 1159 632 28 48 4
1 322 137 1164 634 28 48 4
1 322 138 1171 638 29 48 4
1 322 139 1176 640 31 48 4
1 322 140 1182 641 32 48 4
1 322 141 1187 643 34 48 4
1 322 142 1192 645 36 50 4
1 322 143 1198 647 37 49 4
1 322 144 1203 648 39 50 4
1 322 145 1208 650 41 50 4
1 322 146 1214 654 42 50 4
1 322 147 1219 656 39 49 4
1 322 148 1224 657 38 50 4
1 322 149 1230 661 34 50 4
1 322 150 1235 663 32 49 4
1 322 151 1242 666 29 50 4
1 322 152 1248 672 24 44 4
1 322 153 1255 677 21 41 4
1 322 154 1255 677 21 41 4
1 322 155 1255 677 21 41 4
1 322 321 970 558 30 42 4
2 322 0 138 220 38 36 2
2 322 1 136 220 38 34 2
2 322 2 136 220 38 34 2
2 322 3 136 220 38 34 2
2 322 4 136 220 38 34 2
2 322 5 136 220 38 34 2
2 322 6 136 220 38 34 2
2 322 7 136 220 38 34 2
2 322 8 136 220 38 34 2
2 322 9 136 220 38 34 2
2 322 10 136 220 38 34 2
2 322 11 136 220 38 34 2
2 322 12 136 220 38 34 2
2 322 13 136 220 38 34 2
2 322 14 136 220 38 34 2
2 322 15 136 220 38 34 2
2 322 16 136 220 38 34 2
2 322 17 136 220 38 34 2
2 322 18 136 220 38 34 2
2 322 19 136 220 38 34 2
2 322 20 136 220 38 34 2
2 322 21 136 220 38 34 2
2 322 22 136 220 38 34 2
2 322 23 136 220 36 34 2
2 322 24 136 220 36 34 2
2 322 25 136 220 36 34 2
2 322 26 136 220 36 34 2
2 322 27 136 220 36 34 2
2 322 28 136 220 36 34 2
2 322 29 136 220 36 34 2
2 322 30 136 220 36 34 2
2 322 31 136 220 36 34 2
2 322 32 136 220 36 34 2
2 322 33 136 220 36 34 2
2 322 34 136 220 36 34 2
2 322 35 136 220 36 34 2
2 322 36 136 220 36 34 2
2 322 37 136 220 36 34 2
2 322 38 136 220 36 34 2
2 322 39 136 220 36 34 2
2 322 40 136 220 36 34 2
2 322 41 136 220 36 34 2
2 322 42 136 220 36 34 2
2 322 43 136 220 36 34 2
2 322 44 136 220 36 34 2
2 322 45 136 220 34 34 2
2 322 46 136 220 34 34 2
2 322 47 136 220 34 34 2
2 322 48 136 220 34 34 2
2 322 49 136 220 34 34 2
2 322 50 136 220 34 34 2
2 322 51 136 220 34 34 2
2 322 52 136 220 34 34 2
2 322 53 136 220 34 34 2
2 322 54 136 220 34 34 2
2 322 55 136 220 34 34 2
2 322 56 135 220 35 32 2
2 322 57 135 220 35 32 2
2 322 58 135 220 35 32 2
2 322 59 135 220 35 32 2
2 322 60 135 220 35 32 2
2 322 61 135 220 35 32 2
2 322 62 135 220 35 32 2
2 322 63 135 220 35 32 2
2 322 64 135 220 35 32 2
2 322 65 135 220 35 32 2
2 322 66 135 220 35 32 2
2 322 67 135 220 33 32 2
2 322 68 135 220 33 32 2
2 322 69 135 220 33 32 2
2 322 70 135 220 33 32 2
2 322 71 135 220 33 32 2
2 322 72 135 220 33 32 2
2 322 73 135 220 33 32 2
2 322 74 135 220 33 32 2
2 322 75 135 220 33 32 2
2 322 76 135 220 33 32 2
2 322 77 135 220 33 32 2
2 322 78 135 220 33 32 2
2 322 79 135 220 33 32 2
2 322 80 135 220 33 32 2
2 322 81 135 220 33 32 2
2 322 82 135 220 33 32 2
2 322 83 135 220 33 32 2
2 322 84 135 220 33 32 2
2 322 85 135 220 33 32 2
2 322 86 135 220 33 32 2
2 322 87 135 220 33 32 2
2 322 88 135 220 33 32 2
2 322 89 135 220 32 32 2
2 322 90 135 220 32 32 2
2 322 91 135 220 32 32 2
2 322 92 135 220 32 32 2
2 322 93 135 220 32 32 2
2 322 94 135 220 32 32 2
2 322 95 135 220 32 32 2
2 322 96 135 220 32 32 2
2 322 97 135 220 32 32 2
2 322 98 135 220 32 32 2
2 322 99 135 220 32 32 2
2 322 100 135 220 32 32 2
2 322 101 135 220 32 32 2
2 322 102 135 220 32 32 2
2 322 103 135 220 32 32 2
2 322 104 135 220 32 32 2
2 322 105 135 220 32 32 2
2 322 106 135 220 32 32 2
2 322 107 135 220 32 32 2
2 322 108 135 220 32 32 2
2 322 109 135 220 32 32 2
2 322 110 135 220 32 32 2
2 322 111 135 222 32 30 2
2 322 112 135 222 32 30 2
2 322 113 135 222 32 30 2
2 322 114 135 222 32 30 2
2 322 115 135 222 32 30 2
2 322 116 135 222 32 30 2
2 322 117 135 222 32 30 2
2 322 118 135 222 32 30 2
2 322 119 135 222 32 30 2
2 322 120 135 222 32 30 2
2 322 121 135 222 32 30 2
2 322 122 135 222 32 30 2
2 322 123 135 222 32 30 2
2 322 124 135 222 32 30 2
2 322 125 135 222 32 30 2
2 322 126 135 222 32 30 2
2 322 127 135 222 32 30 2
2 322 128 135 222 32 30 2
2 322 129 135 222 32 30 2
2 322 130 135 222 32 30 2
2 322 131 135 222 32 30 2
2 322 132 135 222 32 30 2
2 322 133 135 222 32 30 2
2 322 134 135 222 32 30 2
2 322 135 135 222 32 30 2
2 322 136 135 222 32 30 2
2 322 137 135 222 32 30 2
2 322 138 135 222 32 30 2
2 322 139 135 222 32 30 2
2 322 140 135 222 32 30 2
2 322 141 135 222 32 30 2
2 322 142 135 222 32 30 2
2 322 143 135 222 32 30 2
2 322 144 135 222 32 30 2
2 322 145 135 222 32 30 2
2 322 146 135 222 32 30 2
2 322 147 135 222 32 30 2
2 322 148 135 222 32 30 2
2 322 149 135 222 32 30 2
2 322 150 135 222 32 30 2
2 322 151 135 222 32 30 2
2 322 152 135 222 32 30 2
2 322 153 135 222 32 30 2
2 322 154 135 222 32 30 2
2 322 155 136 224 31 28 2
2 322 156 135 222 30 28 2
2 322 157 135 222 30 28 2
2 322 158 135 222 30 28 2
2 322 159 135 222 30 28 2
2 322 160 135 222 30 28 2
2 322 161 135 222 30 28 2
2 322 162 135 222 30 28 2
2 322 163 135 222 30 28 2
2 322 164 135 222 30 28 2
2 322 165 135 222 30 28 2
2 322 166 135 222 30 28 2
2 322 167 135 222 30 28 2
2 322 168 135 222 30 28 2
2 322 169 135 222 30 28 2
2 322 170 133 222 30 28 2
2 322 171 133 222 30 28 2
2 322 172 133 222 30 28 2
2 322 173 133 222 30 28 2
2 322 174 133 222 30 28 2
2 322 175 133 222 30 28 2
2 322 176 133 222 30 28 2
2 322 177 133 222 30 28 2
2 322 178 133 220 30 28 2
2 322 179 133 220 30 28 2
2 322 180 133 220 30 28 2
2 322 181 133 220 30 28 2
2 322 182 133 220 30 28 2
2 322 183 133 220 30 28 2
2 322 184 133 220 30 28 2
2 322 185 131 220 30 28 2
2 322 186 131 220 30 28 2
2 322 187 131 220 30 28 2
2 322 188 131 220 30 28 2
2 322 189 131 220 30 28 2
2 322 190 131 220 30 28 2
2 322 191 131 220 30 28 2
2 322 192 131 220 30 28 2
2 322 193 131 220 30 28 2
2 322 194 131 220 30 28 2
2 322 195 131 220 30 28 2
2 322 196 131 220 30 28 2
2 322 197 131 220 30 28 2
2 322 198 131 220 30 28 2
2 322 199 131 220 30 28 2
2 322 200 129 220 31 27 2
2 322 201 129 220 31 27 2
2 322 202 129 220 31 27 2
2 322 203 129 220 31 27 2
2 322 204 129 220 31 27 2
2 322 205 129 220 31 27 2
2 322 206 129 220 31 27 2
2 322 207 129 220 31 27 2
2 322 208 129 220 31 27 2
2 322 209 129 220 31 27 2
2 322 210 129 220 31 27 2
2 322 211 129 220 31 27 2
2 322 212 129 220 31 27 2
2 322 213 129 220 29 27 2
2 322 214 129 220 29 27 2
2 322 215 129 220 29 27 2
2 322 216 129 220 29 27 2
2 322 217 129 220 29 27 2
2 322 218 129 220 29 27 2
2 322 219 129 220 29 27 2
2 322 220 129 220 29 27 2
2 322 221 129 220 29 27 2
2 322 222 129 220 29 27 2
2 322 223 129 220 29 27 2
2 322 224 129 220 29 27 2
2 322 225 129 220 29 27 2
2 322 226 129 220 29 27 2
2 322 227 129 220 27 27 2
2 322 228 129 220 27 27 2
2 322 229 129 220 27 27 2
2 322 230 129 220 27 27 2
2 322 231 129 220 27 27 2
2 322 232 129 220 27 27 2
2 322 233 129 220 27 27 2
2 322 234 129 220 27 27 2
2 322 235 129 220 27 27 2
2 322 236 129 220 27 27 2
2 322 237 129 220 27 27 2
2 322 238 129 220 27 27 2
2 322 239 129 220 27 27 2
2 322 240 129 222 27 25 2
2 322 241 128 222 26 25 2
2 322 242 128 222 26 25 2
2 322 243 128 222 26 25 2
2 322 244 128 222 26 25 2
2 322 245 128 222 26 25 2
2 322 246 128 222 26 25 2
2 322 247 128 222 26 25 2
2 322 248 128 222 26 25 2
2 322 249 128 222 24 25 2
2 322 250 126 222 26 25 2
2 322 251 126 222 26 25 2
2 322 252 126 222 26 25 2
2 322 253 126 222 26 25 2
2 322 254 126 222 26 25 2
2 322 255 126 222 26 25 2
2 322 256 126 222 26 25 2
2 322 257 126 222 25 25 2
2 322 258 126 222 25 25 2
2 322 259 124 222 27 25 2
2 322 260 124 222 27 25 2
2 322 261 124 222 27 25 2
2 322 262 124 222 27 25 2
2 322 263 124 222 27 25 2
2 322 264 124 222 27 25 2
2 322 265 124 222 25 25 2
2 322 266 124 222 25 25 2
2 322 267 124 222 25 25 2
2 322 268 122 222 27 25 2
2 322 269 122 222 27 25 2
2 322 270 122 222 27 25 2
2 322 271 122 222 27 25 2
2 322 272 122 222 27 25 2
2 322 273 122 222 25 25 2
2 322 274 122 222 25 25 2
2 322 275 122 222 25 25 2
2 322 276 122 222 25 25 2
2 322 277 120 222 27 25 2
2 322 278 120 222 27 25 2
2 322 279 120 222 27 25 2
2 322 280 120 222 27 25 2
2 322 281 120 222 25 25 2
2 322 282 120 222 25 25 2
2 322 283 120 222 25 25 2
2 322 284 120 222 25 25 2
2 322 285 120 222 25 25 2
2 322 286 119 222 26 25 2
2 322 287 119 222 26 25 2
2 322 288 119 222 26 25 2
2 322 289 119 222 25 25 2
2 322 290 119 222 25 25 2
2 322 291 119 222 25 25 2
2 322 292 119 222 25 25 2
2 322 293 119 222 25 25 2
2 322 294 119 222 25 25 2
2 322 295 117 222 27 25 2
2 322 296 117 222 27 25 2
2 322 297 117 222 25 25 2
2 322 298 117 222 25 25 2
2 322 299 117 222 25 25 2
2 322 300 117 222 25 25 2
2 322 301 117 222 25 25 2
2 322 302 117 222 25 25 2
2 322 303 117 222 25 25 2
2 322 304 115 222 27 25 2
2 322 305 115 222 25 25 2
2 322 306 115 222 25 25 2
2 322 307 115 222 25 25 2
2 322 308 115 222 25 25 2
2 322 309 115 222 25 25 2
2 322 310 115 222 25 25 2
2 322 311 115 222 25 25 2
2 322 312 115 222 25 25 2
2 322 313 113 222 25 25 2
2 322 314 113 222 25 25 2
2 322 315 113 222 25 25 2
2 322 316 113 222 25 25 2
2 322 317 113 222 25 25 2
2 322 318 113 222 25 25 2
2 322 319 113 222 25 25 2
2 322 320 113 222 25 25 2
2 322 321 113 224 25 23 2
3 322 0 117 224 11 30 1
3 322 1 115 224 11 30 1
3 322 2 115 224 11 30 1
3 322 3 115 224 11 30 1
3 322 4 115 224 11 30 1
3 322 5 115 224 11 30 1
3 322 6 115 224 11 30 1
3 322 7 115 224 11 30 1
3 322 8 115 224 11 30 1
3 322 9 115 224 11 30 1
3 322 10 115 224 11 30 1
3 322 11 115 224 11 30 1
3 322 12 115 224 11 30 1
3 322 13 115 224 11 30 1
3 322 14 115 224 11 30 1
3 322 15 115 224 11 30 1
3 322 16 115 224 11 30 1
3 322 17 115 224 11 30 1
3 322 18 115 224 11 30 1
3 322 19 115 224 11 30 1
3 322 20 115 224 11 30 1
3 322 21 115 224 11 30 1
3 322 22 115 224 11 30 1
3 322 23 115 224 11 30 1
3 322 24 115 224 11 30 1
3 322 25 115 224 11 30 1
3 322 26 115 224 11 30 1
3 322 27 115 224 11 30 1
3 322 28 115 224 11 30 1
3 322 29 115 224 11 30 1
3 322 30 115 224 11 30 1
3 322 31 115 224 11 30 1
3 322 32 115 224 11 30 1
3 322 33 115 224 11 30 1
3 322 34 115 224 11 30 1
3 322 35 115 224 11 30 1
3 322 36 115 224 11 30 1
3 322 37 115 224 11 30 1
3 322 38 115 224 11 30 1
3 322 39 115 224 11 30 1
3 322 40 115 224 11 30 1
3 322 41 115 224 11 30 1
3 322 42 115 224 11 30 1
3 322 43 115 224 11 30 1
3 322 44 115 224 11 30 1
3 322 45 115 224 11 30 1
3 322 46 115 224 11 30 1
3 322 47 115 224 11 30 1
3 322 48 115 224 11 30 1
3 322 49 115 224 11 30 1
3 322 50 115 224 11 30 1
3 322 51 115 224 11 30 1
3 322 52 115 224 11 30 1
3 322 53 115 224 11 30 1
3 322 54 113 224 11 30 1
3 322 55 113 224 11 30 1
3 322 56 113 224 11 30 1
3 322 57 113 224 11 30 1
3 322 58 113 224 11 30 1
3 322 59 113 224 11 30 1
3 322 60 113 224 11 30 1
3 322 61 113 224 11 30 1
3 322 62 113 224 11 30 1
3 322 63 113 224 11 30 1
3 322 64 113 224 11 30 1
3 322 65 113 224 11 30 1
3 322 66 113 224 11 30 1
3 322 67 113 224 11 30 1
3 322 68 113 224 11 30 1
3 322 69 113 224 11 30 1
3 322 70 113 224 11 30 1
3 322 71 113 224 11 30 1
3 322 72 113 224 11 30 1
3 322 73 113 224 11 30 1
3 322 74 113 224 11 30 1
3 322 75 113 224 11 30 1
3 322 76 113 224 11 30 1
3 322 77 113 224 11 30 1
3 322 78 113 224 11 30 1
3 322 79 113 224 11 30 1
3 322 80 113 224 11 30 1
3 322 81 113 224 11 30 1
3 322 82 113 224 11 30 1
3 322 83 113 224 11 30 1
3 322 84 113 224 11 30 1
3 322 85 113 224 11 30 1
3 322 86 113 224 11 30 1
3 322 87 113 224 11 30 1
3 322 88 113 224 11 30 1
3 322 89 113 224 11 30 1
3 322 90 113 224 11 30 1
3 322 91 113 224 11 30 1
3 322 92 113 224 11 30 1
3 322 93 113 224 11 30 1
3 322 94 113 224 11 30 1
3 322 95 113 224 11 30 1
3 322 96 113 224 11 30 1
3 322 97 113 224 11 30 1
3 322 98 113 224 11 30 1
3 322 99 113 224 11 30 1
3 322 100 113 224 11 30 1
3 322 101 113 224 11 30 1
3 322 102 113 224 11 30 1
3 322 103 113 224 11 30 1
3 322 104 113 224 11 30 1
3 322 105 113 224 11 30 1
3 322 106 113 225 11 31 1
3 322 107 112 225 10 31 1
3 322 108 112 225 10 31 1
3 322 109 112 225 10 31 1
3 322 110 112 225 10 31 1
3 322 111 112 225 10 31 1
3 322 112 112 225 10 31 1
3 322 113 112 225 10 31 1
3 322 114 112 225 10 31 1
3 322 115 112 225 10 31 1
3 322 116 112 225 10 31 1
3 322 117 112 225 10 31 1
3 322 118 112 225 10 31 1
3 322 119 112 225 10 31 1
3 322 120 112 225 10 31 1
3 322 121 112 225 10 31 1
3 322 122 112 225 10 31 1
3 322 123 112 225 10 31 1
3 322 124 112 225 10 31 1
3 322 125 112 225 10 31 1
3 322 126 112 225 10 31 1
3 322 127 112 225 10 31 1
3 322 128 112 225 10 31 1
3 322 129 112 225 10 31 1
3 322 130 112 225 10 31 1
3 322 131 112 225 10 31 1
3 322 132 112 225 10 31 1
3 322 133 112 225 10 31 1
3 322 134 112 225 10 31 1
3 322 135 112 225 10 31 1
3 322 136 112 225 10 31 1
3 322 137 112 225 10 31 1
3 322 138 112 225 10 31 1
3 322 139 112 225 10 31 1
3 322 140 112 225 10 31 1
3 322 141 112 225 10 31 1
3 322 142 112 225 10 31 1
3 322 143 112 225 10 31 1
3 322 144 112 225 10 31 1
3 322 145 112 225 10 31 1
3 322 146 112 225 10 31 1
3 322 147 112 225 10 31 1
3 322 148 112 225 10 31 1
3 322 149 112 225 10 31 1
3 322 150 112 225 10 31 1
3 322 151 112 225 10 31 1
3 322 152 112 225 10 31 1
3 322 153 112 225 10 31 1
3 322 154 112 225 10 31 1
3 322 155 112 225 10 31 1
3 322 156 112 225 10 31 1
3 322 157 112 225 10 31 1
3 322 158 112 225 10 31 1
3 322 159 110 225 10 31 1
3 322 160 110 225 10 31 1
3 322 161 110 225 10 31 1
3 322 162 110 225 10 31 1
3 322 163 110 225 10 31 1
3 322 164 110 225 10 31 1
3 322 165 110 225 10 31 1
3 322 166 110 225 10 31 1
3 322 167 110 225 10 31 1
3 322 168 110 225 10 31 1
3 322 169 110 225 10 31 1
3 322 170 110 225 10 31 1
3 322 171 110 225 10 31 1
3 322 172 110 225 10 31 1
3 322 173 110 225 10 31 1
3 322 174 110 225 10 31 1
3 322 175 110 225 10 31 1
3 322 176 110 225 10 31 1
3 322 177 110 225 10 31 1
3 322 178 110 225 10 31 1
3 322 179 110 225 10 31 1
3 322 180 110 225 10 31 1
3 322 181 110 225 10 31 1
3 322 182 110 225 10 31 1
3 322 183 110 225 10 31 1
3 322 184 110 225 10 31 1
3 322 185 110 225 10 31 1
3 322 186 110 225 10 31 1
3 322 187 110 225 10 31 1
3 322 188 110 225 10 31 1
3 322 189 110 225 10 31 1
3 322 190 110 225 10 31 1
3 322 191 110 225 10 31 1
3 322 192 110 225 10 31 1
3 322 193 110 225 10 31 1
3 322 194 110 225 10 31 1
3 322 195 110 225 10 31 1
3 322 196 110 225 10 31 1
3 322 197 110 225 10 31 1
3 322 198 110 225 10 31 1
3 322 199 110 225 10 31 1
3 322 200 110 225 10 31 1
3 322 201 110 225 10 31 1
3 322 202 110 225 10 31 1
3 322 203 110 225 10 31 1
3 322 204 110 225 10 31 1
3 322 205 110 225 10 31 1
3 322 206 110 225 10 31 1
3 322 207 110 225 10 31 1
3 322 208 110 225 10 31 1
3 322 209 110 225 10 31 1
3 322 210 110 225 10 31 1
3 322 211 110 225 10 31 1
3 322 212 110 225 10 31 1
3 322 213 110 225 10 31 1
3 322 214 110 225 10 31 1
3 322 215 110 225 10 31 1
3 322 216 110 225 10 31 1
3 322 217 110 225 10 31 1
3 322 218 110 225 10 31 1
3 322 219 110 225 10 31 1
3 322 220 110 225 10 31 1
3 322 221 110 225 10 31 1
3 322 222 110 225 10 31 1
3 322 223 110 225 10 31 1
3 322 224 110 225 10 31 1
3 322 225 110 225 10 31 1
3 322 226 110 225 10 31 1
3 322 227 110 225 10 31 1
3 322 228 110 225 10 31 1
3 322 229 110 225 10 31 1
3 322 230 112 225 10 31 1
3 322 231 112 225 10 31 1
3 322 232 112 225 10 31 1
3 322 233 112 225 10 31 1
3 322 234 112 225 10 31 1
3 322 235 112 225 10 31 1
3 322 236 112 225 10 31 1
3 322 237 112 225 10 31 1
3 322 238 112 225 10 31 1
3 322 239 112 225 10 31 1
3 322 240 112 225 10 31 1
3 322 241 112 225 10 31 1
3 322 242 112 225 10 31 1
3 322 243 112 225 10 31 1
3 322 244 112 225 10 31 1
3 322 245 112 225 10 31 1
3 322 246 112 225 10 31 1
3 322 247 112 225 10 31 1
3 322 248 113 225 11 31 1
3 322 249 113 225 11 31 1
3 322 250 113 225 11 31 1
3 322 251 113 225 11 31 1
3 322 252 113 225 11 31 1
3 322 253 113 225 11 31 1
3 322 254 113 225 11 31 1
3 322 255 113 225 11 31 1
3 322 256 113 225 11 31 1
3 322 257 113 225 11 31 1
3 322 258 113 225 11 31 1
3 322 259 113 225 11 31 1
3 322 260 113 225 11 31 1
3 322 261 113 225 11 31 1
3 322 262 113 225 11 31 1
3 322 263 113 225 11 31 1
3 322 264 113 225 11 31 1
3 322 265 113 225 11 31 1
3 322 266 115 225 11 31 1
3 322 267 115 225 11 31 1
3 322 268 115 225 11 31 1
3 322 269 115 225 11 31 1
3 322 270 115 225 11 31 1
3 322 271 115 225 11 31 1
3 322 272 115 225 11 31 1
3 322 273 115 225 11 31 1
3 322 274 115 225 11 31 1
3 322 275 115 225 11 31 1
3 322 276 115 225 11 31 1
3 322 277 115 225 11 31 1
3 322 278 115 225 11 31 1
3 322 279 115 225 11 31 1
3 322 280 115 225 11 31 1
3 322 281 115 225 11 31 1
3 322 282 115 225 11 31 1
3 322 283 115 225 11 31 1
3 322 284 115 225 11 31 1
3 322 285 117 225 11 31 1
3 322 286 117 225 11 31 1
3 322 287 117 225 11 31 1
3 322 288 117 225 11 31 1
3 322 289 117 225 11 31 1
3 322 290 117 225 11 31 1
3 322 291 117 225 11 31 1
3 322 292 117 225 11 31 1
3 322 293 117 225 11 31 1
3 322 294 117 225 11 31 1
3 322 295 117 225 11 31 1
3 322 296 117 225 11 31 1
3 322 297 117 225 11 31 1
3 322 298 117 225 11 31 1
3 322 299 117 225 11 31 1
3 322 300 117 225 11 31 1
3 322 301 117 225 11 31 1
3 322 302 117 225 11 31 1
3 322 303 119 225 10 31 1
3 322 304 119 225 10 31 1
3 322 305 119 225 10 31 1
3 322 306 119 225 10 31 1
3 322 307 119 225 10 31 1
3 322 308 119 225 10 31 1
3 322 309 119 225 10 31 1
3 322 310 119 225 10 31 1
3 322 311 119 225 10 31 1
3 322 312 119 225 10 31 1
3 322 313 119 225 10 31 1
3 322 314 119 225 10 31 1
3 322 315 119 225 10 31 1
3 322 316 119 225 10 31 1
3 322 317 119 225 10 31 1
3 322 318 119 225 10 31 1
3 322 319 119 225 10 31 1
3 322 320 119 225 10 31 1
3 322 321 120 225 11 31 1
4 322 0 190 231 10 26 1
4 322 1 188 229 11 27 1
4 322 2 188 229 11 27 1
4 322 3 188 229 11 27 1
4 322 4 188 229 11 27 1
4 322 5 188 229 11 27 1
4 322 6 188 229 11 27 1
4 322 7 188 229 11 27 1
4 322 8 188 229 11 27 1
4 322 9 188 229 11 27 1
4 322 10 188 229 11 27 1
4 322 11 188 229 11 27 1
4 322 12 188 229 11 27 1
4 322 13 188 229 11 27 1
4 322 14 188 229 11 27 1
4 322 15 188 229 11 27 1
4 322 16 188 229 11 27 1
4 322 17 188 229 11 27 1
4 322 18 188 229 11 27 1
4 322 19 188 229 11 27 1
4 322 20 188 229 11 27 1
4 322 21 188 229 11 27 1
4 322 22 188 229 11 27 1
4 322 23 188 229 11 27 1
4 322 24 188 229 11 27 1
4 322 25 188 229 11 27 1
4 322 26 188 229 11 27 1
4 322 27 188 229 11 27 1
4 322 28 188 229 11 27 1
4 322 29 188 229 11 27 1
4 322 30 188 229 11 27 1
4 322 31 188 229 11 27 1
4 322 32 188 229 11 27 1
4 322 33 188 229 11 27 1
4 322 34 188 229 11 27 1
4 322 35 188 229 11 27 1
4 322 36 188 229 11 27 1
4 322 37 188 229 11 27 1
4 322 38 188 229 11 27 1
4 322 39 188 229 11 27 1
4 322 40 188 229 11 27 1
4 322 41 188 229 11 27 1
4 322 42 188 229 11 27 1
4 322 43 188 229 11 27 1
4 322 44 188 229 11 27 1
4 322 45 188 229 11 27 1
4 322 46 188 229 11 27 1
4 322 47 188 229 11 27 1
4 322 48 188 229 11 27 1
4 322 49 188 229 11 27 1
4 322 50 188 229 11 27 1
4 322 51 188 229 11 27 1
4 322 52 188 229 11 27 1
4 322 53 188 229 11 27 1
4 322 54 188 229 11 27 1
4 322 55 188 229 11 27 1
4 322 56 188 229 11 27 1
4 322 57 188 229 11 27 1
4 322 58 188 229 11 27 1
4 322 59 188 229 11 27 1
4 322 60 188 229 11 27 1
4 322 61 188 229 11 27 1
4 322 62 188 229 11 27 1
4 322 63 188 229 11 27 1
4 322 64 188 229 11 27 1
4 322 65 188 229 11 27 1
4 322 66 188 229 11 27 1
4 322 67 188 229 11 27 1
4 322 68 188 229 11 27 1
4 322 69 188 229 11 27 1
4 322 70 188 229 11 27 1
4 322 71 188 229 11 27 1
4 322 72 188 229 11 27 1
4 322 73 188 229 11 27 1
4 322 74 188 229 11 27 1
4 322 75 188 229 11 27 1
4 322 76 188 229 11 27 1
4 322 77 188 229 11 27 1
4 322 78 188 229 11 27 1
4 322 79 188 229 11 27 1
4 322 80 188 229 11 27 1
4 322 81 188 229 11 27 1
4 322 82 188 227 11 27 1
4 322 83 188 227 11 27 1
4 322 84 188 227 11 27 1
4 322 85 188 227 11 27 1
4 322 86 188 227 11 27 1
4 322 87 188 227 11 27 1
4 322 88 188 227 11 27 1
4 322 89 188 227 11 27 1
4 322 90 188 227 11 27 1
4 322 91 188 227 11 27 1
4 322 92 188 227 11 27 1
4 322 93 188 227 11 27 1
4 322 94 188 227 11 27 1
4 322 95 188 227 11 27 1
4 322 96 188 227 11 27 1
4 322 97 188 227 11 27 1
4 322 98 188 227 11 27 1
4 322 99 188 227 11 27 1
4 322 100 188 227 11 27 1
4 322 101 188 227 11 27 1
4 322 102 188 227 11 27 1
4 322 103 188 227 11 27 1
4 322 104 188 227 11 27 1
4 322 105 188 227 11 27 1
4 322 106 188 227 11 27 1
4 322 107 188 227 11 27 1
4 322 108 188 227 11 27 1
4 322 109 188 227 11 27 1
4 322 110 188 227 11 27 1
4 322 111 188 227 11 27 1
4 322 112 188 227 11 27 1
4 322 113 188 227 11 27 1
4 322 114 188 227 11 27 1
4 322 115 188 227 11 27 1
4 322 116 188 227 11 27 1
4 322 117 188 227 11 27 1
4 322 118 188 227 11 27 1
4 322 119 188 227 11 27 1
4 322 120 188 227 11 27 1
4 322 121 188 227 11 27 1
4 322 122 188 227 11 27 1
4 322 123 188 227 11 27 1
4 322 124 188 227 11 27 1
4 322 125 188 227 11 27 1
4 322 126 188 227 11 27 1
4 322 127 188 227 11 27 1
4 322 128 188 227 11 27 1
4 322 129 188 227 11 27 1
4 322 130 188 227 11 27 1
4 322 131 188 227 11 27 1
4 322 132 188 227 11 27 1
4 322 133 188 227 11 27 1
4 322 134 188 227 11 27 1
4 322 135 188 227 11 27 1
4 322 136 188 227 11 27 1
4 322 137 188 227 11 27 1
4 322 138 188 227 11 27 1
4 322 139 188 227 11 27 1
4 322 140 188 227 11 27 1
4 322 141 188 227 11 27 1
4 322 142 188 227 11 27 1
4 322 143 188 227 11 27 1
4 322 144 188 227 11 27 1
4 322 145 188 227 11 27 1
4 322 146 188 227 11 27 1
4 322 147 188 227 11 27 1
4 322 148 188 227 11 27 1
4 322 149 188 227 11 27 1
4 322 150 188 227 11 27 1
4 322 151 188 227 11 27 1
4 322 152 188 227 11 27 1
4 322 153 188 227 11 27 1
4 322 154 188 227 11 27 1
4 322 155 188 227 11 27 1
4 322 156 188 227 11 27 1
4 322 157 188 227 11 27 1
4 322 158 188 227 11 27 1
4 322 159 188 227 11 27 1
4 322 160 188 227 11 27 1
4 322 161 188 227 11 27 1
4 322 162 188 227 11 27 1
4 322 163 186 227 11 27 1
4 322 164 186 227 11 27 1
4 322 165 186 227 11 27 1
4 322 166 186 227 11 27 1
4 322 167 186 227 11 27 1
4 322 168 186 227 11 27 1
4 322 169 186 227 11 27 1
4 322 170 186 227 11 27 1
4 322 171 186 227 11 27 1
4 322 172 186 227 11 27 1
4 322 173 186 227 11 27 1
4 322 174 186 227 11 27 1
4 322 175 186 227 11 27 1
4 322 176 184 227 11 27 1
4 322 177 184 227 11 27 1
4 322 178 184 227 11 27 1
4 322 179 184 227 11 27 1
4 322 180 184 227 11 27 1
4 322 181 184 227 11 27 1
4 322 182 184 227 11 27 1
4 322 183 184 227 11 27 1
4 322 184 184 227 11 27 1
4 322 185 184 227 11 27 1
4 322 186 184 227 11 27 1
4 322 187 184 227 11 27 1
4 322 188 184 227 11 27 1
4 322 189 183 227 10 27 1
4 322 190 183 227 10 27 1
4 322 191 183 227 10 27 1
4 322 192 183 227 10 27 1
4 322 193 183 227 10 27 1
4 322 194 183 227 10 27 1
4 322 195 183 227 10 27 1
4 322 196 183 227 10 27 1
4 322 197 183 227 10 27 1
4 322 198 183 227 10 27 1
4 322 199 183 227 10 27 1
4 322 200 183 227 10 27 1
4 322 201 183 227 10 27 1
4 322 202 181 227 11 27 1
4 322 203 181 227 11 27 1
4 322 204 181 227 11 27 1
4 322 205 181 227 11 27 1
4 322 206 181 227 11 27 1
4 322 207 181 227 11 27 1
4 322 208 181 227 11 27 1
4 322 209 181 227 11 27 1
4 322 210 181 227 11 27 1
4 322 211 181 227 11 27 1
4 322 212 181 227 11 27 1
4 322 213 181 227 11 27 1
4 322 214 181 227 11 27 1
4 322 215 181 227 11 27 1
4 322 216 179 227 11 27 1
4 322 217 179 227 11 27 1
4 322 218 179 227 11 27 1
4 322 219 179 227 11 27 1
4 322 220 179 227 11 27 1
4 322 221 179 227 11 27 1
4 322 222 179 227 11 27 1
4 322 223 179 227 11 27 1
4 322 224 179 227 11 27 1
4 322 225 179 227 11 27 1
4 322 226 179 227 11 27 1
4 322 227 179 227 11 27 1
4 322 228 179 227 11 27 1
4 322 229 177 227 11 27 1
4 322 230 177 227 11 27 1
4 322 231 177 227 11 27 1
4 322 232 177 227 11 27 1
4 322 233 177 227 11 27 1
4 322 234 177 227 11 27 1
4 322 235 177 227 11 27 1
4 322 236 177 227 11 27 1
4 322 237 177 227 11 27 1
4 322 238 177 227 11 27 1
4 322 239 177 227 11 27 1
4 322 240 177 227 11 27 1
4 322 241 177 227 11 27 1
4 322 242 176 227 10 27 1
4 322 243 176 227 10 27 1
4 322 244 176 227 10 27 1
4 322 245 176 227 10 27 1
4 322 246 176 227 10 27 1
4 322 247 176 227 10 27 1
4 322 248 176 227 10 27 1
4 322 249 176 227 10 27 1
4 322 250 176 227 10 27 1
4 322 251 176 227 10 27 1
4 322 252 176 227 10 27 1
4 322 253 176 227 10 27 1
4 322 254 176 227 10 27 1
4 322 255 174 227 10 27 1
4 322 256 174 227 10 27 1
4 322 257 174 227 10 27 1
4 322 258 174 227 10 27 1
4 322 259 174 227 10 27 1
4 322 260 174 227 10 27 1
4 322 261 174 227 10 27 1
4 322 262 174 227 10 27 1
4 322 263 174 227 10 27 1
4 322 264 174 227 10 27 1
4 322 265 174 227 10 27 1
4 322 266 174 227 10 27 1
4 322 267 174 227 10 27 1
4 322 268 174 227 10 27 1
4 322 269 172 227 11 27 1
4 322 270 172 227 11 27 1
4 322 271 172 227 11 27 1
4 322 272 172 227 11 27 1
4 322 273 172 227 11 27 1
4 322 274 172 227 11 27 1
4 322 275 172 227 11 27 1
4 322 276 172 227 11 27 1
4 322 277 172 227 11 27 1
4 322 278 172 227 11 27 1
4 322 279 172 227 11 27 1
4 322 280 172 227 11 27 1
4 322 281 172 227 11 27 1
4 322 282 170 227 11 27 1
4 322 283 170 227 11 27 1
4 322 284 170 227 11 27 1
4 322 285 170 227 11 27 1
4 322 286 170 227 11 27 1
4 322 287 170 227 11 27 1
4 322 288 170 227 11 27 1
4 322 289 170 227 11 27 1
4 322 290 170 227 11 27 1
4 322 291 170 227 11 27 1
4 322 292 170 227 11 27 1
4 322 293 170 227 11 27 1
4 322 294 170 227 11 27 1
4 322 295 168 227 11 27 1
4 322 296 168 227 11 27 1
4 322 297 168 227 11 27 1
4 322 298 168 227 11 27 1
4 322 299 168 227 11 27 1
4 322 300 168 227 11 27 1
4 322 301 168 227 11 27 1
4 322 302 168 227 11 27 1
4 322 303 168 227 11 27 1
4 322 304 168 227 11 27 1
4 322 305 168 227 11 27 1
4 322 306 168 227 11 27 1
4 322 307 168 227 11 27 1
4 322 308 167 227 10 27 1
4 322 309 167 227 10 27 1
4 322 310 167 227 10 27 1
4 322 311 167 227 10 27 1
4 322 312 167 227 10 27 1
4 322 313 167 227 10 27 1
4 322 314 167 227 10 27 1
4 322 315 167 227 10 27 1
4 322 316 167 227 10 27 1
4 322 317 167 227 10 27 1
4 322 318 167 227 10 27 1
4 322 319 167 227 10 27 1
4 322 320 167 227 10 27 1
4 322 321 167 229 10 27 1
5 322 0 183 225 10 31 1
5 322 1 181 225 11 31 1
5 322 2 181 225 11 31 1
5 322 3 181 225 11 31 1
5 322 4 181 225 11 31 1
5 322 5 181 225 11 31 1
5 322 6 181 225 11 31 1
5 322 7 181 225 11 31 1
5 322 8 181 225 11 31 1
5 322 9 181 225 11 31 1
5 322 10 181 225 11 31 1
5 322 11 181 225 11 31 1
5 322 12 181 225 11 31 1
5 322 13 181 225 11 31 1
5 322 14 181 225 11 31 1
5 322 15 181 225 11 31 1
5 322 16 181 225 11 31 1
5 322 17 181 225 11 31 1
5 322 18 181 225 11 31 1
5 322 19 181 225 11 31 1
5 322 20 181 225 11 31 1
5 322 21 181 225 11 31 1
5 322 22 181 225 11 31 1
5 322 23 181 225 11 31 1
5 322 24 181 225 11 31 1
5 322 25 181 225 11 31 1
5 322 26 181 225 11 31 1
5 322 27 181 225 11 31 1
5 322 28 181 225 11 31 1
5 322 29 181 225 11 31 1
5 322 30 181 225 11 31 1
5 322 31 181 225 11 31 1
5 322 32 181 225 11 31 1
5 322 33 181 225 11 31 1
5 322 34 181 225 11 31 1
5 322 35 181 225 11 31 1
5 322 36 181 225 11 31 1
5 322 37 181 225 11 31 1
5 322 38 181 225 11 31 1
5 322 39 181 225 11 31 1
5 322 40 181 225 11 31 1
5 322 41 181 225 11 31 1
5 322 42 181 225 11 31 1
5 322 43 181 225 11 31 1
5 322 44 181 225 11 31 1
5 322 45 181 225 11 31 1
5 322 46 181 225 11 31 1
5 322 47 181 225 11 31 1
5 322 48 181 225 11 31 1
5 322 49 181 225 11 31 1
5 322 50 181 225 11 31 1
5 322 51 181 225 11 31 1
5 322 52 181 225 11 31 1
5 322 53 181 225 11 31 1
5 322 54 181 225 11 31 1
5 322 55 181 225 11 31 1
5 322 56 181 225 11 31 1
5 322 57 181 225 11 31 1
5 322 58 181 225 11 31 1
5 322 59 181 225 11 31 1
5 322 60 181 225 11 31 1
5 322 61 181 225 11 31 1
5 322 62 181 225 11 31 1
5 322 63 181 225 11 31 1
5 322 64 181 225 11 31 1
5 322 65 181 225 11 31 1
5 322 66 181 225 11 31 1
5 322 67 181 225 11 31 1
5 322 68 181 225 11 31 1
5 322 69 181 225 11 31 1
5 322 70 181 225 11 31 1
5 322 71 181 225 11 31 1
5 322 72 181 225 11 31 1
5 322 73 181 225 11 31 1
5 322 74 181 225 11 31 1
5 322 75 181 225 11 31 1
5 322 76 181 225 11 31 1
5 322 77 181 225 11 31 1
5 322 78 181 225 11 31 1
5 322 79 181 225 11 31 1
5 322 80 179 225 11 31 1
5 322 81 179 225 11 31 1
5 322 82 179 225 11 31 1
5 322 83 179 225 11 31 1
5 322 84 179 225 11 31 1
5 322 85 179 225 11 31 1
5 322 86 179 225 11 31 1
5 322 87 179 225 11 31 1
5 322 88 179 225 11 31 1
5 322 89 179 225 11 31 1
5 322 90 179 225 11 31 1
5 322 91 179 225 11 31 1
5 322 92 179 225 11 31 1
5 322 93 179 225 11 31 1
5 322 94 179 225 11 31 1
5 322 95 179 225 11 31 1
5 322 96 179 225 11 31 1
5 322 97 179 225 11 31 1
5 322 98 179 225 11 31 1
5 322 99 179 225 11 31 1
5 322 100 179 225 11 31 1
5 322 101 179 225 11 31 1
5 322 102 179 225 11 31 1
5 322 103 179 225 11 31 1
5 322 104 179 225 11 31 1
5 322 105 179 225 11 31 1
5 322 106 179 225 11 31 1
5 322 107 179 225 11 31 1
5 322 108 179 225 11 31 1
5 322 109 179 225 11 31 1
5 322 110 179 225 11 31 1
5 322 111 179 225 11 31 1
5 322 112 179 225 11 31 1
5 322 113 179 225 11 31 1
5 322 114 179 225 11 31 1
5 322 115 179 225 11 31 1
5 322 116 179 225 11 31 1
5 322 117 179 225 11 31 1
5 322 118 179 225 11 31 1
5 322 119 179 225 11 31 1
5 322 120 179 225 11 31 1
5 322 121 179 225 11 31 1
5 322 122 179 225 11 31 1
5 322 123 179 225 11 31 1
5 322 124 179 225 11 31 1
5 322 125 179 225 11 31 1
5 322 126 179 225 11 31 1
5 322 127 179 225 11 31 1
5 322 128 179 225 11 31 1
5 322 129 179 225 11 31 1
5 322 130 179 225 11 31 1
5 322 131 179 225 11 31 1
5 322 132 179 225 11 31 1
5 322 133 179 225 11 31 1
5 322 134 179 225 11 31 1
5 322 135 179 225 11 31 1
5 322 136 179 225 11 31 1
5 322 137 179 225 11 31 1
5 322 138 179 225 11 31 1
5 322 139 179 225 11 31 1
5 322 140 179 225 11 31 1
5 322 141 179 225 11 31 1
5 322 142 179 225 11 31 1
5 322 143 179 225 11 31 1
5 322 144 179 225 11 31 1
5 322 145 179 225 11 31 1
5 322 146 179 225 11 31 1
5 322 147 179 225 11 31 1
5 322 148 179 225 11 31 1
5 322 149 179 225 11 31 1
5 322 150 179 225 11 31 1
5 322 151 179 225 11 31 1
5 322 152 179 225 11 31 1
5 322 153 179 225 11 31 1
5 322 154 179 225 11 31 1
5 322 155 179 225 11 31 1
5 322 156 179 225 11 31 1
5 322 157 179 225 11 31 1
5 322 158 179 225 11 31 1
5 322 159 179 225 11 31 1
5 322 160 177 225 11 31 1
5 322 161 177 225 11 31 1
5 322 162 177 225 11 31 1
5 322 163 177 225 11 31 1
5 322 164 177 225 11 31 1
5 322 165 177 225 11 31 1
5 322 166 177 225 11 31 1
5 322 167 177 225 11 31 1
5 322 168 177 225 11 31 1
5 322 169 177 225 11 31 1
5 322 170 177 225 11 31 1
5 322 171 177 225 11 31 1
5 322 172 176 225 10 31 1
5 322 173 176 225 10 31 1
5 322 174 176 225 10 31 1
5 322 175 176 225 10 31 1
5 322 176 176 225 10 31 1
5 322 177 176 225 10 31 1
5 322 178 176 225 10 31 1
5 322 179 176 225 10 31 1
5 322 180 176 225 10 31 1
5 322 181 176 225 10 31 1
5 322 182 176 225 10 31 1
5 322 183 176 225 10 31 1
5 322 184 174 225 10 31 1
5 322 185 174 225 10 31 1
5 322 186 174 225 10 31 1
5 322 187 174 225 10 31 1
5 322 188 174 225 10 31 1
5 322 189 174 225 10 31 1
5 322 190 174 225 10 31 1
5 322 191 174 225 10 31 1
5 322 192 174 225 10 31 1
5 322 193 174 225 10 31 1
5 322 194 174 225 10 31 1
5 322 195 174 225 10 31 1
5 322 196 174 225 10 31 1
5 322 197 172 225 11 31 1
5 322 198 172 225 11 31 1
5 322 199 172 225 11 31 1
5 322 200 172 225 11 31 1
5 322 201 172 225 11 31 1
5 322 202 172 225 11 31 1
5 322 203 172 225 11 31 1
5 322 204 172 225 11 31 1
5 322 205 172 225 11 31 1
5 322 206 172 225 11 31 1
5 322 207 172 225 11 31 1
5 322 208 172 225 11 31 1
5 322 209 170 225 11 31 1
5 322 210 170 225 11 31 1
5 322 211 170 225 11 31 1
5 322 212 170 225 11 31 1
5 322 213 170 225 11 31 1
5 322 214 170 225 11 31 1
5 322 215 170 225 11 31 1
5 322 216 170 225 11 31 1
5 322 217 170 225 11 31 1
5 322 218 170 225 11 31 1
5 322 219 170 225 11 31 1
5 322 220 170 225 11 31 1
5 322 221 170 225 11 31 1
5 322 222 168 225 11 31 1
5 322 223 168 225 11 31 1
5 322 224 168 225 11 31 1
5 322 225 168 225 11 31 1
5 322 226 168 225 11 31 1
5 322 227 168 225 11 31 1
5 322 228 168 225 11 31 1
5 322 229 168 225 11 31 1
5 322 230 168 225 11 31 1
5 322 231 168 225 11 31 1
5 322 232 168 225 11 31 1
5 322 233 168 225 11 31 1
5 322 234 167 225 10 31 1
5 322 235 167 225 10 31 1
5 322 236 167 225 10 31 1
5 322 237 167 225 10 31 1
5 322 238 167 225 10 31 1
5 322 239 167 225 10 31 1
5 322 240 167 227 10 30 1
5 322 241 167 227 10 30 1
5 322 242 167 227 10 30 1
5 322 243 167 227 10 30 1
5 322 244 167 227 10 30 1
5 322 245 167 227 10 30 1
5 322 246 167 227 10 30 1
5 322 247 165 227 11 30 1
5 322 248 165 227 11 30 1
5 322 249 165 227 11 30 1
5 322 250 165 227 11 30 1
5 322 251 165 227 11 30 1
5 322 252 165 227 11 30 1
5 322 253 165 227 11 30 1
5 322 254 165 227 11 30 1
5 322 255 165 227 11 30 1
5 322 256 165 227 11 30 1
5 322 257 165 227 11 30 1
5 322 258 165 227 11 30 1
5 322 259 163 227 11 30 1
5 322 260 163 227 11 30 1
5 322 261 163 227 11 30 1
5 322 262 163 227 11 30 1
5 322 263 163 227 11 30 1
5 322 264 163 227 11 30 1
5 322 265 163 227 11 30 1
5 322 266 163 227 11 30 1
5 322 267 163 227 11 30 1
5 322 268 163 227 11 30 1
5 322 269 163 227 11 30 1
5 322 270 163 227 11 30 1
5 322 271 163 227 11 30 1
5 322 272 161 227 11 30 1
5 322 273 161 227 11 30 1
5 322 274 161 227 11 30 1
5 322 275 161 227 11 30 1
5 322 276 161 227 11 30 1
5 322 277 161 227 11 30 1
5 322 278 161 227 11 30 1
5 322 279 161 227 11 30 1
5 322 280 161 227 11 30 1
5 322 281 161 227 11 30 1
5 322 282 161 227 11 30 1
5 322 283 161 227 11 30 1
5 322 284 160 227 10 30 1
5 322 285 160 227 10 30 1
5 322 286 160 227 10 30 1
5 322 287 160 227 10 30 1
5 322 288 160 227 10 30 1
5 322 289 160 227 10 30 1
5 322 290 160 227 10 30 1
5 322 291 160 227 10 30 1
5 322 292 160 227 10 30 1
5 322 293 160 227 10 30 1
5 322 294 160 227 10 30 1
5 322 295 160 227 10 30 1
5 322 296 160 227 10 30 1
5 322 297 158 227 10 30 1
5 322 298 158 227 10 30 1
5 322 299 158 227 10 30 1
5 322 300 158 227 10 30 1
5 322 301 158 227 10 30 1
5 322 302 158 227 10 30 1
5 322 303 158 227 10 30 1
5 322 304 158 227 10 30 1
5 322 305 158 227 10 30 1
5 322 306 158 227 10 30 1
5 322 307 158 227 10 30 1
5 322 308 158 227 10 30 1
5 322 309 156 227 11 30 1
5 322 310 156 227 11 30 1
5 322 311 156 227 11 30 1
5 322 312 156 227 11 30 1
5 322 313 156 227 11 30 1
5 322 314 156 227 11 30 1
5 322 315 156 227 11 30 1
5 322 316 156 227 11 30 1
5 322 317 156 227 11 30 1
5 322 318 156 227 11 30 1
5 322 319 156 227 11 30 1
5 322 320 156 227 11 30 1
5 322 321 156 229 11 30 1
6 308 14 551 352 16 19 4
6 308 15 551 352 16 19 4
6 308 16 552 352 16 19 4
6 308 17 552 352 16 19 4
6 308 18 554 352 16 19 4
6 308 19 554 353 16 20 4
6 308 20 556 353 16 20 4
6 308 21 556 353 18 20 4
6 308 22 558 353 16 20 4
6 308 23 560 355 16 20 4
6 308 24 560 355 16 20 4
6 308 25 561 355 16 20 4
6 308 26 561 355 18 20 4
6 308 27 563 355 16 20 4
6 308 28 563 357 18 19 4
6 308 29 565 357 16 19 4
6 308 30 565 357 18 19 4
6 308 31 567 357 16 19 4
6 308 32 568 359 16 19 4
6 308 33 568 359 18 19 4
6 308 34 570 359 16 19 4
6 308 35 570 359 18 19 4
6 308 36 572 359 16 19 4
6 308 37 572 360 18 20 4
6 308 38 574 360 18 20 4
6 308 39 574 360 18 20 4
6 308 40 576 360 17 20 4
6 308 41 577 362 16 20 4
6 308 42 577 362 18 20 4
6 308 43 579 362 16 20 4
6 308 44 579 362 18 20 4
6 308 45 581 362 18 20 4
6 308 46 581 364 18 20 4
6 308 47 583 364 17 20 4
6 308 48 583 364 17 20 4
6 308 49 584 364 18 20 4
6 308 50 586 366 18 19 4
6 308 51 586 366 18 19 4
6 308 52 588 366 18 19 4
6 308 53 590 366 18 21 4
6 308 54 590 368 19 19 4
6 308 55 592 368 19 19 4
6 308 56 593 368 18 21 4
6 308 57 595 368 18 21 4
6 308 58 595 369 20 20 4
6 308 59 597 369 19 22 4
6 308 60 599 369 19 22 4
6 308 61 600 369 18 22 4
6 308 62 600 371 20 21 4
6 308 63 602 371 20 21 4
6 308 64 604 371 20 21 4
6 308 65 604 373 21 21 4
6 308 66 606 373 19 21 4
6 308 67 608 373 19 21 4
6 308 68 609 373 20 23 4
6 308 69 609 375 22 21 4
6 308 70 611 375 21 21 4
6 308 71 613 375 19 23 4
6 308 72 615 375 19 23 4
6 308 73 615 376 21 22 4
6 308 74 616 376 22 24 4
6 308 75 618 376 22 24 4
6 308 76 620 378 21 23 4
6 308 77 620 378 21 23 4
6 308 78 622 378 21 23 4
6 308 79 624 378 21 23 4
6 308 80 625 380 22 23 4
6 308 81 625 380 23 23 4
6 308 82 627 380 21 23 4
6 308 83 629 382 21 23 4
6 308 84 631 382 21 23 4
6 308 85 632 382 22 23 4
6 308 86 632 384 24 23 4
6 308 87 634 384 22 23 4
6 308 88 636 384 21 23 4
6 308 89 638 385 21 23 4
6 308 90 638 385 23 23 4
6 308 91 640 385 23 23 4
6 308 92 641 387 22 23 4
6 308 93 643 387 21 23 4
6 308 94 645 387 21 23 4
6 308 95 645 389 23 23 4
6 308 96 647 389 23 23 4
6 308 97 648 389 24 23 4
6 308 98 650 391 22 23 4
6 308 99 652 391 21 23 4
6 308 100 652 391 23 23 4
6 308 101 654 392 23 24 4
6 308 102 656 392 23 24 4
6 308 103 657 392 22 24 4
6 308 104 657 394 23 23 4
6 308 105 659 394 23 23 4
6 308 106 661 394 23 23 4
6 308 107 663 396 23 23 4
6 308 108 664 396 22 23 4
6 308 109 664 396 24 23 4
6 308 110 666 398 23 23 4
6 308 111 668 398 23 23 4
6 308 112 670 398 23 23 4
6 308 113 672 400 23 23 4
6 308 114 672 400 24 23 4
6 308 115 673 400 25 23 4
6 308 116 675 401 25 23 4
6 308 117 677 401 25 23 4
6 308 118 679 401 25 25 4
6 308 119 680 403 25 23 4
6 308 120 682 403 25 25 4
6 308 121 684 405 25 23 4
6 308 122 686 405 25 25 4
6 308 123 688 405 24 25 4
6 308 124 689 407 25 25 4
6 308 125 691 407 25 25 4
6 308 126 693 408 25 25 4
6 308 127 695 408 25 25 4
6 308 128 696 408 25 27 4
6 308 129 698 410 25 25 4
6 308 130 700 410 25 27 4
6 308 131 702 412 25 25 4
6 308 132 704 412 24 27 4
6 308 133 705 412 25 27 4
6 308 134 707 414 25 26 4
6 308 135 709 414 25 26 4
6 308 136 711 416 25 26 4
6 308 137 712 416 25 26 4
6 308 138 714 416 25 26 4
6 308 139 716 416 25 28 4
6 308 140 718 417 25 27 4
6 308 141 720 417 24 27 4
6 308 142 721 417 25 29 4
6 308 143 723 419 27 27 4
6 308 144 725 419 27 27 4
6 308 145 727 419 26 29 4
6 308 146 730 421 25 27 4
6 308 147 732 421 25 28 4
6 308 148 734 421 25 28 4
6 308 149 736 423 26 26 4
6 308 150 737 423 27 28 4
6 308 151 739 423 27 28 4
6 308 152 741 424 27 27 4
6 308 153 743 424 26 29 4
6 308 154 744 424 27 29 4
6 308 155 748 426 27 29 4
6 308 156 750 426 26 29 4
6 308 157 752 428 26 28 4
6 308 158 755 428 27 28 4
6 308 159 757 430 27 28 4
6 308 160 759 430 28 28 4
6 308 161 762 432 27 28 4
6 308 162 764 433 27 29 4
6 308 163 766 433 28 29 4
6 308 164 769 435 27 29 4
6 308 165 771 435 29 29 4
6 308 166 775 437 26 28 4
6 308 167 776 439 27 28 4
6 308 168 778 439 29 28 4
6 308 169 782 440 26 29 4
6 308 170 784 440 28 29 4
6 308 171 785 442 29 29 4
6 308 172 789 444 27 28 4
6 308 173 791 444 28 28 4
6 308 174 792 446 29 28 4
6 308 175 796 446 28 28 4
6 308 176 798 448 28 28 4
6 308 177 801 449 29 29 4
6 308 178 803 449 29 29 4
6 308 179 805 451 28 29 4
6 308 180 807 451 28 29 4
6 308 181 810 453 29 28 4
6 308 182 812 453 28 28 4
6 308 183 816 455 28 28 4
6 308 184 817 455 31 28 4
6 308 185 821 456 30 29 4
6 308 186 824 456 29 31 4
6 308 187 826 458 30 29 4
6 308 188 830 460 30 28 4
6 308 189 833 460 31 30 4
6 308 190 835 462 30 28 4
6 308 191 839 462 30 30 4
6 308 192 842 464 30 30 4
6 308 193 844 465 32 29 4
6 308 194 848 465 32 31 4
6 308 195 849 467 32 29 4
6 308 196 853 467 32 30 4
6 308 197 856 469 32 30 4
6 308 198 858 471 34 28 4
6 308 199 862 471 32 30 4
6 308 200 865 472 32 31 4
6 308 201 867 472 34 31 4
6 308 202 871 474 33 30 4
6 308 203 874 476 34 30 4
6 308 204 876 476 34 30 4
6 308 205 880 478 33 30 4
6 308 206 883 478 34 30 4
6 308 207 887 480 33 30 4
6 308 208 890 480 34 32 4
6 308 209 894 481 34 31 4
6 308 210 897 483 34 30 4
6 308 211 901 483 34 32 4
6 308 212 903 485 35 30 4
6 308 213 906 485 36 32 4
6 308 214 910 487 35 32 4
6 308 215 913 488 36 31 4
6 308 216 917 488 35 32 4
6 308 217 920 490 36 32 4
6 308 218 924 490 36 32 4
6 308 219 928 492 35 32 4
6 308 220 931 494 36 32 4
6 308 221 933 494 37 32 4
6 308 222 936 496 38 32 4
6 308 223 940 497 37 32 4
6 308 224 944 499 37 32 4
6 308 225 947 501 37 32 4
6 308 226 951 503 37 32 4
6 308 227 954 503 38 32 4
6 308 228 958 504 37 32 4
6 308 229 961 506 38 32 4
6 308 230 965 508 37 32 4
6 308 231 968 510 38 32 4
6 308 232 972 512 37 32 4
6 308 233 976 512 37 32 4
6 308 234 979 513 37 32 4
6 308 235 983 515 37 32 4
6 308 236 986 517 38 32 4
6 308 237 990 519 37 32 4
6 308 238 993 520 38 32 4
6 308 239 997 520 37 32 4
6 308 240 1000 522 38 32 4
6 308 241 1004 524 37 32 4
6 308 242 1008 526 37 32 4
6 308 243 1011 528 37 32 4
6 308 244 1015 529 39 32 4
6 308 245 1018 531 39 32 4
6 308 246 1024 533 39 32 4
6 308 247 1029 535 39 33 4
6 308 248 1034 538 39 32 4
6 308 249 1038 540 41 34 4
6 308 250 1043 542 41 34 4
6 308 251 1048 545 40 34 4
6 308 252 1054 547 39 34 4
6 308 253 1057 549 41 35 4
6 308 254 1063 552 41 34 4
6 308 255 1068 554 41 36 4
6 308 256 1073 556 41 36 4
6 308 257 1079 560 41 35 4
6 308 258 1082 561 43 36 4
6 308 259 1088 563 42 36 4
6 308 260 1093 565 43 35 4
6 308 261 1098 567 43 35 4
6 308 262 1104 568 42 36 4
6 308 263 1109 570 43 36 4
6 308 264 1114 572 43 36 4
6 308 265 1120 574 42 35 4
6 308 266 1125 576 43 35 4
6 308 267 1130 577 43 36 4
6 308 268 1136 579 42 36 4
6 308 269 1141 581 43 35 4
6 308 270 1146 583 45 35 4
6 308 271 1152 584 44 36 4
6 308 272 1157 586 44 36 4
6 308 273 1164 588 44 36 4
6 308 274 1169 592 45 33 4
6 308 275 1175 593 44 34 4
6 308 276 1182 595 44 36 4
6 308 277 1187 597 45 35 4
6 308 278 1192 600 45 34 4
6 308 279 1200 602 44 34 4
6 308 280 1205 604 44 34 4
6 308 281 1210 606 45 34 4
6 308 282 1217 609 45 34 4
6 308 283 1223 608 41 33 4
6 308 284 1228 608 37 33 4
6 308 285 1235 606 32 34 4
6 308 286 1240 606 29 34 4
6 308 287 1248 604 23 34 4
6 308 288 1253 604 19 34 4
6 308 289 1260 604 16 34 4
6 308 290 1260 604 16 34 4
6 308 321 620 378 21 23 4
7 288 300 165 229 16 34 1
7 288 301 163 229 16 34 1
7 288 302 163 229 16 34 1
7 288 303 163 229 16 34 1
7 288 304 163 229 16 34 1
7 288 305 163 229 16 34 1
7 288 306 163 229 16 34 1
7 288 307 163 229 16 34 1
7 288 308 163 229 16 34 1
7 288 309 163 229 16 34 1
7 288 310 163 229 16 34 1
7 288 311 163 229 16 34 1
7 288 312 163 229 16 34 1
7 288 313 163 229 16 34 1
7 288 314 163 229 16 34 1
7 288 315 163 229 16 34 1
7 288 316 163 229 16 34 1
7 288 317 163 229 16 34 1
7 288 318 163 229 16 34 1
7 288 319 163 229 16 34 1
7 288 320 163 229 16 34 1
7 288 321 163 229 16 34 1
7 288 322 163 229 16 34 1
7 288 323 163 229 16 34 1
7 288 324 163 229 16 34 1
7 288 325 161 229 16 34 1
7 288 326 161 229 16 34 1
7 288 327 161 229 16 34 1
7 288 328 161 229 16 34 1
7 288 329 161 229 16 34 1
7 288 330 161 229 16 34 1
7 288 331 161 229 16 34 1
7 288 332 161 229 16 34 1
7 288 333 161 229 16 34 1
7 288 334 161 229 16 34 1
7 288 335 161 229 16 34 1
7 288 336 161 229 16 34 1
7 288 337 161 229 16 34 1
7 288 338 161 229 16 34 1
7 288 339 161 229 16 34 1
7 288 340 161 229 16 34 1
7 288 341 161 229 16 34 1
7 288 342 161 229 16 34 1
7 288 343 161 229 16 34 1
7 288 344 161 229 16 34 1
7 288 345 161 229 16 34 1
7 288 346 161 229 16 34 1
7 288 347 161 229 16 34 1
7 288 348 161 229 16 34 1
7 288 349 161 229 16 34 1
7 288 350 160 229 16 34 1
7 288 351 160 229 16 34 1
7 288 352 160 229 16 34 1
7 288 353 160 229 16 34 1
7 288 354 160 229 16 34 1
7 288 355 160 229 16 34 1
7 288 356 160 229 16 34 1
7 288 357 160 229 16 34 1
7 288 358 160 229 16 34 1
7 288 359 160 229 16 34 1
7 288 360 160 229 16 34 1
7 288 361 160 229 16 34 1
7 288 362 160 229 16 34 1
7 288 363 160 229 16 34 1
7 288 364 160 229 16 34 1
7 288 365 160 229 16 34 1
7 288 366 160 229 16 34 1
7 288 367 160 229 16 34 1
7 288 368 160 229 16 34 1
7 288 369 160 229 16 34 1
7 288 370 160 229 16 34 1
7 288 371 160 229 16 34 1
7 288 372 160 229 16 34 1
7 288 373 160 229 16 34 1
7 288 374 160 229 16 34 1
7 288 375 158 229 16 34 1
7 288 376 158 229 16 34 1
7 288 377 158 229 16 34 1
7 288 378 158 229 16 34 1
7 288 379 158 229 16 34 1
7 288 380 158 229 16 34 1
7 288 381 158 229 16 34 1
7 288 382 158 229 16 34 1
7 288 383 158 229 16 34 1
7 288 384 158 229 16 34 1
7 288 385 158 229 16 34 1
7 288 386 158 229 16 34 1
7 288 387 158 229 16 34 1
7 288 388 158 229 16 34 1
7 288 389 158 229 16 34 1
7 288 390 158 229 16 34 1
7 288 391 158 229 16 34 1
7 288 392 158 229 16 34 1
7 288 393 158 229 16 34 1
7 288 394 158 229 16 34 1
7 288 395 158 229 16 34 1
7 288 396 158 229 16 34 1
7 288 397 158 229 16 34 1
7 288 398 158 229 16 34 1
7 288 399 156 229 16 34 1
7 288 400 156 229 16 34 1
7 288 401 156 229 16 34 1
7 288 402 156 229 16 34 1
7 288 403 156 229 16 34 1
7 288 404 156 229 16 34 1
7 288 405 156 229 16 34 1
7 288 406 156 229 16 34 1
7 288 407 156 229 16 34 1
7 288 408 156 229 16 34 1
7 288 409 156 229 16 34 1
7 288 410 156 229 16 34 1
7 288 411 156 229 16 34 1
7 288 412 156 229 16 34 1
7 288 413 156 229 16 34 1
7 288 414 156 229 16 34 1
7 288 415 156 229 16 34 1
7 288 416 156 229 16 34 1
7 288 417 156 229 16 34 1
7 288 418 156 229 16 34 1
7 288 419 156 229 16 34 1
7 288 420 156 229 16 34 1
7 288 421 156 229 16 34 1
7 288 422 156 229 16 34 1
7 288 423 156 229 16 34 1
7 288 424 154 229 16 34 1
7 288 425 154 229 16 34 1
7 288 426 154 229 16 34 1
7 288 427 154 229 16 34 1
7 288 428 154 229 16 34 1
7 288 429 154 229 16 34 1
7 288 430 154 229 16 34 1
7 288 431 154 229 16 34 1
7 288 432 154 229 16 34 1
7 288 433 154 229 16 34 1
7 288 434 154 229 16 34 1
7 288 435 154 229 16 34 1
7 288 436 154 229 16 34 1
7 288 437 154 229 16 34 1
7 288 438 154 229 16 34 1
7 288 439 154 229 16 34 1
7 288 440 154 229 16 34 1
7 288 441 154 229 16 34 1
7 288 442 154 229 16 34 1
7 288 443 154 229 16 34 1
7 288 444 154 229 16 34 1
7 288 445 154 229 16 34 1
7 288 446 154 229 16 34 1
7 288 447 154 229 16 34 1
7 288 448 154 229 16 34 1
7 288 449 152 229 16 34 1
7 288 450 152 229 16 34 1
7 288 451 152 229 16 34 1
7 288 452 152 229 16 34 1
7 288 453 152 229 16 34 1
7 288 454 152 229 16 34 1
7 288 455 152 229 16 34 1
7 288 456 152 229 16 34 1
7 288 457 152 229 16 34 1
7 288 458 152 229 16 34 1
7 288 459 152 229 16 34 1
7 288 460 152 229 16 34 1
7 288 461 152 229 16 34 1
7 288 462 152 229 16 34 1
7 288 463 152 229 16 34 1
7 288 464 152 229 16 34 1
7 288 465 152 229 16 34 1
7 288 466 152 229 16 34 1
7 288 467 152 229 16 34 1
7 288 468 152 229 16 34 1
7 288 469 152 229 16 34 1
7 288 470 152 229 16 34 1
7 288 471 152 229 16 34 1
7 288 472 152 229 16 34 1
7 288 473 151 229 16 34 1
7 288 474 151 229 16 34 1
7 288 475 151 229 16 34 1
7 288 476 151 229 16 34 1
7 288 477 151 229 16 34 1
7 288 478 151 229 16 34 1
7 288 479 151 229 16 34 1
7 288 480 151 229 16 34 1
7 288 481 151 229 16 34 1
7 288 482 151 229 16 34 1
7 288 483 151 229 16 34 1
7 288 484 151 229 16 34 1
7 288 485 151 229 16 34 1
7 288 486 151 229 16 34 1
7 288 487 151 229 16 34 1
7 288 488 151 229 16 34 1
7 288 489 151 229 16 34 1
7 288 490 151 229 16 34 1
7 288 491 151 229 16 34 1
7 288 492 151 229 16 34 1
7 288 493 151 229 16 34 1
7 288 494 151 229 16 34 1
7 288 495 151 229 16 34 1
7 288 496 151 229 16 34 1
7 288 497 151 229 16 34 1
7 288 498 149 229 16 34 1
7 288 499 149 229 16 34 1
7 288 500 149 229 16 34 1
7 288 501 149 229 16 34 1
7 288 502 149 229 16 34 1
7 288 503 149 229 16 34 1
7 288 504 149 229 16 34 1
7 288 505 149 229 16 34 1
7 288 506 149 229 16 34 1
7 288 507 149 229 16 34 1
7 288 508 149 229 16 34 1
7 288 509 149 229 16 34 1
7 288 510 149 229 16 34 1
7 288 511 149 229 16 34 1
7 288 512 149 229 16 34 1
7 288 513 149 229 16 34 1
7 288 514 149 229 16 34 1
7 288 515 149 229 16 34 1
7 288 516 149 229 16 34 1
7 288 517 149 229 16 34 1
7 288 518 149 229 16 34 1
7 288 519 149 229 16 34 1
7 288 520 149 229 16 34 1
7 288 521 149 229 16 34 1
7 288 522 149 229 16 34 1
7 288 523 147 227 16 34 1
7 288 524 147 227 16 34 1
7 288 525 147 227 16 34 1
7 288 526 147 227 16 34 1
7 288 527 147 227 16 34 1
7 288 528 147 227 16 34 1
7 288 529 147 227 16 34 1
7 288 530 147 227 16 34 1
7 288 531 147 227 16 34 1
7 288 532 147 227 16 34 1
7 288 533 147 227 16 34 1
7 288 534 147 227 16 34 1
7 288 535 147 227 16 34 1
7 288 536 147 227 16 34 1
7 288 537 147 227 16 34 1
7 288 538 147 227 16 34 1
7 288 539 145 227 16 34 1
7 288 540 145 227 16 34 1
7 288 541 145 227 16 34 1
7 288 542 145 227 16 34 1
7 288 543 145 227 16 34 1
7 288 544 145 227 16 34 1
7 288 545 145 227 16 34 1
7 288 546 145 227 16 34 1
7 288 547 145 225 16 34 1
7 288 548 145 225 16 34 1
7 288 549 145 225 16 34 1
7 288 550 145 225 16 34 1
7 288 551 145 225 16 34 1
7 288 552 145 225 16 34 1
7 288 553 145 225 16 34 1
7 288 554 145 225 16 34 1
7 288 555 144 225 16 34 1
7 288 556 144 225 16 34 1
7 288 557 144 225 16 34 1
7 288 558 144 225 16 34 1
7 288 559 144 225 16 34 1
7 288 560 144 225 16 34 1
7 288 561 144 225 16 34 1
7 288 562 144 225 16 34 1
7 288 563 144 225 16 34 1
7 288 564 144 225 16 34 1
7 288 565 144 225 16 34 1
7 288 566 144 225 16 34 1
7 288 567 144 225 16 34 1
7 288 568 144 225 16 34 1
7 288 569 144 225 16 34 1
7 288 570 144 225 16 34 1
7 288 571 144 225 16 34 1
7 288 572 144 225 16 34 1
7 288 573 144 225 16 34 1
7 288 574 144 225 16 34 1
7 288 575 144 225 16 34 1
7 288 576 144 225 16 34 1
7 288 577 144 225 16 34 1
7 288 578 144 225 16 34 1
7 288 579 144 225 16 34 1
7 288 580 144 225 16 34 1
7 288 581 144 225 16 34 1
7 288 582 144 225 16 34 1
7 288 583 144 225 16 34 1
7 288 584 144 225 16 34 1
7 288 585 140 225 16 34 1
7 288 586 138 225 16 34 1
7 288 587 135 225 16 34 1
8 322 0 693 416 60 147 1
8 322 1 693 416 60 147 1
8 322 2 695 416 60 149 1
8 322 3 696 417 61 150 1
8 322 4 696 417 63 150 1
8 322 5 698 417 62 151 1
8 322 6 700 419 60 151 1
8 322 7 700 419 62 153 1
8 322 8 702 421 62 151 1
8 322 9 704 421 62 153 1
8 322 10 704 421 64 155 1
8 322 11 705 423 63 153 1
8 322 12 707 423 62 154 1
8 322 13 709 424 62 155 1
8 322 14 709 424 64 157 1
8 322 15 711 424 64 157 1
8 322 16 712 426 63 157 1
8 322 17 712 426 64 158 1
8 322 18 714 428 64 158 1
8 322 19 716 428 64 158 1
8 322 20 716 428 66 160 1
8 322 21 718 430 64 160 1
8 322 22 720 430 64 160 1
8 322 23 720 430 65 162 1
8 322 24 721 432 66 161 1
8 322 25 723 432 66 163 1
8 322 26 725 433 64 162 1
8 322 27 725 433 66 164 1
8 322 28 727 433 65 166 1
8 322 29 728 435 66 164 1
8 322 30 728 435 68 165 1
8 322 31 730 437 66 165 1
8 322 32 732 437 66 167 1
8 322 33 732 437 68 167 1
8 322 34 734 439 67 167 1
8 322 35 736 439 67 169 1
8 322 36 737 440 68 169 1
8 322 37 739 440 68 169 1
8 322 38 741 442 67 169 1
8 322 39 743 442 69 171 1
8 322 40 746 444 68 171 1
8 322 41 748 446 68 170 1
8 322 42 750 446 69 172 1
8 322 43 752 448 69 172 1
8 322 44 755 449 69 173 1
8 322 45 757 449 69 175 1
8 322 46 759 451 69 174 1
8 322 47 760 451 72 176 1
8 322 48 764 453 69 176 1
8 322 49 766 455 69 174 1
8 322 50 768 455 71 176 1
8 322 51 769 456 71 176 1
8 322 52 773 458 71 176 1
8 322 53 775 458 71 178 1
8 322 54 776 460 72 178 1
8 322 55 778 460 73 180 1
8 322 56 782 462 71 179 1
8 322 57 784 464 71 179 1
8 322 58 785 464 73 181 1
8 322 59 787 465 73 182 1
8 322 60 791 467 73 181 1
8 322 61 792 467 75 183 1
8 322 62 796 469 75 183 1
8 322 63 800 471 74 183 1
8 322 64 803 472 75 184 1
8 322 65 807 474 74 183 1
8 322 66 810 474 75 185 1
8 322 67 814 476 74 185 1
8 322 68 817 478 75 185 1
8 322 69 821 480 75 184 1
8 322 70 824 481 75 187 1
8 322 71 828 483 75 187 1
8 322 72 832 483 74 189 1
8 322 73 835 485 75 188 1
8 322 74 839 487 74 188 1
8 322 75 840 488 77 189 1
8 322 76 844 490 76 189 1
8 322 77 848 492 76 188 1
8 322 78 851 492 77 190 1
8 322 79 855 494 76 190 1
8 322 80 858 496 77 192 1
8 322 81 862 497 76 192 1
8 322 82 865 499 77 192 1
8 322 83 869 501 76 192 1
8 322 84 872 501 77 194 1
8 322 85 876 503 76 193 1
8 322 86 880 504 76 194 1
8 322 87 883 506 77 194 1
8 322 88 887 508 76 194 1
8 322 89 890 510 78 195 1
8 322 90 894 510 78 195 1
8 322 91 897 512 79 193 1
8 322 92 901 513 78 194 1
8 322 93 904 515 79 192 1
8 322 94 910 517 76 190 1
8 322 95 913 519 77 190 1
8 322 96 917 519 76 190 1
8 322 97 920 520 77 191 1
8 322 98 926 522 74 189 1
8 322 99 929 524 75 187 1
8 322 100 933 526 75 186 1
8 322 101 936 528 75 184 1
8 322 102 940 528 75 186 1
8 322 103 945 529 73 185 1
8 322 104 949 531 73 183 1
8 322 105 952 533 73 183 1
8 322 106 956 535 73 181 1
8 322 107 961 536 73 182 1
8 322 108 965 536 75 182 1
8 322 109 970 538 75 180 1
8 322 110 974 540 76 178 1
8 322 111 979 542 77 176 1
8 322 112 983 544 78 174 1
8 322 113 988 544 78 174 1
8 322 114 992 545 80 173 1
8 322 115 997 547 82 171 1
8 322 116 1000 549 84 169 1
8 322 117 1006 551 83 167 1
8 322 118 1009 551 86 167 1
8 322 119 1015 552 85 166 1
8 322 120 1018 554 87 164 1
8 322 121 1024 556 87 162 1
8 322 122 1027 558 89 160 1
8 322 123 1032 560 91 158 1
8 322 124 1036 563 91 155 1
8 322 125 1041 567 89 151 1
8 322 126 1047 570 87 148 1
8 322 127 1050 574 87 144 1
8 322 128 1056 577 85 141 1
8 322 129 1061 583 85 135 1
8 322 130 1064 583 88 133 1
8 322 131 1070 584 87 132 1
8 322 132 1075 586 89 130 1
8 322 133 1080 588 89 128 1
8 322 134 1086 590 90 126 1
8 322 135 1091 592 91 124 1
8 322 136 1096 593 91 123 1
8 322 137 1102 595 92 121 1
8 322 138 1105 595 95 121 1
8 322 139 1111 597 96 119 1
8 322 140 1116 599 96 117 1
8 322 141 1121 600 96 116 1
8 322 142 1127 602 97 114 1
8 322 143 1132 604 98 112 1
8 322 144 1137 606 100 110 1
8 322 145 1143 608 99 108 1
8 322 146 1148 609 101 107 1
8 322 147 1166 560 60 147 1
8 322 148 1169 565 61 142 1
8 322 149 1173 570 62 139 1
8 322 150 1178 577 61 132 1
8 322 151 1182 583 62 128 1
8 322 152 1187 588 61 123 1
8 322 153 1191 595 62 117 1
8 322 154 1196 600 60 112 1
8 322 155 1200 606 62 108 1
8 322 156 1205 613 60 101 1
8 322 157 1208 618 63 98 1
8 322 158 1214 625 62 93 1
8 322 159 1221 636 55 82 1
8 322 160 1228 647 48 71 1
8 322 161 1237 657 39 61 1
8 322 162 1244 668 32 50 1
8 322 163 1251 679 25 39 1
8 322 164 1260 691 16 27 1
8 322 165 1260 691 16 27 1
8 322 166 1260 691 16 27 1
8 322 167 1260 691 16 27 1
8 322 168 1260 691 16 27 1
8 322 169 1260 691 16 27 1
8 322 170 1260 691 16 27 1
8 322 171 1260 691 16 27 1
8 322 172 1260 691 16 27 1
8 322 173 1260 691 16 27 1
8 322 321 890 510 78 195 1
9 322 0 595 419 68 149 1
9 322 1 595 419 68 149 1
9 322 2 597 419 67 151 1
9 322 3 599 421 67 151 1
9 322 4 599 421 69 153 1
9 322 5 600 423 70 151 1
9 322 6 602 423 70 153 1
9 322 7 604 424 69 153 1
9 322 8 604 424 71 155 1
9 322 9 606 426 71 155 1
9 322 10 608 426 69 155 1
9 322 11 608 426 71 157 1
9 322 12 609 428 71 156 1
9 322 13 611 428 71 158 1
9 322 14 613 430 71 156 1
9 322 15 613 430 73 158 1
9 322 16 615 432 73 158 1
9 322 17 616 432 73 160 1
9 322 18 618 433 73 160 1
9 322 19 618 433 73 160 1
9 322 20 620 433 73 162 1
9 322 21 622 435 73 162 1
9 322 22 622 435 74 164 1
9 322 23 624 437 74 162 1
9 322 24 625 437 75 163 1
9 322 25 627 439 75 163 1
9 322 26 627 439 77 165 1
9 322 27 629 440 76 166 1
9 322 28 631 440 74 166 1
9 322 29 631 440 76 168 1
9 322 30 632 442 77 167 1
9 322 31 634 442 77 169 1
9 322 32 636 444 76 167 1
9 322 33 636 444 78 169 1
9 322 34 638 446 78 169 1
9 322 35 640 446 78 170 1
9 322 36 641 448 79 170 1
9 322 37 643 448 78 170 1
9 322 38 645 449 78 171 1
9 322 39 647 449 78 173 1
9 322 40 648 451 79 173 1
9 322 41 650 451 78 173 1
9 322 42 652 453 78 172 1
9 322 43 654 453 78 174 1
9 322 44 656 455 80 174 1
9 322 45 657 455 80 176 1
9 322 46 659 456 80 175 1
9 322 47 661 456 80 176 1
9 322 48 663 458 80 176 1
9 322 49 664 460 80 176 1
9 322 50 666 460 80 178 1
9 322 51 668 462 80 176 1
9 322 52 670 462 82 178 1
9 322 53 672 464 81 177 1
9 322 54 673 464 82 179 1
9 322 55 675 465 82 180 1
9 322 56 677 465 82 180 1
9 322 57 679 467 81 180 1
9 322 58 680 467 82 181 1
9 322 59 682 469 82 181 1
9 322 60 686 471 82 181 1
9 322 61 688 471 81 183 1
9 322 62 689 472 82 184 1
9 322 63 691 474 84 183 1
9 322 64 693 476 83 183 1
9 322 65 696 478 82 183 1
9 322 66 698 480 84 184 1
9 322 67 700 480 84 186 1
9 322 68 702 481 83 187 1
9 322 69 705 483 84 187 1
9 322 70 707 485 84 187 1
9 322 71 709 487 83 186 1
9 322 72 711 488 85 189 1
9 322 73 712 488 86 191 1
9 322 74 716 490 84 190 1
9 322 75 718 492 85 190 1
9 322 76 720 494 85 190 1
9 322 77 721 496 86 190 1
9 322 78 725 497 85 192 1
9 322 79 728 497 86 194 1
9 322 80 732 499 85 194 1
9 322 81 736 501 85 194 1
9 322 82 739 503 87 193 1
9 322 83 743 504 87 194 1
9 322 84 748 504 85 198 1
9 322 85 752 506 85 198 1
9 322 86 755 508 87 197 1
9 322 87 759 510 87 197 1
9 322 88 762 512 87 197 1
9 322 89 768 513 87 199 1
9 322 90 769 513 87 199 1
9 322 91 771 515 87 199 1
9 322 92 773 517 87 197 1
9 322 93 775 519 87 197 1
9 322 94 776 520 88 198 1
9 322 95 780 520 87 198 1
9 322 96 784 522 87 196 1
9 322 97 787 524 87 194 1
9 322 98 791 524 87 194 1
9 322 99 794 526 87 192 1
9 322 100 798 528 87 190 1
9 322 101 801 528 87 190 1
9 322 102 805 529 87 189 1
9 322 103 808 531 88 187 1
9 322 104 812 531 87 187 1
9 322 105 816 533 87 185 1
9 322 106 819 535 87 183 1
9 322 107 824 536 88 182 1
9 322 108 828 538 87 180 1
9 322 109 832 540 88 178 1
9 322 110 835 542 89 176 1
9 322 111 840 544 89 174 1
9 322 112 844 545 89 173 1
9 322 113 848 547 90 171 1
9 322 114 851 549 91 169 1
9 322 115 856 552 91 166 1
9 322 116 860 554 91 164 1
9 322 117 864 556 92 162 1
9 322 118 867 558 93 160 1
9 322 119 872 560 93 158 1
9 322 120 876 561 92 157 1
9 322 121 880 563 94 155 1
9 322 122 883 565 94 153 1
9 322 123 888 568 95 150 1
9 322 124 894 570 94 148 1
9 322 125 899 574 94 144 1
9 322 126 904 577 95 141 1
9 322 127 910 579 94 139 1
9 322 128 915 583 94 135 1
9 322 129 920 586 95 132 1
9 322 130 924 588 94 130 1
9 322 131 929 590 95 128 1
9 322 132 935 592 94 126 1
9 322 133 940 593 94 125 1
9 322 134 944 597 94 121 1
9 322 135 949 599 94 119 1
9 322 136 954 600 94 118 1
9 322 137 960 602 94 116 1
9 322 138 963 606 94 112 1
9 322 139 968 608 95 110 1
9 322 140 974 609 94 109 1
9 322 141 979 611 94 107 1
9 322 142 983 615 94 103 1
9 322 143 988 616 94 102 1
9 322 144 993 618 95 100 1
9 322 145 999 620 94 98 1
9 322 146 1004 624 94 94 1
9 322 147 1008 624 94 94 1
9 322 148 1013 625 94 93 1
9 322 149 1018 627 94 91 1
9 322 150 1024 629 94 89 1
9 322 151 1029 631 94 87 1
9 322 152 1034 632 94 86 1
9 322 153 1040 634 94 84 1
9 322 154 1045 636 94 82 1
9 322 155 1050 638 94 80 1
9 322 156 1056 640 94 78 1
9 322 157 1061 641 94 77 1
9 322 158 1066 643 94 75 1
9 322 159 1073 645 93 73 1
9 322 160 1082 647 89 71 1
9 322 161 1089 650 87 68 1
9 322 162 1098 652 86 66 1
9 322 163 1105 654 84 64 1
9 322 164 1114 657 80 61 1
9 322 165 1121 659 79 59 1
9 322 166 1130 663 77 55 1
9 322 167 1137 664 75 54 1
9 322 168 1146 666 71 52 1
9 322 169 1153 670 70 48 1
9 322 170 1162 672 68 46 1
9 322 171 1169 673 66 45 1
9 322 172 1178 677 62 41 1
9 322 173 1185 679 61 39 1
9 322 174 1194 682 59 36 1
9 322 175 1203 684 53 34 1
9 322 176 1212 688 48 30 1
9 322 177 1223 689 41 29 1
9 322 178 1232 693 35 25 1
9 322 179 1240 695 31 23 1
9 322 180 1251 698 25 20 1
9 322 181 1251 698 25 20 1
9 322 182 1251 698 25 20 1
9 322 183 1251 698 25 20 1
9 322 184 1251 698 25 20 1
9 322 185 1251 698 25 20 1
9 322 186 1251 698 25 20 1
9 322 187 1251 698 25 20 1
9 322 188 1251 698 25 20 1
9 322 189 1251 698 25 20 1
9 322 321 776 520 88 198 1
10 322 0 529 320 38 92 1
10 322 1 529 320 38 92 1
10 322 2 531 320 37 92 1
10 322 3 531 320 37 92 1
10 322 4 533 320 37 92 1
10 322 5 533 321 39 93 1
10 322 6 535 321 37 93 1
10 322 7 536 321 38 93 1
10 322 8 536 321 38 93 1
10 322 9 538 321 38 95 1
10 322 10 538 323 39 93 1
10 322 11 540 323 37 93 1
10 322 12 542 323 37 93 1
10 322 13 542 323 39 94 1
10 322 14 544 323 37 94 1
10 322 15 544 325 39 92 1
10 322 16 545 325 38 92 1
10 322 17 545 325 39 94 1
10 322 18 547 325 39 94 1
10 322 19 549 325 37 94 1
10 322 20 549 327 39 92 1
10 322 21 551 327 39 94 1
10 322 22 551 327 39 94 1
10 322 23 552 327 40 94 1
10 322 24 554 327 38 94 1
10 322 25 554 328 39 93 1
10 322 26 556 328 39 95 1
10 322 27 556 328 39 95 1
10 322 28 558 328 39 95 1
10 322 29 560 328 37 95 1
10 322 30 560 330 39 94 1
10 322 31 561 330 39 94 1
10 322 32 561 330 39 94 1
10 322 33 563 330 39 94 1
10 322 34 563 332 41 94 1
10 322 35 565 332 39 94 1
10 322 36 567 332 39 94 1
10 322 37 567 332 39 94 1
10 322 38 568 332 40 96 1
10 322 39 568 334 41 94 1
10 322 40 570 334 39 94 1
10 322 41 572 334 39 94 1
10 322 42 572 334 41 96 1
10 322 43 574 334 39 96 1
10 322 44 574 336 41 94 1
10 322 45 576 336 39 94 1
10 322 46 577 336 39 94 1
10 322 47 577 336 41 96 1
10 322 48 579 336 39 96 1
10 322 49 579 337 41 95 1
10 322 50 581 337 39 95 1
10 322 51 581 337 41 96 1
10 322 52 583 337 41 96 1
10 322 53 584 337 40 96 1
10 322 54 584 339 41 94 1
10 322 55 586 339 41 96 1
10 322 56 586 339 41 96 1
10 322 57 588 339 41 96 1
10 322 58 590 339 39 96 1
10 322 59 590 341 41 96 1
10 322 60 592 341 40 96 1
10 322 61 592 341 40 96 1
10 322 62 593 341 41 96 1
10 322 63 595 343 41 96 1
10 322 64 595 343 41 96 1
10 322 65 597 343 41 97 1
10 322 66 599 343 41 97 1
10 322 67 600 344 41 98 1
10 322 68 602 344 41 98 1
10 322 69 604 344 41 100 1
10 322 70 604 346 43 98 1
10 322 71 606 346 42 100 1
10 322 72 608 346 42 100 1
10 322 73 609 346 43 102 1
10 322 74 611 348 43 100 1
10 322 75 613 348 43 101 1
10 322 76 613 348 43 101 1
10 322 77 615 350 42 101 1
10 322 78 616 350 43 101 1
10 322 79 618 350 43 103 1
10 322 80 620 350 43 103 1
10 322 81 622 352 42 103 1
10 322 82 622 352 44 103 1
10 322 83 624 352 44 104 1
10 322 84 625 353 45 103 1
10 322 85 627 353 45 105 1
10 322 86 629 353 44 105 1
10 322 87 631 353 44 107 1
10 322 88 631 355 44 105 1
10 322 89 632 355 45 107 1
10 322 90 634 355 45 107 1
10 322 91 636 357 44 107 1
10 322 92 638 357 44 107 1
10 322 93 640 357 44 108 1
10 322 94 641 359 45 108 1
10 322 95 641 359 47 108 1
10 322 96 643 359 46 110 1
10 322 97 645 359 46 110 1
10 322 98 647 360 46 111 1
10 322 99 648 360 47 111 1
10 322 100 650 360 46 112 1
10 322 101 650 362 46 110 1
10 322 102 652 362 46 112 1
10 322 103 654 362 46 112 1
10 322 104 656 362 46 114 1
10 322 105 657 364 47 112 1
10 322 106 659 364 46 114 1
10 322 107 659 364 48 114 1
10 322 108 661 366 48 114 1
10 322 109 663 366 48 114 1
10 322 110 664 366 48 115 1
10 322 111 666 366 48 115 1
10 322 112 668 368 48 115 1
10 322 113 668 368 48 115 1
10 322 114 670 368 48 117 1
10 322 115 672 369 48 116 1
10 322 116 673 369 48 118 1
10 322 117 675 369 48 118 1
10 322 118 677 369 48 119 1
10 322 119 677 371 50 117 1
10 322 120 679 371 49 119 1
10 322 121 680 371 50 119 1
10 322 122 682 373 50 119 1
10 322 123 684 373 50 119 1
10 322 124 686 373 50 121 1
10 322 125 688 375 49 121 1
10 322 126 689 375 50 121 1
10 322 127 691 375 50 121 1
10 322 128 693 376 50 121 1
10 322 129 695 376 49 121 1
10 322 130 696 376 50 123 1
10 322 131 698 378 50 121 1
10 322 132 700 378 50 123 1
10 322 133 702 378 51 123 1
10 322 134 704 380 51 123 1
10 322 135 705 380 52 123 1
10 322 136 709 380 50 124 1
10 322 137 711 382 49 122 1
10 322 138 712 382 50 124 1
10 322 139 714 382 50 124 1
10 322 140 716 384 50 124 1
10 322 141 718 384 51 124 1
10 322 142 720 384 51 124 1
10 322 143 721 385 52 125 1
10 322 144 723 385 52 125 1
10 322 145 725 385 51 127 1
10 322 146 727 387 51 125 1
10 322 147 730 387 50 126 1
10 322 148 732 387 50 126 1
10 322 149 734 389 51 126 1
10 322 150 736 389 51 126 1
10 322 151 737 389 52 128 1
10 322 152 739 391 52 126 1
10 322 153 741 391 51 128 1
10 322 154 743 391 51 128 1
10 322 155 744 392 52 128 1
10 322 156 746 392 52 128 1
10 322 157 750 394 51 128 1
10 322 158 752 394 51 128 1
10 322 159 753 394 54 130 1
10 322 160 757 396 51 130 1
10 322 161 759 396 53 130 1
10 322 162 762 398 54 130 1
10 322 163 764 398 53 131 1
10 322 164 766 398 55 133 1
10 322 165 769 400 55 131 1
10 322 166 771 400 55 133 1
10 322 167 775 401 55 134 1
10 322 168 776 401 57 135 1
10 322 169 780 403 55 133 1
10 322 170 782 403 57 135 1
10 322 171 784 403 56 137 1
10 322 172 787 405 57 135 1
10 322 173 789 405 59 137 1
10 322 174 792 407 57 137 1
10 322 175 794 407 59 138 1
10 322 176 798 408 58 137 1
10 322 177 800 408 58 139 1
10 322 178 801 408 61 141 1
10 322 179 805 410 60 141 1
10 322 180 807 410 60 141 1
10 322 181 810 412 61 140 1
10 322 182 812 412 60 142 1
10 322 183 816 414 60 140 1
10 322 184 817 414 63 142 1
10 322 185 819 414 62 144 1
10 322 186 823 416 62 144 1
10 322 187 824 416 64 144 1
10 322 188 828 417 62 144 1
10 322 189 830 417 64 146 1
10 322 190 833 419 64 146 1
10 322 191 835 419 64 146 1
10 322 192 837 419 64 148 1
10 322 193 839 421 65 147 1
10 322 194 842 421 64 149 1
10 322 195 844 423 64 149 1
10 322 196 846 423 66 151 1
10 322 197 849 424 64 152 1
10 322 198 851 424 64 153 1
10 322 199 853 424 66 155 1
10 322 200 855 426 65 155 1
10 322 201 858 426 64 157 1
10 322 202 860 428 66 156 1
10 322 203 862 428 66 158 1
10 322 204 865 430 66 158 1
10 322 205 869 430 67 160 1
10 322 206 874 432 68 160 1
10 322 207 880 433 67 160 1
10 322 208 883 435 69 160 1
10 322 209 888 437 70 160 1
10 322 210 894 439 69 160 1
10 322 211 896 439 69 161 1
10 322 212 897 440 70 162 1
10 322 213 901 440 67 164 1
10 322 214 903 442 67 164 1
10 322 215 906 444 68 164 1
10 322 216 910 444 67 165 1
10 322 217 913 446 68 165 1
10 322 218 917 448 67 165 1
10 322 219 920 449 68 166 1
10 322 220 924 451 68 165 1
10 322 221 928 451 69 167 1
10 322 222 931 453 69 167 1
10 322 223 935 455 69 167 1
10 322 224 938 456 70 168 1
10 322 225 942 458 69 167 1
10 322 226 945 460 71 167 1
10 322 227 949 460 71 169 1
10 322 228 952 462 72 169 1
10 322 229 958 462 69 170 1
10 322 230 961 464 71 170 1
10 322 231 967 464 69 172 1
10 322 232 970 465 70 173 1
10 322 233 976 465 67 175 1
10 322 234 979 467 69 174 1
10 322 235 984 467 68 176 1
10 322 236 988 469 68 176 1
10 322 237 993 471 68 176 1
10 322 238 997 472 67 176 1
10 322 239 1000 474 68 176 1
10 322 240 1004 476 68 176 1
10 322 241 1008 478 67 176 1
10 322 242 1011 480 69 177 1
10 322 243 1015 481 69 178 1
10 322 244 1018 483 70 178 1
10 322 245 1022 485 69 178 1
10 322 246 1025 487 70 177 1
10 322 247 1029 490 71 178 1
10 322 248 1032 492 72 178 1
10 322 249 1036 494 71 178 1
10 322 250 1040 496 71 179 1
10 322 251 1047 496 69 179 1
10 322 252 1054 496 67 181 1
10 322 253 1063 497 65 182 1
10 322 254 1066 499 68 181 1
10 322 255 1070 501 69 181 1
10 322 256 1073 503 73 183 1
10 322 257 1079 504 73 184 1
10 322 258 1082 508 77 183 1
10 322 259 1086 510 78 183 1
10 322 260 1091 512 80 184 1
10 322 261 1095 513 81 185 1
10 322 262 1098 515 84 185 1
10 322 263 1102 519 87 185 1
10 322 264 1107 520 87 185 1
10 322 265 1111 522 90 187 1
10 322 266 1114 524 93 187 1
10 322 267 1120 528 94 186 1
10 322 268 1125 529 92 185 1
10 322 269 1130 531 93 183 1
10 322 270 1136 533 92 181 1
10 322 271 1141 535 91 179 1
10 322 272 1146 536 91 178 1
10 322 273 1152 538 90 176 1
10 322 274 1157 540 89 176 1
10 322 275 1162 542 89 174 1
10 322 276 1168 544 88 172 1
10 322 277 1173 545 87 171 1
10 322 278 1178 547 87 169 1
10 322 279 1184 549 87 167 1
10 322 280 1191 551 85 167 1
10 322 281 1196 552 80 166 1
10 322 282 1203 554 73 164 1
10 322 283 1210 556 66 162 1
10 322 284 1217 558 59 160 1
10 322 285 1224 560 52 158 1
10 322 286 1232 561 44 157 1
10 322 287 1239 563 37 155 1
10 322 288 1246 565 30 153 1
10 322 289 1253 568 23 150 1
10 322 290 1256 568 20 150 1
10 322 291 1260 568 16 150 1
10 322 321 595 343 41 96 1
11 322 0 428 277 30 75 1
11 322 1 426 275 30 75 1
11 322 2 426 275 30 75 1
11 322 3 426 275 30 75 1
11 322 4 426 275 30 75 1
11 322 5 426 275 30 75 1
11 322 6 426 275 30 75 1
11 322 7 426 275 30 75 1
11 322 8 426 275 30 75 1
11 322 9 426 275 30 75 1
11 322 10 426 275 32 75 1
11 322 11 428 275 30 75 1
11 322 12 428 275 30 75 1
11 322 13 428 275 32 77 1
11 322 14 430 275 30 77 1
11 322 15 430 277 32 75 1
11 322 16 430 277 32 75 1
11 322 17 432 277 30 75 1
11 322 18 432 277 32 76 1
11 322 19 432 277 32 76 1
11 322 20 433 277 31 76 1
11 322 21 433 277 32 76 1
11 322 22 433 277 32 76 1
11 322 23 435 279 32 76 1
11 322 24 435 279 32 76 1
11 322 25 435 279 32 76 1
11 322 26 435 279 32 76 1
11 322 27 435 279 32 76 1
11 322 28 435 279 32 76 1
11 322 29 435 279 32 78 1
11 322 30 435 279 32 78 1
11 322 31 437 279 32 78 1
11 322 32 437 279 34 78 1
11 322 33 439 279 32 78 1
11 322 34 440 279 32 78 1
11 322 35 440 279 34 78 1
11 322 36 442 279 32 78 1
11 322 37 444 279 32 80 1
11 322 38 444 279 34 80 1
11 322 39 446 279 32 80 1
11 322 40 446 279 34 80 1
11 322 41 448 279 33 80 1
11 322 42 449 279 32 80 1
11 322 43 449 279 34 80 1
11 322 44 451 279 34 80 1
11 322 45 453 280 34 80 1
11 322 46 453 280 34 80 1
11 322 47 455 280 33 80 1
11 322 48 455 280 33 80 1
11 322 49 456 280 34 80 1
11 322 50 456 280 34 80 1
11 322 51 458 280 34 82 1
11 322 52 458 280 36 82 1
11 322 53 460 280 34 82 1
11 322 54 460 282 36 80 1
11 322 55 462 282 34 80 1
11 322 56 462 282 35 82 1
11 322 57 464 282 33 82 1
11 322 58 465 282 34 82 1
11 322 59 465 282 36 82 1
11 322 60 467 282 34 82 1
11 322 61 467 282 36 84 1
11 322 62 469 282 34 84 1
11 322 63 469 284 35 82 1
11 322 64 471 284 33 82 1
11 322 65 471 284 35 82 1
11 322 66 472 284 36 84 1
11 322 67 472 284 36 84 1
11 322 68 474 284 36 84 1
11 322 69 474 284 36 84 1
11 322 70 476 284 36 84 1
11 322 71 478 286 35 83 1
11 322 72 478 286 35 83 1
11 322 73 480 286 35 83 1
11 322 74 481 286 36 83 1
11 322 75 483 286 36 83 1
11 322 76 483 286 37 83 1
11 322 77 485 286 35 85 1
11 322 78 487 286 35 85 1
11 322 79 488 286 36 85 1
11 322 80 490 288 36 83 1
11 322 81 490 288 38 83 1
11 322 82 492 288 36 83 1
11 322 83 494 288 35 85 1
11 322 84 496 288 35 85 1
11 322 85 496 288 37 85 1
11 322 86 497 288 38 85 1
11 322 87 499 288 36 85 1
11 322 88 501 288 35 85 1
11 322 89 503 289 35 86 1
11 322 90 503 289 37 86 1
11 322 91 504 289 38 86 1
11 322 92 506 289 36 86 1
11 322 93 508 289 36 86 1
11 322 94 508 289 37 86 1
11 322 95 510 289 37 87 1
11 322 96 512 289 37 87 1
11 322 97 513 289 36 87 1
11 322 98 515 291 36 85 1
11 322 99 515 291 37 85 1
11 322 100 517 291 37 85 1
11 322 101 519 291 37 87 1
11 322 102 520 291 36 87 1
11 322 103 520 291 38 87 1
11 322 104 522 291 38 87 1
11 322 105 524 291 37 87 1
11 322 106 526 291 37 87 1
11 322 107 528 293 37 87 1
11 322 108 529 293 38 87 1
11 322 109 531 293 37 87 1
11 322 110 533 293 37 87 1
11 322 111 535 293 37 87 1
11 322 112 536 293 38 89 1
11 322 113 538 293 38 89 1
11 322 114 540 293 37 89 1
11 322 115 542 293 37 89 1
11 322 116 544 293 37 89 1
11 322 117 545 295 38 89 1
11 322 118 547 295 37 89 1
11 322 119 549 295 37 89 1
11 322 120 551 295 37 89 1
11 322 121 552 295 38 90 1
11 322 122 554 295 38 90 1
11 322 123 556 295 37 90 1
11 322 124 558 295 37 90 1
11 322 125 560 295 37 90 1
11 322 126 561 296 39 91 1
11 322 127 563 296 39 91 1
11 322 128 565 296 39 91 1
11 322 129 567 296 39 91 1
11 322 130 568 296 40 91 1
11 322 131 570 296 39 93 1
11 322 132 572 296 39 93 1
11 322 133 574 296 39 93 1
11 322 134 576 296 39 93 1
11 322 135 577 298 39 93 1
11 322 136 579 298 39 93 1
11 322 137 581 298 39 93 1
11 322 138 583 298 39 93 1
11 322 139 584 298 40 93 1
11 322 140 586 298 39 94 1
11 322 141 588 298 39 94 1
11 322 142 590 298 39 94 1
11 322 143 592 298 39 94 1
11 322 144 593 300 41 94 1
11 322 145 595 300 41 94 1
11 322 146 597 300 41 94 1
11 322 147 599 300 41 94 1
11 322 148 600 300 41 94 1
11 322 149 602 300 41 94 1
11 322 150 604 300 41 94 1
11 322 151 606 300 41 94 1
11 322 152 608 300 40 96 1
11 322 153 609 302 41 94 1
11 322 154 611 302 41 94 1
11 322 155 613 302 41 94 1
11 322 156 615 302 41 94 1
11 322 157 616 302 41 94 1
11 322 158 618 302 41 94 1
11 322 159 620 302 41 96 1
11 322 160 622 302 41 96 1
11 322 161 624 302 40 96 1
11 322 162 625 304 41 94 1
11 322 163 627 304 41 94 1
11 322 164 629 304 41 94 1
11 322 165 631 304 41 94 1
11 322 166 632 304 41 96 1
11 322 167 634 304 41 96 1
11 322 168 636 304 41 96 1
11 322 169 638 304 41 96 1
11 322 170 640 304 40 96 1
11 322 171 641 305 41 95 1
11 322 172 643 305 41 95 1
11 322 173 645 305 41 96 1
11 322 174 647 305 41 96 1
11 322 175 648 305 41 96 1
11 322 176 650 305 41 96 1
11 322 177 652 305 41 96 1
11 322 178 654 305 41 96 1
11 322 179 656 305 40 96 1
11 322 180 657 307 43 96 1
11 322 181 657 307 48 96 1
11 322 182 657 307 54 96 1
11 322 183 657 307 59 96 1
11 322 184 659 307 62 96 1
11 322 185 659 307 68 96 1
11 322 186 659 307 73 96 1
11 322 187 661 307 78 96 1
11 322 188 661 307 76 96 1
11 322 189 663 307 74 96 1
11 322 190 664 307 73 96 1
11 322 191 666 307 70 96 1
11 322 192 666 307 70 96 1
11 322 193 668 307 68 96 1
11 322 194 670 307 64 96 1
11 322 195 672 307 62 96 1
11 322 196 672 307 62 96 1
11 322 197 673 307 59 96 1
11 322 198 675 307 57 96 1
11 322 199 677 307 55 96 1
11 322 200 677 307 51 96 1
11 322 201 679 307 48 96 1
11 322 202 680 307 45 96 1
11 322 203 680 307 41 96 1
11 322 204 682 307 38 96 1
11 322 205 684 307 34 96 1
11 322 206 686 307 30 96 1
11 322 207 686 307 32 96 1
11 322 208 686 307 34 96 1
11 322 209 686 307 35 96 1
11 322 210 686 307 37 96 1
11 322 211 686 307 39 96 1
11 322 212 686 307 41 96 1
11 322 213 686 307 42 96 1
11 322 214 686 307 44 96 1
11 322 215 686 307 46 96 1
11 322 216 686 307 48 96 1
11 322 217 686 307 50 96 1
11 322 218 688 305 48 96 1
11 322 219 689 305 48 96 1
11 322 220 691 305 46 96 1
11 322 221 693 305 46 96 1
11 322 222 695 305 44 96 1
11 322 223 696 305 45 96 1
11 322 224 698 305 43 96 1
11 322 225 702 305 41 96 1
11 322 226 702 305 41 96 1
11 322 227 704 305 39 96 1
11 322 228 705 305 38 96 1
11 322 229 707 305 36 96 1
11 322 230 709 305 34 96 1
11 322 231 711 305 32 96 1
11 322 232 711 305 32 96 1
11 322 233 712 305 31 96 1
11 322 234 714 305 29 96 1
11 322 235 716 305 27 96 1
11 322 236 718 305 25 96 1
11 322 237 720 305 23 96 1
11 322 238 720 305 23 96 1
11 322 239 720 305 23 96 1
11 322 240 720 305 23 96 1
11 322 241 720 305 23 96 1
11 322 242 720 305 23 96 1
11 322 243 720 305 23 96 1
11 322 244 720 305 23 96 1
11 322 321 478 286 35 83 1
