0 50 0 71 387 32 73 1
0 50 1 67 387 32 73 1
0 50 2 65 387 32 73 1
0 50 3 64 387 32 73 1
0 50 4 62 389 32 73 1
0 50 5 60 389 32 73 1
0 50 6 58 389 32 73 1
0 50 7 56 391 32 73 1
0 50 8 55 391 32 73 1
0 50 9 53 391 32 73 1
0 50 10 51 392 32 73 1
0 50 11 48 392 32 73 1
0 50 12 46 392 32 73 1
0 50 13 44 392 32 73 1
0 50 14 42 394 32 73 1
0 50 15 40 394 32 73 1
0 50 16 39 394 32 73 1
0 50 17 37 396 32 73 1
0 50 18 35 396 32 73 1
0 50 19 33 396 32 73 1
0 50 20 32 398 32 73 1
0 50 21 30 398 30 73 1
0 50 22 28 398 30 73 1
0 50 23 26 398 30 73 1
0 50 24 24 400 31 72 1
0 50 25 23 400 30 72 1
0 50 26 21 400 28 72 1
0 50 27 19 400 29 72 1
0 50 28 17 401 29 73 1
0 50 29 16 401 28 73 1
0 50 30 16 401 26 73 1
0 50 31 14 401 25 73 1
0 50 32 12 403 25 73 1
0 50 33 10 403 25 73 1
0 50 34 8 403 25 73 1
0 50 35 7 403 25 73 1
0 50 36 5 405 23 73 1
0 50 37 3 405 23 73 1
0 50 38 1 405 23 73 1
0 50 39 0 405 23 73 1
0 50 40 0 407 21 73 1
0 50 41 0 407 21 73 1
0 50 42 0 407 21 73 1
0 50 43 0 407 21 73 1
0 50 44 0 407 21 73 1
0 50 45 0 407 21 73 1
0 50 46 0 407 21 73 1
0 50 47 0 407 21 73 1
0 50 48 0 407 21 73 1
0 50 49 0 407 21 73 1
1 322 0 96 225 33 57 1
1 322 1 96 225 33 57 1
1 322 2 97 225 34 57 1
1 322 3 99 225 34 57 1
1 322 4 101 225 34 57 1
1 322 5 103 225 33 57 1
1 322 6 104 225 34 57 1
1 322 7 106 225 34 57 1
1 322 8 108 225 34 57 1
1 322 9 110 225 34 57 1
1 322 10 112 225 33 57 1
1 322 11 113 225 34 57 1
1 322 12 115 225 34 57 1
1 322 13 117 225 34 57 1
1 322 14 119 225 33 57 1
1 322 15 120 225 34 57 1
1 322 16 122 225 34 57 1
1 322 17 124 225 34 57 1
1 322 18 126 225 34 57 1
1 322 19 128 225 33 57 1
1 322 20 129 225 34 57 1
1 322 21 131 225 34 57 1
1 322 22 133 225 34 57 1
1 322 23 135 225 33 57 1
1 322 24 136 225 34 57 1
1 322 25 138 225 34 57 1
1 322 26 140 225 34 57 1
1 322 27 142 225 34 57 1
1 322 28 144 225 33 57 1
1 322 29 145 225 34 57 1
1 322 30 147 225 34 57 1
1 322 31 149 225 34 57 1
1 322 32 151 225 33 57 1
1 322 33 152 225 34 57 1
1 322 34 154 225 34 57 1
1 322 35 156 225 34 57 1
1 322 36 158 225 34 57 1
1 322 37 160 225 33 57 1
1 322 38 161 225 34 57 1
1 322 39 163 225 34 57 1
1 322 40 165 227 34 57 1
1 322 41 165 227 34 57 1
1 322 42 167 227 33 57 1
1 322 43 168 227 34 57 1
1 322 44 170 227 34 57 1
1 322 45 172 227 34 57 1
1 322 46 174 227 34 57 1
1 322 47 176 227 33 57 1
1 322 48 177 227 34 57 1
1 322 49 179 227 34 57 1
1 322 50 181 227 34 57 1
1 322 51 183 227 33 57 1
1 322 52 184 227 34 57 1
1 322 53 186 227 34 57 1
1 322 54 188 227 34 57 1
1 322 55 190 227 34 57 1
1 322 56 192 227 33 57 1
1 322 57 192 227 33 57 1
1 322 58 193 227 34 57 1
1 322 59 195 227 34 57 1
1 322 60 197 227 34 57 1
1 322 61 199 227 33 57 1
1 322 62 200 227 34 57 1
1 322 63 202 227 34 57 1
1 322 64 204 227 34 57 1
1 322 65 206 227 34 57 1
1 322 66 208 227 33 57 1
1 322 67 209 227 34 57 1
1 322 68 211 227 34 57 1
1 322 69 213 227 34 57 1
1 322 70 215 227 33 57 1
1 322 71 216 227 34 57 1
1 322 72 218 227 34 57 1
1 322 73 220 227 34 57 1
1 322 74 220 227 34 57 1
1 322 75 222 227 34 57 1
1 322 76 224 227 33 57 1
1 322 77 225 227 34 57 1
1 322 78 227 227 34 57 1
1 322 79 229 227 34 57 1
1 322 80 231 227 33 57 1
1 322 81 232 227 34 57 1
1 322 82 234 227 34 57 1
1 322 83 236 227 34 57 1
1 322 84 238 227 34 57 1
1 322 85 240 227 33 57 1
1 322 86 241 227 34 57 1
1 322 87 243 227 34 57 1
1 322 88 245 227 34 57 1
1 322 89 247 227 33 57 1
1 322 90 248 229 34 57 1
1 322 91 248 227 34 57 1
1 322 92 250 227 34 57 1
1 322 93 250 227 34 57 1
1 322 94 252 227 34 57 1
1 322 95 252 227 34 57 1
1 322 96 254 227 34 57 1
1 322 97 254 227 34 57 1
1 322 98 256 227 33 57 1
1 322 99 256 227 33 57 1
1 322 100 257 227 34 57 1
1 322 101 257 227 34 57 1
1 322 102 259 225 34 57 1
1 322 103 259 225 34 57 1
1 322 104 261 225 34 57 1
1 322 105 261 225 34 57 1
1 322 106 263 225 33 57 1
1 322 107 263 225 33 57 1
1 322 108 264 225 34 57 1
1 322 109 264 225 34 57 1
1 322 110 266 225 34 57 1
1 322 111 266 225 34 57 1
1 322 112 268 225 34 57 1
1 322 113 270 225 34 57 1
1 322 114 270 225 34 57 1
1 322 115 272 225 33 57 1
1 322 116 272 225 33 57 1
1 322 117 273 225 34 57 1
1 322 118 275 225 34 57 1
1 322 119 275 225 34 57 1
1 322 120 277 225 34 57 1
1 322 121 277 225 34 57 1
1 322 122 279 225 33 57 1
1 322 123 280 225 34 57 1
1 322 124 280 225 34 57 1
1 322 125 282 225 34 57 1
1 322 126 282 225 34 57 1
1 322 127 284 225 34 57 1
1 322 128 284 225 34 57 1
1 322 129 286 225 34 57 1
1 322 130 288 225 33 57 1
1 322 131 288 224 33 56 1
1 322 132 288 224 33 56 1
1 322 133 289 224 34 56 1
1 322 134 289 224 34 56 1
1 322 135 291 224 34 56 1
1 322 136 293 224 34 56 1
1 322 137 293 224 34 56 1
1 322 138 295 224 33 56 1
1 322 139 296 224 34 56 1
1 322 140 296 224 34 56 1
1 322 141 298 224 34 56 1
1 322 142 300 224 34 56 1
1 322 143 302 224 34 56 1
1 322 144 302 224 34 56 1
1 322 145 304 224 33 56 1
1 322 146 305 224 34 56 1
1 322 147 305 224 34 56 1
1 322 148 307 224 34 56 1
1 322 149 309 224 34 56 1
1 322 150 311 224 33 56 1
1 322 151 312 222 34 57 1
1 322 152 314 220 34 57 1
1 322 153 318 220 34 57 1
1 322 154 320 218 33 57 1
1 322 155 323 218 34 57 1
1 322 156 327 218 33 57 1
1 322 157 328 216 34 57 1
1 322 158 332 216 34 57 1
1 322 159 336 216 33 57 1
1 322 160 339 216 34 57 1
1 322 161 339 215 34 57 1
1 322 162 341 215 34 57 1
1 322 163 343 215 33 57 1
1 322 164 344 215 34 57 1
1 322 165 346 215 34 57 1
1 322 166 348 215 34 57 1
1 322 167 348 215 34 57 1
1 322 168 350 215 34 57 1
1 322 169 352 215 33 57 1
1 322 170 353 215 34 57 1
1 322 171 355 215 34 57 1
1 322 172 357 215 34 57 1
1 322 173 359 215 33 57 1
1 322 174 359 215 33 57 1
1 322 175 360 215 34 57 1
1 322 176 362 215 34 57 1
1 322 177 364 215 34 57 1
1 322 178 366 215 34 57 1
1 322 179 368 215 33 57 1
1 322 180 369 215 34 57 1
1 322 181 369 215 34 55 1
1 322 182 371 215 34 55 1
1 322 183 373 215 34 55 1
1 322 184 375 215 33 55 1
1 322 185 376 215 34 53 1
1 322 186 378 215 34 53 1
1 322 187 380 215 34 53 1
1 322 188 380 215 34 53 1
1 322 189 382 215 34 51 1
1 322 190 384 215 33 51 1
1 322 191 385 215 34 51 1
1 322 192 387 215 34 51 1
1 322 193 389 215 34 49 1
1 322 194 391 215 33 49 1
1 322 195 392 216 34 48 1
1 322 196 392 216 34 48 1
1 322 197 394 216 34 48 1
1 322 198 396 216 34 47 1
1 322 199 398 216 34 47 1
1 322 200 400 216 33 47 1
1 322 201 401 216 34 47 1
1 322 202 403 216 34 45 1
1 322 203 403 216 34 45 1
1 322 204 405 216 34 45 1
1 322 205 407 216 33 45 1
1 322 206 408 216 34 43 1
1 322 207 410 216 34 43 1
1 322 208 412 216 34 43 1
1 322 209 414 216 34 43 1
1 322 210 416 218 33 41 1
1 322 211 416 216 33 41 1
1 322 212 416 216 33 41 1
1 322 213 417 216 34 41 1
1 322 214 417 216 34 41 1
1 322 215 419 216 34 41 1
1 322 216 419 216 34 41 1
1 322 217 419 216 34 41 1
1 322 218 421 216 34 41 1
1 322 219 421 216 34 41 1
1 322 220 423 216 33 41 1
1 322 221 423 216 33 41 1
1 322 222 423 216 33 41 1
1 322 223 424 216 34 41 1
1 322 224 424 216 34 41 1
1 322 225 426 216 34 41 1
1 322 226 426 216 34 41 1
1 322 227 426 216 34 41 1
1 322 228 428 216 34 41 1
1 322 229 428 216 34 41 1
1 322 230 430 216 34 41 1
1 322 231 430 216 34 41 1
1 322 232 432 216 33 41 1
1 322 233 433 216 34 41 1
1 322 234 433 216 34 41 1
1 322 235 435 216 34 41 1
1 322 236 437 216 34 41 1
1 322 237 437 216 34 41 1
1 322 238 439 216 33 41 1
1 322 239 440 216 34 41 1
1 322 240 442 218 34 41 1
1 322 241 442 218 34 41 1
1 322 242 444 218 34 41 1
1 322 243 446 218 34 41 1
1 322 244 446 218 34 41 1
1 322 245 448 218 33 41 1
1 322 246 449 218 34 41 1
1 322 247 449 218 34 41 1
1 322 248 451 218 34 41 1
1 322 249 453 218 34 41 1
1 322 250 455 220 33 41 1
1 322 251 455 220 33 41 1
1 322 252 456 220 34 41 1
1 322 253 458 220 34 41 1
1 322 254 458 220 34 41 1
1 322 255 460 220 34 41 1
1 322 256 462 220 34 41 1
1 322 257 462 220 34 41 1
1 322 258 464 220 33 41 1
1 322 259 465 220 34 41 1
1 322 260 467 222 34 41 1
1 322 261 469 222 34 41 1
1 322 262 471 222 33 41 1
1 322 263 472 222 34 41 1
1 322 264 476 222 34 41 1
1 322 265 478 224 34 40 1
1 322 266 480 224 33 40 1
1 322 267 483 224 34 40 1
1 322 268 485 224 34 40 1
1 322 269 487 224 33 40 1
1 322 270 490 225 34 41 1
1 322 271 490 224 34 40 1
1 322 272 492 224 34 40 1
1 322 273 494 224 34 40 1
1 322 274 494 224 34 40 1
1 322 275 496 224 33 40 1
1 322 276 497 224 34 40 1
1 322 277 497 224 34 40 1
1 322 278 499 224 34 40 1
1 322 279 501 224 34 40 1
1 322 280 503 224 33 40 1
1 322 281 503 224 33 40 1
1 322 282 504 224 34 40 1
1 322 283 506 224 34 40 1
1 322 284 506 224 34 40 1
1 322 285 508 224 34 40 1
1 322 286 510 224 34 40 1
1 322 287 510 224 34 40 1
1 322 288 512 224 33 40 1
1 322 289 513 224 34 40 1
1 322 290 515 224 34 40 1
1 322 291 515 222 34 41 1
1 322 292 517 222 34 41 1
1 322 293 517 222 34 41 1
1 322 294 519 222 33 41 1
1 322 295 519 222 33 41 1
1 322 296 520 222 34 41 1
1 322 297 520 222 34 41 1
1 322 298 522 222 34 41 1
1 322 299 524 222 34 41 1
1 322 300 524 222 34 41 1
1 322 301 526 222 34 41 1
1 322 302 526 222 34 41 1
1 322 303 528 222 33 41 1
1 322 304 528 222 33 41 1
1 322 305 529 222 34 41 1
1 322 306 531 220 34 41 1
1 322 307 531 220 34 41 1
1 322 308 533 220 34 41 1
1 322 309 533 220 34 41 1
1 322 310 535 220 33 41 1
1 322 311 535 220 33 41 1
1 322 312 536 220 34 41 1
1 322 313 538 220 34 41 1
1 322 314 538 220 34 41 1
1 322 315 540 220 34 41 1
1 322 316 540 220 34 41 1
1 322 317 542 220 34 41 1
1 322 318 542 220 34 41 1
1 322 319 544 220 33 41 1
1 322 320 545 220 34 41 1
1 322 321 248 229 34 57 1
2 262 188 1034 195 20 50 1
2 262 189 1032 195 20 50 1
2 262 190 1032 195 20 50 1
2 262 191 1032 195 20 50 1
2 262 192 1032 195 20 50 1
2 262 193 1032 195 20 50 1
2 262 194 1032 195 20 50 1
2 262 195 1031 195 19 50 1
2 262 196 1031 195 19 50 1
2 262 197 1031 195 19 50 1
2 262 198 1031 195 19 50 1
2 262 199 1031 195 19 50 1
2 262 200 1031 195 19 50 1
2 262 201 1029 195 19 50 1
2 262 202 1029 195 19 50 1
2 262 203 1029 195 19 50 1
2 262 204 1029 195 19 50 1
2 262 205 1029 195 19 50 1
2 262 206 1029 195 19 50 1
2 262 207 1029 195 19 50 1
2 262 208 1027 195 20 50 1
2 262 209 1027 195 20 50 1
2 262 210 1027 195 20 50 1
2 262 211 1027 195 20 50 1
2 262 212 1027 197 20 50 1
2 262 213 1027 197 20 50 1
2 262 214 1025 197 20 50 1
2 262 215 1025 197 20 50 1
2 262 216 1025 197 20 50 1
2 262 217 1025 197 20 50 1
2 262 218 1025 197 20 50 1
2 262 219 1025 197 20 50 1
2 262 220 1024 197 19 50 1
2 262 221 1024 197 19 50 1
2 262 222 1024 197 19 50 1
2 262 223 1024 197 19 50 1
2 262 224 1024 197 19 50 1
2 262 225 1024 197 19 50 1
2 262 226 1024 197 19 50 1
2 262 227 1022 197 19 50 1
2 262 228 1022 197 19 50 1
2 262 229 1022 197 19 50 1
2 262 230 1022 197 19 50 1
2 262 231 1022 197 19 50 1
2 262 232 1022 197 19 50 1
2 262 233 1020 197 20 50 1
2 262 234 1020 197 20 50 1
2 262 235 1020 199 20 49 1
2 262 236 1020 199 20 49 1
2 262 237 1020 199 20 49 1
2 262 238 1020 199 20 49 1
2 262 239 1018 199 20 49 1
2 262 240 1018 199 20 49 1
2 262 241 1018 199 20 49 1
2 262 242 1018 199 20 49 1
2 262 243 1018 199 20 49 1
2 262 244 1018 199 20 49 1
2 262 245 1018 199 20 49 1
2 262 246 1016 199 20 49 1
2 262 247 1016 199 20 49 1
2 262 248 1016 199 20 49 1
2 262 249 1016 199 20 49 1
2 262 250 1016 199 20 49 1
2 262 251 1016 199 20 49 1
2 262 252 1015 199 19 49 1
2 262 253 1015 199 19 49 1
2 262 254 1015 199 19 49 1
2 262 255 1015 199 19 49 1
2 262 256 1015 199 19 49 1
2 262 257 1015 199 19 49 1
2 262 258 1015 200 19 50 1
2 262 259 1015 200 19 50 1
2 262 260 1016 200 20 50 1
2 262 261 1016 200 20 50 1
2 262 262 1018 200 20 50 1
2 262 263 1020 200 20 50 1
2 262 264 1020 200 20 50 1
2 262 265 1022 200 19 50 1
2 262 266 1022 200 19 50 1
2 262 267 1024 200 19 50 1
2 262 268 1025 200 20 50 1
2 262 269 1025 200 20 50 1
2 262 270 1027 200 20 50 1
2 262 271 1027 200 20 50 1
2 262 272 1029 202 19 50 1
2 262 273 1031 202 19 50 1
2 262 274 1031 202 19 50 1
2 262 275 1032 202 20 50 1
2 262 276 1032 202 20 50 1
2 262 277 1034 202 20 50 1
2 262 278 1036 202 20 50 1
2 262 279 1036 202 20 50 1
2 262 280 1038 202 19 50 1
2 262 281 1038 202 19 50 1
2 262 282 1040 202 19 50 1
2 262 283 1041 202 20 50 1
2 262 284 1041 202 20 50 1
2 262 285 1043 204 20 50 1
2 262 286 1043 204 20 50 1
2 262 287 1045 204 19 50 1
2 262 288 1047 204 19 50 1
2 262 289 1047 204 19 50 1
2 262 290 1048 204 20 50 1
2 262 291 1048 204 20 50 1
2 262 292 1050 204 20 50 1
2 262 293 1052 204 20 50 1
2 262 294 1052 204 20 50 1
2 262 295 1054 204 19 50 1
2 262 296 1054 204 19 50 1
2 262 297 1056 204 19 50 1
2 262 298 1057 206 20 50 1
2 262 299 1057 204 20 50 1
2 262 300 1059 204 20 50 1
2 262 301 1059 202 20 50 1
2 262 302 1061 202 19 50 1
2 262 303 1063 202 19 50 1
2 262 304 1064 202 20 50 1
2 262 305 1066 202 20 50 1
2 262 306 1066 202 22 50 1
2 262 307 1068 202 20 50 1
2 262 308 1070 202 19 50 1
2 262 309 1072 202 19 50 1
2 262 310 1073 202 20 50 1
2 262 311 1075 202 20 50 1
2 262 312 1075 202 21 50 1
2 262 313 1077 202 21 50 1
2 262 314 1079 202 19 50 1
2 262 315 1080 202 20 50 1
2 262 316 1082 202 20 50 1
2 262 317 1082 202 22 50 1
2 262 318 1084 202 21 50 1
2 262 319 1086 202 21 50 1
2 262 320 1088 202 21 50 1
2 262 321 1089 202 20 50 1
2 262 322 1091 200 20 52 1
2 262 323 1091 200 21 52 1
2 262 324 1093 200 21 52 1
2 262 325 1095 200 21 52 1
2 262 326 1096 200 22 52 1
2 262 327 1098 200 22 52 1
2 262 328 1100 200 20 52 1
2 262 329 1100 200 21 52 1
2 262 330 1102 200 21 52 1
2 262 331 1104 200 21 52 1
2 262 332 1105 200 22 52 1
2 262 333 1107 200 21 50 1
2 262 334 1107 200 23 50 1
2 262 335 1109 200 21 50 1
2 262 336 1111 200 21 50 1
2 262 337 1112 200 22 50 1
2 262 338 1114 200 22 50 1
2 262 339 1116 200 21 50 1
2 262 340 1116 200 23 50 1
2 262 341 1118 200 23 50 1
2 262 342 1120 200 21 50 1
2 262 343 1121 200 22 50 1
2 262 344 1123 199 21 51 1
2 262 345 1125 199 21 51 1
2 262 346 1125 199 23 51 1
2 262 347 1127 199 23 51 1
2 262 348 1128 199 22 51 1
2 262 349 1130 199 22 51 1
2 262 350 1132 199 21 51 1
2 262 351 1132 199 23 51 1
2 262 352 1134 199 23 51 1
2 262 353 1136 199 23 51 1
2 262 354 1137 199 23 51 1
2 262 355 1139 199 21 51 1
2 262 356 1141 199 21 51 1
2 262 357 1141 199 23 51 1
2 262 358 1143 199 23 51 1
2 262 359 1144 199 24 51 1
2 262 360 1146 199 23 51 1
2 262 361 1148 199 23 51 1
2 262 362 1150 199 21 51 1
2 262 363 1150 199 23 51 1
2 262 364 1152 199 23 51 1
2 262 365 1153 199 23 51 1
2 262 366 1155 197 23 51 1
2 262 367 1157 197 23 51 1
2 262 368 1157 197 25 51 1
2 262 369 1159 197 23 51 1
2 262 370 1160 197 24 51 1
2 262 371 1162 197 23 51 1
2 262 372 1164 197 23 51 1
2 262 373 1166 197 23 51 1
2 262 374 1166 197 25 51 1
2 262 375 1168 197 24 51 1
2 262 376 1169 197 23 51 1
2 262 377 1171 197 23 51 1
2 262 378 1173 197 23 51 1
2 262 379 1175 197 23 51 1
2 262 380 1175 197 25 51 1
2 262 381 1176 197 25 51 1
2 262 382 1178 197 25 51 1
2 262 383 1180 197 23 51 1
2 262 384 1182 197 23 51 1
2 262 385 1182 197 25 51 1
2 262 386 1184 197 24 51 1
2 262 387 1185 195 25 53 1
2 262 388 1187 195 25 53 1
2 262 389 1189 195 23 53 1
2 262 390 1191 195 23 53 1
2 262 391 1191 195 25 53 1
2 262 392 1192 195 25 53 1
2 262 393 1194 195 25 53 1
2 262 394 1196 195 25 53 1
2 262 395 1198 195 25 53 1
2 262 396 1200 195 23 53 1
2 262 397 1200 195 24 53 1
2 262 398 1201 195 25 52 1
2 262 399 1203 195 25 52 1
2 262 400 1205 195 25 52 1
2 262 401 1207 195 25 52 1
2 262 402 1207 195 26 52 1
2 262 403 1208 195 25 52 1
2 262 404 1210 195 25 52 1
2 262 405 1212 195 25 52 1
2 262 406 1214 195 25 52 1
2 262 407 1216 195 24 52 1
2 262 408 1216 195 26 52 1
2 262 409 1217 193 27 54 1
2 262 410 1219 193 25 54 1
2 262 411 1221 193 25 54 1
2 262 412 1223 193 25 54 1
2 262 413 1224 193 25 54 1
2 262 414 1224 193 27 54 1
2 262 415 1226 193 27 54 1
2 262 416 1228 193 27 54 1
2 262 417 1230 193 25 54 1
2 262 418 1232 193 24 54 1
2 262 419 1232 193 26 54 1
2 262 420 1233 193 27 54 1
2 262 421 1235 193 27 54 1
2 262 422 1237 193 27 54 1
2 262 423 1239 193 26 54 1
2 262 424 1240 193 25 54 1
2 262 425 1240 193 27 54 1
2 262 426 1242 193 27 54 1
2 262 427 1244 193 27 54 1
2 262 428 1246 193 26 54 1
2 262 429 1248 193 26 54 1
2 262 430 1249 193 27 54 1
2 262 431 1251 193 25 54 1
2 262 432 1253 193 23 54 1
2 262 433 1255 193 21 54 1
2 262 434 1256 193 20 54 1
2 262 435 1258 193 18 54 1
2 262 436 1260 193 16 54 1
2 262 437 1262 193 14 54 1
2 262 438 1264 193 12 54 1
2 262 439 1265 193 11 54 1
2 262 440 1269 195 9 53 1
2 262 441 1269 195 9 53 1
2 262 442 1269 195 9 53 1
2 262 443 1269 195 9 53 1
2 262 444 1269 195 9 53 1
2 262 445 1269 195 9 53 1
2 262 446 1269 195 9 53 1
2 262 447 1269 195 9 53 1
2 262 448 1269 195 9 53 1
2 262 449 1269 195 9 53 1
3 248 300 149 396 34 64 1
3 248 301 149 394 34 64 1
3 248 302 149 394 34 64 1
3 248 303 149 394 34 64 1
3 248 304 151 394 33 64 1
3 248 305 151 392 33 64 1
3 248 306 151 392 33 64 1
3 248 307 152 392 34 64 1
3 248 308 152 392 34 64 1
3 248 309 152 392 34 64 1
3 248 310 154 391 34 64 1
3 248 311 154 391 34 64 1
3 248 312 154 391 34 64 1
3 248 313 156 391 34 64 1
3 248 314 156 389 34 64 1
3 248 315 156 389 34 64 1
3 248 316 158 389 34 64 1
3 248 317 158 389 34 64 1
3 248 318 158 389 34 64 1
3 248 319 160 387 33 64 1
3 248 320 160 387 33 64 1
3 248 321 160 387 33 64 1
3 248 322 161 387 34 64 1
3 248 323 161 385 34 64 1
3 248 324 161 385 34 64 1
3 248 325 163 385 34 64 1
3 248 326 163 385 34 64 1
3 248 327 163 385 34 64 1
3 248 328 163 384 34 64 1
3 248 329 165 384 34 64 1
3 248 330 165 384 34 64 1
3 248 331 165 384 34 64 1
3 248 332 167 382 33 64 1
3 248 333 167 382 33 64 1
3 248 334 167 382 33 64 1
3 248 335 168 382 34 64 1
3 248 336 168 382 34 64 1
3 248 337 168 380 34 64 1
3 248 338 170 380 34 64 1
3 248 339 170 380 34 64 1
3 248 340 170 380 34 64 1
3 248 341 172 378 34 64 1
3 248 342 172 378 34 64 1
3 248 343 172 378 34 64 1
3 248 344 174 378 34 64 1
3 248 345 174 378 34 64 1
3 248 346 174 376 34 64 1
3 248 347 176 376 33 64 1
3 248 348 176 376 33 64 1
3 248 349 176 376 33 64 1
3 248 350 177 376 34 64 1
3 248 351 177 375 34 64 1
3 248 352 177 375 34 64 1
3 248 353 177 375 34 64 1
3 248 354 179 373 34 64 1
3 248 355 179 373 34 64 1
3 248 356 179 373 34 64 1
3 248 357 181 371 34 64 1
3 248 358 181 371 34 64 1
3 248 359 181 371 34 64 1
3 248 360 183 371 33 64 1
3 248 361 183 369 33 64 1
3 248 362 183 369 33 64 1
3 248 363 184 369 34 64 1
3 248 364 184 368 34 64 1
3 248 365 184 368 34 64 1
3 248 366 186 368 34 64 1
3 248 367 186 366 34 64 1
3 248 368 186 366 34 64 1
3 248 369 188 366 34 64 1
3 248 370 188 366 34 64 1
3 248 371 188 364 34 64 1
3 248 372 190 364 34 64 1
3 248 373 190 364 34 64 1
3 248 374 190 362 34 64 1
3 248 375 192 362 33 64 1
3 248 376 192 362 33 64 1
3 248 377 192 360 33 64 1
3 248 378 193 360 34 64 1
3 248 379 193 360 34 64 1
3 248 380 195 360 34 64 1
3 248 381 195 359 34 64 1
3 248 382 195 359 34 64 1
3 248 383 195 359 34 64 1
3 248 384 197 357 34 64 1
3 248 385 197 357 34 64 1
3 248 386 197 357 34 64 1
3 248 387 199 355 33 64 1
3 248 388 199 355 33 64 1
3 248 389 199 355 33 64 1
3 248 390 200 355 34 64 1
3 248 391 200 353 34 64 1
3 248 392 200 353 34 64 1
3 248 393 200 353 34 64 1
3 248 394 202 352 34 64 1
3 248 395 202 352 34 64 1
3 248 396 202 352 34 64 1
3 248 397 202 350 34 64 1
3 248 398 204 350 34 64 1
3 248 399 204 350 34 64 1
3 248 400 204 350 34 64 1
3 248 401 204 348 34 64 1
3 248 402 206 348 34 64 1
3 248 403 206 348 34 64 1
3 248 404 206 346 34 64 1
3 248 405 206 346 34 64 1
3 248 406 208 346 33 64 1
3 248 407 208 344 33 64 1
3 248 408 208 344 33 64 1
3 248 409 208 344 33 64 1
3 248 410 209 344 34 64 1
3 248 411 209 343 34 64 1
3 248 412 211 343 34 64 1
3 248 413 211 343 34 64 1
3 248 414 213 343 34 64 1
3 248 415 215 343 33 64 1
3 248 416 215 343 33 64 1
3 248 417 216 343 34 64 1
3 248 418 216 343 34 64 1
3 248 419 218 343 34 64 1
3 248 420 220 343 34 64 1
3 248 421 220 343 34 64 1
3 248 422 222 343 34 64 1
3 248 423 222 343 34 64 1
3 248 424 224 343 33 64 1
3 248 425 224 343 33 64 1
3 248 426 225 343 34 64 1
3 248 427 225 343 34 64 1
3 248 428 227 343 34 64 1
3 248 429 227 343 34 64 1
3 248 430 229 343 34 64 1
3 248 431 229 343 34 64 1
3 248 432 231 343 33 64 1
3 248 433 231 343 33 64 1
3 248 434 232 343 34 64 1
3 248 435 234 343 34 64 1
3 248 436 234 343 34 64 1
3 248 437 236 343 34 64 1
3 248 438 236 343 34 64 1
3 248 439 238 343 34 64 1
3 248 440 240 343 33 64 1
3 248 441 240 341 33 64 1
3 248 442 241 341 34 64 1
3 248 443 243 341 34 64 1
3 248 444 243 339 34 64 1
3 248 445 245 339 34 64 1
3 248 446 247 339 33 64 1
3 248 447 247 337 33 64 1
3 248 448 248 337 34 64 1
3 248 449 250 337 34 64 1
3 248 450 252 337 34 64 1
3 248 451 252 336 34 64 1
3 248 452 252 336 34 64 1
3 248 453 252 334 34 64 1
3 248 454 254 334 34 64 1
3 248 455 254 332 34 64 1
3 248 456 254 332 34 64 1
3 248 457 256 330 33 64 1
3 248 458 256 330 33 64 1
3 248 459 256 328 33 64 1
3 248 460 257 328 34 64 1
3 248 461 257 327 34 64 1
3 248 462 257 327 34 64 1
3 248 463 257 327 34 64 1
3 248 464 259 325 34 64 1
3 248 465 259 325 34 64 1
3 248 466 259 325 34 64 1
3 248 467 261 325 34 64 1
3 248 468 261 323 34 64 1
3 248 469 261 323 34 64 1
3 248 470 263 323 33 64 1
3 248 471 263 321 33 64 1
3 248 472 263 321 33 64 1
3 248 473 264 321 32 64 1
3 248 474 264 321 34 64 1
3 248 475 264 320 34 64 1
3 248 476 266 320 32 64 1
3 248 477 266 320 34 64 1
3 248 478 266 318 34 64 1
3 248 479 268 318 32 64 1
3 248 480 268 318 34 64 1
3 248 481 268 318 34 64 1
3 248 482 270 316 32 64 1
3 248 483 270 316 32 64 1
3 248 484 270 316 34 64 1
3 248 485 272 316 32 64 1
3 248 486 272 314 32 64 1
3 248 487 272 314 33 64 1
3 248 488 272 314 33 64 1
3 248 489 273 312 32 64 1
3 248 490 273 312 34 64 1
3 248 491 273 312 34 64 1
3 248 492 275 312 32 64 1
3 248 493 275 311 32 64 1
3 248 494 275 311 34 64 1
3 248 495 277 311 32 64 1
3 248 496 277 309 32 64 1
3 248 497 277 309 34 64 1
3 248 498 279 309 32 64 1
3 248 499 279 309 32 64 1
3 248 500 279 307 33 64 1
3 248 501 280 307 32 64 1
3 248 502 280 307 32 64 1
3 248 503 280 305 32 64 1
3 248 504 282 305 32 64 1
3 248 505 282 305 32 64 1
3 248 506 282 305 32 64 1
3 248 507 284 304 32 64 1
3 248 508 284 304 32 64 1
3 248 509 284 304 32 64 1
3 248 510 286 304 32 64 1
3 248 511 286 302 32 64 1
3 248 512 286 302 32 64 1
3 248 513 286 302 32 64 1
3 248 514 288 302 32 64 1
3 248 515 288 300 32 64 1
3 248 516 288 300 32 64 1
3 248 517 288 300 32 64 1
3 248 518 289 300 32 64 1
3 248 519 289 298 32 64 1
3 248 520 289 298 32 64 1
3 248 521 289 298 32 64 1
3 248 522 291 298 32 64 1
3 248 523 291 296 32 64 1
3 248 524 291 296 32 64 1
3 248 525 291 296 32 64 1
3 248 526 293 296 32 64 1
3 248 527 293 295 32 64 1
3 248 528 293 295 32 64 1
3 248 529 293 295 32 64 1
3 248 530 295 295 32 64 1
3 248 531 295 295 32 64 1
3 248 532 296 295 32 64 1
3 248 533 296 295 32 64 1
3 248 534 298 295 32 64 1
3 248 535 298 295 32 64 1
3 248 536 300 295 32 64 1
3 248 537 300 295 32 64 1
3 248 538 302 295 32 64 1
3 248 539 302 295 32 64 1
3 248 540 304 295 32 64 1
3 248 541 304 293 32 64 1
3 248 542 305 293 32 64 1
3 248 543 305 293 32 64 1
3 248 544 307 293 32 64 1
3 248 545 307 293 32 64 1
3 248 546 309 293 32 64 1
3 248 547 311 293 32 64 1
4 548 0 176 371 30 68 1
4 548 1 176 369 30 68 1
4 548 2 176 369 30 68 1
4 548 3 177 369 31 68 1
4 548 4 177 368 31 67 1
4 548 5 179 368 30 67 1
4 548 6 179 368 30 67 1
4 548 7 179 366 30 67 1
4 548 8 181 366 30 67 1
4 548 9 181 366 30 67 1
4 548 10 183 366 30 67 1
4 548 11 183 364 30 68 1
4 548 12 183 364 30 68 1
4 548 13 184 364 31 68 1
4 548 14 184 362 31 68 1
4 548 15 186 362 30 68 1
4 548 16 186 362 30 68 1
4 548 17 186 362 30 68 1
4 548 18 188 360 30 68 1
4 548 19 188 360 30 68 1
4 548 20 190 360 30 68 1
4 548 21 190 359 30 67 1
4 548 22 190 359 30 67 1
4 548 23 192 359 30 67 1
4 548 24 192 359 30 67 1
4 548 25 193 357 31 67 1
4 548 26 193 357 31 67 1
4 548 27 193 357 31 67 1
4 548 28 195 355 30 68 1
4 548 29 195 355 30 68 1
4 548 30 197 355 30 68 1
4 548 31 197 353 30 68 1
4 548 32 197 353 30 68 1
4 548 33 199 353 30 68 1
4 548 34 199 353 30 68 1
4 548 35 200 352 31 67 1
4 548 36 200 352 31 67 1
4 548 37 200 352 31 67 1
4 548 38 202 350 30 67 1
4 548 39 202 350 30 67 1
4 548 40 204 350 30 67 1
4 548 41 204 350 30 67 1
4 548 42 204 348 30 68 1
4 548 43 206 348 30 68 1
4 548 44 206 348 30 68 1
4 548 45 208 346 30 68 1
4 548 46 208 346 30 68 1
4 548 47 208 346 30 68 1
4 548 48 209 346 31 68 1
4 548 49 209 344 31 68 1
4 548 50 211 344 30 68 1
4 548 51 211 344 30 68 1
4 548 52 211 343 30 67 1
4 548 53 213 343 30 67 1
4 548 54 213 343 30 67 1
4 548 55 215 343 30 67 1
4 548 56 215 341 30 67 1
4 548 57 215 341 30 67 1
4 548 58 216 341 31 67 1
4 548 59 216 339 31 68 1
4 548 60 218 339 30 68 1
4 548 61 218 339 30 68 1
4 548 62 218 337 30 68 1
4 548 63 220 337 30 68 1
4 548 64 220 337 30 68 1
4 548 65 222 337 30 68 1
4 548 66 222 336 30 67 1
4 548 67 222 336 30 67 1
4 548 68 224 336 30 67 1
4 548 69 224 334 30 67 1
4 548 70 225 334 31 67 1
4 548 71 225 334 31 67 1
4 548 72 225 334 31 67 1
4 548 73 227 332 30 68 1
4 548 74 227 332 30 68 1
4 548 75 229 332 30 68 1
4 548 76 229 330 30 68 1
4 548 77 229 330 30 68 1
4 548 78 231 330 30 68 1
4 548 79 231 330 30 68 1
4 548 80 232 328 31 68 1
4 548 81 232 328 31 68 1
4 548 82 232 328 31 68 1
4 548 83 234 327 30 67 1
4 548 84 234 327 30 67 1
4 548 85 236 327 30 67 1
4 548 86 236 325 30 67 1
4 548 87 236 325 30 67 1
4 548 88 238 325 30 67 1
4 548 89 238 325 30 67 1
4 548 90 240 323 30 68 1
4 548 91 240 323 30 68 1
4 548 92 240 323 30 68 1
4 548 93 241 321 31 68 1
4 548 94 241 321 31 68 1
4 548 95 243 321 30 68 1
4 548 96 243 321 30 68 1
4 548 97 243 320 30 67 1
4 548 98 245 320 30 67 1
4 548 99 245 320 30 67 1
4 548 100 247 318 30 67 1
4 548 101 247 318 30 67 1
4 548 102 247 318 30 67 1
4 548 103 248 318 31 67 1
4 548 104 248 316 31 68 1
4 548 105 250 316 30 68 1
4 548 106 250 316 30 68 1
4 548 107 250 314 30 68 1
4 548 108 252 314 30 68 1
4 548 109 252 314 30 68 1
4 548 110 254 314 30 68 1
4 548 111 254 312 30 68 1
4 548 112 254 312 30 68 1
4 548 113 254 312 30 68 1
4 548 114 254 312 30 68 1
4 548 115 256 312 30 68 1
4 548 116 256 312 30 68 1
4 548 117 256 311 30 67 1
4 548 118 256 311 30 67 1
4 548 119 257 311 31 67 1
4 548 120 257 311 31 67 1
4 548 121 257 311 31 67 1
4 548 122 257 311 31 67 1
4 548 123 257 309 31 67 1
4 548 124 259 309 30 67 1
4 548 125 259 309 30 67 1
4 548 126 259 309 30 67 1
4 548 127 259 309 30 67 1
4 548 128 261 309 30 67 1
4 548 129 261 307 30 68 1
4 548 130 261 307 30 68 1
4 548 131 261 307 30 68 1
4 548 132 261 307 30 68 1
4 548 133 263 307 30 68 1
4 548 134 263 307 30 68 1
4 548 135 263 305 30 68 1
4 548 136 263 305 30 68 1
4 548 137 264 305 31 68 1
4 548 138 264 305 31 68 1
4 548 139 264 305 31 68 1
4 548 140 264 305 31 68 1
4 548 141 264 304 31 67 1
4 548 142 266 304 30 67 1
4 548 143 266 304 30 67 1
4 548 144 266 304 30 67 1
4 548 145 266 304 30 67 1
4 548 146 268 304 30 67 1
4 548 147 268 302 30 67 1
4 548 148 268 302 30 67 1
4 548 149 268 302 30 67 1
4 548 150 270 302 30 67 1
4 548 151 270 302 30 67 1
4 548 152 270 302 30 67 1
4 548 153 270 302 30 67 1
4 548 154 270 300 30 68 1
4 548 155 272 300 30 68 1
4 548 156 272 300 30 68 1
4 548 157 272 300 30 68 1
4 548 158 272 300 30 68 1
4 548 159 273 300 31 68 1
4 548 160 273 298 31 68 1
4 548 161 273 298 31 68 1
4 548 162 273 298 31 68 1
4 548 163 273 298 31 68 1
4 548 164 275 298 30 68 1
4 548 165 275 298 30 68 1
4 548 166 275 296 30 68 1
4 548 167 275 296 30 68 1
4 548 168 277 296 30 68 1
4 548 169 277 296 30 68 1
4 548 170 277 296 30 68 1
4 548 171 277 296 30 68 1
4 548 172 277 295 30 67 1
4 548 173 279 295 30 67 1
4 548 174 279 295 30 67 1
4 548 175 279 295 30 67 1
4 548 176 279 295 30 67 1
4 548 177 280 295 31 67 1
4 548 178 280 293 31 67 1
4 548 179 280 293 31 67 1
4 548 180 280 293 31 67 1
4 548 181 280 293 31 67 1
4 548 182 282 293 30 67 1
4 548 183 282 293 30 67 1
4 548 184 282 291 30 68 1
4 548 185 282 291 30 68 1
4 548 186 284 291 30 68 1
4 548 187 284 291 30 68 1
4 548 188 284 291 30 68 1
4 548 189 284 291 30 68 1
4 548 190 286 291 30 68 1
4 548 191 286 289 30 68 1
4 548 192 286 289 30 68 1
4 548 193 288 289 30 68 1
4 548 194 288 289 30 68 1
4 548 195 288 289 30 68 1
4 548 196 289 288 31 67 1
4 548 197 289 288 31 67 1
4 548 198 289 288 31 67 1
4 548 199 291 288 30 67 1
4 548 200 291 288 30 67 1
4 548 201 291 288 30 67 1
4 548 202 293 286 30 67 1
4 548 203 293 286 30 67 1
4 548 204 293 286 30 67 1
4 548 205 295 286 30 67 1
4 548 206 295 286 30 67 1
4 548 207 295 284 30 68 1
4 548 208 296 284 31 68 1
4 548 209 296 284 31 68 1
4 548 210 296 284 31 68 1
4 548 211 298 284 30 68 1
4 548 212 298 284 30 68 1
4 548 213 298 282 30 68 1
4 548 214 300 282 30 68 1
4 548 215 300 282 30 68 1
4 548 216 300 282 30 68 1
4 548 217 302 282 30 68 1
4 548 218 302 280 30 68 1
4 548 219 302 280 30 68 1
4 548 220 304 280 30 68 1
4 548 221 304 280 30 68 1
4 548 222 304 280 30 68 1
4 548 223 305 280 31 68 1
4 548 224 305 279 31 67 1
4 548 225 305 279 31 67 1
4 548 226 307 279 30 67 1
4 548 227 307 279 30 67 1
4 548 228 307 279 30 67 1
4 548 229 309 277 30 67 1
4 548 230 309 277 30 67 1
4 548 231 309 277 30 67 1
4 548 232 311 277 30 67 1
4 548 233 311 277 30 67 1
4 548 234 311 277 30 67 1
4 548 235 312 275 31 68 1
4 548 236 312 275 31 68 1
4 548 237 312 275 31 68 1
4 548 238 314 275 30 68 1
4 548 239 314 275 30 68 1
4 548 240 314 273 30 68 1
4 548 241 316 273 30 68 1
4 548 242 316 273 30 68 1
4 548 243 316 273 30 68 1
4 548 244 318 273 30 68 1
4 548 245 318 273 30 68 1
4 548 246 318 272 30 67 1
4 548 247 320 272 30 67 1
4 548 248 320 272 30 67 1
4 548 249 320 272 30 67 1
4 548 250 321 272 31 67 1
4 548 251 321 270 31 67 1
4 548 252 321 270 31 67 1
4 548 253 323 270 30 67 1
4 548 254 323 270 30 67 1
4 548 255 323 270 30 67 1
4 548 256 325 270 30 67 1
4 548 257 325 268 30 68 1
4 548 258 325 268 30 68 1
4 548 259 327 268 30 68 1
4 548 260 327 268 30 68 1
4 548 261 327 268 30 68 1
4 548 262 328 266 31 68 1
4 548 263 328 266 31 68 1
4 548 264 328 266 31 68 1
4 548 265 330 266 30 68 1
4 548 266 330 266 30 68 1
4 548 267 330 266 30 68 1
4 548 268 332 264 30 68 1
4 548 269 332 264 30 68 1
4 548 270 332 264 30 68 1
4 548 271 334 264 30 68 1
4 548 272 334 264 30 68 1
4 548 273 334 263 30 67 1
4 548 274 336 263 30 67 1
4 548 275 336 263 30 67 1
4 548 276 336 263 30 67 1
4 548 277 337 263 31 67 1
4 548 278 337 263 31 67 1
4 548 279 337 261 31 67 1
4 548 280 339 261 30 67 1
4 548 281 339 261 30 67 1
4 548 282 339 261 30 67 1
4 548 283 341 261 30 67 1
4 548 284 341 259 30 68 1
4 548 285 341 259 30 68 1
4 548 286 343 259 30 68 1
4 548 287 343 259 30 68 1
4 548 288 343 259 30 68 1
4 548 289 344 259 31 68 1
4 548 290 344 257 31 68 1
4 548 291 344 257 31 68 1
4 548 292 346 257 30 68 1
4 548 293 346 257 30 68 1
4 548 294 346 257 30 68 1
4 548 295 348 256 30 67 1
4 548 296 348 256 30 67 1
4 548 297 348 256 30 67 1
4 548 298 350 256 30 67 1
4 548 299 350 256 30 67 1
4 548 300 352 256 30 67 1
4 548 301 352 254 30 67 1
4 548 302 353 254 29 66 1
4 548 303 353 252 29 66 1
4 548 304 355 252 27 64 1
4 548 305 357 250 27 64 1
4 548 306 357 250 27 62 1
4 548 307 359 248 25 63 1
4 548 308 359 248 25 61 1
4 548 309 360 247 24 60 1
4 548 310 362 247 23 58 1
4 548 311 362 245 23 59 1
4 548 312 364 245 23 59 1
4 548 313 364 245 23 59 1
4 548 314 366 245 23 59 1
4 548 315 366 245 23 59 1
4 548 316 368 245 23 59 1
4 548 317 368 245 23 59 1
4 548 318 369 245 23 59 1
4 548 319 369 245 23 59 1
4 548 320 371 245 23 59 1
4 548 321 371 243 23 59 1
4 548 322 373 243 23 59 1
4 548 323 373 243 23 59 1
4 548 324 375 243 23 59 1
4 548 325 375 243 23 59 1
4 548 326 376 243 24 59 1
4 548 327 376 243 24 59 1
4 548 328 378 243 23 59 1
4 548 329 378 243 23 59 1
4 548 330 380 243 23 59 1
4 548 331 380 241 23 59 1
4 548 332 380 241 23 59 1
4 548 333 382 241 23 59 1
4 548 334 382 241 23 57 1
4 548 335 384 240 23 58 1
4 548 336 384 240 23 58 1
4 548 337 384 240 23 56 1
4 548 338 385 240 23 56 1
4 548 339 385 238 23 58 1
4 548 340 387 238 23 58 1
4 548 341 387 238 23 57 1
4 548 342 387 238 23 57 1
4 548 343 389 236 23 59 1
4 548 344 389 236 23 57 1
4 548 345 391 236 23 57 1
4 548 346 391 236 23 57 1
4 548 347 391 236 23 55 1
4 548 348 392 234 24 57 1
4 548 349 392 234 24 57 1
4 548 350 394 234 23 57 1
4 548 351 394 234 23 55 1
4 548 352 394 232 23 57 1
4 548 353 396 232 23 57 1
4 548 354 396 232 23 56 1
4 548 355 398 232 23 56 1
4 548 356 398 231 23 57 1
4 548 357 398 231 23 55 1
4 548 358 400 231 23 55 1
4 548 359 400 231 23 55 1
4 548 360 401 231 23 55 1
4 548 361 401 229 23 55 1
4 548 362 401 229 23 55 1
4 548 363 403 229 23 55 1
4 548 364 403 229 23 55 1
4 548 365 405 229 23 55 1
4 548 366 405 229 23 55 1
4 548 367 405 229 23 55 1
4 548 368 407 229 23 55 1
4 548 369 407 229 23 55 1
4 548 370 408 229 24 55 1
4 548 371 408 227 24 55 1
4 548 372 410 227 23 55 1
4 548 373 410 227 23 55 1
4 548 374 410 227 23 55 1
4 548 375 412 227 23 55 1
4 548 376 412 227 23 55 1
4 548 377 414 227 23 55 1
4 548 378 414 227 23 55 1
4 548 379 414 227 23 55 1
4 548 380 416 227 23 55 1
4 548 381 416 225 23 55 1
4 548 382 417 225 23 55 1
4 548 383 417 225 23 55 1
4 548 384 419 225 23 55 1
4 548 385 419 225 23 55 1
4 548 386 419 225 23 55 1
4 548 387 421 225 23 55 1
4 548 388 421 225 23 55 1
4 548 389 423 225 23 55 1
4 548 390 423 225 23 55 1
4 548 391 424 224 24 55 1
4 548 392 424 224 24 55 1
4 548 393 424 224 24 55 1
4 548 394 426 224 23 55 1
4 548 395 426 224 23 55 1
4 548 396 428 224 23 55 1
4 548 397 428 224 23 55 1
4 548 398 428 224 23 55 1
4 548 399 430 224 23 55 1
4 548 400 430 224 23 55 1
4 548 401 432 222 23 55 1
4 548 402 432 222 23 55 1
4 548 403 433 222 23 55 1
4 548 404 433 222 23 55 1
4 548 405 433 222 23 55 1
4 548 406 435 222 23 55 1
4 548 407 435 222 23 55 1
4 548 408 437 222 23 55 1
4 548 409 437 222 23 55 1
4 548 410 439 222 23 55 1
4 548 411 439 220 23 55 1
4 548 412 439 220 23 55 1
4 548 413 440 220 24 55 1
4 548 414 440 220 24 55 1
4 548 415 440 220 24 55 1
4 548 416 442 220 23 55 1
4 548 417 442 220 23 55 1
4 548 418 442 220 23 55 1
4 548 419 444 220 23 55 1
4 548 420 444 220 23 55 1
4 548 421 444 220 23 55 1
4 548 422 446 220 23 55 1
4 548 423 446 220 23 55 1
4 548 424 446 220 23 55 1
4 548 425 448 220 23 55 1
4 548 426 448 220 23 55 1
4 548 427 448 220 23 55 1
4 548 428 449 220 23 55 1
4 548 429 449 220 23 55 1
4 548 430 449 220 23 55 1
4 548 431 451 220 23 55 1
4 548 432 451 220 23 55 1
4 548 433 451 220 23 55 1
4 548 434 453 220 23 55 1
4 548 435 453 220 23 55 1
4 548 436 453 218 23 55 1
4 548 437 455 218 23 55 1
4 548 438 455 218 23 55 1
4 548 439 455 218 23 55 1
4 548 440 456 218 24 55 1
4 548 441 456 218 24 55 1
4 548 442 456 218 24 55 1
4 548 443 458 218 23 55 1
4 548 444 458 218 23 55 1
4 548 445 458 218 23 55 1
4 548 446 460 218 23 55 1
4 548 447 460 218 23 55 1
4 548 448 460 218 23 55 1
4 548 449 462 218 23 55 1
4 548 450 462 218 23 55 1
4 548 451 462 218 23 55 1
4 548 452 464 218 23 55 1
4 548 453 464 218 23 55 1
4 548 454 464 218 23 55 1
4 548 455 465 218 23 55 1
4 548 456 465 218 23 55 1
4 548 457 465 218 23 55 1
4 548 458 467 218 23 55 1
4 548 459 467 218 23 55 1
4 548 460 469 218 23 55 1
4 548 461 469 218 23 55 1
4 548 462 469 218 23 55 1
4 548 463 469 218 23 55 1
4 548 464 469 218 23 55 1
4 548 465 469 218 23 55 1
4 548 466 469 218 23 55 1
4 548 467 469 218 23 55 1
4 548 468 469 218 23 55 1
4 548 469 469 218 23 55 1
4 548 470 469 218 23 55 1
4 548 471 469 218 23 55 1
4 548 472 469 218 23 55 1
4 548 473 471 218 23 55 1
4 548 474 471 218 23 55 1
4 548 475 471 218 23 55 1
4 548 476 471 218 23 55 1
4 548 477 471 218 23 55 1
4 548 478 471 218 23 55 1
4 548 479 471 218 23 55 1
4 548 480 471 218 23 55 1
4 548 481 471 218 23 55 1
4 548 482 471 218 23 55 1
4 548 483 471 218 23 55 1
4 548 484 471 218 23 55 1
4 548 485 472 218 24 55 1
4 548 486 472 218 24 55 1
4 548 487 472 218 24 55 1
4 548 488 472 218 24 55 1
4 548 489 472 218 24 55 1
4 548 490 472 218 24 55 1
4 548 491 472 218 24 55 1
4 548 492 472 218 24 55 1
4 548 493 472 218 24 55 1
4 548 494 472 218 24 55 1
4 548 495 472 218 24 55 1
4 548 496 472 218 24 55 1
4 548 497 472 218 24 55 1
4 548 498 474 218 23 55 1
4 548 499 474 218 23 55 1
4 548 500 474 218 23 55 1
4 548 501 474 218 23 55 1
4 548 502 474 218 23 55 1
4 548 503 474 218 23 55 1
4 548 504 474 218 23 55 1
4 548 505 474 218 23 55 1
4 548 506 474 218 23 55 1
4 548 507 474 218 23 55 1
4 548 508 474 218 23 55 1
4 548 509 474 218 23 55 1
4 548 510 476 218 23 55 1
4 548 511 476 218 23 55 1
4 548 512 476 218 23 55 1
4 548 513 476 218 23 55 1
4 548 514 476 218 23 55 1
4 548 515 476 218 23 55 1
4 548 516 476 218 23 55 1
4 548 517 476 218 23 55 1
4 548 518 476 218 23 55 1
4 548 519 476 218 23 55 1
4 548 520 476 218 23 55 1
4 548 521 476 218 23 55 1
4 548 522 476 218 23 55 1
4 548 523 478 218 23 55 1
4 548 524 478 218 23 55 1
4 548 525 478 218 23 55 1
4 548 526 478 218 23 55 1
4 548 527 478 218 23 55 1
4 548 528 478 218 23 55 1
4 548 529 478 218 23 55 1
4 548 530 478 218 23 55 1
4 548 531 478 218 23 55 1
4 548 532 478 218 23 55 1
4 548 533 478 218 23 55 1
4 548 534 478 218 23 55 1
4 548 535 480 218 23 55 1
4 548 536 480 218 23 55 1
4 548 537 480 218 23 55 1
4 548 538 480 218 23 55 1
4 548 539 480 218 23 55 1
4 548 540 480 218 23 55 1
4 548 541 480 218 23 55 1
4 548 542 480 218 23 55 1
4 548 543 480 218 23 55 1
4 548 544 480 218 23 55 1
4 548 545 480 218 23 55 1
4 548 546 480 218 23 55 1
4 548 547 481 218 23 55 1
5 80 300 229 232 16 41 1
5 80 301 229 231 16 41 1
5 80 302 229 231 16 41 1
5 80 303 229 231 16 41 1
5 80 304 231 231 16 41 1
5 80 305 231 231 16 41 1
5 80 306 231 231 16 41 1
5 80 307 232 231 16 41 1
5 80 308 232 231 16 41 1
5 80 309 232 231 16 41 1
5 80 310 234 231 16 41 1
5 80 311 234 231 16 41 1
5 80 312 234 231 16 41 1
5 80 313 236 231 16 41 1
5 80 314 236 231 16 41 1
5 80 315 236 231 16 41 1
5 80 316 238 231 16 41 1
5 80 317 238 231 16 41 1
5 80 318 238 231 16 41 1
5 80 319 238 231 16 41 1
5 80 320 240 231 16 41 1
5 80 321 240 231 16 41 1
5 80 322 240 231 16 41 1
5 80 323 241 231 16 41 1
5 80 324 241 229 16 41 1
5 80 325 241 229 16 41 1
5 80 326 243 229 16 41 1
5 80 327 243 229 16 41 1
5 80 328 243 229 16 41 1
5 80 329 245 229 16 41 1
5 80 330 245 229 16 41 1
5 80 331 245 229 16 41 1
5 80 332 247 229 16 41 1
5 80 333 247 229 16 41 1
5 80 334 247 229 16 41 1
5 80 335 248 229 16 41 1
5 80 336 248 229 16 41 1
5 80 337 248 229 16 41 1
5 80 338 248 229 16 41 1
5 80 339 250 229 16 41 1
5 80 340 250 229 16 41 1
5 80 341 250 229 16 41 1
5 80 342 252 229 16 41 1
5 80 343 252 229 16 41 1
5 80 344 252 229 16 41 1
5 80 345 254 229 16 41 1
5 80 346 254 229 16 41 1
5 80 347 254 227 16 41 1
5 80 348 256 227 16 41 1
5 80 349 256 227 16 41 1
5 80 350 256 227 16 41 1
5 80 351 257 227 16 41 1
5 80 352 257 227 16 41 1
5 80 353 257 227 16 41 1
5 80 354 257 227 16 41 1
5 80 355 259 227 16 41 1
5 80 356 259 227 16 41 1
5 80 357 259 227 16 41 1
5 80 358 261 227 16 41 1
5 80 359 261 227 16 41 1
5 80 360 261 227 16 41 1
5 80 361 263 227 16 41 1
5 80 362 263 227 16 41 1
5 80 363 263 227 16 41 1
5 80 364 264 227 16 41 1
5 80 365 264 227 16 41 1
5 80 366 264 227 16 41 1
5 80 367 266 227 16 41 1
5 80 368 266 227 16 41 1
5 80 369 266 227 16 41 1
5 80 370 268 227 16 41 1
5 80 371 268 227 16 41 1
5 80 372 268 227 16 41 1
5 80 373 268 227 16 41 1
5 80 374 268 227 16 41 1
5 80 375 268 227 16 41 1
5 80 376 268 227 16 41 1
5 80 377 268 227 16 41 1
5 80 378 268 227 16 41 1
5 80 379 268 227 16 41 1
6 58 490 124 227 23 50 1
6 58 491 124 225 23 50 1
6 58 492 126 225 23 50 1
6 58 493 126 225 23 50 1
6 58 494 128 225 23 50 1
6 58 495 128 225 23 50 1
6 58 496 129 225 23 50 1
6 58 497 131 225 23 50 1
6 58 498 131 225 23 50 1
6 58 499 133 225 23 50 1
6 58 500 133 225 23 50 1
6 58 501 135 225 23 50 1
6 58 502 136 225 24 50 1
6 58 503 136 225 24 50 1
6 58 504 138 225 23 50 1
6 58 505 138 225 23 50 1
6 58 506 140 225 23 50 1
6 58 507 142 225 23 50 1
6 58 508 142 225 23 50 1
6 58 509 144 225 23 50 1
6 58 510 144 225 23 50 1
6 58 511 145 225 23 50 1
6 58 512 147 225 23 50 1
6 58 513 147 225 23 50 1
6 58 514 149 225 23 50 1
6 58 515 149 225 23 50 1
6 58 516 151 225 23 50 1
6 58 517 152 225 24 50 1
6 58 518 152 225 24 50 1
6 58 519 154 225 23 50 1
6 58 520 154 225 23 50 1
6 58 521 156 225 23 50 1
6 58 522 158 225 23 50 1
6 58 523 158 225 23 50 1
6 58 524 160 225 23 50 1
6 58 525 160 225 23 50 1
6 58 526 161 225 23 50 1
6 58 527 163 225 23 50 1
6 58 528 163 225 23 50 1
6 58 529 165 225 23 50 1
6 58 530 165 225 23 50 1
6 58 531 167 225 23 50 1
6 58 532 168 225 24 50 1
6 58 533 168 225 24 50 1
6 58 534 170 225 23 50 1
6 58 535 170 225 23 50 1
6 58 536 172 225 23 50 1
6 58 537 174 225 23 50 1
6 58 538 174 225 23 50 1
6 58 539 176 225 23 50 1
6 58 540 176 225 23 50 1
6 58 541 177 225 23 50 1
6 58 542 179 225 23 50 1
6 58 543 179 225 23 50 1
6 58 544 181 225 23 50 1
6 58 545 181 225 23 50 1
6 58 546 183 225 23 50 1
6 58 547 184 225 24 50 1
7 548 0 208 357 24 82 1
7 548 1 208 355 24 82 1
7 548 2 208 355 24 82 1
7 548 3 208 355 24 82 1
7 548 4 208 355 24 82 1
7 548 5 209 353 25 82 1
7 548 6 209 353 25 82 1
7 548 7 209 353 25 82 1
7 548 8 209 353 25 82 1
7 548 9 211 352 25 81 1
7 548 10 211 352 25 81 1
7 548 11 211 352 25 81 1
7 548 12 211 352 25 81 1
7 548 13 213 350 25 82 1
7 548 14 213 350 25 82 1
7 548 15 213 350 25 82 1
7 548 16 213 350 25 82 1
7 548 17 215 348 25 82 1
7 548 18 215 348 25 82 1
7 548 19 215 348 25 82 1
7 548 20 215 348 25 82 1
7 548 21 216 346 25 82 1
7 548 22 216 346 25 82 1
7 548 23 216 346 25 82 1
7 548 24 216 346 25 82 1
7 548 25 218 346 25 82 1
7 548 26 218 344 25 82 1
7 548 27 218 344 25 82 1
7 548 28 218 344 25 82 1
7 548 29 218 344 25 82 1
7 548 30 220 343 25 81 1
7 548 31 220 343 25 81 1
7 548 32 220 343 25 81 1
7 548 33 220 343 25 81 1
7 548 34 222 341 25 82 1
7 548 35 222 341 25 82 1
7 548 36 222 341 25 82 1
7 548 37 222 341 25 82 1
7 548 38 224 339 24 82 1
7 548 39 224 339 24 82 1
7 548 40 224 339 24 82 1
7 548 41 224 339 24 82 1
7 548 42 225 337 25 82 1
7 548 43 225 337 25 82 1
7 548 44 225 337 25 82 1
7 548 45 225 337 25 82 1
7 548 46 227 336 25 81 1
7 548 47 227 336 25 81 1
7 548 48 227 336 25 81 1
7 548 49 227 336 25 81 1
7 548 50 229 336 25 81 1
7 548 51 229 334 25 82 1
7 548 52 229 334 25 82 1
7 548 53 231 334 25 82 1
7 548 54 231 334 25 82 1
7 548 55 231 334 25 80 1
7 548 56 232 334 25 80 1
7 548 57 232 332 25 82 1
7 548 58 234 332 25 82 1
7 548 59 234 332 25 82 1
7 548 60 234 332 25 80 1
7 548 61 236 332 25 80 1
7 548 62 236 332 25 80 1
7 548 63 236 330 25 82 1
7 548 64 238 330 25 82 1
7 548 65 238 330 25 80 1
7 548 66 240 330 24 80 1
7 548 67 240 330 24 80 1
7 548 68 240 330 24 80 1
7 548 69 241 328 25 80 1
7 548 70 241 328 25 80 1
7 548 71 241 328 25 80 1
7 548 72 243 328 25 80 1
7 548 73 243 328 25 80 1
7 548 74 245 328 25 79 1
7 548 75 245 327 25 80 1
7 548 76 245 327 25 80 1
7 548 77 247 327 25 80 1
7 548 78 247 327 25 80 1
7 548 79 247 327 25 78 1
7 548 80 248 327 25 78 1
7 548 81 248 325 25 80 1
7 548 82 250 325 25 80 1
7 548 83 250 325 25 80 1
7 548 84 250 325 25 78 1
7 548 85 252 325 25 78 1
7 548 86 252 325 25 78 1
7 548 87 252 323 25 80 1
7 548 88 254 323 25 78 1
7 548 89 254 323 25 78 1
7 548 90 256 323 24 78 1
7 548 91 256 323 24 78 1
7 548 92 256 323 24 78 1
7 548 93 257 321 25 79 1
7 548 94 257 321 25 79 1
7 548 95 259 321 25 79 1
7 548 96 259 321 25 79 1
7 548 97 259 321 25 79 1
7 548 98 261 321 25 77 1
7 548 99 261 320 25 78 1
7 548 100 261 320 25 78 1
7 548 101 263 320 25 78 1
7 548 102 263 320 25 78 1
7 548 103 264 320 25 76 1
7 548 104 264 320 25 76 1
7 548 105 264 318 25 78 1
7 548 106 266 318 25 78 1
7 548 107 266 318 25 76 1
7 548 108 266 318 25 76 1
7 548 109 268 318 25 76 1
7 548 110 268 318 25 76 1
7 548 111 270 316 25 78 1
7 548 112 270 316 25 76 1
7 548 113 270 316 25 76 1
7 548 114 272 316 24 76 1
7 548 115 272 316 24 76 1
7 548 116 272 316 24 76 1
7 548 117 273 314 25 77 1
7 548 118 273 314 25 77 1
7 548 119 275 314 25 77 1
7 548 120 275 314 25 77 1
7 548 121 275 314 25 77 1
7 548 122 277 314 25 75 1
7 548 123 277 312 25 77 1
7 548 124 277 312 25 77 1
7 548 125 279 312 25 77 1
7 548 126 279 312 25 75 1
7 548 127 280 312 25 75 1
7 548 128 280 312 25 75 1
7 548 129 280 311 25 76 1
7 548 130 282 311 25 76 1
7 548 131 282 311 25 74 1
7 548 132 282 311 25 74 1
7 548 133 284 311 25 74 1
7 548 134 284 311 25 74 1
7 548 135 286 309 25 76 1
7 548 136 286 309 25 75 1
7 548 137 286 309 25 75 1
7 548 138 288 309 24 75 1
7 548 139 288 309 24 75 1
7 548 140 289 309 25 75 1
7 548 141 289 307 25 75 1
7 548 142 289 307 25 75 1
7 548 143 291 307 25 75 1
7 548 144 291 307 25 73 1
7 548 145 291 305 25 75 1
7 548 146 293 305 25 75 1
7 548 147 293 305 25 75 1
7 548 148 295 305 25 73 1
7 548 149 295 305 25 73 1
7 548 150 295 304 25 74 1
7 548 151 296 304 25 74 1
7 548 152 296 304 25 72 1
7 548 153 296 304 25 72 1
7 548 154 298 302 25 74 1
7 548 155 298 302 25 74 1
7 548 156 300 302 25 73 1
7 548 157 300 302 25 73 1
7 548 158 300 302 25 73 1
7 548 159 302 300 25 75 1
7 548 160 302 300 25 73 1
7 548 161 302 300 25 73 1
7 548 162 304 300 24 73 1
7 548 163 304 298 24 75 1
7 548 164 305 298 25 73 1
7 548 165 305 298 25 73 1
7 548 166 305 298 25 73 1
7 548 167 307 298 25 71 1
7 548 168 307 296 25 73 1
7 548 169 309 296 25 73 1
7 548 170 309 296 25 73 1
7 548 171 309 296 25 72 1
7 548 172 311 295 25 73 1
7 548 173 311 295 25 73 1
7 548 174 311 295 25 73 1
7 548 175 312 295 25 71 1
7 548 176 312 295 25 71 1
7 548 177 314 293 25 73 1
7 548 178 314 293 25 73 1
7 548 179 314 293 25 71 1
7 548 180 316 293 25 71 1
7 548 181 316 291 25 73 1
7 548 182 316 291 25 73 1
7 548 183 318 291 25 71 1
7 548 184 318 291 25 71 1
7 548 185 320 291 24 71 1
7 548 186 320 289 24 73 1
7 548 187 320 289 24 71 1
7 548 188 321 289 25 71 1
7 548 189 321 289 25 71 1
7 548 190 323 289 25 71 1
7 548 191 323 288 25 71 1
7 548 192 323 288 25 71 1
7 548 193 325 288 25 71 1
7 548 194 325 288 25 69 1
7 548 195 325 286 25 71 1
7 548 196 327 286 25 71 1
7 548 197 327 286 25 71 1
7 548 198 328 286 25 69 1
7 548 199 328 286 25 69 1
7 548 200 328 284 25 71 1
7 548 201 330 284 25 71 1
7 548 202 330 284 25 69 1
7 548 203 330 284 25 69 1
7 548 204 332 282 25 71 1
7 548 205 332 282 25 71 1
7 548 206 334 282 25 70 1
7 548 207 334 282 25 70 1
7 548 208 334 282 25 70 1
7 548 209 336 280 24 72 1
7 548 210 336 280 24 70 1
7 548 211 336 280 24 70 1
7 548 212 337 280 25 70 1
7 548 213 337 279 25 71 1
7 548 214 339 279 25 69 1
7 548 215 339 279 25 69 1
7 548 216 339 279 25 69 1
7 548 217 341 279 25 67 1
7 548 218 341 277 25 69 1
7 548 219 343 277 25 69 1
7 548 220 343 277 25 69 1
7 548 221 343 277 25 67 1
7 548 222 344 275 25 69 1
7 548 223 344 275 25 69 1
7 548 224 344 275 25 69 1
7 548 225 346 275 25 68 1
7 548 226 346 275 25 68 1
7 548 227 348 273 25 70 1
7 548 228 348 273 25 70 1
7 548 229 348 273 25 68 1
7 548 230 350 273 25 68 1
7 548 231 350 272 25 69 1
7 548 232 350 272 25 69 1
7 548 233 352 272 24 67 1
7 548 234 352 272 24 67 1
7 548 235 353 272 25 67 1
7 548 236 353 270 25 69 1
7 548 237 353 270 25 67 1
7 548 238 355 270 25 67 1
7 548 239 355 270 25 67 1
7 548 240 357 270 25 67 1
7 548 241 357 268 25 68 1
7 548 242 357 268 25 68 1
7 548 243 357 268 25 68 1
7 548 244 359 268 25 68 1
7 548 245 359 266 25 68 1
7 548 246 359 266 25 68 1
7 548 247 360 266 25 68 1
7 548 248 360 266 25 68 1
7 548 249 360 264 25 68 1
7 548 250 362 264 25 68 1
7 548 251 362 264 25 68 1
7 548 252 362 264 25 68 1
7 548 253 362 264 25 68 1
7 548 254 364 263 25 67 1
7 548 255 364 263 25 67 1
7 548 256 364 263 25 67 1
7 548 257 366 263 25 67 1
7 548 258 366 261 25 67 1
7 548 259 366 261 25 67 1
7 548 260 368 261 24 67 1
7 548 261 368 261 24 67 1
7 548 262 368 261 24 67 1
7 548 263 368 259 24 68 1
7 548 264 369 259 25 68 1
7 548 265 369 259 25 68 1
7 548 266 369 259 25 68 1
7 548 267 371 257 25 68 1
7 548 268 371 257 25 68 1
7 548 269 371 257 25 68 1
7 548 270 373 257 25 68 1
7 548 271 373 257 25 68 1
7 548 272 373 256 25 67 1
7 548 273 373 256 25 67 1
7 548 274 375 256 25 67 1
7 548 275 375 256 25 67 1
7 548 276 375 254 25 67 1
7 548 277 376 254 25 67 1
7 548 278 376 254 25 67 1
7 548 279 376 254 25 67 1
7 548 280 378 254 25 67 1
7 548 281 378 252 25 68 1
7 548 282 378 252 25 68 1
7 548 283 380 252 25 68 1
7 548 284 380 252 25 68 1
7 548 285 382 252 25 68 1
7 548 286 382 252 25 68 1
7 548 287 382 252 25 68 1
7 548 288 384 252 24 68 1
7 548 289 384 252 24 68 1
7 548 290 385 252 25 68 1
7 548 291 385 250 25 68 1
7 548 292 385 250 25 68 1
7 548 293 387 250 25 68 1
7 548 294 387 250 25 68 1
7 548 295 389 250 25 68 1
7 548 296 389 250 25 68 1
7 548 297 389 250 25 68 1
7 548 298 391 250 25 68 1
7 548 299 391 250 25 68 1
7 548 300 392 250 25 68 1
7 548 301 392 248 25 68 1
7 548 302 392 248 25 68 1
7 548 303 394 248 25 68 1
7 548 304 394 248 25 66 1
7 548 305 396 248 25 66 1
7 548 306 396 248 25 66 1
7 548 307 396 248 27 64 1
7 548 308 398 247 25 65 1
7 548 309 398 247 26 65 1
7 548 310 400 247 24 65 1
7 548 311 400 247 26 64 1
7 548 312 400 247 26 64 1
7 548 313 401 247 27 64 1
7 548 314 401 247 27 62 1
7 548 315 403 247 27 62 1
7 548 316 403 245 27 64 1
7 548 317 403 245 27 62 1
7 548 318 405 245 27 62 1
7 548 319 405 245 27 62 1
7 548 320 407 245 26 62 1
7 548 321 407 245 26 60 1
7 548 322 407 245 28 60 1
7 548 323 408 243 27 62 1
7 548 324 408 243 29 61 1
7 548 325 410 243 27 61 1
7 548 326 410 243 29 61 1
7 548 327 410 243 29 59 1
7 548 328 412 243 28 59 1
7 548 329 412 243 28 59 1
7 548 330 414 243 28 59 1
7 548 331 414 241 28 59 1
7 548 332 414 241 28 59 1
7 548 333 414 241 28 59 1
7 548 334 416 241 28 59 1
7 548 335 416 240 28 58 1
7 548 336 416 240 28 58 1
7 548 337 416 240 28 58 1
7 548 338 417 240 29 58 1
7 548 339 417 238 29 58 1
7 548 340 417 238 29 58 1
7 548 341 417 238 29 58 1
7 548 342 419 238 29 58 1
7 548 343 419 238 29 58 1
7 548 344 419 236 29 59 1
7 548 345 419 236 29 59 1
7 548 346 421 236 28 59 1
7 548 347 421 236 28 59 1
7 548 348 421 234 28 59 1
7 548 349 421 234 28 59 1
7 548 350 423 234 28 59 1
7 548 351 423 234 28 59 1
7 548 352 423 234 28 59 1
7 548 353 423 232 28 59 1
7 548 354 424 232 29 59 1
7 548 355 424 232 29 59 1
7 548 356 424 232 29 59 1
7 548 357 424 231 29 58 1
7 548 358 426 231 29 58 1
7 548 359 426 231 29 58 1
7 548 360 426 231 29 58 1
7 548 361 426 231 29 58 1
7 548 362 428 229 28 59 1
7 548 363 428 229 28 59 1
7 548 364 428 229 28 59 1
7 548 365 428 229 28 59 1
7 548 366 430 227 28 59 1
7 548 367 430 227 28 59 1
7 548 368 430 227 28 59 1
7 548 369 430 227 28 59 1
7 548 370 432 227 28 59 1
7 548 371 432 225 28 59 1
7 548 372 432 225 28 59 1
7 548 373 432 225 28 59 1
7 548 374 433 225 29 59 1
7 548 375 433 225 29 59 1
7 548 376 433 225 29 59 1
7 548 377 435 225 29 59 1
7 548 378 435 225 29 59 1
7 548 379 435 225 29 59 1
7 548 380 437 225 28 59 1
7 548 381 437 224 28 58 1
7 548 382 437 224 28 58 1
7 548 383 439 224 28 58 1
7 548 384 439 224 28 58 1
7 548 385 439 224 28 58 1
7 548 386 440 224 29 58 1
7 548 387 440 224 29 58 1
7 548 388 440 224 29 58 1
7 548 389 442 224 29 58 1
7 548 390 442 224 29 58 1
7 548 391 442 222 29 58 1
7 548 392 444 222 28 58 1
7 548 393 444 222 28 58 1
7 548 394 444 222 28 58 1
7 548 395 446 222 28 58 1
7 548 396 446 222 28 58 1
7 548 397 446 222 28 58 1
7 548 398 448 222 28 58 1
7 548 399 448 222 28 58 1
7 548 400 448 222 28 58 1
7 548 401 449 220 29 59 1
7 548 402 449 220 29 59 1
7 548 403 449 220 29 59 1
7 548 404 451 220 29 59 1
7 548 405 451 220 29 59 1
7 548 406 451 220 29 59 1
7 548 407 453 220 28 59 1
7 548 408 453 220 28 59 1
7 548 409 453 220 28 59 1
7 548 410 455 220 28 59 1
7 548 411 455 218 28 59 1
7 548 412 455 218 28 59 1
7 548 413 456 218 29 59 1
7 548 414 456 218 29 59 1
7 548 415 458 218 29 59 1
7 548 416 458 218 29 59 1
7 548 417 460 218 28 57 1
7 548 418 460 218 28 57 1
7 548 419 462 218 26 57 1
7 548 420 462 218 28 57 1
7 548 421 464 218 26 57 1
7 548 422 464 218 28 57 1
7 548 423 465 218 27 57 1
7 548 424 465 218 29 55 1
7 548 425 467 218 27 55 1
7 548 426 467 218 27 55 1
7 548 427 467 218 29 55 1
7 548 428 469 218 27 55 1
7 548 429 469 218 28 55 1
7 548 430 471 218 26 55 1
7 548 431 471 216 28 56 1
7 548 432 472 216 27 56 1
7 548 433 472 216 27 56 1
7 548 434 474 216 27 56 1
7 548 435 474 216 27 56 1
7 548 436 476 216 27 56 1
7 548 437 476 216 27 54 1
7 548 438 478 216 26 54 1
7 548 439 478 216 26 54 1
7 548 440 480 216 26 54 1
7 548 441 480 216 26 54 1
7 548 442 480 216 26 54 1
7 548 443 481 216 27 54 1
7 548 444 481 216 27 52 1
7 548 445 483 216 27 52 1
7 548 446 483 216 27 52 1
7 548 447 485 216 27 52 1
7 548 448 485 216 27 52 1
7 548 449 487 216 25 52 1
7 548 450 487 216 26 52 1
7 548 451 488 215 25 51 1
7 548 452 488 215 27 51 1
7 548 453 490 215 25 51 1
7 548 454 490 215 27 51 1
7 548 455 492 215 25 51 1
7 548 456 492 215 25 51 1
7 548 457 492 215 27 49 1
7 548 458 494 215 25 49 1
7 548 459 494 215 26 49 1
7 548 460 496 215 24 49 1
7 548 461 496 215 26 49 1
7 548 462 497 215 25 49 1
7 548 463 497 215 25 49 1
7 548 464 499 215 25 48 1
7 548 465 499 215 25 48 1
7 548 466 501 215 25 48 1
7 548 467 501 215 25 48 1
7 548 468 503 215 25 48 1
7 548 469 503 215 25 48 1
7 548 470 504 215 25 48 1
7 548 471 504 215 25 48 1
7 548 472 504 215 25 48 1
7 548 473 504 215 25 48 1
7 548 474 504 215 25 48 1
7 548 475 504 215 25 48 1
7 548 476 504 215 25 48 1
7 548 477 504 215 25 48 1
7 548 478 504 215 25 48 1
7 548 479 504 215 25 48 1
7 548 480 506 215 25 48 1
7 548 481 506 215 25 48 1
7 548 482 506 215 25 48 1
7 548 483 506 215 25 48 1
7 548 484 506 215 25 48 1
7 548 485 506 215 25 48 1
7 548 486 506 215 25 48 1
7 548 487 506 215 25 48 1
7 548 488 506 215 25 48 1
7 548 489 506 215 25 48 1
7 548 490 508 215 25 48 1
7 548 491 508 215 25 48 1
7 548 492 508 215 25 48 1
7 548 493 508 215 25 48 1
7 548 494 508 215 25 48 1
7 548 495 508 215 25 48 1
7 548 496 508 215 25 48 1
7 548 497 508 215 25 48 1
7 548 498 508 215 25 48 1
7 548 499 510 215 25 48 1
7 548 500 510 215 25 48 1
7 548 501 510 215 25 48 1
7 548 502 510 215 25 48 1
7 548 503 510 215 25 48 1
7 548 504 510 215 25 48 1
7 548 505 510 215 25 48 1
7 548 506 510 215 25 48 1
7 548 507 510 215 25 48 1
7 548 508 510 215 25 48 1
7 548 509 512 215 24 48 1
7 548 510 512 215 24 48 1
7 548 511 512 215 24 48 1
7 548 512 512 215 24 48 1
7 548 513 512 215 24 48 1
7 548 514 512 215 24 48 1
7 548 515 512 215 24 48 1
7 548 516 512 215 24 48 1
7 548 517 512 215 24 48 1
7 548 518 513 215 25 48 1
7 548 519 513 215 25 48 1
7 548 520 513 215 25 48 1
7 548 521 513 215 25 48 1
7 548 522 513 215 25 48 1
7 548 523 513 215 25 48 1
7 548 524 513 215 25 48 1
7 548 525 513 215 25 48 1
7 548 526 513 215 25 48 1
7 548 527 513 215 25 48 1
7 548 528 515 215 25 48 1
7 548 529 515 215 25 48 1
7 548 530 515 215 25 48 1
7 548 531 515 215 25 48 1
7 548 532 515 215 25 48 1
7 548 533 515 215 25 48 1
7 548 534 515 215 25 48 1
7 548 535 515 215 25 48 1
7 548 536 515 215 25 48 1
7 548 537 517 215 25 48 1
7 548 538 515 215 25 48 1
7 548 539 515 215 25 48 1
7 548 540 515 215 25 48 1
7 548 541 515 215 25 48 1
7 548 542 515 215 25 48 1
7 548 543 515 215 25 48 1
7 548 544 515 215 25 48 1
7 548 545 515 215 25 48 1
7 548 546 515 215 25 48 1
7 548 547 515 216 25 48 1
8 248 300 536 218 16 46 1
8 248 301 536 216 16 47 1
8 248 302 538 216 16 47 1
8 248 303 540 216 16 47 1
8 248 304 542 216 16 47 1
8 248 305 544 216 16 47 1
8 248 306 544 215 16 46 1
8 248 307 545 215 16 46 1
8 248 308 547 215 16 46 1
8 248 309 549 215 16 46 1
8 248 310 551 215 16 46 1
8 248 311 551 213 16 46 1
8 248 312 551 213 17 46 1
8 248 313 552 213 18 46 1
8 248 314 552 213 20 46 1
8 248 315 554 213 20 46 1
8 248 316 554 213 20 46 1
8 248 317 554 213 22 46 1
8 248 318 556 213 21 46 1
8 248 319 556 213 23 46 1
8 248 320 558 213 23 46 1
8 248 321 558 213 23 46 1
8 248 322 558 213 23 46 1
8 248 323 560 213 23 46 1
8 248 324 560 213 23 46 1
8 248 325 561 213 23 46 1
8 248 326 561 213 23 46 1
8 248 327 561 213 23 46 1
8 248 328 563 213 23 46 1
8 248 329 563 213 23 46 1
8 248 330 565 213 23 46 1
8 248 331 565 213 23 46 1
8 248 332 567 213 23 46 1
8 248 333 568 213 24 46 1
8 248 334 570 213 23 46 1
8 248 335 572 213 23 46 1
8 248 336 572 213 23 46 1
8 248 337 574 213 23 46 1
8 248 338 576 213 23 46 1
8 248 339 577 213 23 46 1
8 248 340 579 213 23 46 1
8 248 341 581 213 23 46 1
8 248 342 583 213 23 46 1
8 248 343 584 213 24 46 1
8 248 344 586 213 23 46 1
8 248 345 588 213 23 46 1
8 248 346 590 213 23 46 1
8 248 347 592 213 23 46 1
8 248 348 593 213 23 46 1
8 248 349 595 213 23 46 1
8 248 350 597 215 23 46 1
8 248 351 597 215 23 46 1
8 248 352 597 215 23 46 1
8 248 353 599 215 23 46 1
8 248 354 599 215 23 46 1
8 248 355 600 215 24 46 1
8 248 356 600 215 24 46 1
8 248 357 600 215 24 46 1
8 248 358 602 215 23 46 1
8 248 359 602 215 23 46 1
8 248 360 604 215 23 46 1
8 248 361 604 215 23 46 1
8 248 362 604 215 23 46 1
8 248 363 606 215 23 46 1
8 248 364 606 215 23 46 1
8 248 365 608 215 23 46 1
8 248 366 608 215 23 46 1
8 248 367 608 215 23 46 1
8 248 368 609 215 23 46 1
8 248 369 609 215 23 46 1
8 248 370 611 215 23 46 1
8 248 371 611 215 23 46 1
8 248 372 611 215 23 46 1
8 248 373 613 215 23 46 1
8 248 374 613 215 23 46 1
8 248 375 615 215 23 46 1
8 248 376 615 215 23 46 1
8 248 377 615 215 23 46 1
8 248 378 616 215 24 46 1
8 248 379 616 215 24 46 1
8 248 380 618 215 23 46 1
8 248 381 618 213 23 46 1
8 248 382 620 213 23 46 1
8 248 383 620 213 23 46 1
8 248 384 622 213 23 46 1
8 248 385 622 213 23 46 1
8 248 386 624 213 23 46 1
8 248 387 624 213 23 46 1
8 248 388 625 213 23 46 1
8 248 389 625 213 23 46 1
8 248 390 627 213 23 46 1
8 248 391 627 213 23 46 1
8 248 392 629 213 23 46 1
8 248 393 629 213 23 46 1
8 248 394 631 213 23 46 1
8 248 395 632 213 24 46 1
8 248 396 632 211 24 46 1
8 248 397 634 211 23 46 1
8 248 398 634 211 23 46 1
8 248 399 636 211 23 46 1
8 248 400 636 211 23 46 1
8 248 401 638 211 23 46 1
8 248 402 638 211 23 46 1
8 248 403 640 211 23 46 1
8 248 404 640 211 23 46 1
8 248 405 641 211 23 46 1
8 248 406 641 211 23 46 1
8 248 407 643 211 23 46 1
8 248 408 643 211 23 46 1
8 248 409 645 211 23 46 1
8 248 410 647 211 23 46 1
8 248 411 647 209 23 47 1
8 248 412 647 209 23 47 1
8 248 413 648 209 24 47 1
8 248 414 648 209 24 47 1
8 248 415 650 209 23 47 1
8 248 416 650 209 23 47 1
8 248 417 650 209 23 47 1
8 248 418 652 209 23 47 1
8 248 419 652 209 23 47 1
8 248 420 654 209 23 47 1
8 248 421 654 209 23 47 1
8 248 422 654 209 23 47 1
8 248 423 656 209 23 47 1
8 248 424 656 209 23 47 1
8 248 425 657 209 23 47 1
8 248 426 657 209 23 47 1
8 248 427 657 209 23 47 1
8 248 428 659 209 23 47 1
8 248 429 659 209 23 47 1
8 248 430 661 209 23 47 1
8 248 431 661 209 23 47 1
8 248 432 661 209 23 47 1
8 248 433 663 209 23 47 1
8 248 434 663 209 23 47 1
8 248 435 664 209 24 47 1
8 248 436 664 209 24 47 1
8 248 437 664 209 24 47 1
8 248 438 666 209 23 47 1
8 248 439 666 209 23 47 1
8 248 440 668 209 23 47 1
8 248 441 668 209 23 47 1
8 248 442 668 209 23 47 1
8 248 443 670 209 23 47 1
8 248 444 670 209 23 47 1
8 248 445 672 209 23 47 1
8 248 446 672 209 23 47 1
8 248 447 672 209 23 47 1
8 248 448 673 209 23 47 1
8 248 449 673 209 23 47 1
8 248 450 675 209 23 47 1
8 248 451 675 209 23 47 1
8 248 452 675 209 23 47 1
8 248 453 677 209 23 47 1
8 248 454 677 209 23 47 1
8 248 455 679 209 23 47 1
8 248 456 679 209 23 47 1
8 248 457 679 209 23 47 1
8 248 458 680 209 24 47 1
8 248 459 680 209 24 47 1
8 248 460 682 209 23 47 1
8 248 461 682 209 23 47 1
8 248 462 682 209 23 47 1
8 248 463 684 209 23 47 1
8 248 464 684 209 23 47 1
8 248 465 686 209 23 47 1
8 248 466 686 209 23 47 1
8 248 467 686 209 23 47 1
8 248 468 688 209 23 47 1
8 248 469 688 209 23 47 1
8 248 470 689 209 23 47 1
8 248 471 689 209 23 47 1
8 248 472 689 209 23 47 1
8 248 473 691 209 23 47 1
8 248 474 691 209 23 47 1
8 248 475 693 209 23 47 1
8 248 476 693 209 23 47 1
8 248 477 693 209 23 47 1
8 248 478 695 209 23 47 1
8 248 479 695 209 23 47 1
8 248 480 696 209 24 47 1
8 248 481 696 209 24 47 1
8 248 482 696 209 24 47 1
8 248 483 696 209 24 47 1
8 248 484 698 209 23 47 1
8 248 485 698 209 23 47 1
8 248 486 698 209 23 47 1
8 248 487 700 209 23 47 1
8 248 488 700 209 23 47 1
8 248 489 700 209 23 47 1
8 248 490 700 209 23 47 1
8 248 491 702 209 23 47 1
8 248 492 702 209 23 47 1
8 248 493 702 209 23 47 1
8 248 494 704 209 23 47 1
8 248 495 704 209 23 47 1
8 248 496 704 209 23 47 1
8 248 497 705 209 23 47 1
8 248 498 705 209 23 47 1
8 248 499 705 209 23 47 1
8 248 500 705 209 23 47 1
8 248 501 707 209 23 47 1
8 248 502 707 209 23 47 1
8 248 503 707 209 23 47 1
8 248 504 709 209 23 47 1
8 248 505 709 209 23 47 1
8 248 506 709 209 23 47 1
8 248 507 711 209 23 47 1
8 248 508 711 209 23 47 1
8 248 509 711 209 23 47 1
8 248 510 711 209 23 47 1
8 248 511 712 209 24 47 1
8 248 512 712 209 24 47 1
8 248 513 712 209 24 47 1
8 248 514 714 209 23 47 1
8 248 515 714 209 23 47 1
8 248 516 714 209 23 47 1
8 248 517 716 209 23 47 1
8 248 518 716 209 23 47 1
8 248 519 716 209 23 47 1
8 248 520 716 209 23 47 1
8 248 521 718 209 23 47 1
8 248 522 718 209 23 47 1
8 248 523 718 209 23 47 1
8 248 524 720 209 23 47 1
8 248 525 720 209 23 47 1
8 248 526 720 209 23 47 1
8 248 527 721 209 23 47 1
8 248 528 721 209 23 47 1
8 248 529 721 209 23 47 1
8 248 530 721 209 23 47 1
8 248 531 723 209 23 47 1
8 248 532 723 209 23 47 1
8 248 533 723 209 23 47 1
8 248 534 725 209 23 47 1
8 248 535 725 209 23 47 1
8 248 536 725 209 23 47 1
8 248 537 727 209 23 47 1
8 248 538 727 209 23 47 1
8 248 539 727 209 23 47 1
8 248 540 727 209 23 47 1
8 248 541 728 209 24 47 1
8 248 542 728 209 24 47 1
8 248 543 728 209 24 47 1
8 248 544 730 209 23 47 1
8 248 545 730 209 23 47 1
8 248 546 730 209 23 47 1
8 248 547 732 209 23 47 1
