0 35 409 323 712 20 4 1
0 35 410 320 709 19 7 1
0 35 411 318 707 19 9 1
0 35 412 316 705 20 11 1
0 35 413 312 704 22 12 1
0 35 414 311 702 21 14 1
0 35 415 309 700 21 16 1
0 35 416 307 698 21 18 1
0 35 417 304 696 23 20 1
0 35 418 302 695 23 21 1
0 35 419 300 693 23 23 1
0 35 420 298 691 23 27 1
0 35 421 296 688 27 30 1
0 35 422 295 686 30 32 1
0 35 423 293 682 34 36 1
0 35 424 291 680 39 38 1
0 35 425 289 679 39 39 1
0 35 426 289 677 39 41 1
0 35 427 288 675 39 43 1
0 35 428 288 673 39 45 1
0 35 429 288 673 39 45 1
0 35 430 284 670 39 48 1
0 35 431 282 666 39 52 1
0 35 432 280 664 40 54 1
0 35 433 279 661 39 57 1
0 35 434 277 659 39 59 1
0 35 435 275 656 39 62 1
0 35 436 273 654 39 64 1
0 35 437 272 650 39 68 1
0 35 438 270 648 39 70 1
0 35 439 268 648 39 70 1
0 35 440 268 648 39 70 1
0 35 441 266 648 39 70 1
0 35 442 266 648 39 70 1
0 35 443 266 648 39 70 1
1 192 130 858 206 18 28 1
1 192 131 856 206 18 28 1
1 192 132 855 206 17 30 1
1 192 133 853 206 19 32 1
1 192 134 853 206 18 32 1
1 192 135 851 206 20 34 1
1 192 136 849 206 20 35 1
1 192 137 849 206 18 35 1
1 192 138 848 206 19 37 1
1 192 139 846 206 19 39 1
1 192 140 846 206 19 41 1
1 192 141 844 206 20 41 1
1 192 142 842 206 20 42 1
1 192 143 840 206 22 44 1
1 192 144 840 206 20 44 1
1 192 145 839 206 21 46 1
1 192 146 837 206 21 48 1
1 192 147 837 206 19 48 1
1 192 148 835 206 21 50 1
1 192 149 833 206 22 51 1
1 192 150 833 206 22 53 1
1 192 151 832 206 21 53 1
1 192 152 830 206 23 53 1
1 192 153 828 206 23 53 1
1 192 154 828 206 23 55 1
1 192 155 826 208 23 53 1
1 192 156 824 208 25 53 1
1 192 157 824 208 24 55 1
1 192 158 823 208 25 55 1
1 192 159 821 208 25 55 1
1 192 160 821 209 25 55 1
1 192 161 819 209 25 54 1
1 192 162 817 209 25 54 1
1 192 163 816 209 24 54 1
1 192 164 816 209 24 54 1
1 192 165 814 209 25 52 1
1 192 166 812 209 25 52 1
1 192 167 810 209 25 52 1
1 192 168 810 209 25 52 1
1 192 169 808 209 25 50 1
1 192 170 807 209 25 50 1
1 192 171 805 209 25 50 1
1 192 172 805 209 25 50 1
1 192 173 803 209 25 48 1
1 192 174 801 209 25 48 1
1 192 175 800 209 24 48 1
1 192 176 800 209 24 48 1
1 192 177 798 209 25 47 1
1 192 178 796 209 25 47 1
1 192 179 794 209 25 47 1
1 192 180 794 211 25 45 1
1 192 181 792 209 25 43 1
1 192 182 792 209 24 41 1
1 192 183 791 209 25 39 1
1 192 184 791 209 23 38 1
1 192 185 789 209 25 36 1
1 192 186 789 208 23 33 1
1 192 187 787 208 23 32 1
1 192 188 787 208 23 30 1
1 192 189 785 208 23 28 1
1 192 190 785 208 23 26 1
1 192 191 782 208 25 37 1
1 192 192 780 208 25 49 1
1 192 193 778 208 25 49 1
1 192 194 778 208 23 49 1
1 192 195 776 209 25 50 1
1 192 196 776 209 24 50 1
1 192 197 776 211 24 50 1
1 192 198 775 211 23 50 1
1 192 199 773 211 23 50 1
1 192 200 773 211 23 50 1
1 192 201 771 211 23 50 1
1 192 202 769 211 23 50 1
1 192 203 769 211 23 50 1
1 192 204 768 211 23 50 1
1 192 205 766 211 23 52 1
1 192 206 766 211 23 52 1
1 192 207 764 211 23 52 1
1 192 208 762 211 23 52 1
1 192 209 762 211 23 52 1
1 192 210 760 211 24 52 1
1 192 211 759 211 23 52 1
1 192 212 759 211 23 52 1
1 192 213 757 211 23 53 1
1 192 214 755 211 23 53 1
1 192 215 755 211 23 53 1
1 192 216 753 213 23 51 1
1 192 217 752 213 23 51 1
1 192 218 752 213 23 51 1
1 192 219 750 213 23 51 1
1 192 220 748 213 23 53 1
1 192 221 748 213 23 53 1
1 192 222 746 213 23 53 1
1 192 223 744 213 24 53 1
1 192 224 744 213 24 53 1
1 192 225 743 213 23 53 1
1 192 226 741 213 23 53 1
1 192 227 741 213 23 53 1
1 192 228 739 213 23 55 1
1 192 229 737 213 23 55 1
1 192 230 737 213 23 55 1
1 192 231 736 213 23 55 1
1 192 232 734 213 23 55 1
1 192 233 734 213 23 55 1
1 192 234 732 213 23 55 1
1 192 235 732 215 23 55 1
1 192 236 730 213 23 55 1
1 192 237 728 213 24 55 1
1 192 238 727 213 23 55 1
1 192 239 727 213 23 55 1
1 192 240 725 213 23 55 1
1 192 241 723 213 23 55 1
1 192 242 723 213 23 55 1
1 192 243 721 213 23 55 1
1 192 244 720 213 23 55 1
1 192 245 720 213 23 55 1
1 192 246 718 213 23 55 1
1 192 247 716 213 23 55 1
1 192 248 714 213 23 55 1
1 192 249 714 213 23 55 1
1 192 250 712 213 24 55 1
1 192 251 711 213 23 55 1
1 192 252 711 213 23 55 1
1 192 253 709 213 23 55 1
1 192 254 707 213 23 55 1
1 192 255 707 213 23 55 1
1 192 256 705 213 23 55 1
1 192 257 704 213 23 55 1
1 192 258 702 213 23 55 1
1 192 259 702 213 23 55 1
1 192 260 700 213 23 55 1
1 192 261 698 213 23 55 1
1 192 262 698 213 23 55 1
1 192 263 696 213 24 55 1
1 192 264 695 213 23 55 1
1 192 265 695 213 23 55 1
1 192 266 693 213 23 55 1
1 192 267 691 213 23 55 1
1 192 268 689 213 23 55 1
1 192 269 689 213 23 55 1
1 192 270 688 213 23 55 1
1 192 271 686 213 23 55 1
1 192 272 686 213 23 55 1
1 192 273 684 213 23 55 1
1 192 274 682 213 23 55 1
1 192 275 682 213 23 55 1
1 192 276 680 213 24 55 1
1 192 277 679 213 23 55 1
1 192 278 679 213 23 55 1
1 192 279 677 213 23 55 1
1 192 280 675 213 23 55 1
1 192 281 673 213 23 55 1
1 192 282 673 213 23 55 1
1 192 283 672 213 23 55 1
1 192 284 670 213 23 55 1
1 192 285 670 213 23 55 1
1 192 286 668 213 23 55 1
1 192 287 666 213 23 55 1
1 192 288 666 213 23 55 1
1 192 289 664 213 24 55 1
1 192 290 663 213 23 55 1
1 192 291 661 213 23 55 1
1 192 292 661 213 23 55 1
1 192 293 659 213 23 55 1
1 192 294 657 213 23 55 1
1 192 295 657 213 23 55 1
1 192 296 656 213 23 55 1
1 192 297 654 213 23 55 1
1 192 298 654 213 23 55 1
1 192 299 652 213 23 55 1
1 192 300 650 213 23 55 1
1 192 301 648 213 24 55 1
1 192 302 648 213 24 55 1
1 192 303 647 213 23 55 1
1 192 304 645 213 23 55 1
1 192 305 645 213 23 55 1
1 192 306 643 213 23 55 1
1 192 307 641 213 23 55 1
1 192 308 641 213 23 55 1
1 192 309 640 213 23 55 1
1 192 310 638 213 23 55 1
1 192 311 636 213 23 55 1
1 192 312 636 213 23 55 1
1 192 313 634 213 23 55 1
1 192 314 632 213 24 55 1
1 192 315 632 213 24 55 1
1 192 316 631 213 23 55 1
1 192 317 629 213 23 55 1
1 192 318 629 213 23 55 1
1 192 319 627 213 23 55 1
1 192 320 625 213 23 55 1
1 192 321 625 213 23 55 1
2 49 138 78 328 14 32 1
2 49 139 78 328 14 32 1
2 49 140 78 328 14 32 1
2 49 141 78 328 14 32 1
2 49 142 78 328 14 32 1
2 49 143 78 328 14 32 1
2 49 144 78 328 14 32 1
2 49 145 78 328 14 32 1
2 49 146 78 328 14 32 1
2 49 147 78 328 14 32 1
2 49 148 78 328 14 32 1
2 49 149 78 328 14 32 1
2 49 150 78 328 14 32 1
2 49 151 78 328 14 32 1
2 49 152 78 328 14 32 1
2 49 153 78 328 14 32 1
2 49 154 78 328 14 32 1
2 49 155 78 328 14 32 1
2 49 156 78 328 14 32 1
2 49 157 78 328 14 32 1
2 49 158 78 328 14 32 1
2 49 159 78 328 14 32 1
2 49 160 78 328 14 32 1
2 49 161 78 328 14 32 1
2 49 162 78 328 14 32 1
2 49 163 78 328 14 32 1
2 49 164 78 328 14 32 1
2 49 165 78 328 14 32 1
2 49 166 78 328 14 32 1
2 49 167 78 328 14 32 1
2 49 168 78 328 14 32 1
2 49 169 78 328 14 32 1
2 49 170 78 328 14 32 1
2 49 171 78 328 14 32 1
2 49 172 78 328 14 32 1
2 49 173 78 328 14 32 1
2 49 174 78 328 14 32 1
2 49 175 78 328 14 32 1
2 49 176 78 328 14 32 1
2 49 177 78 328 14 32 1
2 49 178 78 328 14 32 1
2 49 179 78 328 14 32 1
2 49 180 78 328 14 32 1
2 49 181 78 328 14 32 1
2 49 182 78 328 14 32 1
2 49 183 78 328 14 32 1
2 49 184 78 328 14 32 1
2 49 185 78 328 14 32 1
2 49 186 78 328 14 32 1
3 274 170 0 410 16 34 1
3 274 171 0 408 16 36 1
3 274 172 0 408 16 38 1
3 274 173 0 407 16 41 1
3 274 174 0 407 16 44 1
3 274 175 0 407 16 46 1
3 274 176 0 407 16 49 1
3 274 177 0 407 16 53 1
3 274 178 0 405 16 57 1
3 274 179 0 405 16 60 1
3 274 180 0 405 16 62 1
3 274 181 0 405 16 66 1
3 274 182 0 405 17 69 1
3 274 183 0 403 17 69 1
3 274 184 0 403 17 69 1
3 274 185 0 403 17 69 1
3 274 186 0 403 17 69 1
3 274 187 0 403 19 69 1
3 274 188 0 403 19 69 1
3 274 189 0 403 19 69 1
3 274 190 0 403 19 69 1
3 274 191 0 403 19 69 1
3 274 192 1 403 20 69 1
3 274 193 1 401 20 70 1
3 274 194 3 401 20 70 1
3 274 195 5 401 19 70 1
3 274 196 7 401 19 70 1
3 274 197 8 401 20 70 1
3 274 198 8 401 22 70 1
3 274 199 10 401 22 70 1
3 274 200 12 401 21 70 1
3 274 201 14 401 21 70 1
3 274 202 16 401 21 70 1
3 274 203 17 401 22 70 1
3 274 204 17 401 23 70 1
3 274 205 19 401 23 70 1
3 274 206 21 401 23 70 1
3 274 207 23 401 23 70 1
3 274 208 24 401 24 70 1
3 274 209 24 401 25 70 1
3 274 210 26 401 25 70 1
3 274 211 28 401 25 70 1
3 274 212 30 400 25 69 1
3 274 213 32 400 24 69 1
3 274 214 33 400 25 69 1
3 274 215 33 400 27 69 1
3 274 216 35 400 27 69 1
3 274 217 37 400 27 69 1
3 274 218 39 400 26 69 1
3 274 219 40 400 27 69 1
3 274 220 40 400 29 69 1
3 274 221 42 400 29 69 1
3 274 222 44 400 28 69 1
3 274 223 46 400 28 69 1
3 274 224 48 400 28 69 1
3 274 225 49 400 29 69 1
3 274 226 49 400 31 69 1
3 274 227 51 400 30 69 1
3 274 228 53 400 30 69 1
3 274 229 55 400 30 69 1
3 274 230 56 400 31 69 1
3 274 231 58 400 30 69 1
3 274 232 58 398 30 71 1
3 274 233 60 398 30 71 1
3 274 234 62 398 30 71 1
3 274 235 64 398 30 71 1
3 274 236 65 398 31 71 1
3 274 237 67 398 30 71 1
3 274 238 69 398 30 71 1
3 274 239 69 398 30 71 1
3 274 240 71 398 30 71 1
3 274 241 72 398 31 71 1
3 274 242 74 398 30 71 1
3 274 243 76 398 30 71 1
3 274 244 78 398 30 71 1
3 274 245 80 398 30 71 1
3 274 246 80 398 30 71 1
3 274 247 81 398 31 71 1
3 274 248 83 398 30 71 1
3 274 249 85 398 30 71 1
3 274 250 87 398 30 71 1
3 274 251 88 398 31 71 1
3 274 252 90 398 30 71 1
3 274 253 90 396 30 73 1
3 274 254 92 396 30 73 1
3 274 255 94 396 30 73 1
3 274 256 96 396 30 73 1
3 274 257 97 396 31 73 1
3 274 258 97 396 32 73 1
3 274 259 99 396 32 73 1
3 274 260 101 396 32 73 1
3 274 261 103 396 32 73 1
3 274 262 104 396 32 75 1
3 274 263 104 396 34 75 1
3 274 264 106 396 34 75 1
3 274 265 108 396 34 75 1
3 274 266 110 396 32 75 1
3 274 267 112 396 32 75 1
3 274 268 112 396 33 75 1
3 274 269 113 396 34 75 1
3 274 270 115 396 34 75 1
3 274 271 117 396 34 75 1
3 274 272 119 396 33 76 1
3 274 273 119 396 35 76 1
3 274 274 120 396 36 76 1
3 274 275 122 396 36 76 1
3 274 276 124 396 36 76 1
3 274 277 126 396 35 76 1
3 274 278 126 396 37 76 1
3 274 279 128 396 35 76 1
3 274 280 129 396 36 76 1
3 274 281 131 396 36 76 1
3 274 282 133 396 35 78 1
3 274 283 133 396 37 78 1
3 274 284 135 396 37 78 1
3 274 285 136 396 38 78 1
3 274 286 138 396 38 78 1
3 274 287 140 396 37 78 1
3 274 288 140 396 39 78 1
3 274 289 142 396 39 78 1
3 274 290 144 396 39 78 1
3 274 291 145 396 39 78 1
3 274 292 147 396 39 80 1
3 274 293 147 396 39 78 1
3 274 294 149 396 37 78 1
3 274 295 151 396 37 78 1
3 274 296 152 396 36 78 1
3 274 297 152 396 36 76 1
3 274 298 154 396 36 76 1
3 274 299 156 396 34 76 1
3 274 300 158 396 34 76 1
3 274 301 158 396 34 75 1
3 274 302 160 396 33 75 1
3 274 303 161 396 34 75 1
3 274 304 163 396 34 75 1
3 274 305 165 396 34 75 1
3 274 306 167 396 32 75 1
3 274 307 168 396 32 75 1
3 274 308 170 396 32 75 1
3 274 309 172 396 32 75 1
3 274 310 174 396 32 75 1
3 274 311 176 396 32 75 1
3 274 312 177 396 31 75 1
3 274 313 179 396 30 75 1
3 274 314 181 396 30 75 1
3 274 315 183 396 30 75 1
3 274 316 184 396 31 75 1
3 274 317 186 396 30 75 1
3 274 318 186 396 30 73 1
3 274 319 188 396 30 73 1
3 274 320 190 396 30 73 1
3 274 321 192 396 30 73 1
3 274 322 193 396 31 73 1
3 274 323 195 396 30 73 1
3 274 324 197 396 28 73 1
3 274 325 199 396 28 73 1
3 274 326 200 396 29 73 1
3 274 327 202 396 29 73 1
3 274 328 204 396 28 73 1
3 274 329 206 396 28 73 1
3 274 330 208 396 26 73 1
3 274 331 209 396 27 73 1
3 274 332 211 396 27 73 1
3 274 333 213 396 27 73 1
3 274 334 215 396 26 73 1
3 274 335 216 396 27 73 1
3 274 336 216 394 27 73 1
3 274 337 216 394 27 73 1
3 274 338 218 394 27 71 1
3 274 339 218 394 27 71 1
3 274 340 220 392 27 73 1
3 274 341 220 392 27 72 1
3 274 342 222 392 26 72 1
3 274 343 222 392 26 70 1
3 274 344 222 391 26 71 1
3 274 345 224 391 26 71 1
3 274 346 224 391 26 69 1
3 274 347 225 391 27 69 1
3 274 348 225 391 27 69 1
3 274 349 227 389 27 69 1
3 274 350 227 389 27 69 1
3 274 351 227 389 27 67 1
3 274 352 229 389 27 67 1
3 274 353 229 387 27 69 1
3 274 354 231 387 26 68 1
3 274 355 231 387 26 68 1
3 274 356 232 387 27 68 1
3 274 357 232 387 27 66 1
3 274 358 232 385 27 68 1
3 274 359 234 385 27 66 1
3 274 360 234 385 27 66 1
3 274 361 236 385 27 66 1
3 274 362 236 384 27 65 1
3 274 363 238 384 26 65 1
3 274 364 238 384 26 65 1
3 274 365 240 384 26 64 1
3 274 366 240 382 26 66 1
3 274 367 240 382 26 64 1
3 274 368 241 382 27 64 1
3 274 369 241 382 27 64 1
3 274 370 243 382 27 62 1
3 274 371 243 380 27 64 1
3 274 372 245 380 27 64 1
3 274 373 245 380 27 62 1
3 274 374 245 380 27 62 1
3 274 375 247 378 26 62 1
3 274 376 247 378 26 62 1
3 274 377 248 378 27 62 1
3 274 378 248 378 27 61 1
3 274 379 250 378 27 61 1
3 274 380 250 376 27 63 1
3 274 381 250 376 27 61 1
3 274 382 252 376 27 61 1
3 274 383 252 376 27 59 1
3 274 384 254 375 26 60 1
3 274 385 254 375 26 60 1
3 274 386 256 375 26 58 1
3 274 387 256 375 26 58 1
3 274 388 257 375 27 58 1
3 274 389 257 373 27 59 1
3 274 390 257 373 27 59 1
3 274 391 257 373 27 59 1
3 274 392 257 373 27 59 1
3 274 393 257 373 27 59 1
3 274 394 257 371 27 59 1
3 274 395 259 371 27 59 1
3 274 396 259 371 27 59 1
3 274 397 259 371 27 59 1
3 274 398 259 371 27 59 1
3 274 399 259 369 27 59 1
3 274 400 259 369 27 59 1
3 274 401 261 369 27 59 1
3 274 402 261 369 27 59 1
3 274 403 261 369 27 59 1
3 274 404 261 368 27 58 1
3 274 405 261 368 27 58 1
3 274 406 261 368 27 58 1
3 274 407 261 368 27 58 1
3 274 408 263 368 26 58 1
3 274 409 263 366 26 58 1
3 274 410 263 366 26 58 1
3 274 411 263 366 26 58 1
3 274 412 263 366 26 58 1
3 274 413 263 366 26 58 1
3 274 414 264 364 27 59 1
3 274 415 264 364 27 59 1
3 274 416 264 364 27 59 1
3 274 417 264 364 27 59 1
3 274 418 264 364 27 59 1
3 274 419 264 362 27 59 1
3 274 420 264 362 27 59 1
3 274 421 266 362 27 59 1
3 274 422 266 362 27 59 1
3 274 423 266 362 27 59 1
3 274 424 266 360 27 59 1
3 274 425 266 360 27 59 1
3 274 426 266 360 27 59 1
3 274 427 268 360 27 59 1
3 274 428 268 360 27 59 1
3 274 429 268 359 27 58 1
3 274 430 268 359 27 58 1
3 274 431 268 359 27 58 1
3 274 432 268 359 27 58 1
3 274 433 270 359 26 58 1
3 274 434 270 357 26 59 1
3 274 435 270 357 26 59 1
3 274 436 270 357 26 59 1
3 274 437 270 355 26 59 1
3 274 438 272 355 26 59 1
3 274 439 272 355 26 59 1
3 274 440 272 353 26 59 1
3 274 441 272 353 26 59 1
3 274 442 272 353 26 59 1
3 274 443 273 353 27 59 1
4 144 300 0 410 12 84 1
4 144 301 0 410 12 84 1
4 144 302 0 410 12 84 1
4 144 303 0 410 14 84 1
4 144 304 0 410 14 84 1
4 144 305 0 410 14 84 1
4 144 306 0 410 16 84 1
4 144 307 1 410 15 86 1
4 144 308 1 410 15 86 1
4 144 309 1 410 16 86 1
4 144 310 1 410 16 86 1
4 144 311 1 410 16 86 1
4 144 312 1 412 18 84 1
4 144 313 1 412 18 84 1
4 144 314 3 412 16 85 1
4 144 315 3 412 18 85 1
4 144 316 3 412 18 85 1
4 144 317 3 412 18 85 1
4 144 318 3 412 20 85 1
4 144 319 3 412 20 85 1
4 144 320 3 412 20 85 1
4 144 321 5 412 19 87 1
4 144 322 5 412 19 87 1
4 144 323 5 412 19 87 1
4 144 324 5 414 21 85 1
4 144 325 5 414 21 85 1
4 144 326 5 414 21 85 1
4 144 327 5 414 23 85 1
4 144 328 7 414 21 87 1
4 144 329 7 414 21 87 1
4 144 330 7 414 23 87 1
4 144 331 7 414 23 87 1
4 144 332 7 414 23 87 1
4 144 333 7 414 25 87 1
4 144 334 7 414 25 87 1
4 144 335 8 416 25 87 1
4 144 336 8 416 25 87 1
4 144 337 8 416 25 87 1
4 144 338 8 416 25 87 1
4 144 339 8 416 25 87 1
4 144 340 10 416 25 87 1
4 144 341 10 416 25 87 1
4 144 342 10 416 25 87 1
4 144 343 10 416 25 87 1
4 144 344 12 417 25 87 1
4 144 345 12 417 25 87 1
4 144 346 12 417 25 87 1
4 144 347 12 417 25 87 1
4 144 348 12 417 25 87 1
4 144 349 14 417 25 87 1
4 144 350 14 417 25 87 1
4 144 351 14 417 25 87 1
4 144 352 14 417 25 87 1
4 144 353 16 419 24 87 1
4 144 354 16 419 24 87 1
4 144 355 16 419 24 87 1
4 144 356 16 419 24 87 1
4 144 357 16 419 24 87 1
4 144 358 17 419 25 87 1
4 144 359 17 419 25 87 1
4 144 360 17 419 25 87 1
4 144 361 17 419 25 87 1
4 144 362 19 421 25 87 1
4 144 363 19 421 25 87 1
4 144 364 19 421 25 87 1
4 144 365 19 421 25 87 1
4 144 366 21 421 25 87 1
4 144 367 21 421 25 87 1
4 144 368 21 421 25 87 1
4 144 369 21 421 25 87 1
4 144 370 21 421 25 87 1
4 144 371 23 423 25 87 1
4 144 372 23 423 25 87 1
4 144 373 23 423 25 87 1
4 144 374 23 423 25 87 1
4 144 375 24 423 25 87 1
4 144 376 24 423 25 87 1
4 144 377 24 423 25 87 1
4 144 378 24 423 25 87 1
4 144 379 24 423 25 87 1
4 144 380 26 424 25 88 1
4 144 381 26 424 25 88 1
4 144 382 26 424 25 88 1
4 144 383 26 424 25 88 1
4 144 384 28 424 25 88 1
4 144 385 28 424 25 88 1
4 144 386 28 424 25 88 1
4 144 387 28 424 25 88 1
4 144 388 30 426 25 87 1
4 144 389 30 426 25 87 1
4 144 390 30 426 25 87 1
4 144 391 30 426 25 87 1
4 144 392 30 426 25 87 1
4 144 393 30 428 25 87 1
4 144 394 30 428 25 87 1
4 144 395 30 428 25 87 1
4 144 396 30 428 25 87 1
4 144 397 30 430 25 87 1
4 144 398 30 430 25 87 1
4 144 399 30 430 25 87 1
4 144 400 30 430 25 87 1
4 144 401 30 430 25 87 1
4 144 402 30 432 25 87 1
4 144 403 30 432 25 87 1
4 144 404 30 432 25 87 1
4 144 405 30 432 25 87 1
4 144 406 30 433 25 87 1
4 144 407 30 433 25 87 1
4 144 408 30 433 25 87 1
4 144 409 30 433 25 87 1
4 144 410 30 433 25 87 1
4 144 411 30 435 25 87 1
4 144 412 30 435 25 87 1
4 144 413 30 435 25 87 1
4 144 414 30 435 25 87 1
4 144 415 30 437 25 87 1
4 144 416 30 437 25 87 1
4 144 417 30 437 25 87 1
4 144 418 30 437 25 87 1
4 144 419 30 437 25 87 1
4 144 420 30 439 25 87 1
4 144 421 30 439 25 87 1
4 144 422 30 439 25 87 1
4 144 423 30 439 25 87 1
4 144 424 30 440 25 88 1
4 144 425 30 440 25 88 1
4 144 426 30 440 25 88 1
4 144 427 30 440 25 88 1
4 144 428 30 440 25 88 1
4 144 429 30 442 25 87 1
4 144 430 30 442 25 87 1
4 144 431 30 442 25 87 1
4 144 432 30 442 25 87 1
4 144 433 32 444 24 87 1
4 144 434 30 444 25 87 1
4 144 435 30 444 25 89 1
4 144 436 30 446 25 87 1
4 144 437 30 446 25 89 1
4 144 438 30 448 25 88 1
4 144 439 30 448 25 88 1
4 144 440 30 448 25 90 1
4 144 441 30 449 25 89 1
4 144 442 30 449 25 91 1
4 144 443 30 451 25 91 1
5 420 24 0 334 8 28 1
5 420 25 0 332 8 28 1
5 420 26 0 332 8 28 1
5 420 27 0 332 10 28 1
5 420 28 0 332 10 28 1
5 420 29 0 332 10 28 1
5 420 30 0 332 12 28 1
5 420 31 0 332 12 28 1
5 420 32 0 332 14 28 1
5 420 33 0 330 14 29 1
5 420 34 1 330 15 29 1
5 420 35 1 330 15 29 1
5 420 36 3 330 14 29 1
5 420 37 3 330 14 29 1
5 420 38 5 330 14 29 1
5 420 39 5 330 14 29 1
5 420 40 7 330 14 29 1
5 420 41 7 330 14 29 1
5 420 42 8 330 15 29 1
5 420 43 8 330 15 29 1
5 420 44 10 330 14 29 1
5 420 45 10 330 14 29 1
5 420 46 12 330 14 29 1
5 420 47 12 330 14 29 1
5 420 48 14 330 14 29 1
5 420 49 14 330 14 29 1
5 420 50 16 330 14 29 1
5 420 51 16 330 14 29 1
5 420 52 17 330 15 29 1
5 420 53 17 330 15 29 1
5 420 54 19 330 14 29 1
5 420 55 19 330 14 29 1
5 420 56 21 330 14 29 1
5 420 57 21 330 14 29 1
5 420 58 23 330 14 29 1
5 420 59 24 330 15 29 1
5 420 60 24 330 15 29 1
5 420 61 24 330 15 29 1
5 420 62 24 330 15 29 1
5 420 63 24 330 15 29 1
5 420 64 24 330 15 29 1
5 420 65 24 330 15 29 1
5 420 66 24 330 15 29 1
5 420 146 67 330 14 29 1
5 420 147 67 328 14 29 1
5 420 148 67 328 14 29 1
5 420 149 67 328 14 29 1
5 420 150 67 328 14 29 1
5 420 151 67 328 14 29 1
5 420 152 67 328 14 29 1
5 420 153 67 328 14 29 1
5 420 154 67 330 14 29 1
5 420 155 65 328 16 31 1
5 420 156 65 328 16 31 1
5 420 157 65 327 16 32 1
5 420 158 65 327 18 32 1
5 420 159 65 325 18 34 1
5 420 160 65 325 18 34 1
5 420 161 65 323 18 36 1
5 420 162 65 323 20 36 1
5 420 163 65 321 20 38 1
5 420 164 65 321 20 38 1
5 420 165 65 320 20 39 1
5 420 166 65 320 22 39 1
5 420 167 65 318 22 41 1
5 420 168 65 318 22 41 1
5 420 169 65 318 23 42 1
5 420 170 65 318 23 42 1
5 420 171 65 318 23 42 1
5 420 172 65 318 23 42 1
5 420 173 65 318 23 42 1
5 420 174 65 318 23 42 1
5 420 175 65 318 23 42 1
5 420 176 65 318 23 42 1
5 420 177 65 318 23 42 1
5 420 178 65 318 23 42 1
5 420 179 65 318 23 42 1
5 420 180 65 318 23 42 1
5 420 181 65 318 23 42 1
5 420 182 65 318 23 42 1
5 420 183 65 318 23 42 1
5 420 184 65 318 23 42 1
5 420 185 65 318 23 42 1
5 420 186 65 318 23 42 1
5 420 187 65 318 23 42 1
5 420 188 65 318 23 42 1
5 420 189 65 318 23 42 1
5 420 190 65 318 23 42 1
5 420 191 65 318 23 42 1
5 420 192 65 318 23 42 1
5 420 193 65 318 23 42 1
5 420 194 65 318 23 42 1
5 420 195 65 318 23 42 1
5 420 196 67 318 23 42 1
5 420 197 67 318 23 42 1
5 420 198 67 318 23 42 1
5 420 199 67 318 23 42 1
5 420 200 67 318 23 42 1
5 420 201 67 318 23 42 1
5 420 202 67 318 23 42 1
5 420 203 67 318 23 42 1
5 420 204 67 318 23 42 1
5 420 205 67 318 23 42 1
5 420 206 67 318 23 42 1
5 420 207 67 318 23 42 1
5 420 208 67 318 23 42 1
5 420 209 67 318 23 42 1
5 420 210 67 318 23 42 1
5 420 211 67 318 23 42 1
5 420 212 67 318 23 42 1
5 420 213 67 318 23 42 1
5 420 214 67 318 23 42 1
5 420 215 67 318 23 42 1
5 420 216 67 318 23 42 1
5 420 217 67 318 23 42 1
5 420 218 67 318 23 42 1
5 420 219 67 318 23 42 1
5 420 220 67 318 23 42 1
5 420 221 67 318 23 42 1
5 420 222 69 318 23 42 1
5 420 223 69 318 23 42 1
5 420 224 69 318 23 42 1
5 420 225 69 318 23 42 1
5 420 226 69 318 23 42 1
5 420 227 69 318 23 42 1
5 420 228 69 318 23 42 1
5 420 229 69 318 23 42 1
5 420 230 69 318 23 42 1
5 420 231 69 318 23 42 1
5 420 232 69 318 23 42 1
5 420 233 69 318 23 42 1
5 420 234 69 318 23 42 1
5 420 235 69 318 23 42 1
5 420 236 69 318 23 42 1
5 420 237 69 318 23 42 1
5 420 238 69 318 23 42 1
5 420 239 69 318 23 42 1
5 420 240 69 318 23 42 1
5 420 241 69 318 23 42 1
5 420 242 69 318 23 42 1
5 420 243 69 318 23 42 1
5 420 244 69 318 23 42 1
5 420 245 69 318 23 42 1
5 420 246 69 318 23 42 1
5 420 247 69 318 23 42 1
5 420 248 71 318 23 42 1
5 420 249 71 318 23 42 1
5 420 250 71 318 23 42 1
5 420 251 71 318 23 42 1
5 420 252 71 318 23 42 1
5 420 253 71 318 23 42 1
5 420 254 71 318 23 42 1
5 420 255 71 318 23 42 1
5 420 256 71 318 23 42 1
5 420 257 71 318 23 42 1
5 420 258 71 318 23 42 1
5 420 259 71 318 23 42 1
5 420 260 71 318 23 42 1
5 420 261 71 318 23 42 1
5 420 262 71 318 23 42 1
5 420 263 71 318 23 42 1
5 420 264 71 318 23 42 1
5 420 265 71 318 23 42 1
5 420 266 71 318 23 42 1
5 420 267 71 318 23 42 1
5 420 268 71 318 23 42 1
5 420 269 71 318 23 42 1
5 420 270 71 318 23 42 1
5 420 271 71 318 23 42 1
5 420 272 71 318 23 42 1
5 420 273 71 318 23 42 1
5 420 274 72 318 24 42 1
5 420 275 72 318 24 42 1
5 420 276 72 318 24 42 1
5 420 277 72 318 24 42 1
5 420 278 72 318 24 42 1
5 420 279 72 318 24 42 1
5 420 280 72 318 24 42 1
5 420 281 72 318 24 42 1
5 420 282 72 318 24 42 1
5 420 283 72 318 24 42 1
5 420 284 72 318 24 42 1
5 420 285 72 318 24 42 1
5 420 286 72 318 24 42 1
5 420 287 72 318 24 42 1
5 420 288 72 318 24 42 1
5 420 289 72 318 24 42 1
5 420 290 72 318 24 42 1
5 420 291 72 318 24 42 1
5 420 292 72 318 24 42 1
5 420 293 72 318 24 42 1
5 420 294 72 318 24 42 1
5 420 295 72 318 24 42 1
5 420 296 72 318 24 42 1
5 420 297 72 318 24 42 1
5 420 298 72 318 24 42 1
5 420 299 72 318 24 42 1
5 420 300 74 318 23 42 1
5 420 301 74 318 22 42 1
5 420 302 74 318 22 42 1
5 420 303 74 318 22 42 1
5 420 304 74 318 22 42 1
5 420 305 74 318 22 42 1
5 420 306 74 318 22 42 1
5 420 307 76 318 20 42 1
5 420 308 76 318 20 42 1
5 420 309 76 318 20 42 1
5 420 310 76 318 18 42 1
5 420 311 76 318 18 42 1
5 420 312 76 318 18 42 1
5 420 313 78 318 16 42 1
5 420 314 78 318 16 42 1
5 420 315 78 318 16 42 1
5 420 316 78 318 16 42 1
5 420 317 78 318 16 42 1
5 420 318 78 318 16 42 1
5 420 319 80 320 14 42 1
5 420 320 80 320 14 42 1
5 420 321 80 320 14 42 1
5 420 322 80 320 14 42 1
5 420 323 80 320 14 42 1
5 420 324 80 320 14 42 1
5 420 325 80 320 14 42 1
5 420 326 80 320 14 42 1
5 420 327 80 320 14 42 1
5 420 328 80 320 14 42 1
5 420 329 80 320 14 42 1
5 420 330 80 320 14 42 1
5 420 331 80 320 14 42 1
5 420 332 80 320 14 42 1
5 420 333 80 320 14 42 1
5 420 334 80 320 14 42 1
5 420 335 80 320 14 42 1
5 420 336 80 320 14 42 1
5 420 337 80 320 14 42 1
5 420 338 80 320 14 42 1
5 420 339 80 320 14 42 1
5 420 340 80 320 14 42 1
5 420 341 80 320 14 42 1
5 420 342 80 320 14 42 1
5 420 343 80 320 14 42 1
5 420 344 80 320 14 42 1
5 420 345 80 320 14 42 1
5 420 346 80 320 14 42 1
5 420 347 80 320 14 42 1
5 420 348 80 320 14 42 1
5 420 349 80 320 14 42 1
5 420 350 80 320 14 42 1
5 420 351 80 320 14 42 1
5 420 352 80 320 14 42 1
5 420 353 80 320 14 42 1
5 420 354 80 320 14 42 1
5 420 355 80 320 14 42 1
5 420 356 80 320 14 42 1
5 420 357 80 320 14 42 1
5 420 358 80 320 14 42 1
5 420 359 80 320 14 42 1
5 420 360 80 320 14 42 1
5 420 361 80 320 14 42 1
5 420 362 80 320 14 42 1
5 420 363 80 320 14 42 1
5 420 364 80 320 14 42 1
5 420 365 80 320 14 42 1
5 420 366 80 320 14 42 1
5 420 367 80 320 14 42 1
5 420 368 80 320 14 42 1
5 420 369 80 320 14 42 1
5 420 370 80 320 14 42 1
5 420 371 80 320 14 42 1
5 420 372 80 320 14 42 1
5 420 373 80 320 14 42 1
5 420 374 80 320 14 42 1
5 420 375 80 320 14 42 1
5 420 376 80 320 14 42 1
5 420 377 80 320 14 42 1
5 420 378 80 320 14 42 1
5 420 379 80 320 14 42 1
5 420 380 80 320 14 42 1
5 420 381 80 320 14 42 1
5 420 382 80 320 14 42 1
5 420 383 80 320 14 42 1
5 420 384 80 320 14 42 1
5 420 385 80 320 14 42 1
5 420 386 80 320 14 42 1
5 420 387 80 320 14 42 1
5 420 388 80 320 14 42 1
5 420 389 80 320 14 42 1
5 420 390 80 320 14 42 1
5 420 391 80 320 14 42 1
5 420 392 80 320 14 42 1
5 420 393 80 320 14 42 1
5 420 394 80 320 14 42 1
5 420 395 80 320 14 42 1
5 420 396 80 320 14 42 1
5 420 397 80 320 14 42 1
5 420 398 80 320 14 42 1
5 420 399 80 320 14 42 1
5 420 400 80 320 14 42 1
5 420 401 80 320 14 42 1
5 420 402 80 320 14 42 1
5 420 403 80 320 14 42 1
5 420 404 80 320 14 42 1
5 420 405 80 320 14 42 1
5 420 406 80 320 14 42 1
5 420 407 80 320 14 42 1
5 420 408 80 320 14 42 1
5 420 409 80 320 14 42 1
5 420 410 80 320 14 42 1
5 420 411 80 320 14 42 1
5 420 412 80 320 14 42 1
5 420 413 80 320 14 42 1
5 420 414 80 320 14 42 1
5 420 415 80 320 14 42 1
5 420 416 80 320 14 42 1
5 420 417 80 320 14 42 1
5 420 418 80 320 14 42 1
5 420 419 80 320 14 42 1
5 420 420 80 320 14 42 1
5 420 421 80 320 14 42 1
5 420 422 80 320 14 42 1
5 420 423 80 320 14 42 1
5 420 424 80 320 14 42 1
5 420 425 80 320 14 42 1
5 420 426 80 320 14 42 1
5 420 427 80 320 14 42 1
5 420 428 80 320 14 42 1
5 420 429 80 320 14 42 1
5 420 430 80 320 14 42 1
5 420 431 80 320 14 42 1
5 420 432 80 320 14 42 1
5 420 433 80 320 14 42 1
5 420 434 80 320 14 42 1
5 420 435 80 320 14 42 1
5 420 436 80 320 14 42 1
5 420 437 80 320 14 42 1
5 420 438 80 320 14 42 1
5 420 439 80 320 14 42 1
5 420 440 80 320 14 42 1
5 420 441 80 320 14 42 1
5 420 442 80 320 14 42 1
5 420 443 80 320 14 42 1
6 144 300 654 220 12 44 1
6 144 301 652 218 12 45 1
6 144 302 650 218 13 45 1
6 144 303 650 218 13 45 1
6 144 304 648 218 13 45 1
6 144 305 647 218 12 45 1
6 144 306 647 218 12 45 1
6 144 307 645 218 12 45 1
6 144 308 645 218 12 45 1
6 144 309 643 218 13 45 1
6 144 310 641 218 13 45 1
6 144 311 641 218 13 45 1
6 144 312 640 218 12 45 1
6 144 313 638 218 12 45 1
6 144 314 638 218 12 45 1
6 144 315 636 218 12 45 1
6 144 316 636 218 12 45 1
6 144 317 634 218 13 45 1
6 144 318 632 218 13 45 1
6 144 319 632 218 13 45 1
6 144 320 631 218 12 45 1
6 144 321 629 218 12 45 1
6 144 322 629 218 12 45 1
6 144 323 627 218 13 45 1
6 144 324 627 218 13 45 1
6 144 325 625 216 13 45 1
6 144 326 624 216 12 45 1
6 144 327 622 216 12 45 1
6 144 328 622 216 12 45 1
6 144 329 620 216 12 45 1
6 144 330 618 216 13 45 1
6 144 331 616 216 13 45 1
6 144 332 616 216 13 45 1
6 144 333 615 216 12 45 1
6 144 334 613 216 12 45 1
6 144 335 611 216 13 45 1
6 144 336 611 216 13 45 1
6 144 337 609 216 13 45 1
6 144 338 608 216 12 45 1
6 144 339 606 216 12 45 1
6 144 340 606 216 12 45 1
6 144 341 604 216 12 45 1
6 144 342 602 216 13 45 1
6 144 343 600 216 13 45 1
6 144 344 600 216 13 45 1
6 144 345 599 216 12 45 1
6 144 346 597 216 12 45 1
6 144 347 597 216 12 45 1
6 144 348 595 216 13 45 1
6 144 349 593 216 13 45 1
6 144 350 593 216 13 45 1
6 144 351 592 216 12 45 1
6 144 352 590 216 12 45 1
6 144 353 590 216 12 45 1
6 144 354 588 216 12 45 1
6 144 355 588 216 12 45 1
6 144 356 586 216 13 45 1
6 144 357 584 216 13 45 1
6 144 358 584 216 13 45 1
6 144 359 583 216 12 45 1
6 144 360 581 216 12 45 1
6 144 361 581 216 12 45 1
6 144 362 579 216 13 45 1
6 144 363 579 216 13 45 1
6 144 364 577 216 13 45 1
6 144 365 576 216 12 45 1
6 144 366 576 216 12 45 1
6 144 367 574 216 12 45 1
6 144 368 572 216 12 45 1
6 144 369 572 216 12 45 1
6 144 370 570 216 13 45 1
6 144 371 570 216 13 45 1
6 144 372 568 216 13 45 1
6 144 373 567 216 12 45 1
6 144 374 567 216 12 45 1
6 144 375 565 216 12 45 1
6 144 376 563 216 13 45 1
6 144 377 563 216 13 45 1
6 144 378 561 216 13 45 1
6 144 379 561 216 13 45 1
6 144 380 560 216 12 45 1
6 144 381 558 216 12 45 1
6 144 382 558 216 12 45 1
6 144 383 556 216 12 45 1
6 144 384 556 218 12 45 1
6 144 385 554 218 13 45 1
6 144 386 552 218 13 45 1
6 144 387 552 218 13 45 1
6 144 388 551 218 12 45 1
6 144 389 549 218 12 45 1
6 144 390 549 218 12 45 1
6 144 391 547 218 13 45 1
6 144 392 545 218 13 45 1
6 144 393 545 218 13 45 1
6 144 394 544 218 12 45 1
6 144 395 542 218 12 45 1
6 144 396 542 218 12 45 1
6 144 397 540 218 12 45 1
6 144 398 538 218 13 45 1
6 144 399 538 218 13 45 1
6 144 400 536 218 13 45 1
6 144 401 536 218 13 45 1
6 144 402 535 218 12 45 1
6 144 403 533 218 12 45 1
6 144 404 533 220 12 44 1
6 144 405 531 220 13 44 1
6 144 406 529 220 13 44 1
6 144 407 529 220 13 44 1
6 144 408 528 220 12 44 1
6 144 409 526 220 12 44 1
6 144 410 526 220 12 44 1
6 144 411 524 220 12 44 1
6 144 412 522 220 13 44 1
6 144 413 522 220 13 44 1
6 144 414 520 220 13 44 1
6 144 415 520 220 13 44 1
6 144 416 519 220 12 44 1
6 144 417 517 220 12 44 1
6 144 418 517 220 12 44 1
6 144 419 515 220 13 44 1
6 144 420 513 220 13 44 1
6 144 421 513 220 13 44 1
6 144 422 512 220 12 44 1
6 144 423 510 220 12 44 1
6 144 424 510 222 12 44 1
6 144 425 508 222 12 44 1
6 144 426 506 222 13 44 1
6 144 427 506 222 13 44 1
6 144 428 504 222 13 44 1
6 144 429 504 222 13 44 1
6 144 430 503 222 12 44 1
6 144 431 501 222 12 44 1
6 144 432 501 222 12 44 1
6 144 433 499 222 13 44 1
6 144 434 497 222 13 44 1
6 144 435 497 222 13 44 1
6 144 436 496 222 12 44 1
6 144 437 494 222 12 44 1
6 144 438 494 222 12 44 1
6 144 439 492 222 12 44 1
6 144 440 490 222 13 44 1
6 144 441 490 222 13 44 1
6 144 442 488 222 13 44 1
6 144 443 488 224 13 44 1
7 444 0 1141 215 27 58 1
7 444 1 1139 215 27 58 1
7 444 2 1137 215 27 58 1
7 444 3 1136 215 26 58 1
7 444 4 1134 215 26 58 1
7 444 5 1132 215 27 58 1
7 444 6 1130 215 27 58 1
7 444 7 1128 215 27 58 1
7 444 8 1127 215 26 60 1
7 444 9 1125 215 27 60 1
7 444 10 1123 215 29 60 1
7 444 11 1121 215 29 60 1
7 444 12 1120 215 28 60 1
7 444 13 1120 215 26 60 1
7 444 14 1118 215 26 60 1
7 444 15 1116 215 27 60 1
7 444 16 1114 215 27 62 1
7 444 17 1112 215 27 62 1
7 444 18 1111 215 26 62 1
7 444 19 1109 215 28 62 1
7 444 20 1107 215 29 62 1
7 444 21 1105 215 29 62 1
7 444 22 1104 215 28 62 1
7 444 23 1102 215 28 64 1
7 444 24 1100 215 28 64 1
7 444 25 1098 215 29 64 1
7 444 26 1098 215 27 64 1
7 444 27 1096 215 27 64 1
7 444 28 1095 215 26 64 1
7 444 29 1093 215 28 64 1
7 444 30 1091 215 29 64 1
7 444 31 1089 215 29 65 1
7 444 32 1088 215 28 65 1
7 444 33 1086 215 28 65 1
7 444 34 1084 215 28 65 1
7 444 35 1082 215 29 65 1
7 444 36 1080 215 29 65 1
7 444 37 1079 215 28 65 1
7 444 38 1079 216 28 66 1
7 444 39 1075 215 30 65 1
7 444 40 1073 215 31 65 1
7 444 41 1070 215 32 65 1
7 444 42 1068 215 32 65 1
7 444 43 1066 215 32 65 1
7 444 44 1063 215 33 65 1
7 444 45 1061 215 34 65 1
7 444 46 1059 215 34 65 1
7 444 47 1056 215 35 65 1
7 444 48 1054 215 35 65 1
7 444 49 1052 215 36 65 1
7 444 50 1048 215 38 65 1
7 444 51 1047 215 37 65 1
7 444 52 1043 215 39 65 1
7 444 53 1041 215 39 65 1
7 444 54 1040 215 39 65 1
7 444 55 1036 215 41 65 1
7 444 56 1034 215 41 65 1
7 444 57 1032 215 41 65 1
7 444 58 1029 215 43 65 1
7 444 59 1027 215 43 65 1
7 444 60 1025 215 45 65 1
7 444 61 1024 213 44 66 1
7 444 62 1024 213 42 66 1
7 444 63 1024 213 40 66 1
7 444 64 1022 213 41 66 1
7 444 65 1022 213 39 66 1
7 444 66 1022 213 37 66 1
7 444 67 1020 213 37 66 1
7 444 68 1020 213 36 66 1
7 444 69 1020 213 34 66 1
7 444 70 1020 213 32 66 1
7 444 71 1018 213 32 66 1
7 444 72 1016 213 32 66 1
7 444 73 1015 213 32 66 1
7 444 74 1013 213 32 66 1
7 444 75 1011 213 32 66 1
7 444 76 1011 213 30 66 1
7 444 77 1009 213 31 66 1
7 444 78 1008 213 30 66 1
7 444 79 1006 213 30 66 1
7 444 80 1004 213 30 66 1
7 444 81 1004 213 30 66 1
7 444 82 1002 213 30 66 1
7 444 83 1000 213 31 66 1
7 444 84 999 213 30 66 1
7 444 85 997 213 30 66 1
7 444 86 997 213 28 66 1
7 444 87 995 213 29 66 1
7 444 88 993 213 29 66 1
7 444 89 992 213 28 66 1
7 444 90 990 213 28 66 1
7 444 91 990 213 28 66 1
7 444 92 988 213 28 64 1
7 444 93 986 213 29 62 1
7 444 94 984 213 29 62 1
7 444 95 984 213 29 60 1
7 444 96 983 213 28 60 1
7 444 97 981 213 28 59 1
7 444 98 981 213 28 57 1
7 444 99 979 213 29 57 1
7 444 100 977 213 29 55 1
7 444 101 977 213 29 55 1
7 444 102 976 213 28 53 1
7 444 103 974 213 28 53 1
7 444 104 974 213 28 51 1
7 444 105 972 213 28 50 1
7 444 106 970 213 29 50 1
7 444 107 970 213 29 48 1
7 444 108 968 213 29 48 1
7 444 109 967 213 28 46 1
7 444 110 967 213 28 46 1
7 444 111 965 213 28 46 1
7 444 112 963 213 29 46 1
7 444 113 961 213 29 46 1
7 444 114 960 213 28 46 1
7 444 115 960 213 28 46 1
7 444 116 958 213 28 46 1
7 444 117 956 213 28 46 1
7 444 118 954 213 29 46 1
7 444 119 952 213 29 46 1
7 444 120 952 213 29 46 1
7 444 121 951 213 28 46 1
7 444 122 949 213 28 46 1
7 444 123 947 213 29 46 1
7 444 124 947 213 29 46 1
7 444 125 945 213 29 46 1
7 444 126 944 213 28 46 1
7 444 127 944 213 28 46 1
7 444 128 942 213 28 46 1
7 444 129 940 213 28 46 1
7 444 130 940 213 28 46 1
7 444 131 938 213 29 46 1
7 444 132 936 213 29 46 1
7 444 133 935 213 28 46 1
7 444 134 935 213 28 46 1
7 444 135 933 213 28 46 1
7 444 136 931 213 29 46 1
7 444 137 931 213 29 46 1
7 444 138 929 213 29 46 1
7 444 139 928 213 28 46 1
7 444 140 928 213 28 48 1
7 444 141 926 213 28 46 1
7 444 142 924 213 28 46 1
7 444 143 922 213 29 46 1
7 444 144 920 213 29 46 1
7 444 145 919 213 28 46 1
7 444 146 917 213 28 46 1
7 444 147 915 213 29 46 1
7 444 148 913 213 29 46 1
7 444 149 912 213 28 46 1
7 444 150 910 213 28 46 1
7 444 151 908 213 28 46 1
7 444 152 906 213 29 46 1
7 444 153 904 213 29 46 1
7 444 154 903 213 28 46 1
7 444 155 901 213 28 46 1
7 444 156 901 213 28 46 1
7 444 157 899 213 29 46 1
7 444 158 897 213 29 46 1
7 444 159 896 213 28 46 1
7 444 160 894 213 28 46 1
7 444 161 892 213 28 46 1
7 444 162 892 213 28 46 1
7 444 163 890 213 29 46 1
7 444 164 888 213 29 48 1
7 444 165 887 213 28 50 1
7 444 166 887 213 28 51 1
7 444 167 885 213 28 53 1
7 444 168 883 213 29 55 1
7 444 169 883 213 29 57 1
7 444 170 881 213 29 59 1
7 444 171 880 213 28 60 1
7 444 172 880 213 28 62 1
7 444 173 878 211 28 64 1
7 444 174 876 211 28 64 1
7 444 175 874 211 30 64 1
7 444 176 872 211 31 64 1
7 444 177 871 211 32 64 1
7 444 178 869 211 32 64 1
7 444 179 867 211 32 64 1
7 444 180 865 211 34 64 1
7 444 181 864 211 33 64 1
7 444 182 864 211 33 64 1
7 444 183 862 211 34 64 1
7 444 184 860 211 34 64 1
7 444 185 858 211 36 64 1
7 444 186 856 211 36 64 1
7 444 187 855 211 37 64 1
7 444 188 853 211 37 64 1
7 444 189 851 211 37 64 1
7 444 190 849 211 39 64 1
7 444 191 848 211 39 64 1
7 444 192 848 211 39 64 1
7 444 193 846 211 37 62 1
7 444 194 846 211 35 62 1
7 444 195 844 211 36 62 1
7 444 196 844 211 34 62 1
7 444 197 842 211 34 62 1
7 444 198 842 211 32 62 1
7 444 199 840 211 32 62 1
7 444 200 840 211 31 62 1
7 444 201 839 211 30 62 1
7 444 202 839 213 28 60 1
7 444 203 837 213 28 60 1
7 444 204 835 213 29 60 1
7 444 205 833 213 29 60 1
7 444 206 832 213 28 60 1
7 444 207 832 213 28 60 1
7 444 208 830 213 28 60 1
7 444 209 828 213 28 60 1
7 444 210 826 213 29 60 1
7 444 211 824 213 29 60 1
7 444 212 824 213 29 60 1
7 444 213 823 213 28 60 1
7 444 214 821 213 28 60 1
7 444 215 819 213 29 60 1
7 444 216 819 213 29 60 1
7 444 217 817 213 29 60 1
7 444 218 816 213 28 60 1
7 444 219 814 213 28 60 1
7 444 220 812 213 28 60 1
7 444 221 812 213 28 60 1
7 444 222 810 213 29 60 1
7 444 223 808 213 29 60 1
7 444 224 807 213 28 60 1
7 444 225 805 213 28 60 1
7 444 226 805 213 28 60 1
7 444 227 803 213 29 60 1
7 444 228 801 213 29 60 1
7 444 229 800 213 28 60 1
7 444 230 800 213 28 60 1
7 444 231 798 213 28 60 1
7 444 232 796 213 28 60 1
7 444 233 794 213 29 60 1
7 444 234 792 213 29 60 1
7 444 235 792 213 29 60 1
7 444 236 791 213 28 60 1
7 444 237 789 213 28 60 1
7 444 238 787 213 29 60 1
7 444 239 787 213 29 60 1
7 444 240 785 213 29 60 1
7 444 241 784 213 28 60 1
7 444 242 782 213 28 60 1
7 444 243 780 213 28 60 1
7 444 244 780 213 28 60 1
7 444 245 778 213 29 60 1
7 444 246 776 213 29 60 1
7 444 247 775 213 28 60 1
7 444 248 773 213 28 60 1
7 444 249 773 213 28 60 1
7 444 250 771 213 29 60 1
7 444 251 769 213 29 60 1
7 444 252 768 213 28 60 1
7 444 253 768 213 28 60 1
7 444 254 766 213 28 60 1
7 444 255 764 213 28 60 1
7 444 256 762 213 29 60 1
7 444 257 760 213 29 60 1
7 444 258 760 213 29 60 1
7 444 259 759 213 28 60 1
7 444 260 757 213 28 60 1
7 444 261 755 213 29 60 1
7 444 262 755 215 29 60 1
7 444 263 753 213 29 60 1
7 444 264 752 213 28 60 1
7 444 265 750 213 28 59 1
7 444 266 748 213 28 59 1
7 444 267 746 213 29 59 1
7 444 268 744 213 29 57 1
7 444 269 744 213 29 57 1
7 444 270 743 213 28 57 1
7 444 271 741 213 28 55 1
7 444 272 739 213 29 55 1
7 444 273 737 213 29 53 1
7 444 274 736 213 28 53 1
7 444 275 736 213 28 53 1
7 444 276 734 213 28 51 1
7 444 277 732 213 28 51 1
7 444 278 730 213 29 51 1
7 444 279 728 213 29 50 1
7 444 280 727 213 28 50 1
7 444 281 727 213 28 50 1
7 444 282 725 213 28 50 1
7 444 283 723 213 29 50 1
7 444 284 721 213 29 50 1
7 444 285 720 213 28 50 1
7 444 286 720 213 28 50 1
7 444 287 718 213 28 50 1
7 444 288 716 213 28 50 1
7 444 289 714 213 29 50 1
7 444 290 712 213 29 50 1
7 444 291 712 213 29 50 1
7 444 292 711 213 28 50 1
7 444 293 709 213 28 50 1
7 444 294 707 213 29 50 1
7 444 295 705 213 29 50 1
7 444 296 705 213 29 50 1
7 444 297 704 213 28 50 1
7 444 298 702 213 28 50 1
7 444 299 700 213 28 50 1
7 444 300 700 213 28 50 1
7 444 301 698 213 29 48 1
7 444 302 696 213 29 48 1
7 444 303 696 213 27 48 1
7 444 304 695 213 26 48 1
7 444 305 693 213 27 48 1
7 444 306 693 213 25 48 1
7 444 307 691 213 25 48 1
7 444 308 689 213 25 48 1
7 444 309 689 213 23 48 1
7 444 310 688 213 23 48 1
7 444 311 686 213 23 48 1
7 444 312 686 215 21 46 1
7 444 313 684 215 21 46 1
7 444 314 682 215 22 46 1
7 444 315 682 215 20 46 1
7 444 316 680 215 20 46 1
7 444 317 679 215 19 46 1
7 444 318 679 215 17 46 1
7 444 319 677 215 18 46 1
7 444 320 675 215 18 46 1
7 444 321 675 215 16 46 1
7 444 322 673 215 16 46 1
7 444 323 672 215 16 46 1
7 444 324 672 216 16 45 1
7 444 325 670 216 16 45 1
7 444 326 668 216 16 45 1
7 444 327 666 216 16 45 1
7 444 328 666 216 16 45 1
7 444 329 664 216 16 45 1
7 444 330 663 216 16 45 1
7 444 331 661 216 16 45 1
7 444 332 661 216 16 45 1
7 444 333 659 216 16 45 1
7 444 334 657 216 16 45 1
7 444 335 656 216 16 45 1
7 444 336 656 218 16 45 1
7 444 337 654 218 16 45 1
7 444 338 652 218 16 45 1
7 444 339 650 218 16 45 1
7 444 340 650 218 16 45 1
7 444 341 648 218 16 45 1
7 444 342 647 218 16 45 1
7 444 343 645 218 16 45 1
7 444 344 645 218 16 45 1
7 444 345 643 218 16 45 1
7 444 346 641 218 16 45 1
7 444 347 641 220 16 44 1
7 444 348 640 220 16 44 1
7 444 349 638 220 16 44 1
7 444 350 636 220 16 44 1
7 444 351 636 220 16 44 1
7 444 352 634 220 16 44 1
7 444 353 632 220 16 44 1
7 444 354 632 220 16 44 1
7 444 355 631 220 16 44 1
7 444 356 629 220 16 44 1
7 444 357 627 220 16 44 1
7 444 358 627 220 16 44 1
7 444 359 625 220 16 44 1
7 444 360 624 220 16 44 1
7 444 361 624 220 16 44 1
7 444 362 622 220 16 44 1
7 444 363 620 220 16 44 1
7 444 364 620 220 16 44 1
7 444 365 618 220 16 44 1
7 444 366 616 220 16 44 1
7 444 367 615 220 16 44 1
7 444 368 615 220 16 44 1
7 444 369 613 220 16 44 1
7 444 370 611 220 16 44 1
7 444 371 611 220 16 44 1
7 444 372 609 220 16 44 1
7 444 373 608 220 16 44 1
7 444 374 608 220 16 44 1
7 444 375 606 220 16 44 1
7 444 376 604 220 16 44 1
7 444 377 602 220 16 44 1
7 444 378 602 220 16 44 1
7 444 379 600 220 16 44 1
7 444 380 599 220 16 44 1
7 444 381 599 220 16 44 1
7 444 382 597 220 16 44 1
7 444 383 595 220 16 44 1
7 444 384 595 220 16 44 1
7 444 385 593 220 16 44 1
7 444 386 592 220 16 44 1
7 444 387 592 220 16 44 1
7 444 388 590 220 16 44 1
7 444 389 588 220 16 44 1
7 444 390 588 220 16 44 1
7 444 391 586 220 16 44 1
7 444 392 586 220 16 44 1
7 444 393 584 220 16 44 1
7 444 394 583 220 16 44 1
7 444 395 583 220 16 44 1
7 444 396 581 220 16 44 1
7 444 397 581 220 16 44 1
7 444 398 579 220 16 44 1
7 444 399 577 220 16 44 1
7 444 400 577 220 16 44 1
7 444 401 576 220 16 44 1
7 444 402 576 220 16 44 1
7 444 403 574 220 16 44 1
7 444 404 572 220 16 44 1
7 444 405 572 220 16 44 1
7 444 406 570 220 16 44 1
7 444 407 568 220 16 44 1
7 444 408 568 220 16 44 1
7 444 409 567 220 16 44 1
7 444 410 567 220 16 44 1
7 444 411 565 220 16 44 1
7 444 412 563 220 16 44 1
7 444 413 563 220 16 44 1
7 444 414 561 222 16 44 1
7 444 415 561 222 16 44 1
7 444 416 560 222 16 44 1
7 444 417 558 222 16 44 1
7 444 418 558 222 16 44 1
7 444 419 556 222 16 44 1
7 444 420 556 222 16 44 1
7 444 421 554 222 16 44 1
7 444 422 552 222 16 44 1
7 444 423 552 222 16 44 1
7 444 424 551 222 16 44 1
7 444 425 549 222 16 44 1
7 444 426 549 222 16 44 1
7 444 427 547 222 16 44 1
7 444 428 547 222 16 44 1
7 444 429 545 222 16 44 1
7 444 430 544 222 16 44 1
7 444 431 544 222 16 44 1
7 444 432 542 222 16 44 1
7 444 433 542 222 16 44 1
7 444 434 540 222 16 44 1
7 444 435 538 222 16 44 1
7 444 436 538 222 16 44 1
7 444 437 536 222 16 44 1
7 444 438 536 222 16 44 1
7 444 439 535 222 16 44 1
7 444 440 533 222 16 44 1
7 444 441 533 222 16 44 1
7 444 442 531 222 16 44 1
7 444 443 531 224 16 44 1
8 54 390 448 707 32 11 1
8 54 391 444 705 32 13 1
8 54 392 442 704 32 14 1
8 54 393 439 702 33 16 1
8 54 394 437 700 34 18 1
8 54 395 433 698 36 20 1
8 54 396 432 696 33 22 1
8 54 397 428 695 36 23 1
8 54 398 426 693 36 25 1
8 54 399 423 691 37 27 1
8 54 400 421 689 37 29 1
8 54 401 419 688 37 30 1
8 54 402 416 686 39 32 1
8 54 403 412 684 43 34 1
8 54 404 410 684 45 34 1
8 54 405 407 682 46 36 1
8 54 406 405 682 48 36 1
8 54 407 401 680 52 38 1
8 54 408 400 680 53 38 1
8 54 409 396 677 53 41 1
8 54 410 394 675 54 43 1
8 54 411 392 673 54 45 1
8 54 412 391 672 53 46 1
8 54 413 389 670 53 48 1
8 54 414 387 668 53 50 1
8 54 415 385 666 54 52 1
8 54 416 384 664 53 54 1
8 54 417 382 663 53 55 1
8 54 418 378 661 55 57 1
8 54 419 375 659 57 59 1
8 54 420 373 657 57 61 1
8 54 421 369 656 59 62 1
8 54 422 366 654 60 64 1
8 54 423 364 652 60 66 1
8 54 424 362 648 61 70 1
8 54 425 360 647 63 71 1
8 54 426 359 645 62 73 1
8 54 427 357 643 64 75 1
8 54 428 355 641 64 77 1
8 54 429 353 640 66 78 1
8 54 430 352 638 65 80 1
8 54 431 350 636 67 82 1
8 54 432 348 634 68 84 1
8 54 433 348 632 68 86 1
8 54 434 346 631 66 87 1
8 54 435 346 629 64 89 1
8 54 436 344 627 64 91 1
8 54 437 344 625 63 93 1
8 54 438 343 625 62 93 1
8 54 439 343 624 60 94 1
8 54 440 341 622 60 96 1
8 54 441 341 620 59 98 1
8 54 442 339 618 59 100 1
8 54 443 339 618 57 100 1
