0 354 178 1265 627 11 91 1
0 354 179 1260 627 16 91 1
0 354 180 1255 627 21 91 1
0 354 181 1249 627 27 91 1
0 354 182 1244 629 32 89 1
0 354 183 1235 625 36 93 1
0 354 184 1226 624 41 94 1
0 354 185 1219 620 45 98 1
0 354 186 1210 618 50 100 1
0 354 187 1203 615 53 103 1
0 354 188 1194 613 57 105 1
0 354 189 1185 609 63 109 1
0 354 190 1178 608 66 110 1
0 354 191 1169 604 71 114 1
0 354 192 1162 602 75 116 1
0 354 193 1153 599 80 119 1
0 354 194 1144 597 84 121 1
0 354 195 1137 593 87 125 1
0 354 196 1128 592 93 126 1
0 354 197 1121 588 96 130 1
0 354 198 1112 586 102 132 1
0 354 199 1105 584 105 134 1
0 354 200 1100 583 103 133 1
0 354 201 1095 581 103 135 1
0 354 202 1089 579 103 137 1
0 354 203 1084 577 103 139 1
0 354 204 1079 576 103 140 1
0 354 205 1073 574 103 142 1
0 354 206 1068 572 103 144 1
0 354 207 1063 570 103 146 1
0 354 208 1057 568 103 148 1
0 354 209 1054 568 101 148 1
0 354 210 1048 567 102 149 1
0 354 211 1043 565 101 151 1
0 354 212 1038 563 101 153 1
0 354 213 1032 561 102 155 1
0 354 214 1027 560 101 156 1
0 354 215 1022 558 101 158 1
0 354 216 1016 556 102 160 1
0 354 217 1011 554 101 162 1
0 354 218 1008 554 99 162 1
0 354 219 1002 552 100 162 1
0 354 220 999 551 99 161 1
0 354 221 995 549 98 162 1
0 354 222 992 547 97 164 1
0 354 223 986 545 100 164 1
0 354 224 983 544 97 163 1
0 354 225 979 542 98 163 1
0 354 226 976 542 96 163 1
0 354 227 970 540 98 164 1
0 354 228 967 538 97 164 1
0 354 229 963 536 96 166 1
0 354 230 960 535 96 165 1
0 354 231 954 533 98 165 1
0 354 232 951 531 96 165 1
0 354 233 947 529 96 167 1
0 354 234 944 529 94 166 1
0 354 235 940 528 94 165 1
0 354 236 935 526 96 165 1
0 354 237 931 524 94 167 1
0 354 238 928 522 94 167 1
0 354 239 924 520 92 168 1
0 354 240 919 519 94 169 1
0 354 241 915 517 94 169 1
0 354 242 912 517 92 167 1
0 354 243 908 515 92 167 1
0 354 244 903 513 94 169 1
0 354 245 899 512 93 168 1
0 354 246 896 510 92 169 1
0 354 247 892 508 91 171 1
0 354 248 887 506 92 171 1
0 354 249 883 504 93 171 1
0 354 250 880 504 90 169 1
0 354 251 876 503 91 170 1
0 354 252 872 501 89 171 1
0 354 253 867 499 91 171 1
0 354 254 864 497 90 171 1
0 354 255 860 496 89 172 1
0 354 256 856 494 89 172 1
0 354 257 851 492 91 172 1
0 354 258 848 492 88 172 1
0 354 259 844 490 89 173 1
0 354 260 840 488 88 173 1
0 354 261 835 487 89 172 1
0 354 262 832 485 88 174 1
0 354 263 828 483 87 174 1
0 354 264 824 481 88 175 1
0 354 265 821 481 87 175 1
0 354 266 817 478 87 176 1
0 354 267 816 476 85 176 1
0 354 268 812 474 85 176 1
0 354 269 810 472 84 176 1
0 354 270 807 471 83 176 1
0 354 271 805 469 82 176 1
0 354 272 803 467 80 176 1
0 354 273 800 465 80 176 1
0 354 274 798 464 80 176 1
0 354 275 796 464 78 174 1
0 354 276 794 462 78 174 1
0 354 277 791 462 80 172 1
0 354 278 789 460 78 172 1
0 354 279 787 460 78 171 1
0 354 280 785 458 77 171 1
0 354 281 784 456 76 171 1
0 354 282 780 456 78 171 1
0 354 283 778 455 77 170 1
0 354 284 776 455 77 169 1
0 354 285 775 453 74 169 1
0 354 286 773 453 75 167 1
0 354 287 769 451 77 167 1
0 354 288 768 449 74 167 1
0 354 289 766 449 74 166 1
0 354 290 764 448 73 165 1
0 354 291 760 448 75 165 1
0 354 292 759 446 74 165 1
0 354 293 757 446 73 163 1
0 354 294 755 444 73 164 1
0 354 295 753 442 71 164 1
0 354 296 750 442 73 162 1
0 354 297 748 440 73 162 1
0 354 298 746 440 71 160 1
0 354 299 744 439 72 160 1
0 354 300 743 439 71 160 1
0 354 301 739 437 71 160 1
0 354 302 737 435 71 160 1
0 354 303 736 435 69 158 1
0 354 304 734 433 69 159 1
0 354 305 732 433 69 157 1
0 354 306 730 432 68 156 1
0 354 307 728 432 68 156 1
0 354 308 727 430 67 156 1
0 354 309 723 428 68 156 1
0 354 310 721 428 68 155 1
0 354 311 720 426 67 155 1
0 354 312 718 426 66 153 1
0 354 313 716 424 66 153 1
0 354 314 714 424 66 153 1
0 354 315 712 423 64 153 1
0 354 316 711 423 64 151 1
0 354 317 709 421 64 151 1
0 354 318 705 419 64 151 1
0 354 319 704 419 64 149 1
0 354 320 702 417 62 150 1
0 354 321 700 417 62 150 1
0 354 322 698 416 62 149 1
0 354 323 696 416 61 147 1
0 354 324 695 414 60 147 1
0 354 325 693 414 60 146 1
0 354 326 689 412 61 146 1
0 354 327 688 410 60 146 1
0 354 328 686 410 60 146 1
0 354 329 684 408 59 146 1
0 354 330 682 408 59 144 1
0 354 331 680 407 59 144 1
0 354 332 679 407 57 142 1
0 354 333 677 405 57 142 1
0 354 334 675 405 57 142 1
0 354 335 673 403 57 142 1
0 354 336 672 403 56 141 1
0 354 337 670 401 57 143 1
0 354 338 668 401 57 141 1
0 354 339 666 401 57 141 1
0 354 340 664 400 57 140 1
0 354 341 664 400 56 140 1
0 354 342 663 400 55 138 1
0 354 343 661 398 55 140 1
0 354 344 659 398 55 138 1
0 354 345 657 396 55 140 1
0 354 346 656 396 55 139 1
0 354 347 656 396 53 139 1
0 354 348 654 394 53 139 1
0 354 349 652 394 53 139 1
0 354 350 650 394 54 137 1
0 354 351 648 392 54 139 1
0 354 352 647 392 53 137 1
0 354 353 647 391 51 138 1
0 354 354 645 391 51 137 1
0 354 355 643 391 52 137 1
0 354 356 641 389 54 137 1
0 354 357 640 389 53 137 1
0 354 358 638 389 53 135 1
0 354 359 638 387 51 137 1
0 354 360 636 387 52 135 1
0 354 361 634 385 52 137 1
0 354 362 632 385 52 135 1
0 354 363 631 385 51 135 1
0 354 364 629 384 51 135 1
0 354 365 629 384 50 135 1
0 354 366 627 384 50 133 1
0 354 367 625 382 50 135 1
0 354 368 624 382 49 133 1
0 354 369 622 380 50 135 1
0 354 370 620 380 50 133 1
0 354 371 620 380 48 133 1
0 354 372 618 378 48 134 1
0 354 373 616 378 48 134 1
0 354 374 615 378 48 132 1
0 354 375 613 376 48 134 1
0 354 376 611 376 48 132 1
0 354 377 611 376 48 132 1
0 354 378 609 375 48 131 1
0 354 379 608 375 48 131 1
0 354 380 608 375 48 129 1
0 354 381 606 373 48 131 1
0 354 382 604 373 48 131 1
0 354 383 604 373 48 130 1
0 354 384 602 371 48 132 1
0 354 385 602 371 48 130 1
0 354 386 600 371 48 130 1
0 354 387 599 371 48 130 1
0 354 388 599 369 48 130 1
0 354 389 597 369 48 130 1
0 354 390 597 369 48 128 1
0 354 391 595 368 48 129 1
0 354 392 593 368 48 129 1
0 354 393 593 368 48 128 1
0 354 394 592 366 48 130 1
0 354 395 592 366 48 128 1
0 354 396 590 366 48 128 1
0 354 397 588 366 48 128 1
0 354 398 588 364 48 128 1
0 354 399 586 364 48 128 1
0 354 400 586 364 48 126 1
0 354 401 584 362 48 128 1
0 354 402 583 362 48 128 1
0 354 403 583 362 48 126 1
0 354 404 581 360 48 128 1
0 354 405 581 360 48 127 1
0 354 406 579 360 48 127 1
0 354 407 577 360 48 127 1
0 354 408 577 359 48 126 1
0 354 409 576 359 48 126 1
0 354 410 576 359 48 124 1
0 354 411 574 357 48 126 1
0 354 412 572 357 48 126 1
0 354 413 572 357 48 124 1
0 354 414 570 357 48 124 1
0 354 415 570 355 48 125 1
0 354 416 568 355 48 125 1
0 354 417 567 355 48 125 1
0 354 418 567 353 48 125 1
0 354 419 565 353 48 125 1
0 354 420 565 353 48 123 1
0 354 421 563 352 48 124 1
0 354 422 561 352 48 124 1
0 354 423 561 352 48 122 1
0 354 424 560 352 48 122 1
0 354 425 560 350 48 122 1
0 354 426 558 350 48 122 1
0 354 427 556 350 48 122 1
0 354 428 556 348 48 123 1
0 354 429 554 348 48 123 1
0 354 430 552 348 48 123 1
0 354 431 552 346 48 123 1
0 354 432 551 346 48 123 1
0 354 433 551 346 48 121 1
0 354 434 549 346 48 121 1
0 354 435 547 344 48 123 1
0 354 436 547 344 48 121 1
0 354 437 545 344 48 121 1
0 354 438 545 343 48 121 1
0 354 439 544 343 48 121 1
0 354 440 542 343 48 121 1
0 354 441 542 341 48 121 1
0 354 442 540 341 48 121 1
0 354 443 540 341 48 119 1
0 354 444 538 341 48 119 1
0 354 445 536 339 48 121 1
0 354 446 536 339 48 119 1
0 354 447 535 339 48 119 1
0 354 448 535 337 48 119 1
0 354 449 533 337 48 119 1
0 354 450 531 337 48 119 1
0 354 451 531 337 48 118 1
0 354 452 529 336 48 119 1
0 354 453 529 336 48 117 1
0 354 454 528 336 48 117 1
0 354 455 526 334 48 119 1
0 354 456 526 334 48 117 1
0 354 457 524 334 48 117 1
0 354 458 524 332 48 117 1
0 354 459 522 332 48 117 1
0 354 460 520 332 48 117 1
0 354 461 520 332 48 116 1
0 354 462 519 330 48 118 1
0 354 463 519 330 48 116 1
0 354 464 517 330 48 116 1
0 354 465 515 328 48 118 1
0 354 466 515 328 48 116 1
0 354 467 513 328 48 116 1
0 354 468 513 327 48 115 1
0 354 469 512 327 48 115 1
0 354 470 510 327 48 115 1
0 354 471 510 327 48 113 1
0 354 472 508 325 48 115 1
0 354 473 508 325 48 114 1
0 354 474 506 325 48 114 1
0 354 475 504 323 48 116 1
0 354 476 504 323 48 114 1
0 354 477 503 323 48 114 1
0 354 478 503 323 48 114 1
0 354 479 501 321 48 114 1
0 354 480 499 321 48 114 1
0 354 481 499 321 48 112 1
0 354 482 497 321 48 112 1
0 354 483 497 321 48 112 1
0 354 484 496 321 48 111 1
0 354 485 496 321 48 111 1
0 354 486 494 321 48 111 1
0 354 487 494 320 46 110 1
0 354 488 492 320 48 110 1
0 354 489 492 320 46 110 1
0 354 490 490 320 48 108 1
0 354 491 490 320 46 108 1
0 354 492 488 320 48 106 1
0 354 493 488 320 47 106 1
0 354 494 487 320 46 106 1
0 354 495 487 320 46 104 1
0 354 496 485 318 46 106 1
0 354 497 485 318 46 106 1
0 354 498 483 318 46 105 1
0 354 499 483 318 46 105 1
0 354 500 481 318 47 105 1
0 354 501 481 318 45 103 1
0 354 502 480 318 46 103 1
0 354 503 480 318 44 103 1
0 354 504 478 318 46 101 1
0 354 505 478 316 44 103 1
0 354 506 476 316 46 101 1
0 354 507 476 316 44 101 1
0 354 508 474 316 46 101 1
0 354 509 474 316 45 100 1
0 354 510 472 316 45 100 1
0 354 511 472 316 45 100 1
0 354 512 471 316 44 98 1
0 354 513 471 316 44 98 1
0 354 514 469 314 44 100 1
0 354 515 469 314 44 98 1
0 354 516 467 314 45 98 1
0 354 517 467 314 43 98 1
0 354 518 465 314 45 96 1
0 354 519 465 314 43 96 1
0 354 520 464 314 44 94 1
0 354 521 464 314 42 94 1
0 354 522 462 314 44 94 1
0 354 523 462 312 42 95 1
0 354 524 460 312 43 95 1
0 354 525 460 312 43 95 1
0 354 526 458 312 43 93 1
0 354 527 458 312 43 93 1
0 354 528 456 312 43 93 1
0 354 529 456 312 43 91 1
0 354 530 455 312 42 91 1
0 354 531 455 312 42 91 1
1 532 0 469 254 34 83 1
1 532 1 467 256 34 81 1
1 532 2 465 257 34 82 1
1 532 3 465 259 32 82 1
1 532 4 464 261 32 80 1
1 532 5 464 263 30 80 1
1 532 6 462 264 30 80 1
1 532 7 462 268 30 78 1
1 532 8 460 268 28 76 1
1 532 9 458 268 29 76 1
1 532 10 458 268 27 76 1
1 532 11 456 268 27 75 1
1 532 12 455 270 26 73 1
1 532 13 455 270 25 73 1
1 532 14 453 270 25 71 1
1 532 15 451 270 25 71 1
1 532 16 451 272 23 69 1
1 532 17 449 272 23 69 1
1 532 18 449 272 23 69 1
1 532 19 449 272 23 69 1
1 532 20 448 272 23 69 1
1 532 21 448 272 23 69 1
1 532 22 448 272 23 69 1
1 532 23 448 272 23 69 1
1 532 24 446 272 23 69 1
1 532 25 446 272 23 69 1
1 532 26 446 272 23 69 1
1 532 27 446 272 23 69 1
1 532 28 444 272 23 69 1
1 532 29 444 272 23 69 1
1 532 30 444 273 23 70 1
1 532 31 444 273 23 70 1
1 532 32 442 273 23 70 1
1 532 33 442 273 23 70 1
1 532 34 442 273 23 70 1
1 532 35 442 273 23 70 1
1 532 36 440 273 24 70 1
1 532 37 440 273 24 70 1
1 532 38 440 273 24 70 1
1 532 39 439 273 23 70 1
1 532 40 439 273 23 70 1
1 532 41 439 273 23 70 1
1 532 42 439 273 23 70 1
1 532 43 437 273 23 70 1
1 532 44 437 275 23 69 1
1 532 45 437 275 23 69 1
1 532 46 437 275 23 69 1
1 532 47 435 275 23 69 1
1 532 48 435 275 23 69 1
1 532 49 435 275 23 69 1
1 532 50 435 275 23 69 1
1 532 51 433 275 23 69 1
1 532 52 433 275 23 69 1
1 532 53 433 275 23 69 1
1 532 54 433 275 23 69 1
1 532 55 432 275 23 69 1
1 532 56 432 275 23 69 1
1 532 57 432 275 23 69 1
1 532 58 432 277 23 69 1
1 532 59 432 277 23 69 1
1 532 60 432 277 23 69 1
1 532 61 432 277 23 69 1
1 532 62 432 277 24 69 1
1 532 63 433 277 23 69 1
1 532 64 433 277 23 69 1
1 532 65 433 277 23 69 1
1 532 66 433 277 25 71 1
1 532 67 433 277 25 71 1
1 532 68 435 277 23 71 1
1 532 69 435 277 23 71 1
1 532 70 435 279 25 69 1
1 532 71 435 279 25 69 1
1 532 72 437 279 23 69 1
1 532 73 437 279 23 69 1
1 532 74 437 279 25 71 1
1 532 75 437 279 25 71 1
1 532 76 437 279 25 71 1
1 532 77 439 279 23 71 1
1 532 78 439 279 25 71 1
1 532 79 439 279 25 71 1
1 532 80 439 279 25 71 1
1 532 81 440 280 25 72 1
1 532 82 440 280 25 72 1
1 532 83 440 280 25 72 1
1 532 84 440 280 25 72 1
1 532 85 440 280 27 72 1
1 532 86 442 280 25 72 1
1 532 87 442 280 25 72 1
1 532 88 442 280 25 72 1
1 532 89 442 280 27 73 1
1 532 90 442 280 27 73 1
1 532 91 444 280 25 73 1
1 532 92 444 280 25 73 1
1 532 93 444 282 27 71 1
1 532 94 444 282 27 71 1
1 532 95 446 282 25 71 1
1 532 96 446 282 25 71 1
1 532 97 446 282 26 73 1
1 532 98 446 282 26 73 1
1 532 99 446 282 26 73 1
1 532 100 448 282 24 73 1
1 532 101 448 282 26 73 1
1 532 102 448 282 26 73 1
1 532 103 448 282 26 73 1
1 532 104 449 284 27 73 1
1 532 105 449 284 27 73 1
1 532 106 449 284 27 73 1
1 532 107 449 284 27 73 1
1 532 108 449 284 29 73 1
1 532 109 451 284 27 73 1
1 532 110 451 284 27 73 1
1 532 111 451 284 27 73 1
1 532 112 451 284 29 75 1
1 532 113 451 284 29 75 1
1 532 114 453 284 27 75 1
1 532 115 453 284 27 75 1
1 532 116 453 286 28 73 1
1 532 117 453 286 28 73 1
1 532 118 455 286 26 73 1
1 532 119 455 286 26 73 1
1 532 120 455 286 28 74 1
1 532 121 455 286 28 74 1
1 532 122 455 286 28 74 1
1 532 123 456 286 27 74 1
1 532 124 456 286 29 74 1
1 532 125 456 286 29 74 1
1 532 126 456 286 29 74 1
1 532 127 458 288 29 74 1
1 532 128 458 288 29 74 1
1 532 129 458 288 29 74 1
1 532 130 460 288 28 74 1
1 532 131 460 288 28 74 1
1 532 132 462 288 28 76 1
1 532 133 462 288 28 76 1
1 532 134 462 288 28 76 1
1 532 135 464 288 28 76 1
1 532 136 464 288 28 76 1
1 532 137 465 288 29 78 1
1 532 138 465 288 29 78 1
1 532 139 465 288 31 78 1
1 532 140 467 288 29 78 1
1 532 141 467 288 29 80 1
1 532 142 469 289 28 79 1
1 532 143 469 289 28 79 1
1 532 144 469 289 30 79 1
1 532 145 471 289 28 79 1
1 532 146 471 289 28 80 1
1 532 147 472 289 29 80 1
1 532 148 472 289 29 80 1
1 532 149 472 289 31 80 1
1 532 150 474 289 29 80 1
1 532 151 474 289 30 82 1
1 532 152 476 289 28 82 1
1 532 153 476 289 28 82 1
1 532 154 476 289 30 82 1
1 532 155 478 289 28 84 1
1 532 156 478 289 30 84 1
1 532 157 480 291 28 82 1
1 532 158 480 291 28 82 1
1 532 159 480 291 30 82 1
1 532 160 481 291 29 84 1
1 532 161 481 291 31 84 1
1 532 162 483 291 29 84 1
1 532 163 483 291 30 84 1
1 532 164 485 291 28 85 1
1 532 165 485 291 28 85 1
1 532 166 485 291 30 85 1
1 532 167 487 291 28 85 1
1 532 168 487 291 30 85 1
1 532 169 488 291 29 87 1
1 532 170 488 291 31 87 1
1 532 171 488 291 31 87 1
1 532 172 490 293 29 85 1
1 532 173 490 293 30 85 1
1 532 174 492 293 28 87 1
1 532 175 492 293 30 87 1
1 532 176 492 293 30 87 1
1 532 177 494 293 28 87 1
1 532 178 494 293 30 89 1
1 532 179 496 293 28 89 1
1 532 180 496 293 30 89 1
1 532 181 496 293 30 89 1
1 532 182 497 293 31 89 1
1 532 183 497 293 31 91 1
1 532 184 499 293 29 91 1
1 532 185 499 293 30 91 1
1 532 186 499 293 30 91 1
1 532 187 501 295 30 89 1
1 532 188 501 295 30 90 1
1 532 189 503 295 28 90 1
1 532 190 503 295 30 90 1
1 532 191 503 295 30 90 1
1 532 192 504 295 31 92 1
1 532 193 504 295 31 92 1
1 532 194 506 295 30 92 1
1 532 195 506 295 30 92 1
1 532 196 506 295 30 92 1
1 532 197 508 295 30 94 1
1 532 198 508 295 30 94 1
1 532 199 510 295 30 94 1
1 532 200 510 295 30 94 1
1 532 201 512 296 30 95 1
1 532 202 512 296 30 95 1
1 532 203 513 296 31 95 1
1 532 204 513 296 31 95 1
1 532 205 515 296 30 95 1
1 532 206 515 298 30 94 1
1 532 207 517 298 30 94 1
1 532 208 517 298 30 94 1
1 532 209 519 298 30 94 1
1 532 210 519 298 30 94 1
1 532 211 520 300 31 94 1
1 532 212 520 300 31 94 1
1 532 213 522 300 30 94 1
1 532 214 522 300 30 94 1
1 532 215 524 302 30 94 1
1 532 216 524 302 30 94 1
1 532 217 526 302 30 94 1
1 532 218 526 302 30 94 1
1 532 219 528 302 30 94 1
1 532 220 528 304 30 94 1
1 532 221 529 304 31 94 1
1 532 222 529 304 31 94 1
1 532 223 531 304 30 94 1
1 532 224 531 305 30 95 1
1 532 225 533 305 30 95 1
1 532 226 533 305 30 95 1
1 532 227 535 305 30 95 1
1 532 228 535 305 30 95 1
1 532 229 536 307 31 94 1
1 532 230 536 307 31 94 1
1 532 231 538 307 30 94 1
1 532 232 538 307 30 94 1
1 532 233 540 309 30 94 1
1 532 234 540 309 30 94 1
1 532 235 542 309 30 94 1
1 532 236 542 309 30 94 1
1 532 237 544 309 30 94 1
1 532 238 544 311 30 94 1
1 532 239 545 311 31 94 1
1 532 240 545 311 31 94 1
1 532 241 547 311 30 94 1
1 532 242 547 311 30 94 1
1 532 243 549 312 30 95 1
1 532 244 549 312 30 95 1
1 532 245 551 312 30 95 1
1 532 246 551 312 30 95 1
1 532 247 552 314 31 94 1
1 532 248 552 314 31 94 1
1 532 249 554 314 30 94 1
1 532 250 554 314 30 94 1
1 532 251 556 314 30 94 1
1 532 252 556 316 30 94 1
1 532 253 558 316 30 94 1
1 532 254 558 316 30 94 1
1 532 255 560 316 30 94 1
1 532 256 560 318 30 94 1
1 532 257 561 318 31 94 1
1 532 258 561 318 31 94 1
1 532 259 563 318 30 94 1
1 532 260 563 318 30 94 1
1 532 261 565 320 30 94 1
1 532 262 565 320 30 94 1
1 532 263 567 320 30 94 1
1 532 264 567 320 30 94 1
1 532 265 568 321 31 95 1
1 532 266 568 321 31 95 1
1 532 267 568 321 32 95 1
1 532 268 570 321 30 95 1
1 532 269 570 321 32 96 1
1 532 270 570 321 32 96 1
1 532 271 572 321 32 96 1
1 532 272 572 321 32 98 1
1 532 273 572 321 34 98 1
1 532 274 574 321 32 98 1
1 532 275 574 321 34 100 1
1 532 276 574 321 34 100 1
1 532 277 576 323 33 98 1
1 532 278 576 323 33 100 1
1 532 279 576 323 35 100 1
1 532 280 577 323 34 100 1
1 532 281 577 323 36 101 1
1 532 282 577 323 36 101 1
1 532 283 579 323 36 101 1
1 532 284 579 323 36 101 1
1 532 285 579 323 37 103 1
1 532 286 581 323 35 103 1
1 532 287 581 323 37 103 1
1 532 288 581 323 37 105 1
1 532 289 583 325 37 103 1
1 532 290 583 325 37 103 1
1 532 291 583 325 39 105 1
1 532 292 584 325 38 105 1
1 532 293 584 325 40 105 1
1 532 294 584 325 40 107 1
1 532 295 586 325 39 107 1
1 532 296 586 325 39 107 1
1 532 297 586 325 41 108 1
1 532 298 588 325 39 108 1
1 532 299 588 325 41 108 1
1 532 300 590 327 41 108 1
1 532 301 590 327 41 108 1
1 532 302 592 327 40 108 1
1 532 303 593 327 39 108 1
1 532 304 593 327 41 108 1
1 532 305 595 328 41 107 1
1 532 306 597 328 39 107 1
1 532 307 597 328 41 107 1
1 532 308 599 328 41 107 1
1 532 309 600 328 40 107 1
1 532 310 600 330 41 105 1
1 532 311 602 330 41 105 1
1 532 312 604 330 39 107 1
1 532 313 604 330 41 107 1
1 532 314 606 332 41 105 1
1 532 315 608 332 39 105 1
1 532 316 608 332 40 105 1
1 532 317 609 332 41 105 1
1 532 318 611 332 39 105 1
1 532 319 611 334 41 103 1
1 532 320 613 334 41 103 1
1 532 321 615 334 39 103 1
1 532 322 615 334 41 103 1
1 532 323 616 336 41 103 1
1 532 324 618 336 39 103 1
1 532 325 618 336 41 103 1
1 532 326 620 336 39 103 1
1 532 327 622 336 39 103 1
1 532 328 622 337 41 102 1
1 532 329 624 337 39 102 1
1 532 330 625 337 39 102 1
1 532 331 625 337 41 102 1
1 532 332 627 337 39 102 1
1 532 333 629 339 39 100 1
1 532 334 629 339 41 100 1
1 532 335 631 339 39 101 1
1 532 336 632 339 40 101 1
1 532 337 632 341 41 99 1
1 532 338 634 341 39 99 1
1 532 339 636 341 39 99 1
1 532 340 636 341 41 99 1
1 532 341 638 341 39 99 1
1 532 342 640 343 39 97 1
1 532 343 640 343 40 97 1
1 532 344 641 343 39 97 1
1 532 345 643 343 39 97 1
1 532 346 645 344 39 98 1
1 532 347 645 344 39 98 1
1 532 348 647 344 39 100 1
1 532 349 648 344 40 102 1
1 532 350 650 344 39 104 1
1 532 351 650 346 41 103 1
1 532 352 652 346 41 103 1
1 532 353 654 346 41 105 1
1 532 354 656 346 40 107 1
1 532 355 657 346 41 109 1
1 532 356 657 348 43 108 1
1 532 357 659 348 43 110 1
1 532 358 661 348 43 110 1
1 532 359 663 348 42 112 1
1 532 360 663 350 44 112 1
1 532 361 664 350 45 114 1
1 532 362 666 350 45 115 1
1 532 363 668 350 44 117 1
1 532 364 670 350 44 117 1
1 532 365 670 352 46 117 1
1 532 366 672 352 46 119 1
1 532 367 673 352 47 120 1
1 532 368 675 352 46 122 1
1 532 369 677 353 46 123 1
1 532 370 677 353 46 123 1
1 532 371 679 353 46 123 1
1 532 372 680 353 47 125 1
1 532 373 682 355 46 123 1
1 532 374 682 355 46 125 1
1 532 375 684 355 46 125 1
1 532 376 686 357 46 124 1
1 532 377 688 357 46 124 1
1 532 378 689 357 47 126 1
1 532 379 689 359 47 124 1
1 532 380 691 359 46 126 1
1 532 381 693 359 46 126 1
1 532 382 695 359 46 126 1
1 532 383 695 360 46 127 1
1 532 384 696 360 47 127 1
1 532 385 698 360 46 128 1
1 532 386 700 362 46 126 1
1 532 387 702 362 46 128 1
1 532 388 702 362 46 128 1
1 532 389 704 364 46 128 1
1 532 390 705 364 47 128 1
1 532 391 707 364 46 130 1
1 532 392 707 364 46 130 1
1 532 393 709 366 46 130 1
1 532 394 711 366 46 130 1
1 532 395 712 366 47 130 1
1 532 396 714 368 46 129 1
1 532 397 714 368 46 129 1
1 532 398 716 368 46 131 1
1 532 399 718 369 46 130 1
1 532 400 720 369 46 132 1
1 532 401 720 369 46 132 1
1 532 402 721 369 47 134 1
1 532 403 723 371 46 132 1
1 532 404 725 371 46 133 1
1 532 405 727 371 46 133 1
1 532 406 727 373 46 133 1
1 532 407 728 373 47 133 1
1 532 408 730 373 46 133 1
1 532 409 732 375 46 133 1
1 532 410 732 375 46 133 1
1 532 411 734 375 46 135 1
1 532 412 736 375 46 135 1
1 532 413 737 376 47 136 1
1 532 414 739 376 46 136 1
1 532 415 739 376 46 137 1
1 532 416 741 378 46 135 1
1 532 417 743 378 46 137 1
1 532 418 744 378 47 137 1
1 532 419 746 380 46 137 1
1 532 420 748 380 46 137 1
1 532 421 750 380 46 139 1
1 532 422 752 382 46 137 1
1 532 423 753 382 47 138 1
1 532 424 755 384 46 136 1
1 532 425 757 384 46 138 1
1 532 426 759 384 46 140 1
1 532 427 760 385 47 139 1
1 532 428 762 385 48 141 1
1 532 429 764 387 48 139 1
1 532 430 766 387 48 141 1
1 532 431 768 387 48 142 1
1 532 432 769 389 48 140 1
1 532 433 771 389 48 142 1
1 532 434 773 391 48 140 1
1 532 435 775 391 48 142 1
1 532 436 776 391 48 144 1
1 532 437 778 392 50 143 1
1 532 438 780 392 50 144 1
1 532 439 782 394 50 142 1
1 532 440 784 394 49 144 1
1 532 441 785 394 50 146 1
1 532 442 787 396 50 144 1
1 532 443 789 396 50 146 1
1 532 444 791 398 49 144 1
1 532 445 792 398 52 146 1
1 532 446 794 398 52 147 1
1 532 447 796 400 52 145 1
1 532 448 798 400 51 147 1
1 532 449 800 401 51 146 1
1 532 450 801 401 52 148 1
1 532 451 803 401 52 150 1
1 532 452 805 403 51 148 1
1 532 453 807 403 51 149 1
1 532 454 808 405 54 147 1
1 532 455 810 405 54 149 1
1 532 456 812 407 53 147 1
1 532 457 814 407 53 149 1
1 532 458 816 407 53 151 1
1 532 459 817 408 54 150 1
1 532 460 819 408 53 152 1
1 532 461 821 410 53 150 1
1 532 462 823 410 53 151 1
1 532 463 824 410 56 153 1
1 532 464 826 412 55 151 1
1 532 465 828 412 55 153 1
1 532 466 830 414 55 151 1
1 532 467 832 414 55 153 1
1 532 468 833 414 55 154 1
1 532 469 835 416 55 152 1
1 532 470 837 416 55 154 1
1 532 471 839 417 57 153 1
1 532 472 840 417 57 155 1
1 532 473 842 417 57 157 1
1 532 474 844 419 57 155 1
1 532 475 846 419 57 157 1
1 532 476 848 421 56 155 1
1 532 477 849 421 57 156 1
1 532 478 851 421 57 158 1
1 532 479 853 423 57 156 1
1 532 480 855 423 58 158 1
1 532 481 856 424 59 157 1
1 532 482 858 424 59 159 1
1 532 483 860 424 59 160 1
1 532 484 862 426 58 158 1
1 532 485 864 426 58 160 1
1 532 486 865 428 59 158 1
1 532 487 867 428 59 160 1
1 532 488 869 430 60 160 1
1 532 489 871 430 60 162 1
1 532 490 872 430 63 163 1
1 532 491 876 432 60 163 1
1 532 492 878 432 62 165 1
1 532 493 880 433 62 166 1
1 532 494 883 433 62 167 1
1 532 495 885 435 62 167 1
1 532 496 888 435 63 169 1
1 532 497 890 437 62 171 1
1 532 498 892 437 64 172 1
1 532 499 896 439 62 172 1
1 532 500 897 439 64 174 1
1 532 501 901 440 62 175 1
1 532 502 903 440 64 176 1
1 532 503 904 442 64 176 1
1 532 504 908 442 64 178 1
1 532 505 910 444 64 178 1
1 532 506 913 444 64 181 1
1 532 507 915 446 64 181 1
1 532 508 917 446 66 183 1
1 532 509 920 448 64 183 1
1 532 510 922 448 66 184 1
1 532 511 926 449 64 185 1
1 532 512 928 449 65 187 1
1 532 513 929 451 66 187 1
1 532 514 933 451 66 190 1
1 532 515 935 453 65 190 1
1 532 516 938 453 66 192 1
1 532 517 940 455 66 192 1
1 532 518 942 455 67 193 1
1 532 519 945 456 66 194 1
1 532 520 947 456 68 196 1
1 532 521 951 458 65 196 1
1 532 522 952 458 68 198 1
1 532 523 954 460 68 199 1
1 532 524 958 460 67 201 1
1 532 525 960 462 67 201 1
1 532 526 963 462 68 202 1
1 532 527 965 464 67 202 1
1 532 528 967 464 69 204 1
1 532 529 970 465 68 205 1
1 532 530 972 465 69 207 1
1 532 531 976 467 69 208 1
2 525 7 488 268 24 68 1
2 525 8 487 268 23 68 1
2 525 9 487 268 23 68 1
2 525 10 485 268 23 68 1
2 525 11 485 268 23 68 1
2 525 12 483 268 23 68 1
2 525 13 483 268 23 68 1
2 525 14 483 268 21 68 1
2 525 15 481 268 23 68 1
2 525 16 481 268 22 68 1
2 525 17 480 270 23 66 1
2 525 18 480 270 23 66 1
2 525 19 480 270 21 66 1
2 525 20 478 270 23 66 1
2 525 21 478 270 21 66 1
2 525 22 476 270 23 67 1
2 525 23 476 270 21 67 1
2 525 24 474 270 23 67 1
2 525 25 474 270 22 67 1
2 525 26 474 270 22 67 1
2 525 27 472 272 24 65 1
2 525 28 472 272 22 65 1
2 525 29 471 272 23 65 1
2 525 30 471 272 21 65 1
2 525 31 471 272 21 65 1
2 525 32 469 272 21 65 1
2 525 33 469 272 21 65 1
2 525 34 467 272 21 65 1
2 525 35 467 272 21 65 1
2 525 36 467 273 21 66 1
2 525 37 465 273 22 66 1
2 525 38 465 273 22 66 1
2 525 39 465 273 22 66 1
2 525 40 465 273 22 66 1
2 525 41 465 273 22 66 1
2 525 42 465 273 22 66 1
2 525 43 465 273 22 66 1
2 525 44 465 273 22 68 1
2 525 45 465 273 22 68 1
2 525 46 465 273 22 68 1
2 525 47 465 275 22 66 1
2 525 48 464 275 21 66 1
2 525 49 464 275 21 66 1
2 525 50 464 275 21 66 1
2 525 51 464 275 21 68 1
2 525 52 464 275 21 68 1
2 525 53 464 275 21 68 1
2 525 54 464 275 21 68 1
2 525 55 464 275 21 68 1
2 525 56 464 275 21 68 1
2 525 57 464 275 21 68 1
2 525 58 464 277 21 67 1
2 525 59 462 277 23 67 1
2 525 60 462 277 23 67 1
2 525 61 462 277 23 67 1
2 525 62 462 277 23 67 1
2 525 63 462 277 23 67 1
2 525 64 462 277 23 69 1
2 525 65 462 277 23 69 1
2 525 66 462 277 23 69 1
2 525 67 462 277 23 69 1
2 525 68 462 279 25 67 1
2 525 69 462 279 25 67 1
2 525 70 462 279 25 69 1
2 525 71 462 279 25 69 1
2 525 72 462 279 25 69 1
2 525 73 462 279 25 69 1
2 525 74 462 279 25 69 1
2 525 75 462 279 25 69 1
2 525 76 462 279 25 71 1
2 525 77 462 279 25 71 1
2 525 78 462 280 26 70 1
2 525 79 462 280 26 70 1
2 525 80 462 280 26 70 1
2 525 81 462 280 26 70 1
2 525 82 462 280 26 72 1
2 525 83 462 280 26 72 1
2 525 84 462 280 26 72 1
2 525 85 462 280 26 72 1
2 525 86 462 280 26 72 1
2 525 87 462 282 28 71 1
2 525 88 462 282 28 71 1
2 525 89 462 282 28 71 1
2 525 90 464 282 26 71 1
2 525 91 464 282 28 71 1
2 525 92 465 282 27 71 1
2 525 93 465 282 27 71 1
2 525 94 465 282 29 71 1
2 525 95 467 284 27 69 1
2 525 96 467 284 27 69 1
2 525 97 469 284 27 69 1
2 525 98 469 284 27 69 1
2 525 99 471 284 25 69 1
2 525 100 471 284 26 69 1
2 525 101 471 284 26 71 1
2 525 102 472 284 25 71 1
2 525 103 472 286 27 69 1
2 525 104 474 286 25 69 1
2 525 105 474 286 25 69 1
2 525 106 476 286 25 69 1
2 525 107 476 286 25 69 1
2 525 108 476 286 25 69 1
2 525 109 478 286 25 69 1
2 525 110 478 286 25 69 1
2 525 111 480 288 23 67 1
2 525 112 480 288 24 67 1
2 525 113 481 288 23 67 1
2 525 114 481 288 23 69 1
2 525 115 481 288 25 69 1
2 525 116 483 288 23 69 1
2 525 117 483 288 23 69 1
2 525 118 485 288 23 69 1
2 525 119 485 289 23 68 1
2 525 120 487 289 21 68 1
2 525 121 487 289 23 68 1
2 525 122 487 289 23 68 1
2 525 123 488 289 22 68 1
2 525 124 488 289 24 68 1
2 525 125 490 289 22 68 1
2 525 126 490 289 22 68 1
2 525 127 492 291 21 68 1
2 525 128 492 291 21 68 1
2 525 129 492 291 21 68 1
2 525 130 494 291 21 68 1
2 525 131 494 291 21 68 1
2 525 132 494 291 21 69 1
2 525 133 496 291 21 69 1
2 525 134 496 291 21 69 1
2 525 135 497 291 22 69 1
2 525 136 497 291 22 71 1
2 525 137 497 291 22 71 1
2 525 138 499 291 21 71 1
2 525 139 499 291 21 71 1
2 525 140 499 291 21 73 1
2 525 141 501 291 21 73 1
2 525 142 501 291 21 73 1
2 525 143 503 291 21 73 1
2 525 144 503 291 21 75 1
2 525 145 503 291 21 75 1
2 525 146 504 291 22 75 1
2 525 147 504 291 22 75 1
2 525 148 504 291 22 77 1
2 525 149 506 291 22 77 1
2 525 150 506 291 22 77 1
2 525 151 508 291 21 77 1
2 525 152 508 293 21 76 1
2 525 153 508 293 21 76 1
2 525 154 510 293 21 76 1
2 525 155 510 293 21 76 1
2 525 156 510 293 21 78 1
2 525 157 512 293 21 78 1
2 525 158 512 293 21 78 1
2 525 159 513 293 22 78 1
2 525 160 513 293 22 80 1
2 525 161 513 293 22 80 1
2 525 162 515 293 21 80 1
2 525 163 515 293 21 80 1
2 525 164 517 293 21 82 1
2 525 165 517 293 21 82 1
2 525 166 517 293 21 82 1
2 525 167 519 293 21 82 1
2 525 168 519 293 21 82 1
2 525 169 519 293 21 83 1
2 525 170 520 293 22 83 1
2 525 171 520 293 22 83 1
2 525 172 522 293 22 83 1
2 525 173 522 293 22 85 1
2 525 174 522 293 22 85 1
2 525 175 524 293 21 85 1
2 525 176 524 293 21 85 1
2 525 177 524 295 21 85 1
2 525 178 526 295 21 85 1
2 525 179 526 295 21 85 1
2 525 180 528 295 21 85 1
2 525 181 528 295 21 87 1
2 525 182 528 295 21 87 1
2 525 183 529 295 22 87 1
2 525 184 529 295 22 87 1
2 525 185 529 295 22 89 1
2 525 186 531 295 21 89 1
2 525 187 531 295 21 89 1
2 525 188 533 295 21 89 1
2 525 189 533 295 21 90 1
2 525 190 533 295 21 90 1
2 525 191 535 295 21 90 1
2 525 192 535 295 21 90 1
2 525 193 535 295 21 92 1
2 525 194 536 295 22 92 1
2 525 195 536 295 22 92 1
2 525 196 538 295 22 92 1
2 525 197 538 295 22 94 1
2 525 198 538 295 22 94 1
2 525 199 540 295 21 94 1
2 525 200 540 295 21 94 1
2 525 201 542 296 21 95 1
2 525 202 542 296 21 95 1
2 525 203 542 296 23 95 1
2 525 204 544 296 21 95 1
2 525 205 544 296 23 95 1
2 525 206 545 296 22 95 1
2 525 207 545 296 23 95 1
2 525 208 547 298 21 94 1
2 525 209 547 298 23 94 1
2 525 210 549 298 21 94 1
2 525 211 549 298 23 94 1
2 525 212 549 298 23 94 1
2 525 213 551 298 23 94 1
2 525 214 551 300 23 94 1
2 525 215 552 300 24 94 1
2 525 216 552 300 24 94 1
2 525 217 554 300 23 94 1
2 525 218 554 300 23 94 1
2 525 219 556 300 23 94 1
2 525 220 556 300 23 94 1
2 525 221 558 302 23 94 1
2 525 222 558 302 23 94 1
2 525 223 558 302 25 94 1
2 525 224 560 302 23 94 1
2 525 225 560 302 24 94 1
2 525 226 561 302 23 94 1
2 525 227 561 304 25 94 1
2 525 228 563 304 23 94 1
2 525 229 563 304 25 94 1
2 525 230 565 304 23 94 1
2 525 231 565 304 25 94 1
2 525 232 567 304 23 94 1
2 525 233 567 305 25 95 1
2 525 234 567 305 26 95 1
2 525 235 568 305 25 95 1
2 525 236 568 305 27 95 1
2 525 237 570 305 25 95 1
2 525 238 570 305 27 95 1
2 525 239 572 305 25 95 1
2 525 240 572 307 27 94 1
2 525 241 574 307 25 94 1
2 525 242 574 307 26 94 1
2 525 243 576 307 24 94 1
2 525 244 576 307 26 94 1
2 525 245 576 307 26 94 1
2 525 246 577 309 27 94 1
2 525 247 577 309 27 94 1
2 525 248 579 309 27 94 1
2 525 249 579 309 27 94 1
2 525 250 581 309 27 94 1
2 525 251 581 309 27 94 1
2 525 252 583 309 26 94 1
2 525 253 583 311 26 94 1
2 525 254 584 311 27 94 1
2 525 255 584 311 27 94 1
2 525 256 584 311 29 94 1
2 525 257 586 311 27 94 1
2 525 258 586 311 29 94 1
2 525 259 588 312 27 95 1
2 525 260 588 312 28 95 1
2 525 261 590 312 26 95 1
2 525 262 590 312 28 95 1
2 525 263 592 312 26 95 1
2 525 264 592 312 28 95 1
2 525 265 593 314 29 94 1
2 525 266 593 314 29 94 1
2 525 267 595 314 29 94 1
2 525 268 595 314 29 94 1
2 525 269 597 314 28 96 1
2 525 270 597 314 30 96 1
2 525 271 599 314 28 96 1
2 525 272 600 316 29 96 1
2 525 273 600 316 31 96 1
2 525 274 602 316 29 96 1
2 525 275 602 316 30 96 1
2 525 276 604 316 30 98 1
2 525 277 604 316 30 98 1
2 525 278 606 316 30 98 1
2 525 279 608 318 30 98 1
2 525 280 608 318 30 98 1
2 525 281 609 318 31 98 1
2 525 282 609 318 32 98 1
2 525 283 611 318 30 99 1
2 525 284 611 318 32 99 1
2 525 285 613 318 32 99 1
2 525 286 615 320 30 99 1
2 525 287 615 320 32 99 1
2 525 288 616 320 32 99 1
2 525 289 616 320 32 99 1
2 525 290 618 320 32 101 1
2 525 291 618 320 34 101 1
2 525 292 620 320 32 101 1
2 525 293 622 321 32 102 1
2 525 294 622 321 34 102 1
2 525 295 624 321 32 102 1
2 525 296 624 321 33 102 1
2 525 297 625 321 34 103 1
2 525 298 625 321 34 103 1
2 525 299 627 321 34 103 1
2 525 300 629 323 34 103 1
2 525 301 629 323 34 103 1
2 525 302 631 323 33 103 1
2 525 303 632 325 34 103 1
2 525 304 634 325 34 103 1
2 525 305 634 325 36 103 1
2 525 306 636 327 34 103 1
2 525 307 638 327 34 103 1
2 525 308 640 327 33 103 1
2 525 309 640 328 35 104 1
2 525 310 641 328 36 104 1
2 525 311 643 328 34 104 1
2 525 312 645 330 34 103 1
2 525 313 645 330 35 103 1
2 525 314 647 330 35 103 1
2 525 315 648 332 36 103 1
2 525 316 650 332 34 103 1
2 525 317 650 332 36 103 1
2 525 318 652 334 36 103 1
2 525 319 654 334 35 103 1
2 525 320 656 334 35 103 1
2 525 321 656 336 35 103 1
2 525 322 657 336 36 103 1
2 525 323 659 336 36 103 1
2 525 324 661 337 35 103 1
2 525 325 661 337 37 103 1
2 525 326 663 337 35 103 1
2 525 327 664 339 36 103 1
2 525 328 666 339 36 103 1
2 525 329 666 339 38 103 1
2 525 330 668 341 37 103 1
2 525 331 670 341 35 103 1
2 525 332 672 341 35 103 1
2 525 333 672 343 37 103 1
2 525 334 673 343 38 103 1
2 525 335 675 343 37 103 1
2 525 336 677 344 35 104 1
2 525 337 677 344 37 104 1
2 525 338 679 344 37 104 1
2 525 339 680 346 38 103 1
2 525 340 682 346 38 103 1
2 525 341 684 348 37 103 1
2 525 342 684 348 37 103 1
2 525 343 686 348 37 103 1
2 525 344 688 348 37 105 1
2 525 345 688 348 39 105 1
2 525 346 689 350 39 103 1
2 525 347 691 350 39 105 1
2 525 348 691 350 41 105 1
2 525 349 693 350 41 105 1
2 525 350 695 352 41 104 1
2 525 351 696 352 40 104 1
2 525 352 696 352 41 106 1
2 525 353 698 352 41 106 1
2 525 354 700 352 41 106 1
2 525 355 700 353 43 107 1
2 525 356 702 353 42 107 1
2 525 357 704 353 42 107 1
2 525 358 704 353 44 109 1
2 525 359 705 355 45 107 1
2 525 360 707 355 43 109 1
2 525 361 709 355 43 109 1
2 525 362 709 355 44 109 1
2 525 363 711 355 44 110 1
2 525 364 712 357 45 108 1
2 525 365 712 357 47 108 1
2 525 366 714 357 46 110 1
2 525 367 716 357 46 110 1
2 525 368 718 359 46 110 1
2 525 369 718 359 46 110 1
2 525 370 720 359 46 112 1
2 525 371 721 359 47 112 1
2 525 372 723 360 46 112 1
2 525 373 725 360 46 112 1
2 525 374 725 360 48 114 1
2 525 375 727 360 48 114 1
2 525 376 728 362 48 114 1
2 525 377 730 362 48 114 1
2 525 378 732 362 48 116 1
2 525 379 732 362 50 116 1
2 525 380 734 364 48 116 1
2 525 381 736 364 48 116 1
2 525 382 737 364 48 117 1
2 525 383 739 364 48 117 1
2 525 384 741 366 48 117 1
2 525 385 741 366 50 117 1
2 525 386 743 366 49 119 1
2 525 387 744 366 50 119 1
2 525 388 746 368 50 119 1
2 525 389 748 368 50 119 1
2 525 390 748 368 52 120 1
2 525 391 750 368 51 120 1
2 525 392 752 369 49 121 1
2 525 393 753 369 50 121 1
2 525 394 755 369 50 123 1
2 525 395 755 369 52 123 1
2 525 396 757 371 51 123 1
2 525 397 759 371 51 123 1
2 525 398 760 371 52 125 1
2 525 399 762 371 52 125 1
2 525 400 764 373 52 124 1
2 525 401 764 373 53 124 1
2 525 402 766 373 53 126 1
2 525 403 768 373 53 126 1
2 525 404 769 375 52 126 1
2 525 405 771 375 52 126 1
2 525 406 771 375 53 128 1
2 525 407 773 375 53 128 1
2 525 408 775 376 53 128 1
2 525 409 776 376 54 128 1
2 525 410 778 376 54 130 1
2 525 411 778 376 55 130 1
2 525 412 780 378 55 130 1
2 525 413 782 378 55 130 1
2 525 414 784 378 55 132 1
2 525 415 785 378 55 132 1
2 525 416 787 380 53 132 1
2 525 417 787 380 55 132 1
2 525 418 789 380 55 133 1
2 525 419 791 380 55 133 1
2 525 420 792 382 56 133 1
2 525 421 794 382 55 133 1
2 525 422 794 382 57 135 1
2 525 423 796 382 57 135 1
2 525 424 798 384 57 135 1
2 525 425 800 384 56 135 1
2 525 426 801 384 57 136 1
2 525 427 803 385 57 137 1
2 525 428 805 385 57 137 1
2 525 429 807 385 57 139 1
2 525 430 808 387 57 137 1
2 525 431 810 387 59 139 1
2 525 432 814 389 57 137 1
2 525 433 816 389 56 139 1
2 525 434 817 391 57 137 1
2 525 435 819 391 59 138 1
2 525 436 821 391 59 140 1
2 525 437 824 392 57 139 1
2 525 438 826 392 57 141 1
2 525 439 828 394 59 139 1
2 525 440 830 394 58 141 1
2 525 441 832 396 58 139 1
2 525 442 835 396 57 140 1
2 525 443 837 396 59 142 1
2 525 444 839 398 58 140 1
2 525 445 840 398 59 142 1
2 525 446 842 400 61 140 1
2 525 447 846 400 58 142 1
2 525 448 848 401 58 141 1
2 525 449 849 401 59 143 1
2 525 450 851 401 61 144 1
2 525 451 855 403 58 142 1
2 525 452 856 403 59 144 1
2 525 453 858 405 59 142 1
2 525 454 860 405 60 144 1
2 525 455 862 407 60 142 1
2 525 456 865 407 59 144 1
2 525 457 867 407 59 145 1
2 525 458 869 408 60 144 1
2 525 459 871 408 60 146 1
2 525 460 872 410 61 144 1
2 525 461 876 410 59 146 1
2 525 462 878 412 60 144 1
2 525 463 880 412 60 146 1
2 525 464 881 412 61 148 1
2 525 465 883 414 62 146 1
2 525 466 887 414 60 147 1
2 525 467 888 416 61 145 1
2 525 468 890 416 61 147 1
2 525 469 892 417 62 146 1
2 525 470 894 417 62 148 1
2 525 471 897 417 61 150 1
2 525 472 899 419 61 148 1
2 525 473 901 419 62 149 1
2 525 474 903 421 62 147 1
2 525 475 906 421 61 149 1
2 525 476 908 423 60 147 1
2 525 477 910 423 62 149 1
2 525 478 912 423 62 151 1
2 525 479 913 424 63 150 1
2 525 480 917 424 60 152 1
2 525 481 919 426 62 150 1
2 525 482 920 426 63 151 1
2 525 483 922 428 62 149 1
2 525 484 924 428 64 151 1
2 525 485 928 428 62 153 1
2 525 486 929 430 63 151 1
2 525 487 931 430 62 153 1
2 525 488 933 432 64 151 1
2 525 489 935 432 64 152 1
2 525 490 938 433 62 151 1
2 525 491 940 433 62 153 1
2 525 492 942 433 64 155 1
2 525 493 944 435 64 153 1
2 525 494 945 435 64 155 1
2 525 495 949 437 62 153 1
2 525 496 951 437 64 155 1
2 525 497 952 439 64 153 1
2 525 498 954 439 64 154 1
2 525 499 958 440 64 155 1
2 525 500 960 440 64 157 1
2 525 501 963 442 64 157 1
2 525 502 965 444 64 156 1
2 525 503 968 444 64 158 1
2 525 504 970 446 64 158 1
2 525 505 974 448 64 160 1
2 525 506 977 448 64 161 1
2 525 507 979 449 64 162 1
2 525 508 983 451 64 162 1
2 525 509 984 451 64 164 1
2 525 510 988 453 64 165 1
2 525 511 992 455 64 165 1
2 525 512 993 455 64 167 1
2 525 513 997 456 64 168 1
2 525 514 999 458 64 167 1
2 525 515 1002 460 64 169 1
2 525 516 1006 460 64 171 1
2 525 517 1008 462 64 170 1
2 525 518 1011 464 64 170 1
2 525 519 1013 464 64 172 1
2 525 520 1016 465 64 173 1
2 525 521 1020 467 64 174 1
2 525 522 1022 467 64 176 1
2 525 523 1025 469 64 176 1
2 525 524 1027 471 64 176 1
2 525 525 1031 471 64 177 1
2 525 526 1034 472 64 180 1
2 525 527 1036 474 64 180 1
2 525 528 1040 474 64 182 1
2 525 529 1041 476 64 181 1
2 525 530 1045 478 64 181 1
2 525 531 1048 480 64 183 1
3 532 0 7 368 32 69 1
3 532 1 5 368 34 69 1
3 532 2 5 368 34 69 1
3 532 3 5 368 34 69 1
3 532 4 5 368 34 69 1
3 532 5 5 368 34 69 1
3 532 6 5 368 34 69 1
3 532 7 5 368 34 69 1
3 532 8 5 368 34 69 1
3 532 9 5 368 34 69 1
3 532 10 5 368 34 69 1
3 532 11 5 368 34 69 1
3 532 12 5 368 34 69 1
3 532 13 5 368 34 69 1
3 532 14 5 368 34 69 1
3 532 15 5 368 34 69 1
3 532 16 5 368 34 69 1
3 532 17 5 368 34 69 1
3 532 18 5 368 34 69 1
3 532 19 5 368 34 69 1
3 532 20 5 368 34 69 1
3 532 21 5 368 34 69 1
3 532 22 5 368 34 69 1
3 532 23 5 368 34 69 1
3 532 24 5 368 34 69 1
3 532 25 5 368 34 69 1
3 532 26 5 368 34 69 1
3 532 27 5 368 34 69 1
3 532 28 5 368 34 69 1
3 532 29 5 368 34 69 1
3 532 30 5 368 34 69 1
3 532 31 5 368 34 69 1
3 532 32 5 368 34 69 1
3 532 33 5 368 34 69 1
3 532 34 5 368 34 69 1
3 532 35 5 368 34 69 1
3 532 36 5 368 34 69 1
3 532 37 5 368 34 69 1
3 532 38 5 368 34 69 1
3 532 39 5 368 34 69 1
3 532 40 5 368 34 69 1
3 532 41 5 368 34 69 1
3 532 42 5 368 34 69 1
3 532 43 5 368 34 69 1
3 532 44 5 368 34 69 1
3 532 45 5 368 34 69 1
3 532 46 5 368 34 69 1
3 532 47 5 368 34 69 1
3 532 48 5 368 34 69 1
3 532 49 5 368 34 69 1
3 532 50 5 368 34 69 1
3 532 51 5 368 34 69 1
3 532 52 5 368 34 69 1
3 532 53 5 368 34 69 1
3 532 54 5 368 34 69 1
3 532 55 3 368 36 69 1
3 532 56 3 368 36 69 1
3 532 57 3 368 36 69 1
3 532 58 3 368 36 69 1
3 532 59 3 368 36 69 1
3 532 60 3 368 36 69 1
3 532 61 3 368 36 69 1
3 532 62 3 368 36 69 1
3 532 63 3 368 36 69 1
3 532 64 3 368 36 69 1
3 532 65 3 368 36 69 1
3 532 66 3 368 36 69 1
3 532 67 3 368 36 69 1
3 532 68 3 368 36 69 1
3 532 69 3 368 36 69 1
3 532 70 3 368 36 69 1
3 532 71 3 368 36 69 1
3 532 72 3 368 36 69 1
3 532 73 3 368 36 69 1
3 532 74 3 368 36 69 1
3 532 75 3 368 36 69 1
3 532 76 3 368 36 69 1
3 532 77 3 368 36 69 1
3 532 78 3 368 36 69 1
3 532 79 3 368 36 69 1
3 532 80 3 368 36 69 1
3 532 81 3 368 36 69 1
3 532 82 3 368 36 69 1
3 532 83 3 368 36 69 1
3 532 84 3 368 36 69 1
3 532 85 3 368 36 69 1
3 532 86 3 368 36 69 1
3 532 87 3 368 36 69 1
3 532 88 3 368 36 69 1
3 532 89 3 368 36 69 1
3 532 90 3 368 36 69 1
3 532 91 3 368 36 69 1
3 532 92 3 368 36 69 1
3 532 93 3 368 36 69 1
3 532 94 3 368 36 69 1
3 532 95 3 368 36 69 1
3 532 96 3 368 36 69 1
3 532 97 3 368 36 69 1
3 532 98 3 368 36 69 1
3 532 99 3 368 36 69 1
3 532 100 3 368 36 69 1
3 532 101 3 368 36 69 1
3 532 102 3 368 36 69 1
3 532 103 3 368 36 69 1
3 532 104 3 368 36 69 1
3 532 105 3 368 36 69 1
3 532 106 3 368 36 69 1
3 532 107 3 368 36 69 1
3 532 108 3 368 36 69 1
3 532 109 1 368 38 69 1
3 532 110 1 368 38 69 1
3 532 111 1 368 38 69 1
3 532 112 1 368 38 69 1
3 532 113 1 368 38 69 1
3 532 114 1 368 38 69 1
3 532 115 1 368 38 69 1
3 532 116 1 368 38 69 1
3 532 117 1 368 38 69 1
3 532 118 1 368 38 69 1
3 532 119 1 368 38 69 1
3 532 120 1 368 38 69 1
3 532 121 1 368 38 69 1
3 532 122 1 368 38 69 1
3 532 123 1 368 38 69 1
3 532 124 1 368 38 69 1
3 532 125 1 368 38 69 1
3 532 126 1 368 38 69 1
3 532 127 1 368 38 69 1
3 532 128 1 368 38 69 1
3 532 129 1 368 38 69 1
3 532 130 1 368 38 69 1
3 532 131 1 368 38 69 1
3 532 132 1 368 38 69 1
3 532 133 1 368 38 69 1
3 532 134 1 368 38 69 1
3 532 135 1 368 38 69 1
3 532 136 1 368 38 69 1
3 532 137 1 368 38 69 1
3 532 138 1 368 38 69 1
3 532 139 1 368 38 69 1
3 532 140 1 368 38 69 1
3 532 141 1 368 38 69 1
3 532 142 1 368 38 69 1
3 532 143 1 368 38 69 1
3 532 144 1 368 38 69 1
3 532 145 1 368 38 69 1
3 532 146 1 368 38 69 1
3 532 147 1 368 38 69 1
3 532 148 1 368 38 69 1
3 532 149 1 368 38 69 1
3 532 150 1 368 38 69 1
3 532 151 1 368 38 69 1
3 532 152 1 368 38 69 1
3 532 153 1 368 38 69 1
3 532 154 1 368 38 69 1
3 532 155 1 368 38 69 1
3 532 156 1 368 38 69 1
3 532 157 1 368 38 69 1
3 532 158 1 368 38 69 1
3 532 159 1 368 38 69 1
3 532 160 1 368 38 69 1
3 532 161 1 368 38 69 1
3 532 162 1 368 38 69 1
3 532 163 1 368 39 69 1
3 532 164 1 368 39 69 1
3 532 165 1 368 39 69 1
3 532 166 1 368 39 69 1
3 532 167 1 368 39 69 1
3 532 168 1 368 39 69 1
3 532 169 1 368 39 69 1
3 532 170 1 368 39 69 1
3 532 171 1 368 39 69 1
3 532 172 1 368 39 69 1
3 532 173 1 368 39 69 1
3 532 174 1 368 39 69 1
3 532 175 1 368 39 69 1
3 532 176 1 368 39 69 1
3 532 177 1 368 39 69 1
3 532 178 1 368 39 69 1
3 532 179 1 368 39 69 1
3 532 180 3 368 39 69 1
3 532 181 3 366 39 69 1
3 532 182 3 366 41 69 1
3 532 183 3 366 41 69 1
3 532 184 5 366 41 69 1
3 532 185 5 366 41 69 1
3 532 186 5 366 43 69 1
3 532 187 5 366 44 69 1
3 532 188 7 366 42 69 1
3 532 189 7 366 44 69 1
3 532 190 7 366 44 69 1
3 532 191 7 366 46 69 1
3 532 192 8 366 45 69 1
3 532 193 8 366 47 69 1
3 532 194 8 364 48 69 1
3 532 195 10 364 46 69 1
3 532 196 10 364 48 69 1
3 532 197 10 364 48 69 1
3 532 198 10 364 50 69 1
3 532 199 12 364 48 69 1
3 532 200 12 364 50 69 1
3 532 201 12 364 52 69 1
3 532 202 12 364 52 69 1
3 532 203 14 364 51 69 1
3 532 204 14 364 51 69 1
3 532 205 14 364 53 69 1
3 532 206 16 364 53 69 1
3 532 207 16 362 53 71 1
3 532 208 16 360 53 73 1
3 532 209 16 359 53 74 1
3 532 210 16 357 53 76 1
3 532 211 16 355 53 78 1
3 532 212 16 353 53 80 1
3 532 213 16 352 53 81 1
3 532 214 16 350 53 83 1
3 532 215 16 348 53 85 1
3 532 216 16 346 53 87 1
3 532 217 16 344 53 89 1
3 532 218 16 343 53 90 1
3 532 219 16 341 53 92 1
3 532 220 16 341 53 92 1
3 532 221 16 341 53 92 1
3 532 222 16 341 53 92 1
3 532 223 16 341 53 92 1
3 532 224 17 341 52 92 1
3 532 225 17 339 52 94 1
3 532 226 17 339 52 94 1
3 532 227 17 339 52 94 1
3 532 228 17 339 52 94 1
3 532 229 17 339 54 94 1
3 532 230 19 339 52 94 1
3 532 231 19 337 52 96 1
3 532 232 19 337 52 96 1
3 532 233 19 337 52 96 1
3 532 234 19 337 52 96 1
3 532 235 19 337 52 96 1
3 532 236 21 337 50 96 1
3 532 237 21 336 50 97 1
3 532 238 21 336 50 97 1
3 532 239 21 336 50 97 1
3 532 240 21 336 51 97 1
3 532 241 21 336 51 97 1
3 532 242 23 336 49 97 1
3 532 243 23 334 49 99 1
3 532 244 23 334 49 99 1
3 532 245 23 334 49 99 1
3 532 246 23 334 49 99 1
3 532 247 23 334 49 99 1
3 532 248 24 334 48 99 1
3 532 249 24 332 48 101 1
3 532 250 24 332 48 101 1
3 532 251 24 332 50 101 1
3 532 252 24 332 50 101 1
3 532 253 24 332 50 101 1
3 532 254 26 332 48 101 1
3 532 255 26 330 48 103 1
3 532 256 26 330 48 103 1
3 532 257 26 330 48 103 1
3 532 258 26 330 48 103 1
3 532 259 26 330 48 103 1
3 532 260 28 330 46 103 1
3 532 261 28 328 46 105 1
3 532 262 28 328 48 105 1
3 532 263 28 328 48 105 1
3 532 264 28 328 48 105 1
3 532 265 28 328 48 105 1
3 532 266 30 328 46 105 1
3 532 267 30 327 46 106 1
3 532 268 30 327 46 106 1
3 532 269 30 327 46 106 1
3 532 270 30 327 46 106 1
3 532 271 30 327 46 106 1
3 532 272 32 327 46 106 1
3 532 273 32 327 46 106 1
3 532 274 32 327 46 106 1
3 532 275 32 327 46 106 1
3 532 276 32 327 46 106 1
3 532 277 32 327 46 106 1
3 532 278 32 327 46 106 1
3 532 279 32 327 46 106 1
3 532 280 32 327 46 106 1
3 532 281 32 327 46 106 1
3 532 282 32 327 46 106 1
3 532 283 32 327 46 106 1
3 532 284 32 327 46 106 1
3 532 285 32 327 46 106 1
3 532 286 32 327 46 106 1
3 532 287 32 327 46 106 1
3 532 288 32 327 46 106 1
3 532 289 32 327 46 106 1
3 532 290 32 327 46 106 1
3 532 291 32 327 46 106 1
3 532 292 32 327 46 106 1
3 532 293 32 327 46 106 1
3 532 294 32 327 46 106 1
3 532 295 32 327 46 106 1
3 532 296 32 327 46 106 1
3 532 297 32 327 46 106 1
3 532 298 32 327 46 106 1
3 532 299 32 327 46 106 1
3 532 300 32 327 46 106 1
3 532 301 30 327 46 105 1
3 532 302 30 327 46 105 1
3 532 303 30 327 46 105 1
3 532 304 30 327 46 105 1
3 532 305 30 327 46 105 1
3 532 306 30 327 46 105 1
3 532 307 30 327 46 105 1
3 532 308 30 327 46 105 1
3 532 309 30 327 46 105 1
3 532 310 30 327 46 105 1
3 532 311 30 328 46 104 1
3 532 312 30 328 46 104 1
3 532 313 30 328 46 104 1
3 532 314 30 328 46 104 1
3 532 315 30 328 46 104 1
3 532 316 30 328 46 104 1
3 532 317 30 328 46 104 1
3 532 318 30 328 44 104 1
3 532 319 30 328 44 104 1
3 532 320 30 328 44 104 1
3 532 321 28 328 46 104 1
3 532 322 28 330 46 102 1
3 532 323 28 330 46 102 1
3 532 324 28 330 46 102 1
3 532 325 28 330 46 102 1
3 532 326 28 330 46 102 1
3 532 327 28 330 46 102 1
3 532 328 28 330 46 102 1
3 532 329 28 330 46 102 1
3 532 330 28 330 46 102 1
3 532 331 28 330 46 102 1
3 532 332 28 330 46 102 1
3 532 333 28 332 46 100 1
3 532 334 28 332 46 100 1
3 532 335 28 332 44 100 1
3 532 336 28 332 44 100 1
3 532 337 28 332 44 100 1
3 532 338 28 332 44 100 1
3 532 339 28 332 44 100 1
3 532 340 28 332 44 100 1
3 532 341 26 332 46 100 1
3 532 342 26 332 46 100 1
3 532 343 26 332 46 100 1
3 532 344 26 334 46 98 1
3 532 345 26 334 46 98 1
3 532 346 26 334 46 98 1
3 532 347 26 334 46 98 1
3 532 348 26 334 46 98 1
3 532 349 26 334 46 98 1
3 532 350 26 334 46 98 1
3 532 351 26 334 46 98 1
3 532 352 26 334 45 98 1
3 532 353 26 334 45 98 1
3 532 354 26 334 45 98 1
3 532 355 26 336 45 96 1
3 532 356 26 336 45 96 1
3 532 357 26 336 45 96 1
3 532 358 26 336 45 96 1
3 532 359 26 336 45 96 1
3 532 360 26 336 45 96 1
3 532 361 24 336 47 96 1
3 532 362 24 336 47 96 1
3 532 363 24 336 47 96 1
3 532 364 24 336 47 96 1
3 532 365 24 336 47 96 1
3 532 366 24 337 47 95 1
3 532 367 24 337 47 95 1
3 532 368 24 337 47 95 1
3 532 369 24 337 47 95 1
3 532 370 24 337 45 95 1
3 532 371 24 337 45 95 1
3 532 372 24 337 45 95 1
3 532 373 24 337 45 95 1
3 532 374 24 337 45 95 1
3 532 375 24 337 45 95 1
3 532 376 24 337 45 95 1
3 532 377 24 339 45 93 1
3 532 378 24 339 45 93 1
3 532 379 24 339 45 93 1
3 532 380 24 339 45 93 1
3 532 381 23 339 46 93 1
3 532 382 23 339 46 93 1
3 532 383 23 339 46 93 1
3 532 384 23 339 46 93 1
3 532 385 23 339 46 93 1
3 532 386 23 339 46 93 1
3 532 387 23 339 44 93 1
3 532 388 23 341 44 91 1
3 532 389 23 341 44 91 1
3 532 390 23 341 44 91 1
3 532 391 23 341 44 91 1
3 532 392 23 341 44 91 1
3 532 393 23 341 44 91 1
3 532 394 23 341 44 91 1
3 532 395 23 341 44 91 1
3 532 396 23 341 44 91 1
3 532 397 23 341 44 91 1
3 532 398 23 341 44 91 1
3 532 399 23 343 44 89 1
3 532 400 23 343 44 89 1
3 532 401 21 343 46 89 1
3 532 402 21 343 46 89 1
3 532 403 21 343 46 89 1
3 532 404 21 343 44 89 1
3 532 405 21 343 44 89 1
3 532 406 21 343 44 89 1
3 532 407 21 343 44 89 1
3 532 408 21 343 44 89 1
3 532 409 21 343 44 89 1
3 532 410 21 344 44 88 1
3 532 411 21 344 44 88 1
3 532 412 21 344 44 88 1
3 532 413 21 344 44 88 1
3 532 414 21 344 44 88 1
3 532 415 21 344 44 88 1
3 532 416 21 344 44 88 1
3 532 417 21 344 44 88 1
3 532 418 21 344 44 88 1
3 532 419 21 344 44 88 1
3 532 420 21 344 44 88 1
3 532 421 21 346 44 86 1
3 532 422 21 344 44 86 1
3 532 423 21 344 44 86 1
3 532 424 21 343 44 87 1
3 532 425 23 343 44 87 1
3 532 426 23 343 44 87 1
3 532 427 23 341 44 89 1
3 532 428 24 341 45 89 1
3 532 429 24 341 45 89 1
3 532 430 24 339 45 91 1
3 532 431 24 339 45 89 1
3 532 432 26 339 45 89 1
3 532 433 26 337 45 91 1
3 532 434 26 337 45 91 1
3 532 435 28 337 44 91 1
3 532 436 28 336 44 92 1
3 532 437 28 336 44 92 1
3 532 438 30 336 44 92 1
3 532 439 30 334 44 94 1
3 532 440 30 334 44 92 1
3 532 441 30 332 44 94 1
3 532 442 32 332 44 94 1
3 532 443 32 332 44 94 1
3 532 444 32 330 44 96 1
3 532 445 33 330 45 96 1
3 532 446 33 330 45 96 1
3 532 447 33 328 45 98 1
3 532 448 35 328 45 98 1
3 532 449 35 328 45 96 1
3 532 450 35 327 45 97 1
3 532 451 35 327 45 97 1
3 532 452 37 327 44 97 1
3 532 453 37 325 44 99 1
3 532 454 37 325 44 99 1
3 532 455 39 325 44 99 1
3 532 456 39 323 44 101 1
3 532 457 39 323 44 101 1
3 532 458 40 323 45 101 1
3 532 459 40 323 45 101 1
3 532 460 40 323 45 101 1
3 532 461 40 323 45 101 1
3 532 462 40 323 45 101 1
3 532 463 42 325 45 101 1
3 532 464 42 325 45 101 1
3 532 465 42 325 45 101 1
3 532 466 42 325 45 101 1
3 532 467 42 327 45 99 1
3 532 468 44 327 44 101 1
3 532 469 44 327 44 101 1
3 532 470 44 327 44 101 1
3 532 471 44 328 44 100 1
3 532 472 44 328 44 100 1
3 532 473 46 328 44 102 1
3 532 474 46 328 44 102 1
3 532 475 46 330 44 100 1
3 532 476 46 330 44 100 1
3 532 477 46 330 44 100 1
3 532 478 48 330 44 102 1
3 532 479 48 332 44 100 1
3 532 480 48 332 44 100 1
3 532 481 48 332 44 100 1
3 532 482 48 332 44 100 1
3 532 483 49 334 45 99 1
3 532 484 49 334 45 99 1
3 532 485 49 334 45 99 1
3 532 486 49 334 45 99 1
3 532 487 49 336 45 97 1
3 532 488 51 336 45 99 1
3 532 489 51 336 45 99 1
3 532 490 51 336 45 99 1
3 532 491 51 337 45 98 1
3 532 492 51 337 45 98 1
3 532 493 53 337 44 100 1
3 532 494 53 337 44 100 1
3 532 495 53 339 44 98 1
3 532 496 53 339 44 98 1
3 532 497 55 339 44 100 1
3 532 498 55 339 44 100 1
3 532 499 55 341 44 98 1
3 532 500 55 341 44 98 1
3 532 501 55 341 44 98 1
3 532 502 56 341 45 99 1
3 532 503 56 343 45 97 1
3 532 504 56 343 45 97 1
3 532 505 56 343 45 97 1
3 532 506 56 343 45 97 1
3 532 507 58 344 45 98 1
3 532 508 58 344 45 98 1
3 532 509 58 344 45 98 1
3 532 510 58 344 45 98 1
3 532 511 58 346 45 96 1
3 532 512 60 346 44 98 1
3 532 513 60 346 44 98 1
3 532 514 60 346 44 98 1
3 532 515 60 348 44 96 1
3 532 516 60 348 44 96 1
3 532 517 62 348 44 98 1
3 532 518 62 348 44 98 1
3 532 519 62 350 44 96 1
3 532 520 62 350 44 96 1
3 532 521 62 350 44 96 1
3 532 522 64 350 44 98 1
3 532 523 64 352 44 96 1
3 532 524 64 352 44 96 1
3 532 525 64 352 44 96 1
3 532 526 64 352 44 96 1
3 532 527 65 353 45 96 1
3 532 528 65 353 45 96 1
3 532 529 65 353 45 96 1
3 532 530 65 353 45 96 1
3 532 531 67 355 45 96 1
4 272 260 487 261 30 59 1
4 272 261 485 261 30 59 1
4 272 262 483 261 30 59 1
4 272 263 483 261 30 60 1
4 272 264 481 261 31 60 1
4 272 265 480 261 30 60 1
4 272 266 480 261 30 62 1
4 272 267 478 261 30 62 1
4 272 268 478 261 28 62 1
4 272 269 476 261 30 64 1
4 272 270 474 261 30 64 1
4 272 271 474 261 29 64 1
4 272 272 472 261 31 66 1
4 272 273 471 261 30 66 1
4 272 274 471 261 28 66 1
4 272 275 469 261 30 67 1
4 272 276 469 261 28 67 1
4 272 277 467 261 29 67 1
4 272 278 465 261 31 69 1
4 272 279 465 261 29 69 1
4 272 280 464 261 28 69 1
4 272 281 462 261 30 71 1
4 272 282 462 261 28 71 1
4 272 283 460 261 28 71 1
4 272 284 460 261 28 73 1
4 272 285 458 261 29 73 1
4 272 286 456 261 29 73 1
4 272 287 456 261 29 75 1
4 272 288 455 261 28 75 1
4 272 289 455 261 28 76 1
4 272 290 453 261 28 76 1
4 272 291 451 261 29 76 1
4 272 292 449 261 29 76 1
4 272 293 448 261 28 76 1
4 272 294 446 261 28 76 1
4 272 295 446 261 28 76 1
4 272 296 444 261 28 76 1
4 272 297 442 261 29 76 1
4 272 298 440 261 29 76 1
4 272 299 439 261 28 76 1
4 272 300 439 261 28 76 1
4 272 301 437 261 28 76 1
4 272 302 435 261 29 76 1
4 272 303 433 261 29 76 1
4 272 304 433 261 29 76 1
4 272 305 432 261 28 76 1
4 272 306 430 261 28 76 1
4 272 307 428 263 30 74 1
4 272 308 428 263 28 74 1
4 272 309 426 263 29 74 1
4 272 310 424 263 31 74 1
4 272 311 423 263 30 74 1
4 272 312 423 263 28 74 1
4 272 313 421 264 30 73 1
4 272 314 419 264 30 73 1
4 272 315 417 264 31 73 1
4 272 316 417 264 29 73 1
4 272 317 416 264 30 73 1
4 272 318 414 264 30 73 1
4 272 319 412 264 30 73 1
4 272 320 412 266 30 71 1
4 272 321 410 266 30 71 1
4 272 322 408 266 31 71 1
4 272 323 407 266 32 71 1
4 272 324 407 266 30 71 1
4 272 325 405 266 30 71 1
4 272 326 403 268 32 69 1
4 272 327 401 268 32 69 1
4 272 328 401 268 31 69 1
4 272 329 400 268 30 69 1
4 272 330 398 268 32 69 1
4 272 331 396 268 32 69 1
4 272 332 396 268 30 69 1
4 272 333 394 270 32 67 1
4 272 334 392 270 32 67 1
4 272 335 391 270 32 67 1
4 272 336 391 270 32 67 1
4 272 337 389 270 32 67 1
4 272 338 387 270 32 67 1
4 272 339 387 272 32 65 1
4 272 340 385 272 32 65 1
4 272 341 384 272 32 65 1
4 272 342 384 272 30 65 1
4 272 343 382 272 32 65 1
4 272 344 380 272 32 65 1
4 272 345 380 272 30 65 1
4 272 346 378 272 32 65 1
4 272 347 376 272 32 65 1
4 272 348 376 272 31 65 1
4 272 349 375 272 30 65 1
4 272 350 373 272 32 65 1
4 272 351 373 272 30 65 1
4 272 352 371 272 30 65 1
4 272 353 369 272 32 65 1
4 272 354 369 272 31 65 1
4 272 355 368 272 30 65 1
4 272 356 366 272 32 65 1
4 272 357 366 272 30 65 1
4 272 358 364 272 30 65 1
4 272 359 364 272 28 65 1
4 272 360 362 272 30 65 1
4 272 361 360 272 31 65 1
4 272 362 360 272 29 65 1
4 272 363 359 272 30 65 1
4 272 364 357 272 30 65 1
4 272 365 357 272 28 65 1
4 272 366 355 272 30 65 1
4 272 367 353 272 31 65 1
4 272 368 353 273 29 66 1
4 272 369 352 273 28 66 1
4 272 370 350 273 30 66 1
4 272 371 350 273 28 66 1
4 272 372 348 273 28 66 1
4 272 373 346 273 30 66 1
4 272 374 346 273 29 66 1
4 272 375 344 273 29 66 1
4 272 376 343 273 30 66 1
4 272 377 343 273 28 66 1
4 272 378 341 273 28 66 1
4 272 379 341 273 27 66 1
4 272 380 339 273 29 66 1
4 272 381 337 273 29 66 1
4 272 382 337 273 27 66 1
4 272 383 336 273 28 66 1
4 272 384 334 273 28 66 1
4 272 385 334 273 26 66 1
4 272 386 332 273 28 66 1
4 272 387 330 273 29 66 1
4 272 388 330 273 27 66 1
4 272 389 328 273 27 66 1
4 272 390 327 273 28 66 1
4 272 391 327 273 26 66 1
4 272 392 325 273 27 66 1
4 272 393 323 273 29 66 1
4 272 394 323 273 27 66 1
4 272 395 321 273 27 66 1
4 272 396 321 275 27 66 1
4 272 397 320 275 26 66 1
4 272 398 318 275 26 66 1
4 272 399 316 275 27 66 1
4 272 400 314 275 27 66 1
4 272 401 312 275 27 66 1
4 272 402 311 275 26 66 1
4 272 403 309 275 27 66 1
4 272 404 307 275 27 66 1
4 272 405 305 275 27 66 1
4 272 406 304 275 26 66 1
4 272 407 302 275 26 66 1
4 272 408 300 275 27 66 1
4 272 409 298 275 27 66 1
4 272 410 296 275 27 66 1
4 272 411 295 275 26 66 1
4 272 412 293 275 27 66 1
4 272 413 291 275 27 66 1
4 272 414 289 275 27 66 1
4 272 415 288 275 26 66 1
4 272 416 286 275 26 66 1
4 272 417 284 275 27 66 1
4 272 418 282 275 27 66 1
4 272 419 280 275 27 66 1
4 272 420 279 275 26 66 1
4 272 421 277 275 27 66 1
4 272 422 277 275 27 66 1
4 272 423 275 275 27 66 1
4 272 424 273 275 27 66 1
4 272 425 272 275 26 66 1
4 272 426 270 275 26 66 1
4 272 427 268 275 27 66 1
4 272 428 266 275 27 66 1
4 272 429 264 275 27 66 1
4 272 430 263 275 26 66 1
4 272 431 261 275 27 66 1
4 272 432 259 275 27 66 1
4 272 433 257 275 27 66 1
4 272 434 256 275 26 66 1
4 272 435 254 275 26 66 1
4 272 436 252 275 27 66 1
4 272 437 250 275 27 66 1
4 272 438 248 275 27 66 1
4 272 439 247 275 26 66 1
4 272 440 245 275 27 66 1
4 272 441 243 275 27 66 1
4 272 442 241 275 27 66 1
4 272 443 240 275 26 66 1
4 272 444 238 275 26 66 1
4 272 445 236 275 27 66 1
4 272 446 234 275 27 66 1
4 272 447 234 275 27 66 1
4 272 448 231 273 26 66 1
4 272 449 229 273 27 66 1
4 272 450 227 273 27 66 1
4 272 451 225 273 27 66 1
4 272 452 224 273 26 66 1
4 272 453 222 273 26 66 1
4 272 454 220 273 27 66 1
4 272 455 218 273 27 66 1
4 272 456 216 273 27 66 1
4 272 457 215 273 26 66 1
4 272 458 213 273 27 66 1
4 272 459 211 273 27 66 1
4 272 460 209 273 27 66 1
4 272 461 208 273 26 66 1
4 272 462 206 273 26 66 1
4 272 463 204 273 27 66 1
4 272 464 202 273 27 66 1
4 272 465 200 273 27 66 1
4 272 466 199 273 26 66 1
4 272 467 197 273 27 66 1
4 272 468 195 273 27 66 1
4 272 469 193 273 27 66 1
4 272 470 192 273 26 66 1
4 272 471 190 273 26 66 1
4 272 472 188 273 27 66 1
4 272 473 186 273 27 66 1
4 272 474 184 273 27 66 1
4 272 475 183 273 26 66 1
4 272 476 181 273 27 66 1
4 272 477 179 273 27 66 1
4 272 478 177 273 27 66 1
4 272 479 176 273 26 66 1
4 272 480 174 273 26 66 1
4 272 481 172 273 27 66 1
4 272 482 170 273 27 66 1
4 272 483 168 273 27 66 1
4 272 484 167 273 26 66 1
4 272 485 165 273 27 66 1
4 272 486 163 273 27 66 1
4 272 487 161 273 27 66 1
4 272 488 160 273 26 66 1
4 272 489 158 273 26 66 1
4 272 490 156 273 27 66 1
4 272 491 154 273 27 66 1
4 272 492 152 273 27 66 1
4 272 493 151 273 26 66 1
4 272 494 149 273 27 66 1
4 272 495 147 273 27 66 1
4 272 496 145 273 27 66 1
4 272 497 144 273 26 66 1
4 272 498 142 273 26 66 1
4 272 499 140 273 27 66 1
4 272 500 138 273 27 66 1
4 272 501 136 273 27 66 1
4 272 502 135 273 26 66 1
4 272 503 133 273 27 66 1
4 272 504 131 273 27 66 1
4 272 505 129 273 27 66 1
4 272 506 128 273 26 66 1
4 272 507 126 273 26 66 1
4 272 508 124 273 27 66 1
4 272 509 122 273 27 66 1
4 272 510 120 273 27 66 1
4 272 511 119 273 26 66 1
4 272 512 117 273 27 66 1
4 272 513 115 273 27 66 1
4 272 514 113 273 27 66 1
4 272 515 112 273 26 66 1
4 272 516 110 273 26 66 1
4 272 517 108 273 27 66 1
4 272 518 106 273 27 66 1
4 272 519 104 273 27 66 1
4 272 520 103 273 26 66 1
4 272 521 101 273 27 66 1
4 272 522 99 273 27 66 1
4 272 523 97 273 27 66 1
4 272 524 96 273 26 66 1
4 272 525 94 273 26 66 1
4 272 526 92 273 27 66 1
4 272 527 90 273 27 66 1
4 272 528 88 273 27 66 1
4 272 529 87 273 26 66 1
4 272 530 85 273 27 66 1
4 272 531 83 273 27 66 1
5 249 283 481 261 32 71 1
5 249 284 480 261 32 71 1
5 249 285 478 261 32 71 1
5 249 286 476 261 32 71 1
5 249 287 474 261 32 71 1
5 249 288 474 261 32 71 1
5 249 289 472 261 32 71 1
5 249 290 471 261 32 71 1
5 249 291 469 261 32 71 1
5 249 292 469 261 32 71 1
5 249 293 467 261 32 71 1
5 249 294 465 261 32 71 1
5 249 295 464 261 32 71 1
5 249 296 464 261 32 71 1
5 249 297 462 261 32 71 1
5 249 298 460 261 32 71 1
5 249 299 458 261 32 71 1
5 249 300 458 261 32 71 1
5 249 301 456 261 32 71 1
5 249 302 455 261 32 71 1
5 249 303 453 261 32 71 1
5 249 304 453 261 30 71 1
5 249 305 451 261 32 71 1
5 249 306 449 261 32 71 1
5 249 307 448 261 32 71 1
5 249 308 448 263 30 69 1
5 249 309 446 263 32 69 1
5 249 310 444 263 32 69 1
5 249 311 442 263 32 69 1
5 249 312 442 263 30 71 1
5 249 313 440 263 31 71 1
5 249 314 439 263 32 71 1
5 249 315 439 263 30 71 1
5 249 316 437 264 30 70 1
5 249 317 435 264 30 70 1
5 249 318 433 264 32 70 1
5 249 319 433 264 31 70 1
5 249 320 432 264 30 70 1
5 249 321 430 264 30 70 1
5 249 322 428 264 32 70 1
5 249 323 428 264 30 70 1
5 249 324 426 266 30 70 1
5 249 325 424 266 31 70 1
5 249 326 424 266 29 70 1
5 249 327 423 266 30 70 1
5 249 328 421 266 30 70 1
5 249 329 419 266 30 70 1
5 249 330 419 266 29 70 1
5 249 331 417 266 31 70 1
5 249 332 416 268 30 68 1
5 249 333 414 268 30 68 1
5 249 334 414 268 28 68 1
5 249 335 412 268 30 68 1
5 249 336 410 268 30 69 1
5 249 337 410 268 29 69 1
5 249 338 408 268 29 69 1
5 249 339 407 268 28 69 1
5 249 340 405 270 30 67 1
5 249 341 405 270 28 67 1
5 249 342 403 270 29 67 1
5 249 343 401 270 29 67 1
5 249 344 400 270 30 67 1
5 249 345 400 270 28 67 1
5 249 346 398 270 28 67 1
5 249 347 396 270 28 67 1
5 249 348 396 272 28 67 1
5 249 349 394 272 29 67 1
5 249 350 392 272 29 67 1
5 249 351 391 272 28 67 1
5 249 352 389 272 28 67 1
5 249 353 387 272 29 67 1
5 249 354 385 272 29 67 1
5 249 355 384 272 28 67 1
5 249 356 382 272 28 67 1
5 249 357 382 272 28 67 1
5 249 358 380 272 28 67 1
5 249 359 378 272 29 67 1
5 249 360 376 272 29 67 1
5 249 361 375 272 28 67 1
5 249 362 373 272 28 67 1
5 249 363 371 272 29 67 1
5 249 364 369 272 29 67 1
5 249 365 369 272 29 67 1
5 249 366 368 272 28 67 1
5 249 367 366 272 28 67 1
5 249 368 364 272 28 67 1
5 249 369 362 272 29 67 1
5 249 370 360 272 29 67 1
5 249 371 359 272 28 67 1
5 249 372 357 272 28 67 1
5 249 373 355 272 29 67 1
5 249 374 355 272 29 67 1
5 249 375 353 272 29 67 1
5 249 376 352 272 28 67 1
5 249 377 350 272 28 67 1
5 249 378 348 272 28 67 1
5 249 379 346 272 29 67 1
5 249 380 344 272 29 67 1
5 249 381 343 272 28 67 1
5 249 382 343 272 28 67 1
5 249 383 341 272 28 67 1
5 249 384 339 272 29 67 1
5 249 385 337 272 29 67 1
5 249 386 336 272 28 67 1
5 249 387 334 272 28 67 1
5 249 388 332 272 28 67 1
5 249 389 330 272 29 67 1
5 249 390 328 272 29 67 1
5 249 391 328 272 29 67 1
5 249 392 327 272 28 67 1
5 249 393 325 272 28 67 1
5 249 394 323 272 29 67 1
5 249 395 321 272 29 67 1
5 249 396 320 272 28 67 1
5 249 397 318 272 28 67 1
5 249 398 316 272 28 67 1
5 249 399 316 272 28 67 1
5 249 400 314 272 29 67 1
5 249 401 312 272 29 67 1
5 249 402 311 272 28 67 1
5 249 403 309 272 28 67 1
5 249 404 307 272 29 67 1
5 249 405 305 272 29 67 1
5 249 406 304 272 28 67 1
5 249 407 304 272 28 67 1
5 249 408 302 272 28 67 1
5 249 409 300 272 28 67 1
5 249 410 298 272 29 67 1
5 249 411 296 272 29 67 1
5 249 412 295 272 28 67 1
5 249 413 293 272 28 67 1
5 249 414 291 272 29 67 1
5 249 415 289 272 29 67 1
5 249 416 289 272 29 67 1
5 249 417 288 272 28 67 1
5 249 418 286 272 28 67 1
5 249 419 284 272 28 67 1
5 249 420 282 272 29 67 1
5 249 421 280 272 29 67 1
5 249 422 279 272 28 67 1
5 249 423 277 272 28 67 1
5 249 424 277 272 28 67 1
5 249 425 275 272 29 67 1
5 249 426 273 272 29 67 1
5 249 427 272 272 28 67 1
5 249 428 270 272 28 67 1
5 249 429 268 272 28 67 1
5 249 430 266 272 29 67 1
5 249 431 264 272 29 67 1
5 249 432 263 272 28 67 1
5 249 433 263 272 28 67 1
5 249 434 261 272 28 67 1
5 249 435 259 272 29 67 1
5 249 436 257 272 29 67 1
5 249 437 256 272 28 67 1
5 249 438 254 272 28 67 1
5 249 439 252 272 28 67 1
5 249 440 250 272 29 67 1
5 249 441 250 272 29 67 1
5 249 442 248 272 29 67 1
5 249 443 247 272 28 67 1
5 249 444 245 272 28 67 1
5 249 445 243 272 29 67 1
5 249 446 241 272 29 67 1
5 249 447 240 272 28 67 1
5 249 448 238 272 28 67 1
5 249 449 238 273 28 68 1
5 249 450 234 273 29 68 1
5 249 451 232 273 29 68 1
5 249 452 231 273 28 68 1
5 249 453 229 273 28 68 1
5 249 454 227 273 29 68 1
5 249 455 225 273 29 68 1
5 249 456 224 273 28 68 1
5 249 457 222 273 28 68 1
5 249 458 220 273 28 68 1
5 249 459 218 273 29 68 1
5 249 460 216 273 29 68 1
5 249 461 215 273 28 68 1
5 249 462 213 273 28 68 1
5 249 463 211 273 29 68 1
5 249 464 209 273 29 68 1
5 249 465 208 273 28 68 1
5 249 466 206 273 28 68 1
5 249 467 204 273 28 68 1
5 249 468 202 273 29 68 1
5 249 469 200 273 29 68 1
5 249 470 199 273 28 68 1
5 249 471 197 273 28 68 1
5 249 472 195 273 29 68 1
5 249 473 193 273 29 68 1
5 249 474 192 273 28 68 1
5 249 475 190 273 28 68 1
5 249 476 188 273 28 68 1
5 249 477 184 273 29 68 1
5 249 478 183 273 28 68 1
5 249 479 181 273 28 68 1
5 249 480 179 273 29 68 1
5 249 481 177 273 29 68 1
5 249 482 176 273 28 68 1
5 249 483 174 273 28 68 1
5 249 484 172 273 28 68 1
5 249 485 170 273 29 68 1
5 249 486 168 273 29 68 1
5 249 487 167 273 28 68 1
5 249 488 165 273 28 68 1
5 249 489 163 273 29 68 1
5 249 490 161 273 29 68 1
5 249 491 160 273 28 68 1
5 249 492 158 273 28 68 1
5 249 493 156 273 28 68 1
5 249 494 154 273 29 68 1
5 249 495 152 273 29 68 1
5 249 496 151 273 28 68 1
5 249 497 149 273 28 68 1
5 249 498 147 273 29 68 1
5 249 499 145 273 29 68 1
5 249 500 144 273 28 68 1
5 249 501 142 273 28 68 1
5 249 502 140 273 28 68 1
5 249 503 138 273 29 68 1
5 249 504 135 273 28 68 1
5 249 505 133 273 28 68 1
5 249 506 131 273 29 68 1
5 249 507 129 273 29 68 1
5 249 508 128 273 28 68 1
5 249 509 126 273 28 68 1
5 249 510 124 273 28 68 1
5 249 511 122 273 29 68 1
5 249 512 120 273 29 68 1
5 249 513 119 273 28 68 1
5 249 514 117 273 28 68 1
5 249 515 115 273 29 68 1
5 249 516 113 273 29 68 1
5 249 517 112 273 28 68 1
5 249 518 110 273 28 68 1
5 249 519 108 273 28 68 1
5 249 520 106 273 29 68 1
5 249 521 104 273 29 68 1
5 249 522 103 273 28 68 1
5 249 523 101 273 28 68 1
5 249 524 99 273 29 68 1
5 249 525 97 273 29 68 1
5 249 526 96 273 28 68 1
5 249 527 94 273 28 68 1
5 249 528 92 273 28 68 1
5 249 529 90 273 29 68 1
5 249 530 88 273 29 68 1
5 249 531 87 275 28 68 1
6 322 0 332 231 27 62 1
6 322 1 330 229 27 62 1
6 322 2 330 229 27 62 1
6 322 3 330 229 27 62 1
6 322 4 330 229 27 62 1
6 322 5 330 229 27 62 1
6 322 6 330 229 27 62 1
6 322 7 330 229 27 62 1
6 322 8 330 229 27 62 1
6 322 9 328 229 27 62 1
6 322 10 328 229 27 62 1
6 322 11 328 229 27 62 1
6 322 12 328 229 27 62 1
6 322 13 328 229 27 62 1
6 322 14 328 229 27 62 1
6 322 15 328 229 27 62 1
6 322 16 328 229 27 62 1
6 322 17 327 229 26 62 1
6 322 18 327 229 26 62 1
6 322 19 327 229 26 62 1
6 322 20 327 229 26 62 1
6 322 21 327 229 26 62 1
6 322 22 327 229 26 62 1
6 322 23 327 229 26 62 1
6 322 24 327 229 26 62 1
6 322 25 325 229 27 62 1
6 322 26 325 229 27 62 1
6 322 27 325 229 27 62 1
6 322 28 325 229 27 62 1
6 322 29 325 229 27 62 1
6 322 30 325 229 27 62 1
6 322 31 325 229 27 62 1
6 322 32 325 229 27 62 1
6 322 33 325 229 27 62 1
6 322 34 323 229 27 62 1
6 322 35 323 229 27 62 1
6 322 36 323 229 27 62 1
6 322 37 323 229 27 62 1
6 322 38 323 229 27 62 1
6 322 39 323 229 27 62 1
6 322 40 323 229 27 62 1
6 322 41 323 229 27 62 1
6 322 42 321 229 27 62 1
6 322 43 321 229 27 62 1
6 322 44 321 229 27 62 1
6 322 45 321 229 27 62 1
6 322 46 321 229 27 62 1
6 322 47 321 229 27 62 1
6 322 48 321 229 27 62 1
6 322 49 321 229 27 62 1
6 322 50 320 229 26 62 1
6 322 51 320 229 26 62 1
6 322 52 320 229 26 62 1
6 322 53 320 229 26 62 1
6 322 54 320 229 26 62 1
6 322 55 320 229 26 62 1
6 322 56 320 229 26 62 1
6 322 57 320 229 26 62 1
6 322 58 320 229 26 62 1
6 322 59 318 229 26 60 1
6 322 60 318 229 26 60 1
6 322 61 318 229 26 60 1
6 322 62 318 229 26 60 1
6 322 63 318 229 26 60 1
6 322 64 318 229 26 60 1
6 322 65 318 229 25 60 1
6 322 66 318 229 25 60 1
6 322 67 318 229 25 60 1
6 322 68 316 229 27 59 1
6 322 69 316 229 27 59 1
6 322 70 316 229 27 59 1
6 322 71 316 229 27 59 1
6 322 72 316 229 25 59 1
6 322 73 316 229 25 59 1
6 322 74 316 229 25 59 1
6 322 75 316 229 25 59 1
6 322 76 316 229 25 59 1
6 322 77 316 229 25 59 1
6 322 78 314 229 27 57 1
6 322 79 314 229 25 57 1
6 322 80 314 229 25 57 1
6 322 81 314 229 25 57 1
6 322 82 314 229 25 57 1
6 322 83 314 229 25 57 1
6 322 84 314 229 25 57 1
6 322 85 314 229 25 57 1
6 322 86 314 229 23 57 1
6 322 87 314 229 23 57 1
6 322 88 312 229 25 55 1
6 322 89 312 229 25 55 1
6 322 90 312 229 25 55 1
6 322 91 312 229 25 55 1
6 322 92 312 229 25 55 1
6 322 93 312 229 24 55 1
6 322 94 312 229 24 55 1
6 322 95 312 229 24 55 1
6 322 96 312 229 24 55 1
6 322 97 312 229 24 55 1
6 322 98 311 229 25 53 1
6 322 99 311 229 25 53 1
6 322 100 311 229 23 53 1
6 322 101 311 229 23 53 1
6 322 102 311 229 23 53 1
6 322 103 311 229 23 53 1
6 322 104 311 229 23 53 1
6 322 105 311 229 23 53 1
6 322 106 311 229 23 53 1
6 322 107 311 229 21 53 1
6 322 108 309 229 23 51 1
6 322 109 309 229 23 51 1
6 322 110 309 229 23 51 1
6 322 111 309 229 23 51 1
6 322 112 309 229 23 51 1
6 322 113 309 229 23 51 1
6 322 114 309 229 21 51 1
6 322 115 309 229 21 51 1
6 322 116 309 229 21 51 1
6 322 117 309 229 21 51 1
6 322 118 307 229 23 50 1
6 322 119 307 229 23 50 1
6 322 120 307 229 23 50 1
6 322 121 307 229 21 50 1
6 322 122 307 229 21 50 1
6 322 123 307 229 21 50 1
6 322 124 307 229 21 50 1
6 322 125 307 229 21 50 1
6 322 126 307 229 21 50 1
6 322 127 307 229 21 50 1
6 322 128 305 227 22 50 1
6 322 129 305 227 22 50 1
6 322 130 305 227 22 50 1
6 322 131 305 227 22 50 1
6 322 132 305 227 22 50 1
6 322 133 305 227 22 50 1
6 322 134 305 227 22 50 1
6 322 135 305 227 22 50 1
6 322 136 304 227 21 50 1
6 322 137 304 227 21 50 1
6 322 138 304 227 21 50 1
6 322 139 304 227 21 50 1
6 322 140 304 227 21 50 1
6 322 141 304 227 21 50 1
6 322 142 304 227 21 50 1
6 322 143 304 227 21 50 1
6 322 144 304 227 21 50 1
6 322 145 302 227 21 50 1
6 322 146 302 227 21 50 1
6 322 147 302 227 21 50 1
6 322 148 302 227 21 50 1
6 322 149 302 227 21 50 1
6 322 150 302 227 21 50 1
6 322 151 302 227 21 50 1
6 322 152 302 227 21 50 1
6 322 153 302 227 21 50 1
6 322 154 300 227 21 50 1
6 322 155 300 227 21 50 1
6 322 156 300 227 21 50 1
6 322 157 300 227 21 50 1
6 322 158 300 227 21 50 1
6 322 159 300 227 21 50 1
6 322 160 300 227 21 50 1
6 322 161 300 227 21 50 1
6 322 162 300 227 21 50 1
6 322 163 298 227 22 50 1
6 322 164 298 227 22 50 1
6 322 165 298 227 22 50 1
6 322 166 298 227 22 50 1
6 322 167 298 227 22 50 1
6 322 168 298 227 22 50 1
6 322 169 298 227 22 50 1
6 322 170 298 227 22 50 1
6 322 171 298 227 22 50 1
6 322 172 296 227 22 50 1
6 322 173 296 227 22 50 1
6 322 174 296 227 22 50 1
6 322 175 296 227 22 50 1
6 322 176 296 227 22 50 1
6 322 177 296 227 22 50 1
6 322 178 296 227 22 50 1
6 322 179 296 227 22 50 1
6 322 180 296 227 22 50 1
6 322 181 295 227 21 50 1
6 322 182 295 227 21 50 1
6 322 183 295 227 21 50 1
6 322 184 295 227 21 50 1
6 322 185 295 227 21 50 1
6 322 186 295 227 21 50 1
6 322 187 295 227 21 50 1
6 322 188 295 227 21 50 1
6 322 189 295 227 21 50 1
6 322 190 293 227 21 50 1
6 322 191 293 227 21 50 1
6 322 192 293 227 21 50 1
6 322 193 293 227 21 50 1
6 322 194 293 227 21 50 1
6 322 195 293 227 21 50 1
6 322 196 293 227 21 50 1
6 322 197 293 227 21 50 1
6 322 198 293 227 21 50 1
6 322 199 293 225 21 50 1
6 322 200 293 225 21 50 1
6 322 201 293 225 21 50 1
6 322 202 293 225 21 50 1
6 322 203 293 225 21 50 1
6 322 204 293 225 21 50 1
6 322 205 293 225 21 50 1
6 322 206 293 225 21 50 1
6 322 207 293 225 21 50 1
6 322 208 293 225 21 50 1
6 322 209 293 225 21 50 1
6 322 210 293 225 21 50 1
6 322 211 293 225 21 50 1
6 322 212 293 225 21 50 1
6 322 213 293 225 21 50 1
6 322 214 293 225 21 50 1
6 322 215 293 225 21 50 1
6 322 216 293 225 21 50 1
6 322 217 293 225 21 50 1
6 322 218 293 224 21 49 1
6 322 219 293 224 21 49 1
6 322 220 293 224 21 49 1
6 322 221 293 224 21 49 1
6 322 222 293 224 21 49 1
6 322 223 293 224 21 49 1
6 322 224 293 224 21 49 1
6 322 225 293 224 21 49 1
6 322 226 293 224 21 49 1
6 322 227 293 224 21 49 1
6 322 228 293 224 21 49 1
6 322 229 293 224 21 49 1
6 322 230 295 224 21 49 1
6 322 231 295 224 21 49 1
6 322 232 295 224 21 49 1
6 322 233 295 224 21 49 1
6 322 234 295 224 21 49 1
6 322 235 295 224 21 49 1
6 322 236 295 224 21 49 1
6 322 237 295 222 21 50 1
6 322 238 295 222 21 50 1
6 322 239 295 222 21 50 1
6 322 240 295 222 21 50 1
6 322 241 295 222 21 50 1
6 322 242 295 222 21 50 1
6 322 243 295 222 21 50 1
6 322 244 295 222 21 50 1
6 322 245 295 222 21 50 1
6 322 246 295 222 21 50 1
6 322 247 295 222 21 50 1
6 322 248 295 222 21 50 1
6 322 249 295 222 21 50 1
6 322 250 295 222 21 50 1
6 322 251 295 222 21 50 1
6 322 252 295 222 21 50 1
6 322 253 295 222 21 50 1
6 322 254 295 222 21 50 1
6 322 255 295 222 21 50 1
6 322 256 295 220 21 50 1
6 322 257 295 220 21 50 1
6 322 258 295 220 21 50 1
6 322 259 295 220 21 50 1
6 322 260 295 220 21 50 1
6 322 261 295 220 21 50 1
6 322 262 296 220 22 50 1
6 322 263 296 220 22 50 1
6 322 264 296 220 22 50 1
6 322 265 296 220 22 50 1
6 322 266 296 220 22 50 1
6 322 267 296 220 22 50 1
6 322 268 296 220 22 50 1
6 322 269 296 220 22 50 1
6 322 270 296 220 22 50 1
6 322 271 296 220 22 50 1
6 322 272 296 220 22 50 1
6 322 273 296 220 22 50 1
6 322 274 296 220 22 50 1
6 322 275 296 218 22 50 1
6 322 276 296 218 22 50 1
6 322 277 296 218 22 50 1
6 322 278 296 218 22 50 1
6 322 279 296 218 22 50 1
6 322 280 296 218 22 50 1
6 322 281 296 218 22 50 1
6 322 282 296 218 22 50 1
6 322 283 296 218 22 50 1
6 322 284 296 218 22 50 1
6 322 285 296 218 22 50 1
6 322 286 296 218 22 50 1
6 322 287 296 218 22 50 1
6 322 288 296 218 22 50 1
6 322 289 296 218 22 50 1
6 322 290 296 218 22 50 1
6 322 291 296 218 22 50 1
6 322 292 296 218 22 50 1
6 322 293 298 218 22 50 1
6 322 294 298 216 22 50 1
6 322 295 298 216 22 50 1
6 322 296 300 216 21 50 1
6 322 297 300 216 21 50 1
6 322 298 302 216 21 50 1
6 322 299 302 216 21 50 1
6 322 300 304 216 21 50 1
6 322 301 304 216 21 50 1
6 322 302 304 215 21 49 1
6 322 303 305 215 22 49 1
6 322 304 305 215 22 49 1
6 322 305 307 215 21 49 1
6 322 306 307 215 21 49 1
6 322 307 309 215 21 49 1
6 322 308 309 215 21 49 1
6 322 309 311 215 21 49 1
6 322 310 311 215 21 51 1
6 322 311 311 216 23 52 1
6 322 312 312 218 24 52 1
6 322 313 312 218 24 55 1
6 322 314 314 220 23 55 1
6 322 315 314 222 25 55 1
6 322 316 314 222 25 57 1
6 322 317 316 224 25 58 1
6 322 318 316 225 27 59 1
6 322 319 318 225 25 61 1
6 322 320 318 227 26 61 1
6 322 321 320 229 26 62 1
7 322 0 206 222 19 44 5
7 322 1 206 222 19 44 5
7 322 2 206 222 19 44 5
7 322 3 206 222 19 44 5
7 322 4 206 222 19 44 5
7 322 5 206 222 19 44 5
7 322 6 208 222 17 44 5
7 322 7 208 222 19 44 5
7 322 8 208 222 19 44 5
7 322 9 208 222 19 44 5
7 322 10 208 222 19 44 5
7 322 11 208 222 19 44 5
7 322 12 209 222 18 44 5
7 322 13 209 222 20 44 5
7 322 14 209 222 20 44 5
7 322 15 209 222 20 44 5
7 322 16 209 222 20 44 5
7 322 17 209 222 20 44 5
7 322 18 211 222 18 44 5
7 322 19 211 222 18 44 5
7 322 20 211 222 20 44 5
7 322 21 211 222 20 44 5
7 322 22 211 222 20 44 5
7 322 23 211 222 20 44 5
7 322 24 213 222 18 44 5
7 322 25 213 222 18 44 5
7 322 26 213 222 19 44 5
7 322 27 213 222 19 44 5
7 322 28 213 222 19 44 5
7 322 29 215 222 17 44 5
7 322 30 215 222 17 44 5
7 322 31 215 222 17 44 5
7 322 32 215 222 17 44 5
7 322 33 215 222 19 44 5
7 322 34 215 222 19 44 5
7 322 35 216 222 18 44 5
7 322 36 216 222 18 44 5
7 322 37 216 222 18 44 5
7 322 38 216 222 18 44 5
7 322 39 216 222 20 44 5
7 322 40 216 222 20 44 5
7 322 41 218 222 18 44 5
7 322 42 218 222 18 44 5
7 322 43 218 222 18 44 5
7 322 44 218 222 18 44 5
7 322 45 218 222 18 44 5
7 322 46 218 222 20 44 5
7 322 47 220 222 18 44 5
7 322 48 220 222 18 44 5
7 322 49 220 222 18 44 5
7 322 50 220 222 18 44 5
7 322 51 220 222 18 44 5
7 322 52 220 222 20 44 5
7 322 53 222 222 18 44 5
7 322 54 222 222 18 44 5
7 322 55 222 222 18 44 5
7 322 56 222 222 18 44 5
7 322 57 222 222 18 44 5
7 322 58 224 224 17 44 5
7 322 59 224 224 17 44 5
7 322 60 224 224 17 44 5
7 322 61 225 224 18 44 5
7 322 62 225 224 18 44 5
7 322 63 225 224 18 44 5
7 322 64 227 225 18 45 5
7 322 65 227 225 18 45 5
7 322 66 227 225 20 45 5
7 322 67 229 225 18 45 5
7 322 68 229 225 18 45 5
7 322 69 229 225 19 45 5
7 322 70 231 227 17 45 5
7 322 71 231 227 17 45 5
7 322 72 232 227 18 45 5
7 322 73 232 227 18 45 5
7 322 74 232 227 20 45 5
7 322 75 234 227 18 45 5
7 322 76 234 229 18 44 5
7 322 77 234 229 20 44 5
7 322 78 236 229 18 44 5
7 322 79 236 229 18 44 5
7 322 80 236 229 20 44 5
7 322 81 238 229 18 44 5
7 322 82 238 231 19 44 5
7 322 83 238 231 19 44 5
7 322 84 240 231 17 44 5
7 322 85 240 231 19 44 5
7 322 86 241 231 18 44 5
7 322 87 241 231 18 44 5
7 322 88 241 232 20 45 5
7 322 89 243 232 18 45 5
7 322 90 243 232 20 45 5
7 322 91 243 232 20 45 5
7 322 92 245 232 18 45 5
7 322 93 245 232 19 45 5
7 322 94 245 234 19 45 5
7 322 95 247 234 17 45 5
7 322 96 247 234 19 45 5
7 322 97 247 234 19 45 5
7 322 98 248 234 20 45 5
7 322 99 248 234 20 45 5
7 322 100 250 236 18 44 5
7 322 101 250 236 20 44 5
7 322 102 250 236 20 44 5
7 322 103 252 236 18 44 5
7 322 104 252 236 20 44 5
7 322 105 252 236 20 44 5
7 322 106 254 238 19 44 5
7 322 107 254 238 19 44 5
7 322 108 254 238 19 44 5
7 322 109 256 238 19 44 5
7 322 110 256 238 19 44 5
7 322 111 257 240 20 44 5
7 322 112 257 240 20 44 5
7 322 113 259 240 20 44 5
7 322 114 259 240 20 44 5
7 322 115 261 240 19 44 5
7 322 116 263 240 17 44 5
7 322 117 263 241 19 45 5
7 322 118 264 241 18 45 5
7 322 119 266 241 18 45 5
7 322 120 266 241 20 45 5
7 322 121 268 241 18 45 5
7 322 122 268 243 20 45 5
7 322 123 270 243 18 45 5
7 322 124 272 243 17 45 5
7 322 125 272 243 17 45 5
7 322 126 273 243 18 45 5
7 322 127 275 245 18 44 5
7 322 128 275 245 18 44 5
7 322 129 277 245 18 44 5
7 322 130 277 245 18 44 5
7 322 131 279 245 17 44 5
7 322 132 279 245 17 44 5
7 322 133 280 245 18 46 5
7 322 134 280 245 20 46 5
7 322 135 282 245 18 46 5
7 322 136 282 245 20 46 5
7 322 137 284 245 18 46 5
7 322 138 284 247 20 46 5
7 322 139 286 247 18 46 5
7 322 140 286 247 19 46 5
7 322 141 288 247 19 46 5
7 322 142 289 247 18 46 5
7 322 143 289 247 20 46 5
7 322 144 291 247 18 48 5
7 322 145 291 247 20 48 5
7 322 146 293 247 18 48 5
7 322 147 293 247 19 48 5
7 322 148 295 248 19 47 5
7 322 149 295 248 19 48 5
7 322 150 296 248 20 48 5
7 322 151 296 248 20 48 5
7 322 152 298 248 20 48 5
7 322 153 298 248 22 48 5
7 322 154 300 248 20 48 5
7 322 155 300 248 21 50 5
7 322 156 302 248 19 50 5
7 322 157 304 248 19 50 5
7 322 158 304 250 19 48 5
7 322 159 305 250 20 48 5
7 322 160 305 250 22 50 5
7 322 161 307 250 20 50 5
7 322 162 307 250 21 50 5
7 322 163 309 250 19 50 5
7 322 164 309 250 21 50 5
7 322 165 311 250 19 50 5
7 322 166 311 250 21 52 5
7 322 167 312 250 22 52 5
7 322 168 312 252 22 50 5
7 322 169 314 252 22 50 5
7 322 170 316 252 20 50 5
7 322 171 316 252 21 52 5
7 322 172 318 252 19 52 5
7 322 173 318 252 21 52 5
7 322 174 320 252 21 52 5
7 322 175 320 252 21 52 5
7 322 176 321 252 22 52 5
7 322 177 321 252 22 53 5
7 322 178 323 254 21 51 5
7 322 179 323 254 23 51 5
7 322 180 325 254 21 51 5
7 322 181 325 254 23 51 5
7 322 182 327 254 21 53 5
7 322 183 327 254 23 53 5
7 322 184 328 254 22 53 5
7 322 185 330 254 22 53 5
7 322 186 330 254 23 53 5
7 322 187 332 254 21 53 5
7 322 188 332 256 23 53 5
7 322 189 334 256 21 53 5
7 322 190 334 256 23 53 5
7 322 191 336 256 21 53 5
7 322 192 336 256 23 53 5
7 322 193 337 256 23 55 5
7 322 194 337 256 23 55 5
7 322 195 339 256 23 55 5
7 322 196 339 256 23 55 5
7 322 197 341 256 23 55 5
7 322 198 343 257 23 55 5
7 322 199 341 257 23 55 5
7 322 200 341 257 23 55 5
7 322 201 339 257 25 55 5
7 322 202 339 257 25 57 5
7 322 203 339 257 23 57 5
7 322 204 337 257 25 57 5
7 322 205 337 257 25 59 5
7 322 206 336 257 26 59 5
7 322 207 336 257 24 59 5
7 322 208 336 257 24 61 5
7 322 209 334 257 26 61 5
7 322 210 334 259 26 59 5
7 322 211 334 259 25 61 5
7 322 212 332 259 27 61 5
7 322 213 332 259 27 61 5
7 322 214 330 259 29 62 5
7 322 215 330 259 29 62 5
7 322 216 330 259 27 62 5
7 322 217 328 259 29 64 5
7 322 218 328 259 29 64 5
7 322 219 327 259 30 64 5
7 322 220 327 259 28 66 5
7 322 221 327 261 28 64 5
7 322 222 325 261 30 64 5
7 322 223 325 261 30 66 5
7 322 224 325 261 28 66 5
7 322 225 323 261 30 66 5
7 322 226 323 261 30 67 5
7 322 227 321 261 32 67 5
7 322 228 321 261 31 67 5
7 322 229 321 261 31 69 5
7 322 230 320 261 32 69 5
7 322 231 320 261 32 69 5
7 322 232 320 263 32 69 5
7 322 233 316 263 32 69 5
7 322 234 314 264 32 68 5
7 322 235 311 264 33 68 5
7 322 236 309 266 34 68 5
7 322 237 307 268 34 66 5
7 322 238 304 268 33 66 5
7 322 239 302 270 34 66 5
7 322 240 298 270 36 66 5
7 322 241 296 272 36 64 5
7 322 242 295 273 35 64 5
7 322 243 289 273 36 64 5
7 322 244 286 273 35 64 5
7 322 245 282 273 36 64 5
7 322 246 279 273 35 64 5
7 322 247 275 273 34 64 5
7 322 248 270 273 35 64 5
7 322 249 266 273 36 64 5
7 322 250 263 273 35 64 5
7 322 251 259 273 34 64 5
7 322 252 256 273 33 64 5
7 322 253 250 273 36 64 5
7 322 254 247 273 35 64 5
7 322 255 243 273 34 64 5
7 322 256 240 273 33 64 5
7 322 257 236 273 34 64 5
7 322 258 231 273 35 64 5
7 322 259 227 273 34 64 5
7 322 260 224 273 33 64 5
7 322 261 220 273 34 64 5
7 322 262 216 273 34 64 5
7 322 263 213 273 34 64 5
7 322 264 208 273 33 64 5
7 322 265 202 273 34 64 5
7 322 266 199 273 33 64 5
7 322 267 193 273 34 64 5
7 322 268 188 273 34 64 5
7 322 269 184 273 34 64 5
7 322 270 179 273 34 64 5
7 322 271 174 273 34 64 5
7 322 272 170 275 34 64 5
7 322 273 163 275 34 64 5
7 322 274 158 275 34 64 5
7 322 275 152 275 34 64 5
7 322 276 145 275 34 64 5
7 322 277 140 277 34 64 5
7 322 278 135 277 33 64 5
7 322 279 128 277 33 64 5
7 322 280 122 277 34 64 5
7 322 281 117 277 34 64 5
7 322 282 112 279 33 64 5
7 322 283 104 277 36 66 5
7 322 284 99 277 36 67 5
7 322 285 92 277 37 67 5
7 322 286 87 277 37 69 5
7 322 287 81 277 38 69 5
7 322 288 74 277 39 71 5
7 322 289 69 277 39 71 5
7 322 290 64 277 40 73 5
7 322 291 56 277 43 73 5
7 322 292 51 277 43 75 5
7 322 293 44 277 44 75 5
7 322 294 39 277 44 76 5
7 322 295 33 277 45 76 5
7 322 296 26 277 46 78 5
7 322 297 21 277 46 78 5
7 322 298 16 277 48 80 5
7 322 299 14 277 46 80 5
7 322 300 12 277 44 80 5
7 322 301 10 277 43 80 5
7 322 302 10 277 39 80 5
7 322 303 8 277 38 80 5
7 322 304 7 277 35 80 5
7 322 305 5 277 34 80 5
7 322 306 5 277 30 80 5
7 322 307 3 277 29 80 5
7 322 308 1 277 27 80 5
7 322 309 0 277 24 80 5
7 322 310 0 279 23 80 5
7 322 311 0 279 23 80 5
7 322 312 0 279 23 80 5
7 322 313 0 279 23 80 5
7 322 314 0 279 23 80 5
7 322 315 0 279 23 80 5
7 322 316 0 279 23 80 5
7 322 317 0 279 23 80 5
7 322 318 0 279 23 80 5
7 322 321 224 224 17 44 5
