0 315 7 504 305 25 84 1
0 315 8 503 304 25 83 1
0 315 9 503 302 25 85 1
0 315 10 503 300 25 87 1
0 315 11 501 298 25 87 1
0 315 12 501 296 25 89 1
0 315 13 501 296 25 89 1
0 315 14 499 296 27 89 1
0 315 15 497 296 29 89 1
0 315 16 496 296 30 89 1
0 315 17 494 296 32 89 1
0 315 18 492 296 34 89 1
0 315 19 490 296 36 89 1
0 315 20 490 296 36 89 1
0 315 21 488 296 36 89 1
0 315 22 488 296 36 89 1
0 315 23 487 296 35 89 1
0 315 24 487 296 35 89 1
0 315 25 485 296 35 89 1
0 315 26 485 298 35 89 1
0 315 27 483 296 36 89 1
0 315 28 483 296 36 89 1
0 315 29 481 296 36 89 1
0 315 30 481 296 36 89 1
0 315 31 481 296 36 89 1
0 315 32 480 296 35 89 1
0 315 33 480 296 35 89 1
0 315 34 480 296 35 89 1
0 315 35 478 296 35 89 1
0 315 36 476 296 36 89 1
0 315 37 476 296 36 89 1
0 315 38 474 296 36 89 1
0 315 39 472 296 36 89 1
0 315 40 472 296 36 89 1
0 315 41 471 295 35 89 1
0 315 42 471 295 35 89 1
0 315 43 471 293 35 89 1
0 315 44 469 293 35 89 1
0 315 45 469 291 35 89 1
0 315 46 469 291 35 89 1
0 315 47 467 291 36 89 1
0 315 48 467 291 36 89 1
0 315 49 465 291 36 89 1
0 315 50 465 291 36 89 1
0 315 51 464 291 35 89 1
0 315 52 464 291 35 89 1
0 315 53 462 289 35 89 1
0 315 54 462 289 35 89 1
0 315 55 460 289 36 89 1
0 315 56 460 289 36 89 1
0 315 57 458 289 36 89 1
0 315 58 458 289 36 89 1
0 315 59 456 289 36 89 1
0 315 60 456 289 36 89 1
0 315 61 456 289 36 89 1
0 315 62 455 289 35 89 1
0 315 63 455 289 35 89 1
0 315 64 455 289 35 89 1
0 315 65 453 288 35 88 1
0 315 66 453 288 35 88 1
0 315 67 451 288 36 88 1
0 315 68 451 288 36 88 1
0 315 69 449 288 36 88 1
0 315 70 449 288 36 88 1
0 315 71 449 288 36 88 1
0 315 72 448 286 35 89 1
0 315 73 448 286 35 89 1
0 315 74 448 286 35 89 1
0 315 75 446 286 35 89 1
0 315 76 446 286 35 89 1
0 315 77 446 286 35 89 1
0 315 78 446 286 35 89 1
0 315 79 444 286 36 89 1
0 315 80 444 286 36 89 1
0 315 81 442 286 36 89 1
0 315 82 442 286 36 89 1
0 315 83 440 286 36 89 1
0 315 84 440 286 36 89 1
0 315 85 440 286 36 89 1
0 315 86 439 284 35 89 1
0 315 87 439 284 35 89 1
0 315 88 439 284 35 89 1
0 315 89 437 282 35 89 1
0 315 90 437 282 35 89 1
0 315 91 437 282 35 89 1
0 315 92 437 282 35 89 1
0 315 93 435 282 36 89 1
0 315 94 435 282 36 89 1
0 315 95 435 282 36 89 1
0 315 96 433 282 36 89 1
0 315 97 433 282 36 89 1
0 315 98 433 282 36 89 1
0 315 99 433 282 36 89 1
0 315 100 432 282 35 89 1
0 315 101 432 282 35 89 1
0 315 102 432 282 35 89 1
0 315 103 432 282 35 89 1
0 315 104 430 280 35 89 1
0 315 105 430 280 35 89 1
0 315 106 428 280 36 89 1
0 315 107 428 280 36 89 1
0 315 108 426 280 36 89 1
0 315 109 426 280 36 89 1
0 315 110 424 280 36 89 1
0 315 111 424 280 36 89 1
0 315 112 424 280 36 89 1
0 315 113 423 279 35 89 1
0 315 114 423 279 35 89 1
0 315 115 423 279 35 89 1
0 315 116 423 279 35 89 1
0 315 117 423 279 35 89 1
0 315 118 423 279 35 89 1
0 315 119 421 279 35 89 1
0 315 120 421 279 35 89 1
0 315 121 421 279 35 89 1
0 315 122 421 279 35 89 1
0 315 123 421 279 35 89 1
0 315 124 421 279 35 89 1
0 315 125 419 279 36 89 1
0 315 126 419 279 36 89 1
0 315 127 419 279 36 89 1
0 315 128 419 279 36 89 1
0 315 129 417 279 36 89 1
0 315 130 417 279 36 89 1
0 315 131 417 279 36 89 1
0 315 132 417 279 36 89 1
0 315 133 417 279 36 89 1
0 315 134 416 277 35 89 1
0 315 135 416 277 35 89 1
0 315 136 416 277 35 87 1
0 315 137 416 277 35 87 1
0 315 138 414 277 35 85 1
0 315 139 414 277 35 85 1
0 315 140 414 275 35 87 1
0 315 141 414 275 35 85 1
0 315 142 412 275 36 85 1
0 315 143 412 275 36 84 1
0 315 144 412 275 36 84 1
0 315 145 412 275 36 84 1
0 315 146 412 275 36 82 1
0 315 147 412 275 36 82 1
0 315 148 412 275 36 82 1
0 315 149 412 275 36 82 1
0 315 150 412 275 36 82 1
0 315 151 412 275 36 82 1
0 315 152 412 275 36 82 1
0 315 153 412 275 36 82 1
0 315 154 412 275 36 82 1
0 315 155 412 275 36 82 1
0 315 156 412 275 36 82 1
0 315 157 412 275 36 82 1
0 315 158 412 275 36 80 1
0 315 159 412 275 36 80 1
0 315 160 412 275 36 80 1
0 315 161 412 275 36 80 1
0 315 162 412 275 36 80 1
0 315 163 412 275 36 80 1
0 315 164 412 275 36 80 1
0 315 165 412 275 36 80 1
0 315 166 412 275 36 80 1
0 315 167 412 275 36 80 1
0 315 168 412 275 36 80 1
0 315 169 412 275 36 80 1
0 315 170 412 275 36 78 1
0 315 171 412 275 36 78 1
0 315 172 412 275 36 78 1
0 315 173 412 275 36 78 1
0 315 174 412 275 36 78 1
0 315 175 412 275 36 78 1
0 315 176 412 275 36 78 1
0 315 177 412 275 36 78 1
0 315 178 412 275 36 78 1
0 315 179 412 275 36 78 1
0 315 180 412 275 36 78 1
0 315 181 412 275 36 78 1
0 315 182 412 275 36 78 1
0 315 183 410 273 36 79 1
0 315 184 410 273 36 79 1
0 315 185 410 273 36 79 1
0 315 186 410 273 36 79 1
0 315 187 410 273 36 79 1
0 315 188 410 273 36 79 1
0 315 189 410 272 36 78 1
0 315 190 410 272 36 78 1
0 315 191 410 272 36 78 1
0 315 192 410 272 36 78 1
0 315 193 410 272 36 78 1
0 315 194 410 272 36 78 1
0 315 195 410 272 36 78 1
0 315 196 408 272 36 76 1
0 315 197 408 272 36 76 1
0 315 198 408 272 36 76 1
0 315 199 408 272 36 76 1
0 315 200 407 272 35 76 1
0 315 201 407 272 35 76 1
0 315 202 407 272 35 76 1
0 315 203 407 272 35 76 1
0 315 204 405 272 35 76 1
0 315 205 405 272 35 76 1
0 315 206 405 272 35 76 1
0 315 207 405 272 35 74 1
0 315 208 405 272 35 74 1
0 315 209 403 272 36 74 1
0 315 210 403 272 36 74 1
0 315 211 403 272 36 74 1
0 315 212 403 272 36 74 1
0 315 213 401 272 36 74 1
0 315 214 401 272 36 74 1
0 315 215 401 272 36 74 1
0 315 216 401 272 36 74 1
0 315 217 401 273 36 73 1
0 315 218 400 272 35 72 1
0 315 219 400 272 35 72 1
0 315 220 400 272 35 72 1
0 315 221 400 272 35 72 1
0 315 222 400 272 35 72 1
0 315 223 400 272 35 72 1
0 315 224 400 272 35 72 1
0 315 225 400 272 35 72 1
0 315 226 400 272 35 72 1
0 315 227 398 272 35 72 1
0 315 228 398 272 35 72 1
0 315 229 398 272 35 72 1
0 315 230 398 272 35 72 1
0 315 231 398 272 35 72 1
0 315 232 398 272 35 72 1
0 315 233 398 272 35 72 1
0 315 234 398 272 35 72 1
0 315 235 398 272 35 72 1
0 315 236 396 270 36 73 1
0 315 237 396 270 36 73 1
0 315 238 396 270 36 73 1
0 315 239 396 270 36 73 1
0 315 240 396 270 36 73 1
0 315 241 396 270 36 73 1
0 315 242 394 270 36 73 1
0 315 243 394 270 36 73 1
0 315 244 394 270 36 73 1
0 315 245 394 268 36 73 1
0 315 246 394 268 36 73 1
0 315 247 394 268 36 73 1
0 315 248 394 268 36 73 1
0 315 249 392 268 36 73 1
0 315 250 392 268 36 73 1
0 315 251 392 268 36 73 1
0 315 252 392 268 36 73 1
0 315 253 392 268 36 73 1
0 315 254 392 266 36 73 1
0 315 255 392 266 36 73 1
0 315 256 391 266 35 73 1
0 315 257 391 266 35 73 1
0 315 258 391 266 35 73 1
0 315 259 391 266 35 73 1
0 315 260 391 266 35 73 1
0 315 261 391 266 35 73 1
0 315 262 391 266 35 73 1
0 315 263 389 264 35 73 1
0 315 264 389 264 35 73 1
0 315 265 389 264 35 73 1
0 315 266 389 264 35 73 1
0 315 267 389 264 35 73 1
0 315 268 389 264 35 73 1
0 315 269 389 264 35 73 1
0 315 270 387 264 36 73 1
0 315 271 387 264 36 73 1
0 315 272 387 264 36 73 1
0 315 273 387 264 36 73 1
0 315 274 387 264 36 73 1
0 315 275 387 264 36 73 1
0 315 276 387 264 36 73 1
0 315 277 387 264 36 73 1
0 315 278 385 264 36 73 1
0 315 279 385 264 36 73 1
0 315 280 385 264 36 73 1
0 315 281 385 264 36 73 1
0 315 282 384 264 35 73 1
0 315 283 384 264 35 73 1
0 315 284 384 264 35 73 1
0 315 285 384 264 35 73 1
0 315 286 382 264 35 73 1
0 315 287 382 264 35 73 1
0 315 288 382 264 35 73 1
0 315 289 382 264 35 73 1
0 315 290 382 264 35 73 1
0 315 291 380 264 36 72 1
0 315 292 380 264 36 72 1
0 315 293 380 264 36 72 1
0 315 294 380 264 36 72 1
0 315 295 380 264 36 72 1
0 315 296 380 264 36 70 1
0 315 297 380 264 36 70 1
0 315 298 378 264 36 70 1
0 315 299 378 264 36 70 1
0 315 300 378 264 36 70 1
0 315 301 378 264 36 68 1
0 315 302 378 264 36 68 1
0 315 303 378 264 36 68 1
0 315 304 378 264 36 68 1
0 315 305 378 264 36 68 1
0 315 306 376 263 36 67 1
0 315 307 376 263 36 67 1
0 315 308 376 263 36 67 1
0 315 309 376 263 34 67 1
0 315 310 375 261 35 67 1
0 315 311 375 261 35 67 1
0 315 312 375 261 33 67 1
0 315 313 375 261 33 67 1
0 315 314 375 261 33 67 1
0 315 315 384 263 33 71 1
0 315 316 392 266 34 73 1
0 315 317 401 270 34 76 1
0 315 318 410 272 34 80 1
0 315 319 419 275 34 84 1
0 315 320 428 279 34 85 1
0 315 321 437 282 35 89 1
1 565 0 673 344 39 98 1
1 565 1 672 343 39 97 1
1 565 2 670 343 39 97 1
1 565 3 668 343 39 97 1
1 565 4 666 343 39 97 1
1 565 5 664 343 40 97 1
1 565 6 663 343 39 97 1
1 565 7 663 343 39 97 1
1 565 8 661 341 39 98 1
1 565 9 659 341 39 98 1
1 565 10 657 341 39 98 1
1 565 11 656 341 39 98 1
1 565 12 654 341 39 98 1
1 565 13 654 341 39 98 1
1 565 14 652 339 39 98 1
1 565 15 650 339 39 98 1
1 565 16 648 339 40 98 1
1 565 17 647 337 39 98 1
1 565 18 645 337 39 98 1
1 565 19 643 337 39 98 1
1 565 20 641 336 39 97 1
1 565 21 641 336 39 97 1
1 565 22 640 336 39 97 1
1 565 23 640 336 39 97 1
1 565 24 638 336 39 97 1
1 565 25 638 336 39 97 1
1 565 26 638 336 39 97 1
1 565 27 636 334 39 98 1
1 565 28 634 334 39 98 1
1 565 29 634 334 39 98 1
1 565 30 632 334 40 98 1
1 565 31 632 334 40 98 1
1 565 32 631 334 39 98 1
1 565 33 631 334 39 98 1
1 565 34 629 332 39 98 1
1 565 35 627 332 39 98 1
1 565 36 625 332 39 98 1
1 565 37 624 332 39 98 1
1 565 38 622 332 39 98 1
1 565 39 622 332 39 98 1
1 565 40 620 330 39 98 1
1 565 41 618 330 39 98 1
1 565 42 616 330 40 98 1
1 565 43 615 330 39 98 1
1 565 44 613 330 39 98 1
1 565 45 611 330 39 98 1
1 565 46 611 330 39 98 1
1 565 47 609 328 39 98 1
1 565 48 609 328 39 98 1
1 565 49 608 327 39 97 1
1 565 50 608 327 39 97 1
1 565 51 606 327 39 97 1
1 565 52 606 325 39 98 1
1 565 53 604 325 39 98 1
1 565 54 604 325 39 98 1
1 565 55 602 323 39 98 1
1 565 56 600 323 40 98 1
1 565 57 600 323 40 98 1
1 565 58 599 323 39 98 1
1 565 59 597 323 39 98 1
1 565 60 597 323 39 98 1
1 565 61 595 321 39 98 1
1 565 62 593 321 39 98 1
1 565 63 593 321 39 98 1
1 565 64 592 321 39 98 1
1 565 65 590 321 39 98 1
1 565 66 590 321 39 98 1
1 565 67 588 320 39 97 1
1 565 68 586 320 39 97 1
1 565 69 584 320 40 97 1
1 565 70 584 320 40 97 1
1 565 71 583 320 39 97 1
1 565 72 581 320 39 97 1
1 565 73 581 320 39 97 1
1 565 74 579 320 39 97 1
1 565 75 577 320 39 97 1
1 565 76 577 320 39 97 1
1 565 77 576 318 39 98 1
1 565 78 576 318 39 98 1
1 565 79 576 318 39 98 1
1 565 80 576 316 39 98 1
1 565 81 574 316 39 98 1
1 565 82 574 316 39 98 1
1 565 83 574 314 39 98 1
1 565 84 574 314 39 98 1
1 565 85 574 314 39 98 1
1 565 86 572 314 39 98 1
1 565 87 572 314 37 98 1
1 565 88 570 314 38 98 1
1 565 89 570 314 36 98 1
1 565 90 568 314 36 98 1
1 565 91 568 314 34 98 1
1 565 92 568 314 34 98 1
1 565 93 567 312 33 98 1
1 565 94 565 312 34 98 1
1 565 95 565 312 34 98 1
1 565 96 563 312 34 96 1
1 565 97 563 312 34 96 1
1 565 98 561 312 34 96 1
1 565 99 561 312 34 96 1
1 565 100 560 312 33 96 1
1 565 101 560 312 33 96 1
1 565 102 558 312 34 96 1
1 565 103 558 312 34 96 1
1 565 104 556 312 34 96 1
1 565 105 556 312 34 96 1
1 565 106 556 312 34 96 1
1 565 107 554 311 34 96 1
1 565 108 554 311 34 96 1
1 565 109 554 311 34 96 1
1 565 110 554 311 34 96 1
1 565 111 554 311 34 96 1
1 565 112 554 311 34 96 1
1 565 113 554 311 34 96 1
1 565 114 552 309 34 96 1
1 565 115 551 309 33 96 1
1 565 116 551 309 33 96 1
1 565 117 549 307 34 96 1
1 565 118 549 307 34 96 1
1 565 119 547 307 34 96 1
1 565 120 547 307 34 96 1
1 565 121 545 307 34 94 1
1 565 122 545 307 34 94 1
1 565 123 544 307 33 94 1
1 565 124 544 307 33 93 1
1 565 125 542 307 34 93 1
1 565 126 542 309 34 91 1
1 565 127 540 309 34 91 1
1 565 128 540 309 34 91 1
1 565 129 538 309 34 91 1
1 565 130 538 309 34 91 1
1 565 131 536 309 34 91 1
1 565 132 536 311 34 90 1
1 565 133 535 309 33 91 1
1 565 134 535 309 33 91 1
1 565 135 535 309 33 91 1
1 565 136 533 309 34 91 1
1 565 137 533 307 34 91 1
1 565 138 533 307 34 91 1
1 565 139 531 307 34 91 1
1 565 140 531 307 34 91 1
1 565 141 531 307 34 91 1
1 565 142 529 305 34 91 1
1 565 143 529 305 34 91 1
1 565 144 528 305 33 91 1
1 565 145 528 305 33 91 1
1 565 146 526 304 34 90 1
1 565 147 526 304 34 90 1
1 565 148 524 304 34 90 1
1 565 149 524 304 34 90 1
1 565 150 522 302 34 90 1
1 565 151 520 302 34 90 1
1 565 152 520 302 34 90 1
1 565 153 519 302 33 90 1
1 565 154 517 302 34 90 1
1 565 155 517 302 34 90 1
1 565 156 515 302 34 89 1
1 565 157 515 302 34 89 1
1 565 158 513 302 34 89 1
1 565 159 513 302 34 89 1
1 565 160 513 302 34 89 1
1 565 161 512 302 33 87 1
1 565 162 512 302 33 87 1
1 565 163 512 302 33 87 1
1 565 164 510 302 34 87 1
1 565 165 510 302 34 87 1
1 565 166 510 302 34 87 1
1 565 167 508 302 34 85 1
1 565 168 508 302 34 85 1
1 565 169 508 302 34 85 1
1 565 170 506 302 34 85 1
1 565 171 506 302 34 85 1
1 565 172 506 302 34 85 1
1 565 173 504 300 34 85 1
1 565 174 504 300 34 85 1
1 565 175 503 298 33 86 1
1 565 176 503 298 33 86 1
1 565 177 501 296 34 86 1
1 565 178 501 296 34 86 1
1 565 179 499 296 34 86 1
1 565 180 499 296 34 86 1
1 565 181 497 298 34 86 1
1 565 182 497 298 34 86 1
1 565 183 496 298 33 86 1
1 565 184 496 300 33 85 1
1 565 185 494 300 34 85 1
1 565 186 494 300 34 85 1
1 565 187 492 300 34 85 1
1 565 188 492 300 34 85 1
1 565 189 492 300 34 85 1
1 565 190 490 300 34 85 1
1 565 191 490 300 34 85 1
1 565 192 490 300 34 85 1
1 565 193 488 298 34 86 1
1 565 194 487 298 33 86 1
1 565 195 487 298 33 86 1
1 565 196 485 298 34 86 1
1 565 197 483 296 34 86 1
1 565 198 483 296 34 86 1
1 565 199 481 296 34 86 1
1 565 200 481 296 34 86 1
1 565 201 480 295 33 85 1
1 565 202 480 295 33 85 1
1 565 203 480 295 33 85 1
1 565 204 478 295 34 85 1
1 565 205 478 295 34 85 1
1 565 206 478 295 34 85 1
1 565 207 478 295 34 85 1
1 565 208 476 295 34 85 1
1 565 209 476 295 34 85 1
1 565 210 474 295 34 85 1
1 565 211 474 295 34 85 1
1 565 212 472 295 34 85 1
1 565 213 472 295 34 85 1
1 565 214 472 295 34 85 1
1 565 215 471 293 33 85 1
1 565 216 471 293 33 85 1
1 565 217 471 293 33 85 1
1 565 218 471 291 33 85 1
1 565 219 471 291 33 85 1
1 565 220 471 291 33 85 1
1 565 221 471 291 33 85 1
1 565 222 469 291 34 85 1
1 565 223 469 291 34 85 1
1 565 224 467 291 34 85 1
1 565 225 467 291 34 85 1
1 565 226 465 291 34 85 1
1 565 227 465 291 34 85 1
1 565 228 464 291 33 85 1
1 565 229 464 291 33 85 1
1 565 230 462 291 34 85 1
1 565 231 462 291 34 85 1
1 565 232 460 291 34 85 1
1 565 233 460 291 34 85 1
1 565 234 458 291 34 85 1
1 565 235 458 291 34 85 1
1 565 236 458 291 34 85 1
1 565 237 456 289 34 86 1
1 565 238 456 289 34 86 1
1 565 239 456 289 34 86 1
1 565 240 456 289 34 86 1
1 565 241 456 289 34 86 1
1 565 242 455 288 33 85 1
1 565 243 455 288 33 85 1
1 565 244 455 288 33 85 1
1 565 245 455 288 33 85 1
1 565 246 455 288 33 85 1
1 565 247 453 286 34 85 1
1 565 248 453 286 34 85 1
1 565 249 453 286 34 85 1
1 565 250 453 286 34 85 1
1 565 251 453 286 34 85 1
1 565 252 453 286 34 85 1
1 565 253 451 284 34 85 1
1 565 254 451 284 34 85 1
1 565 255 451 284 34 85 1
1 565 256 449 284 34 85 1
1 565 257 449 284 34 85 1
1 565 258 449 284 34 85 1
1 565 259 448 284 33 85 1
1 565 260 448 284 33 85 1
1 565 261 448 284 33 85 1
1 565 262 446 284 34 84 1
1 565 263 446 284 34 84 1
1 565 264 446 284 34 84 1
1 565 265 446 284 34 84 1
1 565 266 446 284 34 82 1
1 565 267 446 284 34 82 1
1 565 268 446 284 34 82 1
1 565 269 446 284 34 82 1
1 565 270 446 284 34 80 1
1 565 271 446 284 34 80 1
1 565 272 446 284 34 80 1
1 565 273 446 286 34 78 1
1 565 274 444 284 34 78 1
1 565 275 444 284 34 78 1
1 565 276 444 284 34 78 1
1 565 277 444 284 34 78 1
1 565 278 442 282 34 78 1
1 565 279 442 282 34 78 1
1 565 280 442 282 34 78 1
1 565 281 442 282 34 78 1
1 565 282 440 280 34 79 1
1 565 283 440 280 34 79 1
1 565 284 440 280 34 79 1
1 565 285 440 280 34 79 1
1 565 286 440 280 34 79 1
1 565 287 439 280 33 79 1
1 565 288 439 280 33 79 1
1 565 289 439 280 33 79 1
1 565 290 439 280 33 79 1
1 565 291 437 280 34 79 1
1 565 292 437 280 34 79 1
1 565 293 437 280 34 79 1
1 565 294 437 280 34 79 1
1 565 295 437 280 34 79 1
1 565 296 435 280 34 79 1
1 565 297 435 280 34 79 1
1 565 298 435 280 34 79 1
1 565 299 435 280 34 79 1
1 565 300 435 280 34 79 1
1 565 301 433 279 34 78 1
1 565 302 433 279 34 78 1
1 565 303 433 279 34 78 1
1 565 304 433 279 34 78 1
1 565 305 432 279 33 78 1
1 565 306 432 279 33 78 1
1 565 307 432 279 33 78 1
1 565 308 432 279 33 78 1
1 565 309 432 279 32 78 1
1 565 310 430 279 34 76 1
1 565 311 430 279 34 76 1
1 565 312 430 279 34 76 1
1 565 313 430 279 32 76 1
1 565 314 430 279 32 76 1
1 565 315 428 279 34 76 1
1 565 316 428 279 34 76 1
1 565 317 428 279 32 76 1
1 565 318 428 279 32 76 1
1 565 319 428 279 32 76 1
1 565 320 426 279 34 74 1
1 565 321 426 279 34 74 1
1 565 322 426 279 32 74 1
1 565 323 426 279 32 74 1
1 565 324 426 279 32 74 1
1 565 325 424 279 34 74 1
1 565 326 424 279 32 74 1
1 565 327 424 279 32 74 1
1 565 328 424 279 32 74 1
1 565 329 424 279 32 74 1
1 565 330 423 279 32 73 1
1 565 331 423 279 32 73 1
1 565 332 423 279 32 73 1
1 565 333 423 279 32 73 1
1 565 334 423 279 30 73 1
1 565 335 421 279 32 73 1
1 565 336 421 279 32 73 1
1 565 337 421 279 32 73 1
1 565 338 421 279 30 73 1
1 565 339 421 279 30 73 1
1 565 340 419 279 32 71 1
1 565 341 419 279 32 71 1
1 565 342 419 279 32 71 1
1 565 343 419 279 30 71 1
1 565 344 419 279 30 71 1
1 565 345 417 279 32 71 1
1 565 346 417 279 32 71 1
1 565 347 417 279 31 71 1
1 565 348 417 279 31 71 1
1 565 349 417 279 31 71 1
1 565 350 416 279 32 69 1
1 565 351 416 279 30 69 1
1 565 352 416 279 30 69 1
1 565 353 416 279 30 69 1
1 565 354 416 279 30 69 1
1 565 355 414 279 30 69 1
1 565 356 414 279 30 69 1
1 565 357 414 279 30 69 1
1 565 358 414 279 30 69 1
1 565 359 414 279 30 69 1
1 565 360 412 277 30 69 1
1 565 361 412 277 30 69 1
1 565 362 412 277 30 69 1
1 565 363 412 277 30 69 1
1 565 364 412 277 30 69 1
1 565 365 412 277 30 69 1
1 565 366 412 277 30 69 1
1 565 367 412 277 30 69 1
1 565 368 412 277 30 69 1
1 565 369 410 277 30 69 1
1 565 370 410 277 30 69 1
1 565 371 410 277 30 69 1
1 565 372 410 277 30 67 1
1 565 373 410 277 30 67 1
1 565 374 410 277 30 67 1
1 565 375 410 277 30 67 1
1 565 376 410 277 30 67 1
1 565 377 410 275 30 69 1
1 565 378 410 275 30 69 1
1 565 379 408 275 31 69 1
1 565 380 408 275 31 69 1
1 565 381 408 275 31 69 1
1 565 382 408 275 31 69 1
1 565 383 408 275 31 69 1
1 565 384 408 275 31 68 1
1 565 385 408 275 31 68 1
1 565 386 408 275 31 68 1
1 565 387 408 275 31 68 1
1 565 388 408 275 31 68 1
1 565 389 407 275 30 68 1
1 565 390 407 275 30 68 1
1 565 391 407 275 30 68 1
1 565 392 407 275 30 68 1
1 565 393 407 275 30 68 1
1 565 394 407 275 30 68 1
1 565 395 407 273 30 70 1
1 565 396 407 273 30 68 1
1 565 397 407 273 30 68 1
1 565 398 407 273 30 68 1
1 565 399 405 273 30 68 1
1 565 400 405 273 30 68 1
1 565 401 405 273 30 68 1
1 565 402 405 273 30 68 1
1 565 403 405 273 30 68 1
1 565 404 405 273 30 68 1
1 565 405 405 273 30 68 1
1 565 406 405 273 30 68 1
1 565 407 405 273 30 68 1
1 565 408 405 273 30 66 1
1 565 409 403 273 30 66 1
1 565 410 403 273 30 66 1
1 565 411 403 273 30 66 1
1 565 412 403 272 30 67 1
1 565 413 403 272 30 67 1
1 565 414 403 272 30 67 1
1 565 415 403 272 30 67 1
1 565 416 403 272 30 67 1
1 565 417 403 272 30 67 1
1 565 418 403 272 30 67 1
1 565 419 401 272 31 67 1
1 565 420 401 272 31 65 1
1 565 421 401 272 31 65 1
1 565 422 401 272 31 65 1
1 565 423 401 272 31 65 1
1 565 424 401 272 31 65 1
1 565 425 401 272 31 65 1
1 565 426 401 272 31 65 1
1 565 427 401 272 31 65 1
1 565 428 401 272 31 65 1
1 565 429 400 272 30 65 1
1 565 430 400 270 30 67 1
1 565 431 400 270 30 67 1
1 565 432 400 270 30 66 1
1 565 433 400 270 30 66 1
1 565 434 400 270 30 66 1
1 565 435 400 270 30 66 1
1 565 436 400 270 30 66 1
1 565 437 400 270 30 66 1
1 565 438 400 270 30 66 1
1 565 439 398 270 30 66 1
1 565 440 398 270 30 66 1
1 565 441 398 270 30 66 1
1 565 442 398 270 30 66 1
1 565 443 398 270 30 66 1
1 565 444 398 270 30 66 1
1 565 445 398 270 30 64 1
1 565 446 398 270 30 64 1
1 565 447 398 268 30 66 1
1 565 448 396 268 30 66 1
1 565 449 396 268 30 66 1
1 565 450 396 268 30 66 1
1 565 451 396 268 30 66 1
1 565 452 396 268 30 66 1
1 565 453 396 268 30 66 1
1 565 454 396 268 30 66 1
1 565 455 396 268 30 66 1
1 565 456 396 268 30 66 1
1 565 457 396 268 30 64 1
1 565 458 394 268 30 64 1
1 565 459 394 268 30 64 1
1 565 460 394 268 30 64 1
1 565 461 394 268 30 64 1
1 565 462 394 268 30 64 1
1 565 463 394 268 30 64 1
1 565 464 394 268 30 64 1
1 565 465 394 266 30 66 1
1 565 466 394 266 30 66 1
1 565 467 394 266 30 66 1
1 565 468 392 266 31 66 1
1 565 469 392 266 31 64 1
1 565 470 392 266 31 64 1
1 565 471 392 266 31 64 1
1 565 472 392 266 31 64 1
1 565 473 392 266 31 64 1
1 565 474 392 266 31 64 1
1 565 475 392 266 31 64 1
1 565 476 392 266 31 64 1
1 565 477 392 266 31 64 1
1 565 478 391 266 30 64 1
1 565 479 391 266 30 64 1
1 565 480 391 266 30 64 1
1 565 481 391 266 30 62 1
1 565 482 391 264 30 64 1
1 565 483 391 264 30 64 1
1 565 484 391 264 30 64 1
1 565 485 391 264 30 64 1
1 565 486 391 264 30 64 1
1 565 487 391 264 30 64 1
1 565 488 389 264 30 64 1
1 565 489 389 264 30 64 1
1 565 490 389 264 30 64 1
1 565 491 389 264 30 64 1
1 565 492 389 264 30 64 1
1 565 493 389 264 30 63 1
1 565 494 389 264 30 63 1
1 565 495 389 264 30 63 1
1 565 496 389 264 30 63 1
1 565 497 389 264 30 63 1
1 565 498 387 264 30 63 1
1 565 499 387 264 30 63 1
1 565 500 387 263 30 64 1
1 565 501 387 263 30 64 1
1 565 502 387 263 30 64 1
1 565 503 387 263 30 64 1
1 565 504 387 263 30 64 1
1 565 505 387 263 30 62 1
1 565 506 387 263 30 62 1
1 565 507 387 263 30 62 1
1 565 508 385 263 31 62 1
1 565 509 385 263 31 62 1
1 565 510 385 263 31 62 1
1 565 511 385 263 31 62 1
1 565 512 385 263 31 62 1
1 565 513 385 263 31 62 1
1 565 514 385 263 31 62 1
1 565 515 385 263 31 62 1
1 565 516 385 263 31 62 1
1 565 517 385 263 31 62 1
1 565 518 384 261 30 62 1
1 565 519 384 261 30 62 1
1 565 520 384 261 30 62 1
1 565 521 384 261 30 62 1
1 565 522 382 261 30 62 1
1 565 523 382 261 30 62 1
1 565 524 382 261 30 62 1
1 565 525 382 261 30 62 1
1 565 526 382 261 30 62 1
1 565 527 380 261 30 60 1
1 565 528 380 261 30 60 1
1 565 529 380 261 30 60 1
1 565 530 380 261 30 60 1
1 565 531 380 261 30 60 1
1 565 532 378 261 30 60 1
1 565 533 378 259 30 62 1
1 565 534 378 259 30 62 1
1 565 535 378 259 30 62 1
1 565 536 376 259 31 61 1
1 565 537 376 259 31 61 1
1 565 538 376 259 31 61 1
1 565 539 376 259 31 61 1
1 565 540 376 259 31 61 1
1 565 541 375 259 30 61 1
1 565 542 375 259 30 61 1
1 565 543 375 259 30 61 1
1 565 544 375 259 30 61 1
1 565 545 375 259 30 61 1
1 565 546 373 259 30 59 1
1 565 547 373 259 30 59 1
1 565 548 373 259 30 59 1
1 565 549 373 257 30 61 1
1 565 550 371 257 30 61 1
1 565 551 371 257 30 61 1
1 565 552 371 257 30 61 1
1 565 553 371 257 30 61 1
1 565 554 371 257 30 61 1
1 565 555 369 257 31 59 1
1 565 556 369 257 31 59 1
1 565 557 369 257 31 59 1
1 565 558 369 257 31 59 1
1 565 559 369 257 31 59 1
1 565 560 368 257 30 59 1
1 565 561 368 257 30 59 1
1 565 562 368 257 30 59 1
1 565 563 368 257 30 59 1
1 565 564 368 257 30 59 1
2 565 0 312 268 27 71 1
2 565 1 312 268 27 71 1
2 565 2 312 268 27 71 1
2 565 3 312 268 27 71 1
2 565 4 312 268 27 71 1
2 565 5 312 268 27 71 1
2 565 6 312 268 27 71 1
2 565 7 312 268 27 71 1
2 565 8 312 268 27 71 1
2 565 9 312 268 27 71 1
2 565 10 312 268 27 71 1
2 565 11 312 268 27 71 1
2 565 12 312 268 27 71 1
2 565 13 312 268 27 71 1
2 565 14 312 268 27 71 1
2 565 15 312 268 27 71 1
2 565 16 312 268 27 71 1
2 565 17 312 268 27 71 1
2 565 18 312 268 27 71 1
2 565 19 312 268 27 71 1
2 565 20 312 268 27 71 1
2 565 21 312 268 27 71 1
2 565 22 312 268 27 71 1
2 565 23 312 268 27 71 1
2 565 24 312 268 27 71 1
2 565 25 312 268 27 71 1
2 565 26 312 268 27 71 1
2 565 27 312 268 27 71 1
2 565 28 312 268 27 71 1
2 565 29 312 268 27 71 1
2 565 30 312 268 27 71 1
2 565 31 312 268 27 71 1
2 565 32 312 268 27 71 1
2 565 33 312 268 27 71 1
2 565 34 312 268 27 71 1
2 565 35 312 268 27 71 1
2 565 36 312 268 27 71 1
2 565 37 312 268 27 71 1
2 565 38 312 268 27 71 1
2 565 39 312 268 27 71 1
2 565 40 312 268 27 71 1
2 565 41 312 268 27 71 1
2 565 42 312 268 27 71 1
2 565 43 312 268 27 71 1
2 565 44 312 268 27 71 1
2 565 45 312 268 27 71 1
2 565 46 312 268 27 71 1
2 565 47 312 268 27 71 1
2 565 48 312 268 27 71 1
2 565 49 312 268 27 71 1
2 565 50 312 268 27 71 1
2 565 51 312 268 27 71 1
2 565 52 312 268 27 71 1
2 565 53 312 268 27 71 1
2 565 54 312 268 27 71 1
2 565 55 312 268 27 71 1
2 565 56 312 268 27 71 1
2 565 57 312 268 27 71 1
2 565 58 312 268 27 71 1
2 565 59 312 268 27 71 1
2 565 60 312 268 27 71 1
2 565 61 312 268 27 71 1
2 565 62 312 268 27 71 1
2 565 63 312 268 27 71 1
2 565 64 312 268 27 71 1
2 565 65 312 268 27 71 1
2 565 66 312 268 27 71 1
2 565 67 312 268 27 71 1
2 565 68 312 268 27 71 1
2 565 69 312 268 27 71 1
2 565 70 312 268 27 71 1
2 565 71 312 268 27 71 1
2 565 72 312 268 27 71 1
2 565 73 312 268 27 71 1
2 565 74 312 268 27 71 1
2 565 75 312 268 27 71 1
2 565 76 312 268 27 71 1
2 565 77 312 268 27 71 1
2 565 78 312 268 27 71 1
2 565 79 312 268 27 71 1
2 565 80 312 268 27 71 1
2 565 81 312 268 27 71 1
2 565 82 312 268 27 71 1
2 565 83 312 268 27 71 1
2 565 84 312 268 27 71 1
2 565 85 312 268 27 71 1
2 565 86 312 268 27 71 1
2 565 87 312 268 27 71 1
2 565 88 312 268 27 71 1
2 565 89 312 268 27 71 1
2 565 90 312 268 27 71 1
2 565 91 312 268 27 71 1
2 565 92 312 268 27 71 1
2 565 93 312 268 27 71 1
2 565 94 312 268 27 71 1
2 565 95 312 268 27 71 1
2 565 96 312 268 27 71 1
2 565 97 312 268 27 71 1
2 565 98 312 268 27 71 1
2 565 99 312 268 27 71 1
2 565 100 312 268 27 71 1
2 565 101 312 268 27 71 1
2 565 102 312 268 27 71 1
2 565 103 312 268 27 71 1
2 565 104 312 268 27 71 1
2 565 105 312 268 27 71 1
2 565 106 312 268 27 71 1
2 565 107 312 268 27 71 1
2 565 108 312 268 27 71 1
2 565 109 312 268 27 71 1
2 565 110 312 268 27 71 1
2 565 111 312 268 27 71 1
2 565 112 312 268 27 71 1
2 565 113 312 268 27 71 1
2 565 114 312 268 27 71 1
2 565 115 312 268 27 71 1
2 565 116 312 268 27 71 1
2 565 117 312 268 27 71 1
2 565 118 312 268 27 71 1
2 565 119 312 268 27 71 1
2 565 120 312 268 27 71 1
2 565 121 312 268 27 71 1
2 565 122 312 268 27 71 1
2 565 123 312 268 27 71 1
2 565 124 312 268 27 71 1
2 565 125 312 268 27 71 1
2 565 126 312 268 27 71 1
2 565 127 312 268 27 71 1
2 565 128 312 268 27 71 1
2 565 129 312 268 27 71 1
2 565 130 312 268 27 71 1
2 565 131 312 268 27 71 1
2 565 132 312 268 27 71 1
2 565 133 312 268 27 71 1
2 565 134 312 268 27 71 1
2 565 135 312 268 27 71 1
2 565 136 312 268 27 71 1
2 565 137 312 268 27 71 1
2 565 138 312 268 27 71 1
2 565 139 312 268 27 71 1
2 565 140 312 268 27 71 1
2 565 141 312 268 27 71 1
2 565 142 312 268 27 71 1
2 565 143 312 268 27 71 1
2 565 144 312 268 27 71 1
2 565 145 312 268 27 71 1
2 565 146 312 268 27 71 1
2 565 147 312 268 27 71 1
2 565 148 312 268 27 71 1
2 565 149 312 268 27 71 1
2 565 150 312 268 27 71 1
2 565 151 312 268 27 71 1
2 565 152 312 268 27 71 1
2 565 153 312 268 27 71 1
2 565 154 312 268 27 71 1
2 565 155 312 268 27 71 1
2 565 156 312 268 27 71 1
2 565 157 312 268 27 71 1
2 565 158 312 268 27 71 1
2 565 159 312 268 27 71 1
2 565 160 312 268 27 71 1
2 565 161 312 268 27 71 1
2 565 162 312 268 27 71 1
2 565 163 312 268 27 71 1
2 565 164 312 268 27 71 1
2 565 165 312 268 27 71 1
2 565 166 312 268 27 71 1
2 565 167 312 268 27 71 1
2 565 168 312 268 27 71 1
2 565 169 312 268 27 71 1
2 565 170 312 268 27 71 1
2 565 171 312 268 27 71 1
2 565 172 312 268 27 71 1
2 565 173 312 268 27 71 1
2 565 174 312 268 27 71 1
2 565 175 312 268 27 71 1
2 565 176 312 268 27 71 1
2 565 177 312 268 27 71 1
2 565 178 312 268 27 71 1
2 565 179 312 268 27 71 1
2 565 180 312 268 27 71 1
2 565 181 312 268 27 71 1
2 565 182 312 268 27 71 1
2 565 183 312 268 27 71 1
2 565 184 312 268 27 71 1
2 565 185 312 268 27 71 1
2 565 186 312 268 27 71 1
2 565 187 312 268 27 71 1
2 565 188 312 268 27 71 1
2 565 189 312 268 27 71 1
2 565 190 312 268 27 71 1
2 565 191 312 268 27 71 1
2 565 192 312 268 27 71 1
2 565 193 312 268 27 71 1
2 565 194 312 268 27 71 1
2 565 195 312 268 27 71 1
2 565 196 312 268 27 71 1
2 565 197 312 268 27 71 1
2 565 198 312 268 27 71 1
2 565 199 312 268 27 71 1
2 565 200 312 268 27 71 1
2 565 201 312 268 27 71 1
2 565 202 312 268 27 71 1
2 565 203 312 268 27 71 1
2 565 204 312 268 27 71 1
2 565 205 312 268 27 71 1
2 565 206 312 268 27 71 1
2 565 207 312 268 27 71 1
2 565 208 312 268 27 71 1
2 565 209 312 268 27 71 1
2 565 210 312 268 27 71 1
2 565 211 312 268 27 71 1
2 565 212 312 268 27 71 1
2 565 213 312 268 27 71 1
2 565 214 312 268 27 71 1
2 565 215 312 268 27 71 1
2 565 216 312 268 27 71 1
2 565 217 312 268 27 71 1
2 565 218 312 268 27 71 1
2 565 219 312 268 27 71 1
2 565 220 312 268 27 71 1
2 565 221 312 268 27 71 1
2 565 222 312 268 27 71 1
2 565 223 312 268 27 71 1
2 565 224 312 268 27 71 1
2 565 225 312 268 27 71 1
2 565 226 312 268 27 71 1
2 565 227 312 268 27 71 1
2 565 228 312 268 27 71 1
2 565 229 312 268 27 71 1
2 565 230 312 268 27 71 1
2 565 231 312 268 27 71 1
2 565 232 312 268 27 71 1
2 565 233 312 268 27 71 1
2 565 234 312 268 27 71 1
2 565 235 312 268 27 71 1
2 565 236 312 268 27 71 1
2 565 237 312 268 27 71 1
2 565 238 312 268 27 71 1
2 565 239 312 268 27 71 1
2 565 240 312 268 27 71 1
2 565 241 312 268 27 71 1
2 565 242 312 268 27 71 1
2 565 243 312 268 27 71 1
2 565 244 312 268 27 71 1
2 565 245 312 268 27 71 1
2 565 246 312 268 27 71 1
2 565 247 312 268 27 71 1
2 565 248 312 268 27 71 1
2 565 249 312 268 27 71 1
2 565 250 312 268 27 71 1
2 565 251 312 268 27 71 1
2 565 252 312 268 27 71 1
2 565 253 312 268 27 71 1
2 565 254 312 268 27 71 1
2 565 255 312 268 27 71 1
2 565 256 312 268 27 71 1
2 565 257 312 268 27 71 1
2 565 258 312 268 27 71 1
2 565 259 312 268 27 71 1
2 565 260 312 268 27 71 1
2 565 261 312 268 27 71 1
2 565 262 312 268 27 71 1
2 565 263 312 268 27 71 1
2 565 264 312 268 27 71 1
2 565 265 312 268 27 71 1
2 565 266 312 268 27 71 1
2 565 267 312 268 27 71 1
2 565 268 312 268 27 71 1
2 565 269 312 268 27 71 1
2 565 270 312 268 27 71 1
2 565 271 312 268 27 71 1
2 565 272 312 268 27 71 1
2 565 273 312 268 27 71 1
2 565 274 312 268 27 71 1
2 565 275 312 268 27 71 1
2 565 276 312 268 27 71 1
2 565 277 312 268 27 71 1
2 565 278 312 268 27 71 1
2 565 279 312 268 27 71 1
2 565 280 312 268 27 71 1
2 565 281 312 268 27 71 1
2 565 282 312 268 27 71 1
2 565 283 312 268 27 71 1
2 565 284 312 268 27 71 1
2 565 285 312 268 27 71 1
2 565 286 312 268 27 71 1
2 565 287 312 268 27 71 1
2 565 288 312 268 27 71 1
2 565 289 312 268 27 71 1
2 565 290 312 268 27 71 1
2 565 291 312 268 27 71 1
2 565 292 312 268 27 71 1
2 565 293 312 268 27 71 1
2 565 294 312 268 27 71 1
2 565 295 312 268 27 71 1
2 565 296 312 268 27 71 1
2 565 297 312 268 27 71 1
2 565 298 312 268 27 71 1
2 565 299 312 268 27 71 1
2 565 300 312 268 27 71 1
2 565 301 312 268 25 69 1
2 565 302 312 268 25 69 1
2 565 303 312 268 25 69 1
2 565 304 312 268 25 69 1
2 565 305 312 268 25 69 1
2 565 306 312 268 25 69 1
2 565 307 312 268 25 69 1
2 565 308 312 268 25 69 1
2 565 309 312 268 25 69 1
2 565 310 312 268 25 69 1
2 565 311 312 268 25 69 1
2 565 312 312 268 25 69 1
2 565 313 312 268 25 69 1
2 565 314 312 268 25 69 1
2 565 315 312 268 25 69 1
2 565 316 312 268 25 69 1
2 565 317 312 268 25 69 1
2 565 318 312 268 25 69 1
2 565 319 312 268 25 69 1
2 565 320 312 268 25 69 1
2 565 321 312 268 25 69 1
2 565 322 312 268 25 69 1
2 565 323 312 268 25 69 1
2 565 324 312 268 25 69 1
2 565 325 312 268 25 69 1
2 565 326 312 268 25 69 1
2 565 327 312 268 25 69 1
2 565 328 312 268 25 69 1
2 565 329 312 268 25 69 1
2 565 330 312 268 25 69 1
2 565 331 312 268 25 69 1
2 565 332 312 268 25 69 1
2 565 333 312 268 25 69 1
2 565 334 312 268 25 69 1
2 565 335 312 268 25 69 1
2 565 336 312 268 25 69 1
2 565 337 312 268 25 69 1
2 565 338 312 268 25 69 1
2 565 339 312 268 25 69 1
2 565 340 312 268 25 69 1
2 565 341 312 268 25 69 1
2 565 342 312 268 25 69 1
2 565 343 312 268 25 69 1
2 565 344 312 268 25 69 1
2 565 345 312 268 25 69 1
2 565 346 312 268 25 69 1
2 565 347 312 268 25 69 1
2 565 348 312 268 25 69 1
2 565 349 312 268 25 69 1
2 565 350 312 268 25 69 1
2 565 351 312 268 25 69 1
2 565 352 312 268 25 69 1
2 565 353 312 268 25 69 1
2 565 354 312 268 25 69 1
2 565 355 312 268 25 69 1
2 565 356 312 268 25 69 1
2 565 357 312 268 25 69 1
2 565 358 312 268 25 69 1
2 565 359 312 268 25 69 1
2 565 360 312 268 25 69 1
2 565 361 312 268 25 69 1
2 565 362 312 268 25 68 1
2 565 363 312 268 25 68 1
2 565 364 312 268 25 68 1
2 565 365 312 268 25 68 1
2 565 366 312 268 25 68 1
2 565 367 312 268 25 68 1
2 565 368 312 268 25 68 1
2 565 369 312 268 25 68 1
2 565 370 312 268 25 68 1
2 565 371 312 268 25 68 1
2 565 372 312 268 25 68 1
2 565 373 312 268 25 68 1
2 565 374 312 268 25 68 1
2 565 375 312 268 25 68 1
2 565 376 312 268 25 68 1
2 565 377 312 268 25 68 1
2 565 378 312 268 25 68 1
2 565 379 312 268 25 68 1
2 565 380 312 268 25 68 1
2 565 381 312 268 25 68 1
2 565 382 312 268 25 68 1
2 565 383 312 268 25 68 1
2 565 384 312 268 25 68 1
2 565 385 312 268 25 68 1
2 565 386 312 268 25 68 1
2 565 387 312 268 25 68 1
2 565 388 312 268 25 68 1
2 565 389 312 268 25 68 1
2 565 390 312 268 25 68 1
2 565 391 312 268 25 68 1
2 565 392 312 268 25 68 1
2 565 393 312 268 24 68 1
2 565 394 312 268 24 68 1
2 565 395 312 268 24 68 1
2 565 396 312 268 24 68 1
2 565 397 312 268 24 68 1
2 565 398 312 268 24 68 1
2 565 399 312 268 24 68 1
2 565 400 312 268 24 68 1
2 565 401 312 268 24 68 1
2 565 402 312 268 24 68 1
2 565 403 312 268 24 68 1
2 565 404 312 268 24 68 1
2 565 405 312 268 24 68 1
2 565 406 312 268 24 68 1
2 565 407 312 268 24 68 1
2 565 408 312 268 24 68 1
2 565 409 312 268 24 68 1
2 565 410 312 268 24 68 1
2 565 411 312 268 24 68 1
2 565 412 312 268 24 68 1
2 565 413 312 268 24 68 1
2 565 414 312 268 24 68 1
2 565 415 312 268 24 68 1
2 565 416 312 268 24 68 1
2 565 417 312 268 24 68 1
2 565 418 312 268 24 68 1
2 565 419 312 268 24 68 1
2 565 420 312 268 24 68 1
2 565 421 312 268 24 68 1
2 565 422 312 268 24 68 1
2 565 423 312 268 24 68 1
2 565 424 312 268 24 66 1
2 565 425 312 268 24 66 1
2 565 426 312 268 24 66 1
2 565 427 312 268 24 66 1
2 565 428 312 268 24 66 1
2 565 429 312 268 24 66 1
2 565 430 312 268 24 66 1
2 565 431 312 268 24 66 1
2 565 432 312 268 24 66 1
2 565 433 312 268 24 66 1
2 565 434 312 268 24 66 1
2 565 435 312 268 24 66 1
2 565 436 312 268 24 66 1
2 565 437 312 268 24 66 1
2 565 438 312 268 24 66 1
2 565 439 312 268 24 66 1
2 565 440 312 268 24 66 1
2 565 441 312 268 24 66 1
2 565 442 312 268 24 66 1
2 565 443 312 268 24 66 1
2 565 444 312 268 24 66 1
2 565 445 312 268 24 66 1
2 565 446 312 268 24 66 1
2 565 447 312 268 24 66 1
2 565 448 312 268 24 66 1
2 565 449 312 268 24 66 1
2 565 450 312 268 24 66 1
2 565 451 312 268 24 66 1
2 565 452 312 268 24 66 1
2 565 453 312 268 24 66 1
2 565 454 312 268 24 66 1
2 565 455 312 268 24 66 1
2 565 456 312 268 24 66 1
2 565 457 312 268 24 66 1
2 565 458 312 268 24 66 1
2 565 459 312 268 24 66 1
2 565 460 312 268 24 66 1
2 565 461 312 268 24 66 1
2 565 462 312 268 24 66 1
2 565 463 312 268 24 66 1
2 565 464 312 268 24 66 1
2 565 465 312 268 24 66 1
2 565 466 312 268 24 66 1
2 565 467 312 268 24 66 1
2 565 468 312 268 24 66 1
2 565 469 312 268 24 66 1
2 565 470 312 268 24 66 1
2 565 471 312 268 24 66 1
2 565 472 312 268 24 66 1
2 565 473 312 268 24 66 1
2 565 474 312 268 24 66 1
2 565 475 312 268 24 66 1
2 565 476 312 268 24 66 1
2 565 477 312 268 24 66 1
2 565 478 312 268 24 66 1
2 565 479 312 268 24 66 1
2 565 480 312 268 24 66 1
2 565 481 312 268 24 66 1
2 565 482 312 268 24 66 1
2 565 483 312 268 24 66 1
2 565 484 312 268 24 66 1
2 565 485 314 268 22 66 1
2 565 486 314 268 22 66 1
2 565 487 314 268 22 66 1
2 565 488 314 268 22 66 1
2 565 489 314 268 22 66 1
2 565 490 314 268 22 66 1
2 565 491 314 268 22 66 1
2 565 492 314 268 22 66 1
2 565 493 314 268 22 66 1
2 565 494 314 268 22 66 1
2 565 495 316 268 21 66 1
2 565 496 316 268 21 66 1
2 565 497 316 268 21 66 1
2 565 498 316 268 21 66 1
2 565 499 316 268 21 66 1
2 565 500 316 268 21 66 1
2 565 501 316 268 21 66 1
2 565 502 316 268 21 66 1
2 565 503 316 268 21 66 1
2 565 504 316 268 21 66 1
2 565 505 318 268 21 66 1
2 565 506 318 268 21 66 1
2 565 507 318 268 21 66 1
2 565 508 318 268 21 66 1
2 565 509 318 268 21 66 1
2 565 510 318 268 21 66 1
2 565 511 318 268 21 66 1
2 565 512 320 268 21 66 1
2 565 513 320 268 21 66 1
2 565 514 320 268 21 66 1
2 565 515 320 268 21 66 1
2 565 516 320 268 21 66 1
2 565 517 320 268 21 66 1
2 565 518 320 268 21 66 1
2 565 519 321 268 22 66 1
2 565 520 321 268 22 66 1
2 565 521 321 268 22 66 1
2 565 522 321 268 23 66 1
2 565 523 323 268 21 66 1
2 565 524 323 268 21 66 1
2 565 525 323 268 23 66 1
2 565 526 325 268 21 66 1
2 565 527 325 268 23 66 1
2 565 528 325 268 23 66 1
2 565 529 325 268 23 66 1
2 565 530 327 268 23 66 1
2 565 531 327 268 23 66 1
2 565 532 327 268 25 66 1
2 565 533 328 268 24 66 1
2 565 534 328 268 24 66 1
2 565 535 328 268 25 66 1
2 565 536 328 268 25 66 1
2 565 537 330 268 25 66 1
2 565 538 330 268 25 66 1
2 565 539 330 268 25 66 1
2 565 540 332 268 25 66 1
2 565 541 332 268 25 66 1
2 565 542 332 268 27 66 1
2 565 543 332 268 27 66 1
2 565 544 334 268 25 66 1
2 565 545 334 268 26 66 1
2 565 546 334 268 26 66 1
2 565 547 336 270 26 66 1
2 565 548 336 270 26 66 1
2 565 549 336 270 26 66 1
2 565 550 336 270 26 66 1
2 565 551 336 270 26 66 1
2 565 552 336 270 26 66 1
2 565 553 336 270 26 66 1
2 565 554 336 270 26 66 1
2 565 555 336 270 26 66 1
2 565 556 337 270 27 66 1
2 565 557 337 270 27 66 1
2 565 558 337 270 27 66 1
2 565 559 337 270 27 66 1
2 565 560 337 270 27 66 1
2 565 561 337 270 27 66 1
2 565 562 337 270 27 66 1
2 565 563 337 270 27 66 1
2 565 564 339 270 27 66 1
3 265 300 387 261 21 69 1
3 265 301 385 259 22 69 1
3 265 302 385 259 22 69 1
3 265 303 385 259 22 69 1
3 265 304 385 259 22 69 1
3 265 305 384 259 23 69 1
3 265 306 384 259 23 69 1
3 265 307 384 259 21 69 1
3 265 308 384 259 21 69 1
3 265 309 382 259 23 69 1
3 265 310 382 259 23 69 1
3 265 311 382 259 23 68 1
3 265 312 382 259 23 68 1
3 265 313 380 259 23 68 1
3 265 314 380 259 23 68 1
3 265 315 380 259 23 68 1
3 265 316 380 259 23 68 1
3 265 317 378 259 25 68 1
3 265 318 378 259 25 68 1
3 265 319 378 259 23 68 1
3 265 320 378 259 23 68 1
3 265 321 376 259 25 66 1
3 265 322 376 259 25 66 1
3 265 323 376 259 25 66 1
3 265 324 376 259 25 66 1
3 265 325 376 259 25 66 1
3 265 326 375 257 25 68 1
3 265 327 375 257 25 68 1
3 265 328 375 257 25 68 1
3 265 329 375 257 25 68 1
3 265 330 373 257 27 68 1
3 265 331 373 257 27 66 1
3 265 332 373 257 25 66 1
3 265 333 373 257 25 66 1
3 265 334 371 257 27 66 1
3 265 335 371 257 27 66 1
3 265 336 371 257 27 66 1
3 265 337 371 257 27 66 1
3 265 338 369 257 27 66 1
3 265 339 369 257 27 66 1
3 265 340 369 257 27 66 1
3 265 341 369 257 27 64 1
3 265 342 368 257 28 64 1
3 265 343 368 257 28 64 1
3 265 344 368 257 26 64 1
3 265 345 368 257 26 64 1
3 265 346 366 257 28 64 1
3 265 347 366 257 28 64 1
3 265 348 366 257 28 64 1
3 265 349 366 257 28 64 1
3 265 350 366 257 28 64 1
3 265 351 364 257 28 63 1
3 265 352 364 257 28 63 1
3 265 353 364 257 28 63 1
3 265 354 364 257 27 63 1
3 265 355 362 257 29 63 1
3 265 356 362 257 29 63 1
3 265 357 362 257 29 63 1
3 265 358 362 257 27 63 1
3 265 359 360 257 29 63 1
3 265 360 360 257 29 63 1
3 265 361 360 257 27 63 1
3 265 362 360 257 27 63 1
3 265 363 360 257 27 63 1
3 265 364 359 257 28 63 1
3 265 365 359 257 26 63 1
3 265 366 359 257 26 63 1
3 265 367 359 257 26 63 1
3 265 368 357 257 27 63 1
3 265 369 357 257 27 63 1
3 265 370 357 257 27 63 1
3 265 371 357 257 27 63 1
3 265 372 355 257 27 63 1
3 265 373 355 257 27 63 1
3 265 374 355 257 27 63 1
3 265 375 355 257 25 63 1
3 265 376 355 257 25 63 1
3 265 377 353 257 27 63 1
3 265 378 353 257 27 63 1
3 265 379 353 257 25 63 1
3 265 380 353 257 25 63 1
3 265 381 352 257 26 63 1
3 265 382 352 257 24 63 1
3 265 383 352 257 24 63 1
3 265 384 352 257 24 63 1
3 265 385 352 257 24 63 1
3 265 386 350 256 25 62 1
3 265 387 350 256 25 62 1
3 265 388 350 256 25 62 1
3 265 389 350 256 25 62 1
3 265 390 350 256 25 62 1
3 265 391 350 256 25 62 1
3 265 392 350 256 25 62 1
3 265 393 348 256 25 62 1
3 265 394 348 256 25 62 1
3 265 395 348 256 25 62 1
3 265 396 348 256 25 62 1
3 265 397 348 256 25 62 1
3 265 398 348 256 25 62 1
3 265 399 348 256 25 62 1
3 265 400 346 256 25 62 1
3 265 401 346 256 25 62 1
3 265 402 346 256 25 62 1
3 265 403 346 256 25 62 1
3 265 404 346 256 25 62 1
3 265 405 346 256 25 62 1
3 265 406 346 256 25 62 1
3 265 407 344 256 25 62 1
3 265 408 344 256 25 62 1
3 265 409 344 256 25 62 1
3 265 410 344 254 25 62 1
3 265 411 344 254 25 62 1
3 265 412 344 254 25 62 1
3 265 413 344 254 25 62 1
3 265 414 344 254 25 62 1
3 265 415 343 254 25 62 1
3 265 416 343 254 25 62 1
3 265 417 343 254 25 62 1
3 265 418 343 254 25 62 1
3 265 419 343 254 25 62 1
3 265 420 343 254 25 62 1
3 265 421 343 254 25 62 1
3 265 422 341 254 25 62 1
3 265 423 341 254 25 62 1
3 265 424 341 254 25 62 1
3 265 425 341 254 25 62 1
3 265 426 341 254 25 62 1
3 265 427 341 254 25 62 1
3 265 428 341 254 25 62 1
3 265 429 339 254 25 62 1
3 265 430 339 254 25 62 1
3 265 431 339 254 25 62 1
3 265 432 339 254 25 62 1
3 265 433 339 254 25 62 1
3 265 434 339 252 25 62 1
3 265 435 339 252 25 62 1
3 265 436 339 252 25 62 1
3 265 437 337 252 25 62 1
3 265 438 337 252 25 62 1
3 265 439 337 252 25 62 1
3 265 440 337 252 25 62 1
3 265 441 337 252 25 62 1
3 265 442 337 252 25 62 1
3 265 443 337 252 25 62 1
3 265 444 336 252 24 62 1
3 265 445 336 252 24 62 1
3 265 446 336 252 24 62 1
3 265 447 336 252 24 62 1
3 265 448 336 252 24 62 1
3 265 449 336 252 24 62 1
3 265 450 336 252 24 62 1
3 265 451 334 252 25 62 1
3 265 452 334 252 25 62 1
3 265 453 334 252 25 62 1
3 265 454 334 252 25 62 1
3 265 455 334 252 25 62 1
3 265 456 334 252 25 62 1
3 265 457 334 252 25 62 1
3 265 458 334 252 25 62 1
3 265 459 332 250 25 62 1
3 265 460 332 250 25 62 1
3 265 461 332 250 25 62 1
3 265 462 332 250 25 62 1
3 265 463 332 250 25 62 1
3 265 464 332 250 25 62 1
3 265 465 332 250 25 62 1
3 265 466 330 250 25 62 1
3 265 467 330 250 25 62 1
3 265 468 330 250 25 61 1
3 265 469 330 250 25 61 1
3 265 470 330 250 25 61 1
3 265 471 330 250 25 61 1
3 265 472 330 250 25 61 1
3 265 473 330 250 25 61 1
3 265 474 328 250 25 61 1
3 265 475 328 250 25 61 1
3 265 476 328 250 25 61 1
3 265 477 328 250 25 59 1
3 265 478 328 250 25 59 1
3 265 479 328 250 25 59 1
3 265 480 328 250 25 59 1
3 265 481 328 250 25 59 1
3 265 482 327 248 25 61 1
3 265 483 327 248 25 61 1
3 265 484 327 248 25 61 1
3 265 485 327 248 25 61 1
3 265 486 327 248 25 61 1
3 265 487 327 248 25 59 1
3 265 488 327 248 25 59 1
3 265 489 327 248 25 59 1
3 265 490 325 248 25 59 1
3 265 491 325 248 25 59 1
3 265 492 325 248 25 59 1
3 265 493 325 248 25 59 1
3 265 494 325 248 25 59 1
3 265 495 325 248 25 59 1
3 265 496 325 248 25 57 1
3 265 497 325 248 25 57 1
3 265 498 323 248 25 57 1
3 265 499 323 248 25 57 1
3 265 500 323 248 25 57 1
3 265 501 323 248 25 57 1
3 265 502 323 248 25 57 1
3 265 503 323 248 25 57 1
3 265 504 323 248 25 57 1
3 265 505 323 248 25 57 1
3 265 506 321 247 25 57 1
3 265 507 321 247 25 57 1
3 265 508 321 247 25 57 1
3 265 509 321 247 25 57 1
3 265 510 321 247 25 57 1
3 265 511 321 247 25 57 1
3 265 512 321 247 25 57 1
3 265 513 321 247 25 57 1
3 265 514 321 247 25 57 1
3 265 515 321 247 25 57 1
3 265 516 321 247 25 57 1
3 265 517 320 247 24 57 1
3 265 518 320 247 24 57 1
3 265 519 320 247 24 57 1
3 265 520 320 247 24 57 1
3 265 521 320 247 24 57 1
3 265 522 320 247 24 57 1
3 265 523 320 247 24 57 1
3 265 524 320 247 24 57 1
3 265 525 320 247 24 57 1
3 265 526 320 247 24 57 1
3 265 527 320 247 24 57 1
3 265 528 320 247 24 57 1
3 265 529 318 247 25 57 1
3 265 530 318 247 25 57 1
3 265 531 318 247 25 57 1
3 265 532 318 247 25 57 1
3 265 533 318 247 25 57 1
3 265 534 318 247 25 57 1
3 265 535 318 245 25 57 1
3 265 536 318 245 25 57 1
3 265 537 318 245 25 57 1
3 265 538 318 245 25 57 1
3 265 539 318 245 25 57 1
3 265 540 318 245 25 57 1
3 265 541 316 245 25 57 1
3 265 542 316 245 25 57 1
3 265 543 316 245 25 57 1
3 265 544 316 245 25 57 1
3 265 545 316 245 25 57 1
3 265 546 316 245 25 57 1
3 265 547 316 245 25 57 1
3 265 548 316 245 25 57 1
3 265 549 316 245 25 57 1
3 265 550 316 245 25 57 1
3 265 551 316 245 25 57 1
3 265 552 316 245 25 57 1
3 265 553 314 245 25 57 1
3 265 554 314 245 25 57 1
3 265 555 314 245 25 57 1
3 265 556 314 245 25 57 1
3 265 557 314 245 25 57 1
3 265 558 314 245 25 57 1
3 265 559 314 245 25 57 1
3 265 560 314 245 25 57 1
3 265 561 314 245 25 57 1
3 265 562 314 245 25 57 1
3 265 563 314 245 25 57 1
3 265 564 314 245 25 57 1
4 395 170 280 231 24 44 1
4 395 171 279 231 23 44 1
4 395 172 279 231 23 44 1
4 395 173 279 231 23 44 1
4 395 174 279 231 23 44 1
4 395 175 279 231 23 44 1
4 395 176 277 231 23 44 1
4 395 177 277 231 23 44 1
4 395 178 277 231 23 44 1
4 395 179 275 231 23 44 1
4 395 180 275 231 23 44 1
4 395 181 275 231 23 44 1
4 395 182 275 232 23 45 1
4 395 183 273 231 23 44 1
4 395 184 273 231 23 44 1
4 395 185 273 231 23 44 1
4 395 186 273 231 23 44 1
4 395 187 272 231 23 44 1
4 395 188 272 231 23 44 1
4 395 189 272 231 23 44 1
4 395 190 272 231 23 44 1
4 395 191 270 231 23 44 1
4 395 192 270 231 23 44 1
4 395 193 270 231 23 44 1
4 395 194 270 231 23 44 1
4 395 195 268 231 23 44 1
4 395 196 268 231 23 44 1
4 395 197 268 231 23 44 1
4 395 198 268 231 23 44 1
4 395 199 266 231 23 44 1
4 395 200 266 231 23 44 1
4 395 201 266 231 23 44 1
4 395 202 266 231 23 44 1
4 395 203 266 231 23 44 1
4 395 204 264 231 24 44 1
4 395 205 264 231 24 44 1
4 395 206 264 231 24 44 1
4 395 207 264 231 24 44 1
4 395 208 263 231 23 44 1
4 395 209 263 231 23 44 1
4 395 210 263 231 23 44 1
4 395 211 263 231 23 44 1
4 395 212 263 231 23 44 1
4 395 213 261 231 23 44 1
4 395 214 261 231 23 44 1
4 395 215 261 231 23 44 1
4 395 216 261 231 23 44 1
4 395 217 259 231 23 44 1
4 395 218 259 231 23 44 1
4 395 219 259 231 23 44 1
4 395 220 259 231 23 44 1
4 395 221 259 231 23 44 1
4 395 222 257 229 23 44 1
4 395 223 257 229 23 44 1
4 395 224 257 229 23 44 1
4 395 225 256 229 23 44 1
4 395 226 256 229 23 44 1
4 395 227 256 229 23 44 1
4 395 228 254 229 23 44 1
4 395 229 254 229 23 44 1
4 395 230 254 229 23 44 1
4 395 231 252 229 23 44 1
4 395 232 252 229 23 44 1
4 395 233 252 229 23 44 1
4 395 234 252 229 23 44 1
4 395 235 250 229 23 44 1
4 395 236 250 229 23 44 1
4 395 237 250 229 23 44 1
4 395 238 250 229 23 44 1
4 395 239 248 229 24 44 1
4 395 240 248 229 24 44 1
4 395 241 248 229 24 44 1
4 395 242 248 229 24 44 1
4 395 243 248 231 24 44 1
4 395 244 247 231 23 44 1
4 395 245 247 231 23 44 1
4 395 246 247 231 23 44 1
4 395 247 247 231 23 44 1
4 395 248 247 231 23 44 1
4 395 249 247 231 23 44 1
4 395 250 245 231 23 44 1
4 395 251 245 231 23 44 1
4 395 252 245 231 23 44 1
4 395 253 245 231 23 44 1
4 395 254 245 231 23 44 1
4 395 255 245 231 23 44 1
4 395 256 243 231 23 44 1
4 395 257 243 231 23 44 1
4 395 258 243 231 23 44 1
4 395 259 243 231 23 44 1
4 395 260 243 231 23 44 1
4 395 261 243 231 23 44 1
4 395 262 243 231 23 44 1
4 395 263 243 231 23 44 1
4 395 264 243 231 23 44 1
4 395 265 243 231 23 44 1
4 395 266 241 231 23 44 1
4 395 267 241 231 23 44 1
4 395 268 241 231 23 44 1
4 395 269 241 231 23 44 1
4 395 270 241 231 23 44 1
4 395 271 241 231 23 44 1
4 395 272 241 231 23 44 1
4 395 273 241 231 23 44 1
4 395 274 241 231 23 44 1
4 395 275 241 232 23 45 1
4 395 276 240 232 23 45 1
4 395 277 240 232 23 45 1
4 395 278 240 232 23 45 1
4 395 279 240 232 23 45 1
4 395 280 240 232 23 45 1
4 395 281 238 232 23 45 1
4 395 282 238 232 23 45 1
4 395 283 238 232 23 45 1
4 395 284 238 232 23 45 1
4 395 285 238 234 23 45 1
4 395 286 238 234 23 45 1
4 395 287 238 234 23 45 1
4 395 288 238 234 23 45 1
4 395 289 238 234 23 45 1
4 395 290 238 234 23 45 1
4 395 291 238 234 23 45 1
4 395 292 238 234 23 45 1
4 395 293 238 234 23 45 1
4 395 294 238 234 23 45 1
4 395 295 238 234 23 45 1
4 395 296 238 234 23 45 1
4 395 297 238 234 23 45 1
4 395 298 238 234 23 45 1
4 395 299 238 234 23 45 1
4 395 300 238 234 23 45 1
4 395 301 238 234 21 43 1
4 395 302 238 234 21 43 1
4 395 303 238 234 21 43 1
4 395 304 238 234 21 43 1
4 395 305 238 234 21 43 1
4 395 306 238 234 21 43 1
4 395 307 238 234 21 43 1
4 395 308 238 234 21 43 1
4 395 309 238 236 21 41 1
4 395 310 238 236 21 41 1
4 395 311 238 236 21 41 1
4 395 312 238 236 19 41 1
4 395 313 238 236 19 41 1
4 395 314 238 236 19 41 1
4 395 315 238 236 19 41 1
4 395 316 238 236 19 41 1
4 395 317 238 238 19 39 1
4 395 318 238 238 19 39 1
4 395 319 238 238 19 39 1
4 395 320 238 238 19 39 1
4 395 321 238 238 19 39 1
4 395 322 238 238 19 39 1
4 395 323 238 238 18 39 1
4 395 324 238 238 18 39 1
4 395 325 238 240 18 37 1
4 395 326 238 240 18 37 1
4 395 327 238 240 18 37 1
4 395 328 238 240 18 37 1
4 395 329 238 240 18 37 1
4 395 330 238 240 18 37 1
4 395 331 238 240 18 37 1
4 395 332 238 240 18 37 1
4 395 333 240 241 16 36 1
4 395 334 240 240 16 37 1
4 395 335 240 240 16 37 1
4 395 336 240 240 16 37 1
4 395 337 240 240 16 37 1
4 395 338 240 240 16 37 1
4 395 339 240 240 16 37 1
4 395 340 240 240 16 37 1
4 395 341 240 240 16 37 1
4 395 342 240 240 16 37 1
4 395 343 240 240 16 37 1
4 395 344 240 240 16 37 1
4 395 345 240 240 16 37 1
4 395 346 240 240 16 37 1
4 395 347 240 240 16 37 1
4 395 348 240 240 17 39 1
4 395 349 240 240 17 39 1
4 395 350 240 240 17 39 1
4 395 351 240 240 17 39 1
4 395 352 240 240 17 39 1
4 395 353 240 240 17 39 1
4 395 354 240 240 17 39 1
4 395 355 240 240 17 39 1
4 395 356 240 240 17 39 1
4 395 357 240 240 17 39 1
4 395 358 240 240 17 39 1
4 395 359 240 240 17 39 1
4 395 360 240 240 17 39 1
4 395 361 240 240 17 39 1
4 395 362 240 240 19 40 1
4 395 363 240 240 19 40 1
4 395 364 240 240 19 40 1
4 395 365 240 240 19 40 1
4 395 366 240 240 19 40 1
4 395 367 240 240 19 40 1
4 395 368 240 240 19 40 1
4 395 369 240 240 19 40 1
4 395 370 240 240 19 40 1
4 395 371 240 240 19 40 1
4 395 372 240 240 19 40 1
4 395 373 240 240 19 40 1
4 395 374 240 240 19 40 1
4 395 375 240 240 19 40 1
4 395 376 240 240 19 40 1
4 395 377 240 240 21 42 1
4 395 378 240 240 21 42 1
4 395 379 240 240 21 42 1
4 395 380 240 240 21 42 1
4 395 381 240 240 21 42 1
4 395 382 240 240 21 42 1
4 395 383 240 240 21 42 1
4 395 384 240 240 21 42 1
4 395 385 240 240 21 42 1
4 395 386 240 240 21 42 1
4 395 387 240 240 21 42 1
4 395 388 240 240 21 42 1
4 395 389 240 240 21 42 1
4 395 390 240 240 21 42 1
4 395 391 240 240 23 44 1
4 395 392 240 238 23 44 1
4 395 393 240 238 23 44 1
4 395 394 240 238 23 44 1
4 395 395 240 238 23 44 1
4 395 396 240 238 23 44 1
4 395 397 240 238 23 44 1
4 395 398 240 238 23 44 1
4 395 399 240 238 23 44 1
4 395 400 240 238 23 44 1
4 395 401 240 238 23 44 1
4 395 402 240 238 23 44 1
4 395 403 240 238 23 44 1
4 395 404 241 238 23 44 1
4 395 405 241 238 23 44 1
4 395 406 241 238 23 44 1
4 395 407 241 238 23 44 1
4 395 408 241 238 23 44 1
4 395 409 241 238 23 44 1
4 395 410 241 238 23 44 1
4 395 411 241 238 23 44 1
4 395 412 241 238 23 44 1
4 395 413 241 238 23 44 1
4 395 414 241 238 23 44 1
4 395 415 241 238 23 44 1
4 395 416 243 238 23 44 1
4 395 417 243 238 23 44 1
4 395 418 243 238 23 44 1
4 395 419 243 238 23 44 1
4 395 420 243 238 23 44 1
4 395 421 243 238 23 44 1
4 395 422 243 238 23 44 1
4 395 423 243 238 23 44 1
4 395 424 243 238 23 44 1
4 395 425 243 238 23 44 1
4 395 426 243 238 23 44 1
4 395 427 243 238 23 44 1
4 395 428 245 238 23 44 1
4 395 429 245 238 23 44 1
4 395 430 245 238 23 44 1
4 395 431 245 238 23 44 1
4 395 432 245 238 23 44 1
4 395 433 245 238 23 44 1
4 395 434 245 238 23 44 1
4 395 435 245 238 23 44 1
4 395 436 245 238 23 44 1
4 395 437 245 238 23 44 1
4 395 438 245 238 23 44 1
4 395 439 245 238 23 44 1
4 395 440 247 238 23 44 1
4 395 441 247 238 23 44 1
4 395 442 247 238 23 44 1
4 395 443 247 238 23 44 1
4 395 444 247 238 23 44 1
4 395 445 247 238 23 44 1
4 395 446 247 238 23 44 1
4 395 447 247 238 23 44 1
4 395 448 247 238 23 44 1
4 395 449 247 238 23 44 1
4 395 450 247 238 23 44 1
4 395 451 247 238 23 44 1
4 395 452 247 238 23 44 1
4 395 453 247 238 23 44 1
4 395 454 247 238 23 44 1
4 395 455 247 238 23 44 1
4 395 456 247 238 23 44 1
4 395 457 247 238 23 44 1
4 395 458 247 238 23 44 1
4 395 459 247 238 23 44 1
4 395 460 247 238 23 44 1
4 395 461 247 238 23 44 1
4 395 462 247 238 23 44 1
4 395 463 247 238 23 44 1
4 395 464 247 238 23 44 1
4 395 465 247 238 23 44 1
4 395 466 247 238 23 44 1
4 395 467 247 238 23 44 1
4 395 468 247 238 23 44 1
4 395 469 247 238 23 44 1
4 395 470 247 238 23 44 1
4 395 471 247 238 23 44 1
4 395 472 247 238 23 44 1
4 395 473 247 238 23 44 1
4 395 474 247 238 23 44 1
4 395 475 247 238 23 44 1
4 395 476 247 238 23 44 1
4 395 477 247 238 23 44 1
4 395 478 247 238 23 44 1
4 395 479 247 238 23 44 1
4 395 480 247 238 23 44 1
4 395 481 247 238 23 44 1
4 395 482 247 238 23 44 1
4 395 483 247 238 23 44 1
4 395 484 247 238 23 44 1
4 395 485 247 238 23 44 1
4 395 486 247 238 23 44 1
4 395 487 247 238 23 44 1
4 395 488 247 238 23 44 1
4 395 489 247 238 23 44 1
4 395 490 247 238 23 44 1
4 395 491 247 238 23 44 1
4 395 492 247 238 23 44 1
4 395 493 247 238 23 44 1
4 395 494 247 238 23 44 1
4 395 495 247 238 23 44 1
4 395 496 247 238 23 44 1
4 395 497 247 238 23 46 1
4 395 498 247 238 23 46 1
4 395 499 247 238 23 46 1
4 395 500 247 238 23 46 1
4 395 501 247 238 23 46 1
4 395 502 247 238 23 46 1
4 395 503 247 238 23 48 1
4 395 504 247 238 23 48 1
4 395 505 247 240 23 46 1
4 395 506 247 240 23 46 1
4 395 507 247 240 23 46 1
4 395 508 247 240 23 46 1
4 395 509 247 240 23 46 1
4 395 510 247 240 23 48 1
4 395 511 247 240 23 48 1
4 395 512 247 240 23 48 1
4 395 513 247 240 23 48 1
4 395 514 247 240 23 48 1
4 395 515 247 240 23 48 1
4 395 516 247 240 23 49 1
4 395 517 247 240 23 49 1
4 395 518 247 240 23 49 1
4 395 519 247 240 23 49 1
4 395 520 247 241 23 48 1
4 395 521 247 241 23 48 1
4 395 522 247 241 23 48 1
4 395 523 247 241 23 50 1
4 395 524 247 241 23 50 1
4 395 525 247 241 23 50 1
4 395 526 247 241 23 50 1
4 395 527 247 241 23 50 1
4 395 528 247 241 23 50 1
4 395 529 247 241 23 52 1
4 395 530 247 241 23 52 1
4 395 531 247 241 23 52 1
4 395 532 247 241 23 52 1
4 395 533 247 241 23 52 1
4 395 534 247 241 23 52 1
4 395 535 248 243 24 52 1
4 395 536 248 243 24 52 1
4 395 537 248 243 24 52 1
4 395 538 248 243 24 52 1
4 395 539 248 243 24 52 1
4 395 540 248 243 24 52 1
4 395 541 248 243 24 52 1
4 395 542 248 243 24 52 1
4 395 543 248 243 24 52 1
4 395 544 248 243 24 52 1
4 395 545 248 243 24 52 1
4 395 546 248 243 24 52 1
4 395 547 248 243 24 52 1
4 395 548 248 243 24 52 1
4 395 549 248 243 24 52 1
4 395 550 250 243 23 52 1
4 395 551 250 243 23 52 1
4 395 552 250 243 23 52 1
4 395 553 250 243 23 52 1
4 395 554 250 243 23 52 1
4 395 555 250 243 23 52 1
4 395 556 250 243 23 52 1
4 395 557 250 243 23 52 1
4 395 558 250 243 23 52 1
4 395 559 250 243 23 52 1
4 395 560 250 243 23 52 1
4 395 561 250 243 23 52 1
4 395 562 250 243 23 52 1
4 395 563 250 243 23 52 1
4 395 564 252 243 23 52 1
5 565 0 293 266 28 62 1
5 565 1 293 266 28 62 1
5 565 2 293 266 28 62 1
5 565 3 293 266 28 62 1
5 565 4 293 266 28 62 1
5 565 5 293 266 28 62 1
5 565 6 293 266 28 62 1
5 565 7 293 266 28 62 1
5 565 8 293 266 28 62 1
5 565 9 293 266 28 62 1
5 565 10 293 266 28 62 1
5 565 11 293 266 28 62 1
5 565 12 293 266 28 62 1
5 565 13 293 266 28 62 1
5 565 14 293 266 28 62 1
5 565 15 293 266 28 62 1
5 565 16 293 266 28 62 1
5 565 17 293 266 28 62 1
5 565 18 293 266 28 62 1
5 565 19 293 266 28 62 1
5 565 20 293 266 28 62 1
5 565 21 293 266 28 62 1
5 565 22 293 266 28 62 1
5 565 23 293 266 28 62 1
5 565 24 293 266 28 62 1
5 565 25 293 266 28 62 1
5 565 26 293 266 28 62 1
5 565 27 293 266 28 62 1
5 565 28 293 266 28 62 1
5 565 29 293 266 28 62 1
5 565 30 293 266 28 62 1
5 565 31 293 266 28 62 1
5 565 32 293 266 28 62 1
5 565 33 293 266 28 62 1
5 565 34 293 266 28 62 1
5 565 35 293 266 28 62 1
5 565 36 293 266 28 62 1
5 565 37 293 266 28 62 1
5 565 38 293 266 28 62 1
5 565 39 293 266 28 62 1
5 565 40 293 266 28 62 1
5 565 41 293 266 28 62 1
5 565 42 293 266 28 62 1
5 565 43 293 266 28 62 1
5 565 44 293 266 28 62 1
5 565 45 293 266 28 62 1
5 565 46 293 266 28 62 1
5 565 47 293 266 28 62 1
5 565 48 295 266 28 62 1
5 565 49 295 266 28 62 1
5 565 50 295 266 28 62 1
5 565 51 295 266 28 62 1
5 565 52 295 266 28 62 1
5 565 53 295 266 28 62 1
5 565 54 295 266 28 62 1
5 565 55 295 266 28 62 1
5 565 56 295 266 28 62 1
5 565 57 295 266 28 62 1
5 565 58 295 266 28 62 1
5 565 59 295 266 28 62 1
5 565 60 295 266 28 62 1
5 565 61 295 266 28 62 1
5 565 62 295 266 28 62 1
5 565 63 295 266 28 62 1
5 565 64 295 266 28 62 1
5 565 65 295 266 28 62 1
5 565 66 295 266 28 62 1
5 565 67 295 266 28 62 1
5 565 68 295 266 28 62 1
5 565 69 295 266 28 62 1
5 565 70 295 266 28 62 1
5 565 71 296 266 29 62 1
5 565 72 296 266 29 62 1
5 565 73 296 266 29 62 1
5 565 74 296 266 29 62 1
5 565 75 296 266 29 62 1
5 565 76 296 266 29 62 1
5 565 77 296 266 29 62 1
5 565 78 296 266 29 62 1
5 565 79 296 266 29 62 1
5 565 80 296 266 29 62 1
5 565 81 296 266 29 62 1
5 565 82 296 266 29 62 1
5 565 83 296 266 29 62 1
5 565 84 296 266 29 62 1
5 565 85 296 266 29 62 1
5 565 86 296 266 29 62 1
5 565 87 298 266 29 62 1
5 565 88 296 264 29 63 1
5 565 89 296 264 29 63 1
5 565 90 296 264 29 63 1
5 565 91 296 264 29 63 1
5 565 92 296 264 29 63 1
5 565 93 296 264 29 63 1
5 565 94 296 264 29 63 1
5 565 95 296 264 29 63 1
5 565 96 296 264 29 63 1
5 565 97 296 264 29 63 1
5 565 98 296 264 29 63 1
5 565 99 296 264 29 63 1
5 565 100 296 264 29 63 1
5 565 101 296 264 29 63 1
5 565 102 296 264 29 63 1
5 565 103 296 264 29 63 1
5 565 104 296 264 29 63 1
5 565 105 296 264 29 63 1
5 565 106 296 264 29 63 1
5 565 107 296 264 29 63 1
5 565 108 296 264 29 63 1
5 565 109 296 264 29 63 1
5 565 110 296 264 29 63 1
5 565 111 296 264 29 63 1
5 565 112 296 264 29 63 1
5 565 113 296 264 29 63 1
5 565 114 296 264 29 63 1
5 565 115 296 264 29 63 1
5 565 116 295 264 28 63 1
5 565 117 295 264 28 63 1
5 565 118 295 264 28 63 1
5 565 119 295 264 28 63 1
5 565 120 295 264 28 63 1
5 565 121 295 264 28 63 1
5 565 122 295 264 28 63 1
5 565 123 295 264 28 63 1
5 565 124 295 264 28 63 1
5 565 125 295 264 28 63 1
5 565 126 295 264 28 63 1
5 565 127 295 264 28 63 1
5 565 128 295 264 28 63 1
5 565 129 295 264 28 63 1
5 565 130 295 264 28 63 1
5 565 131 295 264 28 63 1
5 565 132 295 264 28 63 1
5 565 133 295 264 28 63 1
5 565 134 295 264 28 63 1
5 565 135 295 264 28 63 1
5 565 136 295 264 28 63 1
5 565 137 295 264 28 63 1
5 565 138 295 264 28 63 1
5 565 139 295 264 28 63 1
5 565 140 295 264 28 63 1
5 565 141 295 264 28 63 1
5 565 142 295 264 28 63 1
5 565 143 295 264 28 63 1
5 565 144 295 264 28 63 1
5 565 145 295 264 28 63 1
5 565 146 295 264 28 63 1
5 565 147 295 264 28 63 1
5 565 148 295 264 28 63 1
5 565 149 295 264 28 63 1
5 565 150 295 264 28 63 1
5 565 151 295 264 28 63 1
5 565 152 295 264 28 63 1
5 565 153 295 264 28 63 1
5 565 154 295 264 28 63 1
5 565 155 295 264 28 63 1
5 565 156 295 264 28 63 1
5 565 157 295 264 28 63 1
5 565 158 295 264 28 63 1
5 565 159 295 264 28 63 1
5 565 160 295 264 28 63 1
5 565 161 295 264 28 63 1
5 565 162 295 264 28 63 1
5 565 163 295 264 28 63 1
5 565 164 295 264 28 63 1
5 565 165 295 264 28 63 1
5 565 166 295 264 28 63 1
5 565 167 295 264 28 63 1
5 565 168 295 264 28 63 1
5 565 169 295 264 28 63 1
5 565 170 295 264 28 63 1
5 565 171 295 264 28 63 1
5 565 172 295 264 28 63 1
5 565 173 295 264 28 63 1
5 565 174 295 264 28 63 1
5 565 175 295 264 28 63 1
5 565 176 295 264 28 63 1
5 565 177 295 264 28 63 1
5 565 178 295 264 28 63 1
5 565 179 295 264 28 63 1
5 565 180 295 264 28 63 1
5 565 181 295 264 28 63 1
5 565 182 295 264 28 63 1
5 565 183 295 264 28 63 1
5 565 184 295 264 28 63 1
5 565 185 295 264 28 63 1
5 565 186 295 264 28 63 1
5 565 187 295 264 28 63 1
5 565 188 295 264 28 63 1
5 565 189 295 264 28 63 1
5 565 190 295 264 28 63 1
5 565 191 295 264 28 63 1
5 565 192 295 264 28 63 1
5 565 193 295 264 28 63 1
5 565 194 295 264 28 63 1
5 565 195 295 264 28 63 1
5 565 196 295 264 28 63 1
5 565 197 295 264 28 63 1
5 565 198 295 264 28 63 1
5 565 199 295 264 28 63 1
5 565 200 295 264 28 63 1
5 565 201 295 264 28 63 1
5 565 202 295 264 28 63 1
5 565 203 295 264 28 63 1
5 565 204 295 264 28 63 1
5 565 205 295 264 28 63 1
5 565 206 295 264 28 63 1
5 565 207 295 264 28 63 1
5 565 208 295 264 28 63 1
5 565 209 295 264 28 63 1
5 565 210 295 264 28 63 1
5 565 211 295 264 28 63 1
5 565 212 295 264 28 63 1
5 565 213 295 264 28 63 1
5 565 214 295 264 28 63 1
5 565 215 295 264 28 63 1
5 565 216 295 264 28 63 1
5 565 217 295 264 28 63 1
5 565 218 295 264 28 63 1
5 565 219 295 264 28 63 1
5 565 220 295 264 28 63 1
5 565 221 295 264 28 63 1
5 565 222 295 264 28 63 1
5 565 223 295 264 28 63 1
5 565 224 295 264 28 63 1
5 565 225 295 264 28 63 1
5 565 226 295 264 28 63 1
5 565 227 295 264 28 63 1
5 565 228 295 264 28 63 1
5 565 229 295 264 28 63 1
5 565 230 295 264 28 63 1
5 565 231 295 264 28 63 1
5 565 232 295 264 28 63 1
5 565 233 295 264 28 63 1
5 565 234 295 264 28 63 1
5 565 235 295 264 28 63 1
5 565 236 295 264 28 63 1
5 565 237 295 264 28 63 1
5 565 238 295 264 28 63 1
5 565 239 295 264 28 63 1
5 565 240 295 264 28 63 1
5 565 241 295 264 28 63 1
5 565 242 295 264 28 63 1
5 565 243 295 264 28 63 1
5 565 244 295 264 28 63 1
5 565 245 295 264 28 63 1
5 565 246 295 264 28 63 1
5 565 247 295 264 28 63 1
5 565 248 295 264 28 63 1
5 565 249 295 264 28 63 1
5 565 250 295 264 28 63 1
5 565 251 295 264 28 63 1
5 565 252 295 264 28 63 1
5 565 253 295 264 28 63 1
5 565 254 295 264 28 63 1
5 565 255 295 264 28 63 1
5 565 256 295 264 28 63 1
5 565 257 295 264 28 63 1
5 565 258 295 264 28 63 1
5 565 259 295 264 28 63 1
5 565 260 295 264 28 63 1
5 565 261 295 264 28 63 1
5 565 262 295 264 28 63 1
5 565 263 295 264 28 63 1
5 565 264 295 264 28 63 1
5 565 265 295 264 28 63 1
5 565 266 295 264 28 63 1
5 565 267 295 264 28 63 1
5 565 268 295 264 28 63 1
5 565 269 295 264 28 63 1
5 565 270 295 264 28 63 1
5 565 271 295 264 28 63 1
5 565 272 295 264 28 63 1
5 565 273 295 264 28 63 1
5 565 274 295 264 28 63 1
5 565 275 295 264 28 63 1
5 565 276 295 264 28 63 1
5 565 277 295 264 28 63 1
5 565 278 295 264 28 63 1
5 565 279 295 264 28 63 1
5 565 280 295 264 28 63 1
5 565 281 295 264 28 63 1
5 565 282 295 264 28 63 1
5 565 283 295 264 28 63 1
5 565 284 295 264 28 63 1
5 565 285 295 264 28 63 1
5 565 286 295 264 28 63 1
5 565 287 295 264 28 63 1
5 565 288 295 264 28 63 1
5 565 289 295 264 28 63 1
5 565 290 295 264 28 63 1
5 565 291 295 264 28 63 1
5 565 292 295 264 28 63 1
5 565 293 295 264 28 63 1
5 565 294 295 264 28 63 1
5 565 295 295 264 28 63 1
5 565 296 295 264 28 63 1
5 565 297 295 264 28 63 1
5 565 298 295 264 28 63 1
5 565 299 295 264 28 63 1
5 565 300 296 264 29 63 1
5 565 301 295 264 28 63 1
5 565 302 295 264 28 63 1
5 565 303 295 264 28 63 1
5 565 304 295 264 28 63 1
5 565 305 295 264 28 63 1
5 565 306 295 264 28 63 1
5 565 307 295 264 28 63 1
5 565 308 295 264 28 63 1
5 565 309 295 264 28 64 1
5 565 310 295 264 28 64 1
5 565 311 295 264 28 64 1
5 565 312 295 264 26 64 1
5 565 313 295 264 26 64 1
5 565 314 295 264 26 64 1
5 565 315 295 264 26 64 1
5 565 316 295 264 26 64 1
5 565 317 295 264 26 66 1
5 565 318 295 264 26 66 1
5 565 319 295 264 26 66 1
5 565 320 295 264 26 66 1
5 565 321 295 264 26 66 1
5 565 322 295 264 26 66 1
5 565 323 295 264 25 66 1
5 565 324 295 264 25 66 1
5 565 325 295 264 25 68 1
5 565 326 295 264 25 68 1
5 565 327 295 264 25 68 1
5 565 328 295 264 25 68 1
5 565 329 295 264 25 68 1
5 565 330 295 264 25 68 1
5 565 331 295 264 25 68 1
5 565 332 295 264 25 68 1
5 565 333 295 264 25 70 1
5 565 334 295 264 25 70 1
5 565 335 295 264 25 70 1
5 565 336 295 264 25 70 1
5 565 337 295 264 25 70 1
5 565 338 295 264 25 70 1
5 565 339 295 264 25 70 1
5 565 340 295 264 25 70 1
5 565 341 295 264 25 70 1
5 565 342 295 264 25 70 1
5 565 343 295 264 25 70 1
5 565 344 295 264 25 70 1
5 565 345 295 264 25 70 1
5 565 346 295 264 25 70 1
5 565 347 295 264 25 70 1
5 565 348 295 264 25 70 1
5 565 349 295 264 25 70 1
5 565 350 295 264 25 70 1
5 565 351 295 264 25 70 1
5 565 352 295 264 25 70 1
5 565 353 295 264 25 70 1
5 565 354 295 264 25 70 1
5 565 355 295 264 25 70 1
5 565 356 295 264 25 70 1
5 565 357 295 264 25 70 1
5 565 358 295 264 25 70 1
5 565 359 295 264 25 70 1
5 565 360 295 264 25 70 1
5 565 361 295 264 25 70 1
5 565 362 295 264 25 70 1
5 565 363 295 264 25 70 1
5 565 364 295 264 25 70 1
5 565 365 295 264 25 70 1
5 565 366 295 264 25 70 1
5 565 367 295 264 25 70 1
5 565 368 295 264 25 70 1
5 565 369 295 264 25 70 1
5 565 370 295 264 25 70 1
5 565 371 295 264 25 70 1
5 565 372 295 264 25 70 1
5 565 373 295 264 25 70 1
5 565 374 295 264 25 70 1
5 565 375 295 264 25 70 1
5 565 376 295 264 25 70 1
5 565 377 295 264 25 70 1
5 565 378 295 264 25 70 1
5 565 379 295 264 25 70 1
5 565 380 295 264 25 70 1
5 565 381 295 264 25 70 1
5 565 382 295 264 25 70 1
5 565 383 296 264 25 70 1
5 565 384 296 264 25 70 1
5 565 385 296 264 25 70 1
5 565 386 296 264 25 70 1
5 565 387 296 264 25 70 1
5 565 388 296 264 25 70 1
5 565 389 296 264 25 70 1
5 565 390 296 264 25 70 1
5 565 391 296 264 25 70 1
5 565 392 296 264 25 70 1
5 565 393 296 264 25 70 1
5 565 394 296 264 25 70 1
5 565 395 296 264 25 70 1
5 565 396 296 264 25 70 1
5 565 397 296 264 25 70 1
5 565 398 296 264 25 70 1
5 565 399 296 264 25 70 1
5 565 400 296 264 25 70 1
5 565 401 296 264 25 70 1
5 565 402 296 264 25 70 1
5 565 403 296 264 25 70 1
5 565 404 296 264 25 70 1
5 565 405 296 264 25 70 1
5 565 406 296 264 25 70 1
5 565 407 296 264 25 70 1
5 565 408 296 264 25 70 1
5 565 409 296 264 25 70 1
5 565 410 296 264 25 70 1
5 565 411 296 264 25 70 1
5 565 412 296 264 25 70 1
5 565 413 296 264 25 70 1
5 565 414 296 264 25 70 1
5 565 415 296 264 25 70 1
5 565 416 296 264 25 70 1
5 565 417 296 264 25 70 1
5 565 418 296 264 25 70 1
5 565 419 296 264 25 70 1
5 565 420 296 264 25 70 1
5 565 421 296 264 25 70 1
5 565 422 296 264 25 70 1
5 565 423 296 264 25 70 1
5 565 424 296 264 25 70 1
5 565 425 296 264 25 70 1
5 565 426 296 264 25 70 1
5 565 427 296 264 25 70 1
5 565 428 296 264 25 70 1
5 565 429 296 264 25 70 1
5 565 430 296 264 25 70 1
5 565 431 296 264 25 70 1
5 565 432 298 264 25 70 1
5 565 433 298 264 25 70 1
5 565 434 298 264 25 70 1
5 565 435 298 264 25 70 1
5 565 436 298 264 25 70 1
5 565 437 298 264 25 70 1
5 565 438 298 264 25 70 1
5 565 439 298 264 25 70 1
5 565 440 298 264 25 70 1
5 565 441 298 264 25 70 1
5 565 442 298 264 25 70 1
5 565 443 298 264 25 70 1
5 565 444 298 264 25 70 1
5 565 445 298 264 25 70 1
5 565 446 298 264 25 70 1
5 565 447 298 264 25 70 1
5 565 448 298 264 25 70 1
5 565 449 298 264 25 70 1
5 565 450 298 264 25 70 1
5 565 451 298 264 25 70 1
5 565 452 298 264 25 70 1
5 565 453 298 264 25 70 1
5 565 454 298 264 25 70 1
5 565 455 298 264 25 70 1
5 565 456 298 264 25 70 1
5 565 457 298 264 25 70 1
5 565 458 298 264 25 70 1
5 565 459 298 264 25 70 1
5 565 460 298 264 25 70 1
5 565 461 298 264 25 70 1
5 565 462 298 264 25 70 1
5 565 463 298 264 25 70 1
5 565 464 298 264 25 70 1
5 565 465 298 264 25 70 1
5 565 466 298 264 25 70 1
5 565 467 298 264 25 70 1
5 565 468 298 264 25 70 1
5 565 469 298 264 25 70 1
5 565 470 298 264 25 70 1
5 565 471 300 264 25 70 1
5 565 472 300 264 25 70 1
5 565 473 300 264 25 70 1
5 565 474 302 264 25 70 1
5 565 475 302 264 25 70 1
5 565 476 302 264 25 70 1
5 565 477 304 264 24 70 1
5 565 478 304 264 24 70 1
5 565 479 304 264 24 70 1
5 565 480 305 264 25 70 1
5 565 481 305 264 25 70 1
5 565 482 305 264 25 70 1
5 565 483 307 264 25 70 1
5 565 484 307 264 25 70 1
5 565 485 309 264 25 70 1
5 565 486 309 264 25 70 1
5 565 487 309 264 25 70 1
5 565 488 309 264 25 70 1
5 565 489 309 264 25 70 1
5 565 490 311 264 25 70 1
5 565 491 311 264 25 70 1
5 565 492 311 264 25 70 1
5 565 493 311 264 25 70 1
5 565 494 311 264 25 70 1
5 565 495 312 264 25 70 1
5 565 496 312 264 25 70 1
5 565 497 312 264 25 70 1
5 565 498 312 264 25 70 1
5 565 499 312 264 25 70 1
5 565 500 314 264 25 70 1
5 565 501 314 264 25 70 1
5 565 502 314 264 25 70 1
5 565 503 314 264 25 70 1
5 565 504 314 264 25 70 1
5 565 505 316 264 25 70 1
5 565 506 316 264 25 70 1
5 565 507 316 264 25 70 1
5 565 508 316 264 25 70 1
5 565 509 316 264 25 70 1
5 565 510 318 264 25 70 1
5 565 511 318 264 25 70 1
5 565 512 318 264 25 70 1
5 565 513 318 264 25 70 1
5 565 514 318 264 25 70 1
5 565 515 320 264 24 70 1
5 565 516 320 264 24 70 1
5 565 517 320 264 24 70 1
5 565 518 320 264 24 70 1
5 565 519 321 264 25 70 1
5 565 520 321 264 25 70 1
5 565 521 323 264 25 70 1
5 565 522 323 264 25 70 1
5 565 523 325 264 25 70 1
5 565 524 325 264 25 70 1
5 565 525 327 264 25 70 1
5 565 526 328 264 25 70 1
5 565 527 328 264 25 70 1
5 565 528 330 264 25 70 1
5 565 529 330 264 25 70 1
5 565 530 332 264 25 70 1
5 565 531 332 264 25 70 1
5 565 532 334 264 25 70 1
5 565 533 336 264 24 70 1
5 565 534 336 264 24 70 1
5 565 535 337 264 25 70 1
5 565 536 337 264 25 70 1
5 565 537 339 264 25 70 1
5 565 538 339 264 25 70 1
5 565 539 341 264 25 70 1
5 565 540 343 264 25 70 1
5 565 541 343 264 25 70 1
5 565 542 344 264 25 70 1
5 565 543 344 264 25 70 1
5 565 544 346 264 25 70 1
5 565 545 346 264 25 70 1
5 565 546 348 264 25 70 1
5 565 547 350 264 25 70 1
5 565 548 350 264 25 70 1
5 565 549 350 264 25 70 1
5 565 550 350 264 25 70 1
5 565 551 350 264 25 70 1
5 565 552 350 264 25 70 1
5 565 553 350 264 25 70 1
5 565 554 350 264 25 70 1
5 565 555 350 264 25 70 1
5 565 556 352 264 24 70 1
5 565 557 352 264 24 70 1
5 565 558 352 264 24 70 1
5 565 559 352 264 24 70 1
5 565 560 352 264 24 70 1
5 565 561 352 264 24 70 1
5 565 562 352 264 24 70 1
5 565 563 352 264 24 70 1
5 565 564 353 264 25 70 1
6 353 212 277 229 19 46 1
6 353 213 275 229 20 46 1
6 353 214 275 229 20 46 1
6 353 215 275 229 20 46 1
6 353 216 273 229 20 46 1
6 353 217 273 229 20 46 1
6 353 218 273 229 20 46 1
6 353 219 272 229 19 46 1
6 353 220 272 229 19 46 1
6 353 221 272 229 19 46 1
6 353 222 270 229 19 46 1
6 353 223 270 229 19 46 1
6 353 224 270 231 19 46 1
6 353 225 268 229 20 46 1
6 353 226 268 229 20 46 1
6 353 227 266 229 20 46 1
6 353 228 266 229 20 46 1
6 353 229 266 229 20 46 1
6 353 230 264 229 20 46 1
6 353 231 264 229 20 46 1
6 353 232 263 229 19 46 1
6 353 233 263 229 19 46 1
6 353 234 263 229 19 46 1
6 353 235 261 229 19 46 1
6 353 236 261 229 19 46 1
6 353 237 261 229 19 46 1
6 353 238 261 229 19 46 1
6 353 239 261 229 19 46 1
6 353 240 261 229 19 46 1
6 353 241 259 229 20 46 1
6 353 242 259 229 20 46 1
6 353 243 259 229 20 46 1
6 353 244 259 229 20 46 1
6 353 245 259 229 20 46 1
6 353 246 259 229 20 46 1
6 353 247 257 229 20 46 1
6 353 248 257 229 20 46 1
6 353 249 257 229 20 46 1
6 353 250 257 229 20 46 1
6 353 251 257 229 20 46 1
6 353 252 257 231 20 46 1
6 353 253 257 231 20 46 1
6 353 254 257 231 20 46 1
6 353 255 257 231 20 46 1
6 353 256 257 231 20 46 1
6 353 257 257 231 20 46 1
6 353 258 257 232 20 47 1
6 353 259 256 232 19 47 1
6 353 260 256 232 19 47 1
6 353 261 256 232 19 47 1
6 353 262 256 232 19 47 1
6 353 263 256 232 19 47 1
6 353 264 254 232 19 47 1
6 353 265 254 232 19 47 1
6 353 266 254 232 19 47 1
6 353 267 254 232 19 47 1
6 353 268 254 232 19 47 1
6 353 269 254 234 19 46 1
6 353 270 252 232 20 47 1
6 353 271 252 232 20 47 1
6 353 272 252 232 20 47 1
6 353 273 252 232 20 47 1
6 353 274 252 232 20 47 1
6 353 275 252 232 20 47 1
6 353 276 252 232 20 47 1
6 353 277 252 232 20 47 1
6 353 278 252 232 20 47 1
6 353 279 250 232 20 47 1
6 353 280 250 232 20 47 1
6 353 281 250 232 20 47 1
6 353 282 250 232 20 47 1
6 353 283 250 232 20 47 1
6 353 284 250 232 20 47 1
6 353 285 250 232 20 47 1
6 353 286 250 232 20 47 1
6 353 287 250 232 20 47 1
6 353 288 250 232 20 47 1
6 353 289 250 232 20 47 1
6 353 290 250 232 20 47 1
6 353 291 250 232 20 47 1
6 353 292 250 234 20 46 1
6 353 293 250 234 20 46 1
6 353 294 250 234 20 46 1
6 353 295 250 234 20 46 1
6 353 296 250 234 20 46 1
6 353 297 250 234 20 46 1
6 353 298 250 234 20 46 1
6 353 299 250 234 20 46 1
6 353 300 250 234 20 46 1
6 353 301 250 234 20 46 1
6 353 302 250 234 20 46 1
6 353 303 250 234 20 46 1
6 353 304 250 234 20 46 1
6 353 305 250 234 20 46 1
6 353 306 250 234 20 46 1
6 353 307 250 234 20 46 1
6 353 308 250 234 20 46 1
6 353 309 250 234 20 46 1
6 353 310 250 234 20 46 1
6 353 311 250 234 20 46 1
6 353 312 250 234 20 46 1
6 353 313 250 234 20 46 1
6 353 314 250 234 20 46 1
6 353 315 250 234 20 46 1
6 353 316 250 234 20 46 1
6 353 317 250 234 20 46 1
6 353 318 250 234 20 46 1
6 353 319 250 234 20 46 1
6 353 320 250 234 20 46 1
6 353 321 250 234 20 46 1
6 353 322 250 234 20 46 1
6 353 323 250 234 20 46 1
6 353 324 250 234 20 46 1
6 353 325 250 234 20 46 1
6 353 326 250 234 20 46 1
6 353 327 250 234 20 46 1
6 353 328 250 234 20 46 1
6 353 329 250 234 20 46 1
6 353 330 250 234 20 46 1
6 353 331 250 234 20 46 1
6 353 332 250 234 20 46 1
6 353 333 252 234 18 46 1
6 353 334 252 234 18 46 1
6 353 335 252 234 18 46 1
6 353 336 252 234 18 46 1
6 353 337 252 234 18 46 1
6 353 338 252 234 18 46 1
6 353 339 252 234 18 46 1
6 353 340 252 234 18 46 1
6 353 341 252 234 18 46 1
6 353 342 252 234 18 46 1
6 353 343 252 234 18 46 1
6 353 344 252 234 18 46 1
6 353 345 252 234 18 46 1
6 353 346 252 234 18 46 1
6 353 347 252 234 18 46 1
6 353 348 252 234 18 46 1
6 353 349 254 234 18 46 1
6 353 350 254 234 18 46 1
6 353 351 254 234 18 46 1
6 353 352 254 234 18 46 1
6 353 353 254 234 18 46 1
6 353 354 254 234 18 46 1
6 353 355 254 234 18 46 1
6 353 356 254 234 18 46 1
6 353 357 254 234 18 46 1
6 353 358 254 234 18 46 1
6 353 359 254 234 18 46 1
6 353 360 254 234 18 46 1
6 353 361 254 234 18 46 1
6 353 362 254 234 18 46 1
6 353 363 254 234 18 46 1
6 353 364 256 234 17 46 1
6 353 365 256 234 17 46 1
6 353 366 256 234 17 46 1
6 353 367 256 234 17 46 1
6 353 368 256 234 17 46 1
6 353 369 256 234 17 46 1
6 353 370 256 234 17 46 1
6 353 371 256 234 17 46 1
6 353 372 256 234 17 46 1
6 353 373 257 234 18 46 1
6 353 374 257 234 18 46 1
6 353 375 257 234 18 46 1
6 353 376 257 234 18 46 1
6 353 377 257 234 18 46 1
6 353 378 257 236 18 46 1
6 353 379 257 236 18 46 1
6 353 380 257 236 18 46 1
6 353 381 257 236 18 46 1
6 353 382 259 236 18 46 1
6 353 383 259 236 18 46 1
6 353 384 259 236 18 46 1
6 353 385 259 236 18 46 1
6 353 386 259 236 18 46 1
6 353 387 259 236 18 46 1
6 353 388 259 236 18 46 1
6 353 389 259 236 18 46 1
6 353 390 259 236 18 46 1
6 353 391 261 238 18 46 1
6 353 392 261 236 18 46 1
6 353 393 261 236 18 46 1
6 353 394 261 236 18 46 1
6 353 395 261 236 18 46 1
6 353 396 261 236 18 46 1
6 353 397 261 236 18 46 1
6 353 398 261 236 18 46 1
6 353 399 261 236 18 46 1
6 353 400 261 236 18 46 1
6 353 401 261 236 18 46 1
6 353 402 261 236 18 46 1
6 353 403 261 236 18 46 1
6 353 404 261 236 18 46 1
6 353 405 261 236 18 46 1
6 353 406 261 236 18 46 1
6 353 407 261 236 18 46 1
6 353 408 261 236 18 46 1
6 353 409 261 236 18 46 1
6 353 410 261 236 18 46 1
6 353 411 261 236 18 46 1
6 353 412 261 236 18 46 1
6 353 413 261 236 18 46 1
6 353 414 261 236 18 46 1
6 353 415 261 236 18 46 1
6 353 416 261 236 18 46 1
6 353 417 261 236 18 46 1
6 353 418 261 236 18 46 1
6 353 419 261 236 18 46 1
6 353 420 261 236 18 46 1
6 353 421 261 236 18 46 1
6 353 422 261 236 18 46 1
6 353 423 261 236 18 46 1
6 353 424 261 236 19 46 1
6 353 425 261 236 19 46 1
6 353 426 261 236 19 46 1
6 353 427 261 236 19 46 1
6 353 428 261 236 19 46 1
6 353 429 261 236 19 46 1
6 353 430 261 236 19 46 1
6 353 431 261 236 19 46 1
6 353 432 261 236 19 46 1
6 353 433 261 236 19 46 1
6 353 434 261 236 19 46 1
6 353 435 261 236 19 46 1
6 353 436 261 236 19 46 1
6 353 437 261 236 19 46 1
6 353 438 261 236 19 46 1
6 353 439 261 236 19 46 1
6 353 440 261 236 19 46 1
6 353 441 261 236 19 46 1
6 353 442 261 236 19 46 1
6 353 443 261 236 19 46 1
6 353 444 261 236 19 46 1
6 353 445 261 236 19 46 1
6 353 446 261 236 19 46 1
6 353 447 261 236 19 46 1
6 353 448 261 236 19 46 1
6 353 449 261 236 19 46 1
6 353 450 261 236 19 46 1
6 353 451 261 236 19 46 1
6 353 452 261 236 19 46 1
6 353 453 261 236 19 46 1
6 353 454 261 236 19 46 1
6 353 455 261 236 19 46 1
6 353 456 261 236 19 46 1
6 353 457 261 236 21 46 1
6 353 458 261 236 21 46 1
6 353 459 261 236 21 46 1
6 353 460 261 236 21 46 1
6 353 461 261 236 21 46 1
6 353 462 261 236 21 46 1
6 353 463 261 236 21 46 1
6 353 464 261 236 21 46 1
6 353 465 261 236 21 46 1
6 353 466 261 236 21 46 1
6 353 467 261 236 21 46 1
6 353 468 261 236 21 46 1
6 353 469 261 236 21 46 1
6 353 470 261 236 21 46 1
6 353 471 261 236 21 46 1
6 353 472 261 236 21 46 1
6 353 473 261 236 21 46 1
6 353 474 261 236 21 46 1
6 353 475 261 236 21 46 1
6 353 476 261 236 21 46 1
6 353 477 261 236 21 46 1
6 353 478 261 236 21 46 1
6 353 479 261 236 21 46 1
6 353 480 261 236 21 46 1
6 353 481 261 236 21 46 1
6 353 482 261 236 21 46 1
6 353 483 261 236 21 46 1
6 353 484 261 236 21 46 1
6 353 485 261 236 21 46 1
6 353 486 261 236 21 46 1
6 353 487 261 236 21 46 1
6 353 488 261 236 21 46 1
6 353 489 261 236 21 46 1
6 353 490 261 236 23 46 1
6 353 491 261 236 23 46 1
6 353 492 261 236 23 46 1
6 353 493 261 236 23 46 1
6 353 494 261 236 23 46 1
6 353 495 261 236 23 46 1
6 353 496 261 236 23 46 1
6 353 497 261 236 23 46 1
6 353 498 261 236 23 48 1
6 353 499 261 236 23 48 1
6 353 500 261 236 23 48 1
6 353 501 261 236 23 48 1
6 353 502 261 236 23 48 1
6 353 503 261 236 23 48 1
6 353 504 261 236 23 48 1
6 353 505 263 236 23 50 1
6 353 506 263 236 23 50 1
6 353 507 263 236 23 50 1
6 353 508 263 236 23 50 1
6 353 509 263 236 23 50 1
6 353 510 263 236 23 50 1
6 353 511 263 236 23 50 1
6 353 512 263 236 23 50 1
6 353 513 263 236 23 52 1
6 353 514 263 236 23 52 1
6 353 515 263 236 23 52 1
6 353 516 263 236 23 52 1
6 353 517 263 236 23 52 1
6 353 518 263 236 23 52 1
6 353 519 263 236 23 52 1
6 353 520 264 236 24 53 1
6 353 521 264 236 24 53 1
6 353 522 264 236 24 53 1
6 353 523 264 236 24 53 1
6 353 524 264 236 24 53 1
6 353 525 264 236 24 53 1
6 353 526 264 236 24 53 1
6 353 527 264 236 24 53 1
6 353 528 264 236 24 55 1
6 353 529 264 236 24 55 1
6 353 530 264 236 24 55 1
6 353 531 264 236 24 55 1
6 353 532 264 236 24 55 1
6 353 533 264 236 24 55 1
6 353 534 264 236 24 55 1
6 353 535 266 236 23 57 1
6 353 536 266 236 23 57 1
6 353 537 266 236 23 57 1
6 353 538 266 236 23 57 1
6 353 539 266 236 23 57 1
6 353 540 266 236 23 57 1
6 353 541 266 236 23 57 1
6 353 542 266 236 23 57 1
6 353 543 266 236 23 57 1
6 353 544 266 236 23 57 1
6 353 545 266 236 23 57 1
6 353 546 266 236 23 57 1
6 353 547 266 236 23 57 1
6 353 548 266 236 23 57 1
6 353 549 266 236 23 57 1
6 353 550 268 236 23 57 1
6 353 551 268 236 23 57 1
6 353 552 268 236 23 57 1
6 353 553 268 236 23 57 1
6 353 554 268 236 23 57 1
6 353 555 268 236 23 57 1
6 353 556 268 236 23 57 1
6 353 557 268 236 23 57 1
6 353 558 268 236 23 57 1
6 353 559 268 236 23 57 1
6 353 560 268 236 23 57 1
6 353 561 268 236 23 57 1
6 353 562 268 236 23 57 1
6 353 563 268 236 23 57 1
6 353 564 270 236 23 57 1
7 425 0 257 225 16 34 1
7 425 1 256 224 17 35 1
7 425 2 256 224 17 35 1
7 425 3 254 224 19 35 1
7 425 4 254 224 19 35 1
7 425 5 252 222 21 37 1
7 425 6 252 222 21 37 1
7 425 7 250 222 23 37 1
7 425 8 250 222 23 39 1
7 425 9 248 220 24 39 1
7 425 10 248 220 24 39 1
7 425 11 248 220 24 39 1
7 425 12 248 220 24 39 1
7 425 13 247 220 23 39 1
7 425 14 247 220 23 39 1
7 425 15 247 220 23 39 1
7 425 16 247 220 23 39 1
7 425 17 247 220 23 39 1
7 425 18 245 220 23 39 1
7 425 19 245 220 23 39 1
7 425 20 245 220 23 39 1
7 425 21 243 220 23 39 1
7 425 22 243 220 23 39 1
7 425 23 243 220 23 39 1
7 425 24 243 220 23 39 1
7 425 25 241 220 23 39 1
7 425 26 241 220 23 39 1
7 425 27 241 220 23 39 1
7 425 28 241 220 23 39 1
7 425 29 241 220 23 39 1
7 425 30 241 220 23 39 1
7 425 31 241 220 23 39 1
7 425 32 241 220 23 39 1
7 425 33 241 220 23 39 1
7 425 34 241 220 23 39 1
7 425 35 241 220 23 39 1
7 425 36 241 220 23 39 1
7 425 37 241 220 23 39 1
7 425 38 241 220 23 39 1
7 425 39 241 220 23 39 1
7 425 40 241 220 23 39 1
7 425 41 241 220 23 39 1
7 425 42 241 220 23 39 1
7 425 43 241 220 23 39 1
7 425 44 241 220 23 39 1
7 425 45 241 220 23 39 1
7 425 46 241 220 23 39 1
7 425 47 241 220 23 39 1
7 425 48 241 220 23 39 1
7 425 49 241 220 23 39 1
7 425 50 241 220 23 39 1
7 425 51 241 220 23 39 1
7 425 52 241 220 23 39 1
7 425 53 241 220 23 39 1
7 425 54 241 220 23 39 1
7 425 55 241 220 23 39 1
7 425 56 241 220 23 39 1
7 425 57 241 220 23 39 1
7 425 58 241 220 23 39 1
7 425 59 241 220 23 39 1
7 425 60 241 220 23 39 1
7 425 61 241 220 23 39 1
7 425 62 241 220 23 39 1
7 425 63 241 220 23 39 1
7 425 64 241 220 23 39 1
7 425 65 241 220 23 39 1
7 425 66 241 220 23 39 1
7 425 67 241 220 23 39 1
7 425 68 241 220 23 39 1
7 425 69 241 220 23 39 1
7 425 70 241 220 23 39 1
7 425 71 241 220 23 39 1
7 425 72 241 220 23 39 1
7 425 73 241 220 23 39 1
7 425 74 241 220 23 39 1
7 425 75 241 220 23 39 1
7 425 76 241 220 23 39 1
7 425 77 241 220 23 39 1
7 425 78 243 220 23 39 1
7 425 79 243 220 23 39 1
7 425 80 243 220 23 39 1
7 425 81 243 220 23 39 1
7 425 82 243 220 23 39 1
7 425 83 243 220 23 39 1
7 425 84 243 220 23 39 1
7 425 85 243 220 23 39 1
7 425 86 243 220 23 39 1
7 425 87 243 220 23 39 1
7 425 88 243 220 23 39 1
7 425 89 243 220 23 39 1
7 425 90 243 220 23 39 1
7 425 91 243 220 23 39 1
7 425 92 243 220 23 39 1
7 425 93 243 220 23 39 1
7 425 94 243 220 23 39 1
7 425 95 243 220 23 39 1
7 425 96 243 220 23 39 1
7 425 97 243 220 23 39 1
7 425 98 243 220 23 39 1
7 425 99 243 220 23 39 1
7 425 100 243 220 23 39 1
7 425 101 243 220 23 39 1
7 425 102 243 220 23 39 1
7 425 103 243 220 23 39 1
7 425 104 243 220 23 39 1
7 425 105 243 220 23 39 1
7 425 106 243 220 23 39 1
7 425 107 243 220 23 39 1
7 425 108 243 220 23 39 1
7 425 109 243 220 23 39 1
7 425 110 243 220 23 39 1
7 425 111 243 220 23 39 1
7 425 112 243 220 23 39 1
7 425 113 243 220 23 39 1
7 425 114 243 220 23 39 1
7 425 115 243 220 23 39 1
7 425 116 245 220 23 39 1
7 425 117 245 220 23 39 1
7 425 118 245 220 23 39 1
7 425 119 245 220 23 39 1
7 425 120 245 220 23 39 1
7 425 121 245 220 23 39 1
7 425 122 245 220 23 39 1
7 425 123 245 220 23 39 1
7 425 124 245 220 23 39 1
7 425 125 245 220 23 39 1
7 425 126 245 220 23 39 1
7 425 127 245 220 23 39 1
7 425 128 245 220 23 39 1
7 425 129 245 220 23 39 1
7 425 130 245 220 23 39 1
7 425 131 245 220 23 39 1
7 425 132 245 220 23 39 1
7 425 133 245 220 23 39 1
7 425 134 245 220 23 39 1
7 425 135 245 220 23 39 1
7 425 136 245 220 23 39 1
7 425 137 245 220 23 39 1
7 425 138 245 220 23 39 1
7 425 139 245 220 23 39 1
7 425 140 245 220 23 39 1
7 425 141 245 220 23 39 1
7 425 142 245 220 23 39 1
7 425 143 245 220 23 39 1
7 425 144 245 220 23 39 1
7 425 145 245 220 23 39 1
7 425 146 245 220 23 39 1
7 425 147 245 220 23 39 1
7 425 148 245 220 23 39 1
7 425 149 245 220 23 39 1
7 425 150 245 220 23 39 1
7 425 151 245 220 23 39 1
7 425 152 245 220 23 39 1
7 425 153 245 220 23 39 1
7 425 154 245 220 23 39 1
7 425 155 245 220 23 39 1
7 425 156 245 220 23 39 1
7 425 157 245 220 23 39 1
7 425 158 245 220 23 39 1
7 425 159 245 220 23 39 1
7 425 160 245 220 23 39 1
7 425 161 245 220 23 39 1
7 425 162 245 220 23 39 1
7 425 163 245 220 23 39 1
7 425 164 245 220 23 39 1
7 425 165 245 220 23 39 1
7 425 166 245 220 23 39 1
7 425 167 245 220 23 39 1
7 425 168 245 220 23 39 1
7 425 169 245 220 23 39 1
7 425 170 245 220 23 39 1
7 425 171 245 220 23 39 1
7 425 172 245 220 23 39 1
7 425 173 245 220 23 39 1
7 425 174 245 220 23 39 1
7 425 175 245 220 23 39 1
7 425 176 245 220 23 39 1
7 425 177 245 220 23 39 1
7 425 178 245 220 23 39 1
7 425 179 245 220 23 39 1
7 425 180 245 220 23 39 1
7 425 181 245 220 23 39 1
7 425 182 245 220 23 39 1
7 425 183 245 220 23 39 1
7 425 184 245 220 23 39 1
7 425 185 245 220 23 39 1
7 425 186 245 220 23 39 1
7 425 187 245 220 23 39 1
7 425 188 245 220 23 39 1
7 425 189 245 220 23 39 1
7 425 190 245 220 23 39 1
7 425 191 245 220 23 39 1
7 425 192 245 220 23 39 1
7 425 193 245 220 23 39 1
7 425 194 245 220 23 39 1
7 425 195 245 220 23 39 1
7 425 196 245 220 23 39 1
7 425 197 245 220 23 39 1
7 425 198 245 220 23 39 1
7 425 199 245 220 23 39 1
7 425 200 245 220 23 39 1
7 425 201 245 220 23 39 1
7 425 202 245 220 23 39 1
7 425 203 245 220 23 39 1
7 425 204 245 220 23 39 1
7 425 205 245 220 23 39 1
7 425 206 245 220 23 39 1
7 425 207 245 220 23 39 1
7 425 208 247 220 23 39 1
7 425 209 247 220 23 39 1
7 425 210 247 220 23 39 1
7 425 211 247 220 23 39 1
7 425 212 247 220 23 39 1
7 425 213 247 220 23 39 1
7 425 214 247 220 23 39 1
7 425 215 247 220 23 39 1
7 425 216 247 220 23 39 1
7 425 217 247 220 23 39 1
7 425 218 247 220 23 39 1
7 425 219 247 220 23 39 1
7 425 220 247 220 23 39 1
7 425 221 247 220 23 39 1
7 425 222 247 220 23 39 1
7 425 223 247 220 23 39 1
7 425 224 247 220 23 39 1
7 425 225 247 220 23 39 1
7 425 226 247 220 23 39 1
7 425 227 247 220 23 39 1
7 425 228 247 220 23 39 1
7 425 229 247 220 23 39 1
7 425 230 247 220 23 39 1
7 425 231 247 220 23 39 1
7 425 232 247 220 23 39 1
7 425 233 247 220 23 39 1
7 425 234 247 220 23 39 1
7 425 235 247 220 23 39 1
7 425 236 247 220 23 39 1
7 425 237 247 220 23 39 1
7 425 238 247 220 23 39 1
7 425 239 247 220 23 39 1
7 425 240 247 220 23 39 1
7 425 241 247 220 23 39 1
7 425 242 247 220 23 39 1
7 425 243 247 220 23 39 1
7 425 244 247 220 23 39 1
7 425 245 247 220 23 39 1
7 425 246 247 220 23 39 1
7 425 247 247 220 23 39 1
7 425 248 247 220 23 39 1
7 425 249 247 220 23 39 1
7 425 250 247 220 23 39 1
7 425 251 247 220 23 39 1
7 425 252 247 220 23 39 1
7 425 253 247 220 23 39 1
7 425 254 247 220 23 39 1
7 425 255 247 220 23 39 1
7 425 256 247 220 23 39 1
7 425 257 247 220 23 39 1
7 425 258 247 220 23 39 1
7 425 259 247 220 23 39 1
7 425 260 247 220 23 39 1
7 425 261 247 220 23 39 1
7 425 262 247 220 23 39 1
7 425 263 247 220 23 39 1
7 425 264 247 220 23 39 1
7 425 265 247 220 23 39 1
7 425 266 247 220 23 39 1
7 425 267 247 220 23 39 1
7 425 268 247 220 23 39 1
7 425 269 247 220 23 39 1
7 425 270 247 220 23 39 1
7 425 271 247 220 23 39 1
7 425 272 247 220 23 39 1
7 425 273 247 220 23 39 1
7 425 274 247 220 23 39 1
7 425 275 247 220 23 39 1
7 425 276 247 220 23 39 1
7 425 277 247 220 23 39 1
7 425 278 247 220 23 39 1
7 425 279 247 220 23 39 1
7 425 280 247 220 23 39 1
7 425 281 247 220 23 39 1
7 425 282 247 220 23 39 1
7 425 283 247 220 23 39 1
7 425 284 247 220 23 39 1
7 425 285 247 220 23 39 1
7 425 286 247 220 23 39 1
7 425 287 247 220 23 39 1
7 425 288 247 220 23 39 1
7 425 289 247 220 23 39 1
7 425 290 247 220 23 39 1
7 425 291 247 220 23 39 1
7 425 292 247 220 23 39 1
7 425 293 247 220 23 39 1
7 425 294 247 220 23 39 1
7 425 295 247 220 23 39 1
7 425 296 247 220 23 39 1
7 425 297 247 220 23 39 1
7 425 298 247 220 23 39 1
7 425 299 248 222 24 39 1
7 425 300 248 222 24 39 1
7 425 301 248 222 24 37 1
7 425 302 248 222 24 37 1
7 425 303 248 222 24 37 1
7 425 304 248 222 24 37 1
7 425 305 250 222 22 37 1
7 425 306 250 222 22 37 1
7 425 307 250 222 23 37 1
7 425 308 250 222 23 37 1
7 425 309 250 222 23 37 1
7 425 310 252 224 21 33 1
7 425 311 252 224 21 33 1
7 425 312 252 224 21 33 1
7 425 313 252 224 23 33 1
7 425 314 252 224 23 33 1
7 425 315 254 224 21 33 1
7 425 316 254 224 21 33 1
7 425 317 254 224 21 33 1
7 425 318 254 224 21 33 1
7 425 319 256 225 21 32 1
7 425 320 254 224 21 32 1
7 425 321 254 224 21 32 1
7 425 322 254 224 21 32 1
7 425 323 252 222 21 32 1
7 425 324 252 222 21 32 1
7 425 325 252 222 21 32 1
7 425 326 250 220 22 32 1
7 425 327 250 220 22 32 1
7 425 328 250 220 22 32 1
7 425 329 248 218 22 32 1
7 425 330 248 218 22 32 1
7 425 338 261 224 23 32 1
7 425 339 261 224 23 32 1
7 425 340 263 224 21 32 1
7 425 341 263 224 23 32 1
7 425 342 264 224 22 32 1
7 425 343 264 224 22 32 1
7 425 344 266 225 22 32 1
7 425 345 266 225 22 34 1
7 425 346 266 225 22 36 1
7 425 347 266 225 22 38 1
7 425 348 266 225 22 39 1
7 425 349 266 224 22 39 1
7 425 350 266 224 22 39 1
7 425 351 266 224 22 39 1
7 425 352 266 224 22 39 1
7 425 353 266 224 22 39 1
7 425 354 268 224 21 39 1
7 425 355 268 224 21 39 1
7 425 356 268 224 21 39 1
7 425 357 268 222 21 39 1
7 425 358 268 222 21 39 1
7 425 359 270 222 21 39 1
7 425 360 270 222 21 39 1
7 425 361 270 222 21 39 1
7 425 362 270 222 21 39 1
7 425 363 270 222 21 39 1
7 425 364 272 222 21 39 1
7 425 365 272 222 21 39 1
7 425 366 272 222 21 39 1
7 425 367 272 222 21 39 1
7 425 368 272 222 21 39 1
7 425 369 273 222 22 39 1
7 425 370 273 222 22 39 1
7 425 371 273 222 22 39 1
7 425 372 273 222 22 39 1
7 425 373 273 222 22 39 1
7 425 374 275 222 21 39 1
7 425 375 275 222 21 39 1
7 425 376 275 222 21 39 1
7 425 377 275 222 21 39 1
7 425 378 275 222 21 39 1
7 425 379 277 222 21 39 1
7 425 380 277 222 21 39 1
7 425 381 277 222 21 39 1
7 425 382 277 222 21 39 1
7 425 383 279 224 21 39 1
7 425 384 279 224 21 39 1
7 425 385 279 224 21 39 1
7 425 386 279 224 21 39 1
7 425 387 279 224 21 39 1
7 425 388 280 224 22 39 1
7 425 389 282 224 22 39 1
7 425 390 284 224 21 39 1
7 425 391 284 224 21 39 1
7 425 392 284 224 21 39 1
7 425 393 284 224 21 39 1
7 425 394 284 224 21 39 1
7 425 395 284 224 21 39 1
7 425 396 284 224 21 39 1
7 425 397 284 224 21 39 1
7 425 398 284 224 21 39 1
7 425 399 284 224 21 39 1
7 425 400 284 224 21 39 1
7 425 401 284 224 21 39 1
7 425 402 284 224 21 39 1
7 425 403 284 224 21 39 1
7 425 404 284 224 21 39 1
7 425 405 284 224 21 39 1
7 425 406 284 224 21 39 1
7 425 407 284 224 21 39 1
7 425 408 284 224 21 39 1
7 425 409 284 224 21 39 1
7 425 410 284 224 21 39 1
7 425 411 284 224 21 39 1
7 425 412 284 224 21 39 1
7 425 413 284 224 21 39 1
7 425 414 284 224 21 39 1
7 425 415 284 224 21 39 1
7 425 416 284 224 21 39 1
7 425 417 284 224 21 39 1
7 425 418 284 224 21 39 1
7 425 419 284 224 21 39 1
7 425 420 284 224 21 39 1
7 425 421 284 224 21 39 1
7 425 422 284 224 21 39 1
7 425 423 284 224 21 39 1
7 425 424 284 224 21 39 1
