0 541 0 307 238 27 60 1
0 541 1 307 238 27 60 1
0 541 2 307 238 27 60 1
0 541 3 307 238 27 60 1
0 541 4 307 238 27 60 1
0 541 5 307 238 27 60 1
0 541 6 307 238 27 60 1
0 541 7 307 238 27 60 1
0 541 8 307 238 27 60 1
0 541 9 307 238 27 60 1
0 541 10 307 238 27 60 1
0 541 11 307 238 27 60 1
0 541 12 309 240 25 60 1
0 541 13 309 240 25 60 1
0 541 14 309 240 25 60 1
0 541 15 309 240 25 60 1
0 541 16 309 240 27 60 1
0 541 17 309 240 27 60 1
0 541 18 309 240 27 60 1
0 541 19 309 240 27 60 1
0 541 20 309 240 27 60 1
0 541 21 309 240 27 60 1
0 541 22 309 240 27 60 1
0 541 23 311 241 25 61 1
0 541 24 311 241 25 61 1
0 541 25 311 241 25 61 1
0 541 26 311 241 25 61 1
0 541 27 311 241 25 61 1
0 541 28 311 241 25 61 1
0 541 29 311 241 25 61 1
0 541 30 311 241 25 61 1
0 541 31 311 241 26 61 1
0 541 32 311 241 26 61 1
0 541 33 311 241 26 61 1
0 541 34 311 241 26 61 1
0 541 35 312 243 25 61 1
0 541 36 312 243 25 61 1
0 541 37 312 243 25 61 1
0 541 38 312 243 25 61 1
0 541 39 312 243 25 61 1
0 541 40 312 243 25 61 1
0 541 41 312 243 25 61 1
0 541 42 312 243 25 61 1
0 541 43 312 243 25 61 1
0 541 44 312 243 25 61 1
0 541 45 312 243 25 61 1
0 541 46 314 245 25 60 1
0 541 47 314 245 25 60 1
0 541 48 314 245 25 60 1
0 541 49 314 245 25 60 1
0 541 50 314 245 25 60 1
0 541 51 314 245 25 60 1
0 541 52 314 245 25 60 1
0 541 53 314 245 25 60 1
0 541 54 314 245 25 60 1
0 541 55 314 245 25 60 1
0 541 56 314 245 25 60 1
0 541 57 314 245 25 60 1
0 541 58 314 245 25 60 1
0 541 59 314 245 25 60 1
0 541 60 314 245 25 60 1
0 541 61 314 245 25 60 1
0 541 62 314 245 25 60 1
0 541 63 314 245 25 60 1
0 541 64 314 245 25 60 1
0 541 65 314 245 25 60 1
0 541 66 314 245 25 60 1
0 541 67 314 245 25 60 1
0 541 68 314 247 25 60 1
0 541 69 314 247 25 60 1
0 541 70 314 247 25 60 1
0 541 71 314 247 25 60 1
0 541 72 314 247 25 60 1
0 541 73 314 247 25 60 1
0 541 74 314 247 25 60 1
0 541 75 314 247 25 60 1
0 541 76 314 247 25 60 1
0 541 77 314 247 25 60 1
0 541 78 314 247 25 60 1
0 541 79 314 247 27 60 1
0 541 80 314 247 27 60 1
0 541 81 314 247 27 60 1
0 541 82 314 247 27 60 1
0 541 83 314 247 27 60 1
0 541 84 314 247 27 60 1
0 541 85 314 247 27 60 1
0 541 86 314 247 27 60 1
0 541 87 314 247 27 60 1
0 541 88 314 247 27 60 1
0 541 89 314 247 27 60 1
0 541 90 314 248 27 61 1
0 541 91 314 248 27 61 1
0 541 92 314 248 27 61 1
0 541 93 314 248 27 61 1
0 541 94 314 248 27 61 1
0 541 95 314 248 27 61 1
0 541 96 314 248 27 61 1
0 541 97 314 248 27 61 1
0 541 98 314 248 27 61 1
0 541 99 314 248 27 61 1
0 541 100 314 248 27 61 1
0 541 101 314 248 27 61 1
0 541 102 314 248 27 61 1
0 541 103 314 248 27 61 1
0 541 104 314 248 27 61 1
0 541 105 314 248 27 61 1
0 541 106 314 248 27 61 1
0 541 107 314 248 27 61 1
0 541 108 314 248 27 61 1
0 541 109 314 248 27 61 1
0 541 110 314 248 27 61 1
0 541 111 316 250 27 61 1
0 541 112 316 250 27 61 1
0 541 113 316 250 27 61 1
0 541 114 316 250 27 61 1
0 541 115 316 250 27 61 1
0 541 116 316 250 27 61 1
0 541 117 316 250 27 61 1
0 541 118 318 250 26 61 1
0 541 119 318 250 26 61 1
0 541 120 318 250 26 61 1
0 541 121 318 250 26 61 1
0 541 122 318 250 26 61 1
0 541 123 318 250 26 61 1
0 541 124 320 250 24 61 1
0 541 125 320 250 26 61 1
0 541 126 320 250 26 61 1
0 541 127 320 250 26 61 1
0 541 128 320 250 26 61 1
0 541 129 320 250 26 61 1
0 541 130 320 250 26 61 1
0 541 131 321 250 25 61 1
0 541 132 321 250 27 61 1
0 541 133 321 250 27 61 1
0 541 134 321 252 27 60 1
0 541 135 321 252 27 60 1
0 541 136 321 252 27 60 1
0 541 137 323 252 25 60 1
0 541 138 323 252 25 60 1
0 541 139 323 252 27 60 1
0 541 140 323 252 27 60 1
0 541 141 323 252 27 60 1
0 541 142 323 252 27 60 1
0 541 143 325 252 25 60 1
0 541 144 325 252 25 60 1
0 541 145 325 252 25 60 1
0 541 146 325 252 27 60 1
0 541 147 325 252 27 60 1
0 541 148 325 252 27 60 1
0 541 149 325 252 27 60 1
0 541 150 327 252 25 60 1
0 541 151 327 252 25 60 1
0 541 152 327 252 25 60 1
0 541 153 327 252 26 60 1
0 541 154 327 252 26 60 1
0 541 155 327 252 26 60 1
0 541 156 328 254 25 60 1
0 541 157 328 254 25 60 1
0 541 158 328 254 25 60 1
0 541 159 328 254 27 60 1
0 541 160 328 254 27 60 1
0 541 161 328 254 27 60 1
0 541 162 330 254 25 60 1
0 541 163 330 254 25 60 1
0 541 164 330 254 25 60 1
0 541 165 330 254 25 60 1
0 541 166 330 254 27 60 1
0 541 167 330 254 27 60 1
0 541 168 330 254 27 60 1
0 541 169 332 254 25 60 1
0 541 170 332 254 25 60 1
0 541 171 332 254 25 60 1
0 541 172 332 254 25 60 1
0 541 173 332 254 27 60 1
0 541 174 332 254 27 60 1
0 541 175 334 254 25 60 1
0 541 176 334 254 25 60 1
0 541 177 334 254 25 60 1
0 541 178 334 256 25 60 1
0 541 179 334 256 25 60 1
0 541 180 334 256 26 60 1
0 541 181 336 256 24 60 1
0 541 182 336 256 24 60 1
0 541 183 336 256 24 60 1
0 541 184 336 256 24 60 1
0 541 185 336 256 24 60 1
0 541 186 336 256 24 60 1
0 541 187 336 256 26 60 1
0 541 188 337 256 25 60 1
0 541 189 337 256 25 60 1
0 541 190 337 256 25 60 1
0 541 191 337 256 25 60 1
0 541 192 337 256 25 60 1
0 541 193 337 256 25 60 1
0 541 194 339 256 25 60 1
0 541 195 339 256 25 60 1
0 541 196 339 256 25 60 1
0 541 197 339 256 25 60 1
0 541 198 339 256 25 60 1
0 541 199 339 256 25 60 1
0 541 200 341 257 25 61 1
0 541 201 339 257 25 61 1
0 541 202 339 257 25 61 1
0 541 203 339 257 25 61 1
0 541 204 339 257 25 61 1
0 541 205 339 257 25 61 1
0 541 206 339 257 25 63 1
0 541 207 339 259 25 61 1
0 541 208 339 259 25 61 1
0 541 209 337 259 27 61 1
0 541 210 337 259 25 61 1
0 541 211 337 259 25 62 1
0 541 212 337 259 25 62 1
0 541 213 337 259 25 62 1
0 541 214 337 261 25 60 1
0 541 215 337 261 25 60 1
0 541 216 337 261 25 60 1
0 541 217 336 261 26 62 1
0 541 218 336 261 26 62 1
0 541 219 336 261 26 62 1
0 541 220 336 261 24 62 1
0 541 221 336 263 24 60 1
0 541 222 336 263 24 62 1
0 541 223 336 263 24 62 1
0 541 224 336 263 24 62 1
0 541 225 334 263 26 62 1
0 541 226 334 263 26 62 1
0 541 227 334 263 26 62 1
0 541 228 334 264 26 63 1
0 541 229 334 264 26 63 1
0 541 230 334 264 25 63 1
0 541 231 334 264 25 63 1
0 541 232 334 264 25 63 1
0 541 233 332 264 27 64 1
0 541 234 332 264 27 64 1
0 541 235 332 266 27 62 1
0 541 236 332 266 27 62 1
0 541 237 332 266 27 62 1
0 541 238 332 266 27 62 1
0 541 239 332 266 27 64 1
0 541 240 332 266 25 64 1
0 541 241 330 266 27 64 1
0 541 242 330 268 27 62 1
0 541 243 330 268 27 62 1
0 541 244 330 268 27 64 1
0 541 245 330 268 27 64 1
0 541 246 330 268 27 64 1
0 541 247 330 268 27 64 1
0 541 248 330 268 27 64 1
0 541 249 330 270 27 64 1
0 541 250 328 268 27 64 1
0 541 251 328 268 27 64 1
0 541 252 328 268 27 64 1
0 541 253 327 268 26 64 1
0 541 254 327 268 26 64 1
0 541 255 327 268 26 64 1
0 541 256 327 268 26 64 1
0 541 257 325 268 27 64 1
0 541 258 325 268 27 64 1
0 541 259 325 268 27 64 1
0 541 260 323 268 27 64 1
0 541 261 323 268 27 64 1
0 541 262 323 268 27 64 1
0 541 263 323 268 27 64 1
0 541 264 321 268 27 64 1
0 541 265 321 268 27 64 1
0 541 266 321 268 27 64 1
0 541 267 321 268 27 64 1
0 541 268 320 268 26 64 1
0 541 269 320 268 26 64 1
0 541 270 320 268 26 64 1
0 541 271 318 268 26 64 1
0 541 272 318 268 26 64 1
0 541 273 318 268 26 64 1
0 541 274 318 268 26 64 1
0 541 275 316 268 27 64 1
0 541 276 316 268 27 64 1
0 541 277 316 268 27 64 1
0 541 278 316 268 27 64 1
0 541 279 314 268 27 64 1
0 541 280 314 268 27 64 1
0 541 281 314 268 27 64 1
0 541 282 312 268 27 64 1
0 541 283 312 268 27 64 1
0 541 284 312 268 27 64 1
0 541 285 312 268 27 64 1
0 541 286 311 268 26 64 1
0 541 287 311 268 26 64 1
0 541 288 311 268 26 64 1
0 541 289 311 268 26 64 1
0 541 290 309 266 27 66 1
0 541 291 307 266 27 66 1
0 541 292 305 266 27 66 1
0 541 293 304 266 26 66 1
0 541 294 302 266 26 66 1
0 541 295 302 266 26 66 1
0 541 296 300 266 27 66 1
0 541 297 298 266 27 66 1
0 541 298 296 266 27 66 1
0 541 299 295 266 26 66 1
0 541 300 295 266 26 66 1
0 541 301 293 266 27 66 1
0 541 302 291 266 27 66 1
0 541 303 291 266 27 66 1
0 541 304 289 266 27 66 1
0 541 305 289 266 27 66 1
0 541 306 288 266 26 66 1
0 541 307 288 266 26 66 1
0 541 308 286 266 26 66 1
0 541 309 286 266 26 66 1
0 541 310 284 266 27 66 1
0 541 311 284 266 27 66 1
0 541 312 282 266 27 66 1
0 541 313 282 266 25 66 1
0 541 314 280 266 27 66 1
0 541 315 280 266 25 66 1
0 541 316 279 268 26 64 1
0 541 317 279 268 25 64 1
0 541 318 277 268 27 64 1
0 541 319 277 268 25 66 1
0 541 320 275 268 27 66 1
0 541 321 273 268 27 66 1
0 541 322 273 268 27 66 1
0 541 323 272 268 26 66 1
0 541 324 272 268 26 66 1
0 541 325 270 268 26 66 1
0 541 326 270 268 25 66 1
0 541 327 268 268 27 66 1
0 541 328 268 268 25 66 1
0 541 329 266 268 27 66 1
0 541 330 266 268 25 66 1
0 541 331 264 270 27 64 1
0 541 332 264 270 25 64 1
0 541 333 263 270 26 64 1
0 541 334 263 270 25 64 1
0 541 335 261 270 27 64 1
0 541 336 261 270 25 64 1
0 541 337 259 270 27 64 1
0 541 338 259 270 25 66 1
0 541 339 257 270 25 66 1
0 541 340 256 270 26 66 1
0 541 341 256 270 24 66 1
0 541 342 254 270 26 66 1
0 541 343 254 270 25 66 1
0 541 344 252 270 27 66 1
0 541 345 252 270 25 66 1
0 541 346 250 272 27 64 1
0 541 347 250 272 25 64 1
0 541 348 248 272 27 64 1
0 541 349 248 272 25 64 1
0 541 350 247 272 26 64 1
0 541 351 247 272 25 64 1
0 541 352 245 272 25 64 1
0 541 353 245 272 25 64 1
0 541 354 243 272 25 64 1
0 541 355 243 272 25 64 1
0 541 356 241 272 25 64 1
0 541 357 241 272 25 65 1
0 541 358 240 272 24 65 1
0 541 359 238 272 26 65 1
0 541 360 238 272 25 65 1
0 541 361 236 273 27 64 1
0 541 362 236 273 25 64 1
0 541 363 234 273 27 64 1
0 541 364 234 273 25 64 1
0 541 365 232 273 25 64 1
0 541 366 232 273 25 64 1
0 541 367 231 273 25 64 1
0 541 368 231 273 25 64 1
0 541 369 229 273 25 64 1
0 541 370 229 273 25 64 1
0 541 371 227 273 25 64 1
0 541 372 227 273 25 64 1
0 541 373 225 273 25 64 1
0 541 374 225 273 25 64 1
0 541 375 224 273 24 64 1
0 541 376 224 275 24 64 1
0 541 377 222 275 25 64 1
0 541 378 220 275 25 64 1
0 541 379 220 275 25 64 1
0 541 380 218 275 25 64 1
0 541 381 218 275 23 64 1
0 541 382 216 275 25 64 1
0 541 383 215 275 25 64 1
0 541 384 215 275 25 64 1
0 541 385 213 275 25 64 1
0 541 386 213 275 23 64 1
0 541 387 211 275 25 64 1
0 541 388 209 275 25 64 1
0 541 389 209 275 25 64 1
0 541 390 208 275 24 64 1
0 541 391 208 275 23 64 1
0 541 392 206 275 25 64 1
0 541 393 204 275 25 64 1
0 541 394 204 275 23 64 1
0 541 395 202 275 25 64 1
0 541 396 202 275 23 64 1
0 541 397 200 275 25 64 1
0 541 398 199 275 25 64 1
0 541 399 199 275 23 64 1
0 541 400 197 275 25 64 1
0 541 401 197 275 23 64 1
0 541 402 195 275 25 64 1
0 541 403 193 275 25 64 1
0 541 404 193 275 23 64 1
0 541 405 192 275 24 64 1
0 541 406 192 275 23 64 1
0 541 407 190 275 25 64 1
0 541 408 188 275 25 64 1
0 541 409 188 275 23 64 1
0 541 410 186 275 25 64 1
0 541 411 186 275 23 64 1
0 541 412 184 275 24 64 1
0 541 413 183 275 25 64 1
0 541 414 183 275 23 64 1
0 541 415 181 275 25 64 1
0 541 416 181 275 23 64 1
0 541 417 179 275 23 64 1
0 541 418 177 275 25 64 1
0 541 419 177 275 23 64 1
0 541 420 176 275 24 64 1
0 541 421 176 275 23 64 1
0 541 422 174 275 23 64 1
0 541 423 172 275 25 64 1
0 541 424 172 275 23 64 1
0 541 425 170 275 23 64 1
0 541 426 170 275 23 64 1
0 541 427 168 275 24 64 1
0 541 428 167 275 25 64 1
0 541 429 167 275 23 64 1
0 541 430 165 275 23 64 1
0 541 431 165 275 23 64 1
0 541 432 163 275 23 64 1
0 541 433 161 275 25 64 1
0 541 434 161 275 23 64 1
0 541 435 160 275 23 64 1
0 541 436 160 275 23 64 1
0 541 437 158 275 23 64 1
0 541 438 158 277 23 64 1
0 541 439 156 277 23 62 1
0 541 440 154 277 23 62 1
0 541 441 152 277 24 62 1
0 541 442 151 277 23 62 1
0 541 443 151 277 23 60 1
0 541 444 149 277 23 60 1
0 541 445 147 277 23 60 1
0 541 446 145 277 23 60 1
0 541 447 144 277 23 60 1
0 541 448 144 277 23 59 1
0 541 449 142 277 23 59 1
0 541 450 140 277 23 59 1
0 541 451 138 277 23 59 1
0 541 452 136 277 24 59 1
0 541 453 136 277 24 57 1
0 541 454 135 277 23 57 1
0 541 455 133 277 23 57 1
0 541 456 131 277 23 57 1
0 541 457 129 277 23 57 1
0 541 458 129 277 23 55 1
0 541 459 128 277 23 55 1
0 541 460 126 277 23 55 1
0 541 461 124 277 23 55 1
0 541 462 122 277 23 55 1
0 541 463 122 277 23 53 1
0 541 464 120 277 24 53 1
0 541 465 119 277 23 53 1
0 541 466 117 277 23 53 1
0 541 467 115 277 23 53 1
0 541 468 115 277 23 51 1
0 541 469 113 277 23 51 1
0 541 470 112 277 23 51 1
0 541 471 110 277 23 51 1
0 541 472 108 277 23 51 1
0 541 473 108 277 23 50 1
0 541 474 106 277 23 50 1
0 541 475 104 277 24 50 1
0 541 476 103 277 23 50 1
0 541 477 101 277 23 50 1
0 541 478 101 277 23 48 1
0 541 479 99 277 23 48 1
0 541 480 97 277 23 48 1
0 541 481 96 277 23 48 1
0 541 482 96 279 23 46 1
0 541 483 92 279 23 46 1
0 541 484 90 279 23 46 1
0 541 485 88 279 24 46 1
0 541 486 87 279 23 46 1
0 541 487 85 279 23 46 1
0 541 488 83 279 23 46 1
0 541 489 81 279 23 46 1
0 541 490 80 280 23 47 1
0 541 491 78 280 23 47 1
0 541 492 76 280 23 47 1
0 541 493 74 280 23 47 1
0 541 494 72 280 24 47 1
0 541 495 71 280 23 47 1
0 541 496 69 280 23 47 1
0 541 497 67 282 23 46 1
0 541 498 65 282 23 46 1
0 541 499 64 282 23 46 1
0 541 500 62 282 23 46 1
0 541 501 60 282 23 46 1
0 541 502 58 282 23 46 1
0 541 503 56 282 24 46 1
0 541 504 55 282 23 46 1
0 541 505 53 284 23 46 1
0 541 506 51 284 23 46 1
0 541 507 49 284 23 46 1
0 541 508 48 284 23 46 1
0 541 509 46 284 23 46 1
0 541 510 44 284 23 46 1
0 541 511 42 284 23 46 1
0 541 512 40 286 24 46 1
0 541 513 37 286 23 46 1
0 541 514 35 286 23 46 1
0 541 515 33 286 23 48 1
0 541 516 32 286 23 48 1
0 541 517 30 286 21 48 1
0 541 518 28 286 21 50 1
0 541 519 26 286 22 50 1
0 541 520 24 286 22 51 1
0 541 521 23 286 19 51 1
0 541 522 21 286 19 51 1
0 541 523 17 286 22 53 1
0 541 524 16 286 21 53 1
0 541 525 14 286 19 53 1
0 541 526 12 286 20 55 1
0 541 527 10 286 20 55 1
0 541 528 8 286 20 57 1
0 541 529 7 286 17 57 1
0 541 530 5 286 18 57 1
0 541 531 3 286 18 58 1
0 541 532 1 286 18 58 1
0 541 533 0 286 17 60 1
0 541 534 1 286 23 60 1
0 541 535 1 286 23 60 1
0 541 536 1 286 23 60 1
0 541 537 1 286 23 60 1
0 541 538 1 286 23 60 1
0 541 539 1 286 23 60 1
0 541 540 1 286 23 60 1
1 560 0 337 247 25 53 1
1 560 1 337 247 25 53 1
1 560 2 337 247 25 53 1
1 560 3 337 247 25 53 1
1 560 4 337 247 25 53 1
1 560 5 337 247 25 53 1
1 560 6 337 247 25 53 1
1 560 7 337 247 25 53 1
1 560 8 337 247 25 53 1
1 560 9 337 247 25 53 1
1 560 10 337 247 25 53 1
1 560 11 337 247 25 53 1
1 560 12 337 247 25 53 1
1 560 13 337 247 25 53 1
1 560 14 337 247 25 53 1
1 560 15 337 247 25 53 1
1 560 16 339 248 25 54 1
1 560 17 339 248 25 54 1
1 560 18 339 248 25 54 1
1 560 19 339 248 25 54 1
1 560 20 339 248 25 54 1
1 560 21 339 248 25 54 1
1 560 22 339 248 25 54 1
1 560 23 339 248 25 54 1
1 560 24 339 248 25 54 1
1 560 25 339 248 25 54 1
1 560 26 339 248 25 54 1
1 560 27 339 248 25 54 1
1 560 28 339 248 25 54 1
1 560 29 339 248 25 54 1
1 560 30 339 248 25 54 1
1 560 31 339 248 25 54 1
1 560 32 341 250 25 54 1
1 560 33 341 250 25 54 1
1 560 34 341 250 25 54 1
1 560 35 341 250 25 54 1
1 560 36 341 250 25 54 1
1 560 37 341 250 25 54 1
1 560 38 341 250 25 54 1
1 560 39 341 250 25 54 1
1 560 40 341 250 25 54 1
1 560 41 341 250 25 54 1
1 560 42 341 250 25 54 1
1 560 43 341 250 25 54 1
1 560 44 341 250 25 54 1
1 560 45 341 250 25 54 1
1 560 46 341 250 25 54 1
1 560 47 341 250 25 54 1
1 560 48 343 252 25 53 1
1 560 49 343 252 25 53 1
1 560 50 343 252 25 53 1
1 560 51 343 252 25 53 1
1 560 52 343 252 25 53 1
1 560 53 343 252 25 53 1
1 560 54 343 252 25 53 1
1 560 55 343 252 25 53 1
1 560 56 343 252 25 53 1
1 560 57 343 252 25 53 1
1 560 58 343 252 25 53 1
1 560 59 343 252 25 53 1
1 560 60 343 252 25 53 1
1 560 61 343 252 25 53 1
1 560 62 343 252 25 53 1
1 560 63 343 252 25 53 1
1 560 64 344 254 25 53 1
1 560 65 344 254 25 53 1
1 560 66 344 254 25 53 1
1 560 67 344 254 25 53 1
1 560 68 344 254 25 53 1
1 560 69 344 254 25 53 1
1 560 70 344 254 25 53 1
1 560 71 344 254 25 53 1
1 560 72 344 254 25 53 1
1 560 73 344 254 25 53 1
1 560 74 344 254 25 53 1
1 560 75 344 254 25 53 1
1 560 76 344 254 25 53 1
1 560 77 344 254 25 53 1
1 560 78 344 254 25 53 1
1 560 79 344 254 25 53 1
1 560 80 346 256 25 53 1
1 560 81 346 256 25 53 1
1 560 82 346 256 25 53 1
1 560 83 346 256 25 53 1
1 560 84 346 256 25 53 1
1 560 85 346 256 25 53 1
1 560 86 346 256 25 53 1
1 560 87 346 256 25 53 1
1 560 88 346 256 25 53 1
1 560 89 346 256 25 53 1
1 560 90 346 256 25 53 1
1 560 91 346 256 25 53 1
1 560 92 346 256 25 53 1
1 560 93 346 256 25 53 1
1 560 94 346 256 25 53 1
1 560 95 346 256 25 53 1
1 560 96 348 257 25 54 1
1 560 97 348 257 25 54 1
1 560 98 348 257 25 54 1
1 560 99 348 257 25 54 1
1 560 100 348 257 25 54 1
1 560 101 348 257 25 54 1
1 560 102 348 257 25 54 1
1 560 103 348 257 25 54 1
1 560 104 348 257 25 54 1
1 560 105 348 257 25 54 1
1 560 106 348 257 25 54 1
1 560 107 348 257 25 54 1
1 560 108 348 257 25 54 1
1 560 109 348 257 25 54 1
1 560 110 348 257 25 54 1
1 560 111 350 259 25 53 1
1 560 112 350 259 25 53 1
1 560 113 350 259 25 53 1
1 560 114 350 259 25 53 1
1 560 115 350 259 25 53 1
1 560 116 350 259 25 53 1
1 560 117 350 259 25 53 1
1 560 118 352 259 23 53 1
1 560 119 352 259 24 53 1
1 560 120 352 259 24 53 1
1 560 121 352 259 24 53 1
1 560 122 352 259 24 53 1
1 560 123 352 259 24 53 1
1 560 124 352 259 24 53 1
1 560 125 353 259 23 53 1
1 560 126 353 259 23 53 1
1 560 127 353 261 25 53 1
1 560 128 353 261 25 53 1
1 560 129 353 261 25 53 1
1 560 130 353 261 25 53 1
1 560 131 353 261 25 53 1
1 560 132 355 261 23 53 1
1 560 133 355 261 23 53 1
1 560 134 355 261 23 53 1
1 560 135 355 261 25 53 1
1 560 136 355 261 25 53 1
1 560 137 355 261 25 53 1
1 560 138 355 261 25 53 1
1 560 139 357 261 23 53 1
1 560 140 357 261 23 53 1
1 560 141 357 261 23 53 1
1 560 142 357 263 25 53 1
1 560 143 357 263 25 53 1
1 560 144 357 263 25 53 1
1 560 145 357 263 25 53 1
1 560 146 359 263 23 53 1
1 560 147 359 263 23 53 1
1 560 148 359 263 23 53 1
1 560 149 359 263 23 53 1
1 560 150 359 263 25 53 1
1 560 151 359 263 25 53 1
1 560 152 359 263 25 53 1
1 560 153 360 263 24 53 1
1 560 154 360 263 24 53 1
1 560 155 360 263 24 53 1
1 560 156 360 263 24 53 1
1 560 157 360 263 24 53 1
1 560 158 360 264 25 54 1
1 560 159 360 264 25 54 1
1 560 160 362 264 23 54 1
1 560 161 362 264 23 54 1
1 560 162 362 264 23 54 1
1 560 163 362 264 23 54 1
1 560 164 362 264 23 54 1
1 560 165 362 264 23 54 1
1 560 166 362 264 25 54 1
1 560 167 364 264 23 54 1
1 560 168 364 264 23 54 1
1 560 169 364 264 23 54 1
1 560 170 364 264 23 54 1
1 560 171 364 264 23 54 1
1 560 172 364 264 23 54 1
1 560 173 366 266 23 54 1
1 560 174 366 264 23 54 1
1 560 175 366 264 23 54 1
1 560 176 366 264 23 54 1
1 560 177 366 264 23 54 1
1 560 178 366 264 23 54 1
1 560 179 366 264 23 54 1
1 560 180 366 264 23 54 1
1 560 181 366 264 23 54 1
1 560 182 366 264 23 54 1
1 560 183 366 264 23 54 1
1 560 184 366 264 23 54 1
1 560 185 366 264 23 54 1
1 560 186 366 264 23 54 1
1 560 187 366 264 23 54 1
1 560 188 366 264 23 54 1
1 560 189 366 264 23 54 1
1 560 190 366 264 23 54 1
1 560 191 366 264 23 54 1
1 560 192 366 264 23 54 1
1 560 193 366 264 23 54 1
1 560 194 366 264 23 54 1
1 560 195 366 264 23 54 1
1 560 196 366 264 23 54 1
1 560 197 366 264 23 54 1
1 560 198 366 264 23 54 1
1 560 199 366 264 23 54 1
1 560 200 366 264 23 54 1
1 560 201 366 264 23 54 1
1 560 202 366 264 23 54 1
1 560 203 366 264 23 54 1
1 560 204 366 264 23 54 1
1 560 205 366 264 23 54 1
1 560 206 366 264 25 54 1
1 560 207 364 264 25 54 1
1 560 208 364 264 25 54 1
1 560 209 364 264 25 54 1
1 560 210 364 264 25 54 1
1 560 211 364 264 25 54 1
1 560 212 364 264 25 54 1
1 560 213 364 264 25 54 1
1 560 214 364 264 25 54 1
1 560 215 362 264 25 54 1
1 560 216 362 264 25 54 1
1 560 217 362 266 25 54 1
1 560 218 362 266 25 54 1
1 560 219 362 266 25 54 1
1 560 220 362 266 25 54 1
1 560 221 362 266 25 54 1
1 560 222 362 266 25 54 1
1 560 223 362 266 25 54 1
1 560 224 360 266 25 54 1
1 560 225 360 266 25 54 1
1 560 226 360 266 25 54 1
1 560 227 360 266 25 54 1
1 560 228 360 268 25 53 1
1 560 229 360 268 25 53 1
1 560 230 360 268 25 53 1
1 560 231 360 268 25 53 1
1 560 232 359 268 25 53 1
1 560 233 359 268 25 53 1
1 560 234 359 268 25 53 1
1 560 235 359 268 25 53 1
1 560 236 359 268 25 53 1
1 560 237 359 268 25 53 1
1 560 238 359 268 25 53 1
1 560 239 359 270 25 53 1
1 560 240 359 270 25 53 1
1 560 241 357 270 25 53 1
1 560 242 357 270 25 53 1
1 560 243 357 270 25 53 1
1 560 244 357 270 25 53 1
1 560 245 357 270 25 53 1
1 560 246 357 270 25 53 1
1 560 247 357 270 25 53 1
1 560 248 357 270 25 53 1
1 560 249 357 272 25 53 1
1 560 250 355 272 25 53 1
1 560 251 355 272 25 53 1
1 560 252 355 272 25 53 1
1 560 253 355 272 25 53 1
1 560 254 355 272 25 53 1
1 560 255 353 272 25 53 1
1 560 256 353 272 25 53 1
1 560 257 353 272 25 53 1
1 560 258 353 272 25 53 1
1 560 259 353 273 25 54 1
1 560 260 352 273 24 54 1
1 560 261 352 273 24 54 1
1 560 262 352 273 24 54 1
1 560 263 352 273 24 54 1
1 560 264 352 273 24 54 1
1 560 265 350 273 25 54 1
1 560 266 350 273 25 54 1
1 560 267 350 273 25 54 1
1 560 268 350 273 25 54 1
1 560 269 350 275 25 53 1
1 560 270 348 275 25 53 1
1 560 271 348 275 25 53 1
1 560 272 348 275 25 53 1
1 560 273 348 275 25 53 1
1 560 274 348 275 25 53 1
1 560 275 346 275 25 53 1
1 560 276 346 275 25 53 1
1 560 277 346 275 25 53 1
1 560 278 346 275 25 53 1
1 560 279 346 277 25 53 1
1 560 280 344 277 25 53 1
1 560 281 344 277 25 53 1
1 560 282 344 277 25 53 1
1 560 283 344 277 25 53 1
1 560 284 344 277 25 53 1
1 560 285 343 277 25 53 1
1 560 286 343 277 25 53 1
1 560 287 343 277 25 53 1
1 560 288 343 277 25 53 1
1 560 289 343 279 25 53 1
1 560 290 341 279 25 53 1
1 560 291 339 279 25 53 1
1 560 292 339 279 25 53 1
1 560 293 337 279 25 53 1
1 560 294 337 279 25 53 1
1 560 295 336 279 24 53 1
1 560 296 336 279 24 53 1
1 560 297 334 279 25 53 1
1 560 298 334 279 25 53 1
1 560 299 332 279 25 53 1
1 560 300 332 280 25 54 1
1 560 301 330 279 25 55 1
1 560 302 330 279 25 55 1
1 560 303 328 279 25 55 1
1 560 304 328 279 25 55 1
1 560 305 328 279 25 55 1
1 560 306 327 279 25 55 1
1 560 307 327 279 25 55 1
1 560 308 325 279 25 57 1
1 560 309 325 279 25 57 1
1 560 310 325 279 25 57 1
1 560 311 323 279 25 57 1
1 560 312 323 279 25 57 1
1 560 313 321 279 25 57 1
1 560 314 321 279 25 57 1
1 560 315 321 279 25 58 1
1 560 316 320 277 24 60 1
1 560 317 320 277 24 60 1
1 560 318 318 277 25 60 1
1 560 319 318 277 25 60 1
1 560 320 318 277 25 60 1
1 560 321 316 277 25 60 1
1 560 322 316 277 25 60 1
1 560 323 314 277 25 62 1
1 560 324 314 277 25 62 1
1 560 325 314 277 25 62 1
1 560 326 312 277 25 62 1
1 560 327 312 277 25 62 1
1 560 328 311 277 25 62 1
1 560 329 311 277 25 62 1
1 560 330 311 277 25 64 1
1 560 331 309 277 25 64 1
1 560 332 307 277 25 64 1
1 560 333 307 277 25 64 1
1 560 334 305 277 25 64 1
1 560 335 304 277 24 64 1
1 560 336 304 277 24 64 1
1 560 337 302 277 25 64 1
1 560 338 300 277 25 64 1
1 560 339 300 277 25 64 1
1 560 340 298 277 25 64 1
1 560 341 298 277 25 64 1
1 560 342 296 277 25 64 1
1 560 343 295 277 25 64 1
1 560 344 295 277 25 64 1
1 560 345 293 277 25 64 1
1 560 346 291 277 25 64 1
1 560 347 291 277 25 64 1
1 560 348 289 277 25 64 1
1 560 349 289 277 25 64 1
1 560 350 288 277 24 64 1
1 560 351 286 277 25 64 1
1 560 352 286 277 25 64 1
1 560 353 284 277 25 64 1
1 560 354 282 277 25 64 1
1 560 355 282 279 25 64 1
1 560 356 280 279 25 64 1
1 560 357 279 279 25 64 1
1 560 358 279 279 25 64 1
1 560 359 277 279 25 64 1
1 560 360 277 279 25 64 1
1 560 361 275 279 25 64 1
1 560 362 273 279 25 64 1
1 560 363 273 279 25 64 1
1 560 364 272 279 24 64 1
1 560 365 270 279 25 64 1
1 560 366 270 279 25 64 1
1 560 367 268 279 25 64 1
1 560 368 268 279 25 64 1
1 560 369 266 279 25 64 1
1 560 370 264 279 25 64 1
1 560 371 264 279 25 64 1
1 560 372 263 279 25 64 1
1 560 373 261 279 25 64 1
1 560 374 261 279 25 64 1
1 560 375 259 279 25 64 1
1 560 376 259 279 25 64 1
1 560 377 257 279 25 64 1
1 560 378 256 279 24 64 1
1 560 379 256 280 24 64 1
1 560 380 254 280 25 64 1
1 560 381 252 280 25 64 1
1 560 382 252 280 25 64 1
1 560 383 250 280 25 64 1
1 560 384 248 280 25 64 1
1 560 385 248 280 25 64 1
1 560 386 247 280 25 64 1
1 560 387 247 280 25 64 1
1 560 388 245 280 25 64 1
1 560 389 243 280 25 64 1
1 560 390 243 280 25 64 1
1 560 391 241 280 25 64 1
1 560 392 240 280 24 64 1
1 560 393 240 280 24 64 1
1 560 394 238 280 25 64 1
1 560 395 238 280 25 64 1
1 560 396 236 280 25 64 1
1 560 397 234 280 25 64 1
1 560 398 234 280 25 64 1
1 560 399 232 280 25 64 1
1 560 400 231 280 25 64 1
1 560 401 231 280 25 64 1
1 560 402 229 280 25 64 1
1 560 403 229 282 25 64 1
1 560 404 227 282 25 64 1
1 560 405 225 282 25 64 1
1 560 406 224 282 24 64 1
1 560 407 222 282 25 64 1
1 560 408 220 282 25 64 1
1 560 409 218 282 25 64 1
1 560 410 216 282 25 64 1
1 560 411 215 282 25 64 1
1 560 412 213 282 25 64 1
1 560 413 211 282 25 64 1
1 560 414 211 282 25 64 1
1 560 415 209 282 25 64 1
1 560 416 208 282 24 64 1
1 560 417 206 282 25 64 1
1 560 418 204 282 25 64 1
1 560 419 202 282 25 64 1
1 560 420 200 282 25 64 1
1 560 421 199 282 25 64 1
1 560 422 197 282 25 64 1
1 560 423 195 282 25 64 1
1 560 424 193 282 25 64 1
1 560 425 193 284 25 64 1
1 560 426 192 284 24 62 1
1 560 427 190 284 25 62 1
1 560 428 188 284 25 62 1
1 560 429 186 284 25 62 1
1 560 430 184 284 25 62 1
1 560 431 183 284 25 62 1
1 560 432 181 284 25 62 1
1 560 433 179 284 25 62 1
1 560 434 179 284 25 60 1
1 560 435 177 284 25 60 1
1 560 436 176 284 24 60 1
1 560 437 174 284 25 60 1
1 560 438 172 284 25 60 1
1 560 439 170 284 25 60 1
1 560 440 168 284 25 60 1
1 560 441 167 284 25 60 1
1 560 442 167 284 25 59 1
1 560 443 165 284 25 59 1
1 560 444 163 284 25 59 1
1 560 445 161 284 25 59 1
1 560 446 160 284 24 59 1
1 560 447 158 284 25 59 1
1 560 448 156 284 25 59 1
1 560 449 154 284 25 59 1
1 560 450 154 284 25 57 1
1 560 451 152 284 25 57 1
1 560 452 151 284 25 57 1
1 560 453 149 284 25 57 1
1 560 454 147 284 25 57 1
1 560 455 145 284 25 57 1
1 560 456 144 284 24 57 1
1 560 457 142 284 25 57 1
1 560 458 142 284 25 57 1
1 560 459 140 284 25 55 1
1 560 460 138 284 25 55 1
1 560 461 136 284 25 55 1
1 560 462 135 284 25 55 1
1 560 463 133 284 25 55 1
1 560 464 131 284 25 55 1
1 560 465 129 284 25 55 1
1 560 466 128 284 24 55 1
1 560 467 128 284 24 53 1
1 560 468 126 284 25 53 1
1 560 469 124 284 25 53 1
1 560 470 122 284 25 53 1
1 560 471 120 284 25 53 1
1 560 472 119 284 25 53 1
1 560 473 117 284 25 53 1
1 560 474 115 284 25 53 1
1 560 475 115 284 25 52 1
1 560 476 113 284 25 52 1
1 560 477 112 284 24 52 1
1 560 478 110 284 25 52 1
1 560 479 108 284 25 52 1
1 560 480 106 284 25 52 1
1 560 481 104 284 25 52 1
1 560 482 103 284 25 52 1
1 560 483 103 284 25 50 1
1 560 484 101 284 25 50 1
1 560 485 99 284 25 50 1
1 560 486 97 284 25 50 1
1 560 487 96 284 24 50 1
1 560 488 94 284 25 50 1
1 560 489 92 284 25 50 1
1 560 490 90 284 25 50 1
1 560 491 90 286 25 48 1
1 560 492 88 286 25 48 1
1 560 493 87 286 25 48 1
1 560 494 85 286 25 48 1
1 560 495 83 286 25 48 1
1 560 496 83 286 25 48 1
1 560 497 81 286 25 48 1
1 560 498 80 286 24 48 1
1 560 499 78 288 25 48 1
1 560 500 76 288 25 48 1
1 560 501 76 288 25 48 1
1 560 502 74 288 25 48 1
1 560 503 72 288 25 48 1
1 560 504 71 288 25 48 1
1 560 505 69 288 25 48 1
1 560 506 69 288 25 48 1
1 560 507 67 289 25 48 1
1 560 508 65 289 25 48 1
1 560 509 64 289 24 48 1
1 560 510 64 289 24 48 1
1 560 511 62 289 25 48 1
1 560 512 60 289 25 48 1
1 560 513 58 289 25 48 1
1 560 514 56 289 25 48 1
1 560 515 56 291 25 48 1
1 560 516 55 291 25 48 1
1 560 517 53 291 25 48 1
1 560 518 51 291 25 48 1
1 560 519 49 291 25 48 1
1 560 520 49 291 25 48 1
1 560 521 48 291 24 48 1
1 560 522 46 291 25 48 1
1 560 523 44 293 25 48 1
1 560 524 44 293 25 48 1
1 560 525 42 293 25 48 1
1 560 526 40 293 25 48 1
1 560 527 39 293 25 48 1
1 560 528 37 293 25 48 1
1 560 529 37 293 25 48 1
1 560 530 35 293 25 48 1
1 560 531 33 295 25 48 1
1 560 532 32 295 24 48 1
1 560 533 30 295 25 48 1
1 560 534 30 295 25 48 1
1 560 535 28 295 25 48 1
1 560 536 26 295 25 48 1
1 560 537 24 295 25 48 1
1 560 538 24 296 25 48 1
1 560 539 21 296 25 48 1
1 560 540 19 296 25 50 1
1 560 541 17 296 25 52 1
1 560 542 16 296 23 54 1
1 560 543 14 296 23 56 1
1 560 544 12 298 23 55 1
1 560 545 8 298 24 55 1
1 560 546 7 298 23 57 1
1 560 547 5 298 23 59 1
1 560 548 3 298 21 61 1
1 560 549 1 298 22 62 1
1 560 550 0 300 21 62 1
1 560 551 0 300 19 62 1
1 560 552 0 300 17 62 1
1 560 553 0 300 16 62 1
1 560 554 0 300 16 62 1
1 560 555 0 300 16 62 1
1 560 556 0 300 16 62 1
1 560 557 0 300 16 62 1
1 560 558 0 300 16 62 1
1 560 559 0 300 16 62 1
2 560 0 272 254 24 62 1
2 560 1 270 252 25 62 1
2 560 2 270 252 25 62 1
2 560 3 270 252 25 62 1
2 560 4 268 252 25 62 1
2 560 5 268 252 25 62 1
2 560 6 268 252 25 62 1
2 560 7 268 252 25 62 1
2 560 8 266 252 25 62 1
2 560 9 266 252 25 62 1
2 560 10 266 250 25 62 1
2 560 11 264 250 25 62 1
2 560 12 264 250 25 62 1
2 560 13 264 250 25 62 1
2 560 14 264 250 25 62 1
2 560 15 263 250 25 62 1
2 560 16 263 250 25 62 1
2 560 17 263 250 25 62 1
2 560 18 263 250 25 62 1
2 560 19 263 248 23 63 1
2 560 20 263 248 23 63 1
2 560 21 263 248 23 63 1
2 560 22 263 248 23 63 1
2 560 23 263 248 23 63 1
2 560 24 263 248 23 63 1
2 560 25 263 248 23 63 1
2 560 26 263 248 23 63 1
2 560 27 263 248 23 63 1
2 560 28 263 248 23 63 1
2 560 29 263 247 23 62 1
2 560 30 263 247 23 62 1
2 560 31 263 247 23 62 1
2 560 32 263 247 23 62 1
2 560 33 263 247 23 62 1
2 560 34 263 247 23 62 1
2 560 35 263 247 23 62 1
2 560 36 263 247 23 62 1
2 560 37 263 247 23 62 1
2 560 38 263 247 23 62 1
2 560 39 263 245 23 62 1
2 560 40 263 245 23 62 1
2 560 41 263 245 23 62 1
2 560 42 263 245 23 62 1
2 560 43 263 245 23 62 1
2 560 44 263 245 23 62 1
2 560 45 263 245 23 62 1
2 560 46 263 245 23 62 1
2 560 47 263 245 23 62 1
2 560 48 263 245 23 62 1
2 560 49 263 243 23 62 1
2 560 50 263 243 23 62 1
2 560 51 263 243 23 62 1
2 560 52 263 243 23 62 1
2 560 53 263 243 23 62 1
2 560 54 263 243 23 62 1
2 560 55 263 243 23 62 1
2 560 56 263 243 23 62 1
2 560 57 263 243 23 62 1
2 560 58 263 243 23 62 1
2 560 59 263 241 23 63 1
2 560 60 263 241 23 63 1
2 560 61 263 241 23 63 1
2 560 62 263 241 23 63 1
2 560 63 263 241 23 63 1
2 560 64 263 241 23 63 1
2 560 65 263 241 23 63 1
2 560 66 263 241 23 63 1
2 560 67 263 241 23 63 1
2 560 68 263 241 23 63 1
2 560 69 263 240 23 62 1
2 560 70 263 240 23 62 1
2 560 71 263 240 23 62 1
2 560 72 263 240 23 62 1
2 560 73 263 240 23 62 1
2 560 74 263 240 23 62 1
2 560 75 263 240 23 62 1
2 560 76 263 240 23 62 1
2 560 77 263 240 23 62 1
2 560 78 263 240 23 62 1
2 560 79 263 238 23 62 1
2 560 80 263 238 23 62 1
2 560 81 263 238 23 62 1
2 560 82 263 238 23 62 1
2 560 83 263 238 23 62 1
2 560 84 263 238 23 62 1
2 560 85 263 238 23 62 1
2 560 86 263 238 23 62 1
2 560 87 263 238 23 62 1
2 560 88 263 238 23 62 1
2 560 89 263 238 23 62 1
2 560 90 263 236 23 62 1
2 560 91 263 236 23 62 1
2 560 92 263 236 23 62 1
2 560 93 263 236 23 62 1
2 560 94 263 236 23 62 1
2 560 95 263 236 23 62 1
2 560 96 263 236 23 62 1
2 560 97 263 236 23 62 1
2 560 98 263 236 23 62 1
2 560 99 263 236 23 62 1
2 560 100 263 236 23 62 1
2 560 101 263 236 23 62 1
2 560 102 263 236 23 62 1
2 560 103 263 236 23 62 1
2 560 104 263 236 23 62 1
2 560 105 263 236 23 62 1
2 560 106 263 236 23 62 1
2 560 107 263 236 23 60 1
2 560 108 263 236 23 60 1
2 560 109 263 236 23 60 1
2 560 110 263 236 23 60 1
2 560 111 263 236 23 60 1
2 560 112 263 236 23 60 1
2 560 113 263 236 23 60 1
2 560 114 263 236 23 60 1
2 560 115 263 236 23 60 1
2 560 116 263 236 23 60 1
2 560 117 263 236 23 60 1
2 560 118 263 236 23 60 1
2 560 119 263 236 23 60 1
2 560 120 263 236 23 60 1
2 560 121 263 236 23 60 1
2 560 122 263 236 23 60 1
2 560 123 263 236 23 60 1
2 560 124 263 236 23 60 1
2 560 125 263 236 23 59 1
2 560 126 263 236 23 59 1
2 560 127 263 236 23 59 1
2 560 128 263 236 23 59 1
2 560 129 263 236 23 59 1
2 560 130 263 236 23 59 1
2 560 131 263 236 23 59 1
2 560 132 263 234 23 61 1
2 560 133 263 234 23 61 1
2 560 134 263 234 23 61 1
2 560 135 263 234 23 61 1
2 560 136 263 234 23 61 1
2 560 137 263 234 23 61 1
2 560 138 263 234 23 61 1
2 560 139 263 234 23 61 1
2 560 140 263 234 23 61 1
2 560 141 263 234 23 61 1
2 560 142 263 234 23 59 1
2 560 143 263 234 23 59 1
2 560 144 263 234 23 59 1
2 560 145 263 234 23 59 1
2 560 146 263 234 23 59 1
2 560 147 263 234 23 59 1
2 560 148 263 234 23 59 1
2 560 149 263 234 23 59 1
2 560 150 263 234 23 59 1
2 560 151 263 234 23 59 1
2 560 152 263 234 23 59 1
2 560 153 263 234 23 59 1
2 560 154 263 234 23 59 1
2 560 155 263 234 23 59 1
2 560 156 263 234 23 59 1
2 560 157 263 234 23 59 1
2 560 158 263 234 23 59 1
2 560 159 263 234 23 59 1
2 560 160 263 234 23 57 1
2 560 161 263 234 23 57 1
2 560 162 263 234 23 57 1
2 560 163 263 234 23 57 1
2 560 164 263 234 23 57 1
2 560 165 263 234 23 57 1
2 560 166 263 234 23 57 1
2 560 167 263 234 23 57 1
2 560 168 263 234 23 57 1
2 560 169 263 234 23 57 1
2 560 170 263 234 23 57 1
2 560 171 263 234 23 57 1
2 560 172 263 234 23 57 1
2 560 173 263 234 23 57 1
2 560 174 263 232 23 59 1
2 560 175 263 232 23 59 1
2 560 176 263 232 23 59 1
2 560 177 263 232 23 57 1
2 560 178 263 232 23 57 1
2 560 179 263 232 23 57 1
2 560 180 263 232 23 57 1
2 560 181 263 232 23 57 1
2 560 182 263 232 23 57 1
2 560 183 263 232 23 57 1
2 560 184 263 232 23 57 1
2 560 185 263 232 23 57 1
2 560 186 263 232 23 57 1
2 560 187 263 232 23 57 1
2 560 188 263 232 23 57 1
2 560 189 263 232 23 57 1
2 560 190 263 232 23 57 1
2 560 191 263 232 23 57 1
2 560 192 263 232 23 57 1
2 560 193 263 232 23 57 1
2 560 194 263 232 23 57 1
2 560 195 263 232 23 56 1
2 560 196 263 232 23 56 1
2 560 197 263 232 23 56 1
2 560 198 263 232 23 56 1
2 560 199 263 232 23 56 1
2 560 200 263 232 23 56 1
2 560 201 263 232 23 56 1
2 560 202 263 232 23 56 1
2 560 203 263 232 23 56 1
2 560 204 263 232 23 56 1
2 560 205 263 232 23 56 1
2 560 206 263 232 23 56 1
2 560 207 263 232 23 56 1
2 560 208 263 232 23 56 1
2 560 209 263 232 23 56 1
2 560 210 263 232 23 56 1
2 560 211 263 232 23 56 1
2 560 212 263 232 23 56 1
2 560 213 263 232 23 54 1
2 560 214 263 232 23 54 1
2 560 215 263 232 23 54 1
2 560 216 263 231 23 55 1
2 560 217 263 231 23 55 1
2 560 218 263 231 23 55 1
2 560 219 263 231 23 55 1
2 560 220 263 231 23 55 1
2 560 221 263 231 23 55 1
2 560 222 263 231 23 55 1
2 560 223 263 231 23 55 1
2 560 224 263 231 23 55 1
2 560 225 263 231 23 55 1
2 560 226 263 231 23 55 1
2 560 227 263 231 23 55 1
2 560 228 263 231 23 55 1
2 560 229 263 231 23 55 1
2 560 230 263 231 23 53 1
2 560 231 263 231 23 53 1
2 560 232 263 231 23 53 1
2 560 233 263 231 23 53 1
2 560 234 263 231 23 53 1
2 560 235 263 231 23 53 1
2 560 236 263 231 23 53 1
2 560 237 263 231 23 53 1
2 560 238 263 231 23 53 1
2 560 239 263 231 23 53 1
2 560 240 263 231 23 53 1
2 560 241 263 231 23 53 1
2 560 242 263 231 23 53 1
2 560 243 263 231 23 53 1
2 560 244 263 231 23 53 1
2 560 245 263 231 23 53 1
2 560 246 263 231 23 53 1
2 560 247 263 231 23 53 1
2 560 248 263 231 23 51 1
2 560 249 263 231 23 51 1
2 560 250 263 231 23 51 1
2 560 251 263 231 23 51 1
2 560 252 263 231 23 51 1
2 560 253 263 231 23 51 1
2 560 254 263 231 23 51 1
2 560 255 263 231 23 51 1
2 560 256 263 231 23 51 1
2 560 257 263 231 23 51 1
2 560 258 263 229 23 53 1
2 560 259 263 229 23 53 1
2 560 260 263 229 23 53 1
2 560 261 263 229 23 53 1
2 560 262 263 229 23 53 1
2 560 263 263 229 23 53 1
2 560 264 263 229 23 53 1
2 560 265 263 229 23 51 1
2 560 266 263 229 23 51 1
2 560 267 263 229 23 51 1
2 560 268 263 229 23 51 1
2 560 269 263 229 23 51 1
2 560 270 263 229 23 51 1
2 560 271 263 229 23 51 1
2 560 272 263 229 23 51 1
2 560 273 263 229 23 51 1
2 560 274 263 229 23 51 1
2 560 275 263 229 23 51 1
2 560 276 263 229 23 51 1
2 560 277 263 229 23 51 1
2 560 278 263 229 23 51 1
2 560 279 263 229 23 51 1
2 560 280 263 229 23 51 1
2 560 281 263 229 23 51 1
2 560 282 263 229 23 51 1
2 560 283 263 229 23 50 1
2 560 284 263 229 23 50 1
2 560 285 263 229 23 50 1
2 560 286 263 229 23 50 1
2 560 287 263 229 23 50 1
2 560 288 263 229 23 50 1
2 560 289 263 229 23 50 1
2 560 290 263 229 23 50 1
2 560 291 263 229 23 50 1
2 560 292 263 229 23 50 1
2 560 293 263 229 23 50 1
2 560 294 263 229 23 50 1
2 560 295 263 229 23 50 1
2 560 296 263 229 23 50 1
2 560 297 263 229 23 50 1
2 560 298 263 229 23 50 1
2 560 299 263 229 23 50 1
2 560 300 263 229 23 50 1
2 560 301 263 227 23 50 1
2 560 302 263 227 23 50 1
2 560 303 263 227 23 50 1
2 560 304 263 227 23 50 1
2 560 305 263 227 23 50 1
2 560 306 263 227 23 50 1
2 560 307 263 227 23 50 1
2 560 308 264 227 22 50 1
2 560 309 264 227 22 50 1
2 560 310 264 227 24 50 1
2 560 311 264 227 24 50 1
2 560 312 264 227 24 50 1
2 560 313 264 227 24 50 1
2 560 314 264 227 24 50 1
2 560 315 266 227 22 50 1
2 560 316 266 227 22 50 1
2 560 317 266 227 22 50 1
2 560 318 266 227 22 50 1
2 560 319 266 227 22 50 1
2 560 320 266 225 23 52 1
2 560 321 266 225 23 52 1
2 560 322 268 225 21 52 1
2 560 323 268 225 21 52 1
2 560 324 268 225 21 52 1
2 560 325 268 225 21 52 1
2 560 326 268 225 21 52 1
2 560 327 268 225 21 52 1
2 560 328 268 225 21 52 1
2 560 329 270 225 21 52 1
2 560 330 270 225 21 50 1
2 560 331 270 225 21 50 1
2 560 332 270 225 21 50 1
2 560 333 270 225 21 50 1
2 560 334 270 225 21 50 1
2 560 335 270 225 21 50 1
2 560 336 270 225 21 50 1
2 560 337 272 225 19 50 1
2 560 338 272 225 19 50 1
2 560 339 272 224 21 51 1
2 560 340 272 224 21 51 1
2 560 341 272 224 21 51 1
2 560 342 272 224 21 51 1
2 560 343 272 224 21 51 1
2 560 344 273 224 20 51 1
2 560 345 273 224 20 51 1
2 560 346 273 224 20 51 1
2 560 347 273 224 20 51 1
2 560 348 273 224 20 51 1
2 560 349 273 224 22 51 1
2 560 350 273 224 22 51 1
2 560 351 275 224 20 51 1
2 560 352 275 224 20 51 1
2 560 353 275 224 20 51 1
2 560 354 275 224 20 51 1
2 560 355 275 224 20 51 1
2 560 356 275 224 20 51 1
2 560 357 275 224 20 51 1
2 560 358 277 224 19 51 1
2 560 359 277 224 19 51 1
2 560 360 279 224 19 51 1
2 560 361 280 224 20 51 1
2 560 362 280 224 20 51 1
2 560 363 282 224 20 51 1
2 560 364 284 224 20 51 1
2 560 365 286 224 19 51 1
2 560 366 286 224 19 51 1
2 560 367 286 224 19 51 1
2 560 368 286 224 19 51 1
2 560 369 286 224 19 51 1
2 560 370 286 224 19 51 1
2 560 371 286 224 19 51 1
2 560 372 286 224 19 51 1
2 560 373 286 224 19 51 1
2 560 374 286 224 19 51 1
2 560 375 286 224 19 51 1
2 560 376 286 224 19 51 1
2 560 377 286 224 19 51 1
2 560 378 286 224 19 51 1
2 560 379 286 224 19 51 1
2 560 380 286 224 19 51 1
2 560 381 286 224 19 51 1
2 560 382 286 224 19 51 1
2 560 383 286 224 19 51 1
2 560 384 286 224 19 51 1
2 560 385 286 224 19 51 1
2 560 386 286 224 19 51 1
2 560 387 286 224 19 51 1
2 560 388 286 224 19 51 1
2 560 389 286 224 19 51 1
2 560 390 286 224 19 51 1
2 560 391 286 224 19 51 1
2 560 392 286 224 19 51 1
2 560 393 286 224 19 51 1
2 560 394 286 224 19 51 1
2 560 395 286 224 19 51 1
2 560 396 286 224 19 51 1
2 560 397 286 224 19 51 1
2 560 398 286 224 19 51 1
2 560 399 286 224 19 51 1
2 560 400 286 224 19 51 1
2 560 401 286 224 19 51 1
2 560 402 286 224 19 51 1
2 560 403 286 224 19 51 1
2 560 404 286 224 19 51 1
2 560 405 286 224 19 51 1
2 560 406 286 224 19 51 1
2 560 407 286 224 19 51 1
2 560 408 286 224 19 51 1
2 560 409 286 224 19 51 1
2 560 410 286 224 19 51 1
2 560 411 286 224 19 51 1
2 560 412 286 224 19 51 1
2 560 413 286 224 19 51 1
2 560 414 286 224 19 51 1
2 560 415 286 224 19 51 1
2 560 416 286 224 19 51 1
2 560 417 286 224 19 51 1
2 560 418 286 224 19 51 1
2 560 419 286 224 19 51 1
2 560 420 286 224 19 51 1
2 560 421 286 224 19 51 1
2 560 422 286 224 19 51 1
2 560 423 286 224 19 51 1
2 560 424 286 224 19 51 1
2 560 425 286 224 19 51 1
2 560 426 286 224 19 51 1
2 560 427 286 224 19 51 1
2 560 428 286 224 19 51 1
2 560 429 286 224 19 51 1
2 560 430 286 224 19 51 1
2 560 431 286 224 19 51 1
2 560 432 286 224 19 51 1
2 560 433 286 224 19 51 1
2 560 434 286 224 19 51 1
2 560 435 286 224 19 51 1
2 560 436 286 224 19 51 1
2 560 437 286 224 19 51 1
2 560 438 286 224 19 51 1
2 560 439 286 224 19 51 1
2 560 440 286 224 19 51 1
2 560 441 286 224 19 51 1
2 560 442 286 224 19 51 1
2 560 443 286 224 19 51 1
2 560 444 286 224 19 51 1
2 560 445 286 224 19 51 1
2 560 446 286 224 19 51 1
2 560 447 286 224 19 51 1
2 560 448 286 224 19 51 1
2 560 449 286 224 19 51 1
2 560 450 286 224 19 51 1
2 560 451 286 224 19 51 1
2 560 452 286 224 19 51 1
2 560 453 286 224 19 51 1
2 560 454 286 224 19 51 1
2 560 455 286 224 19 51 1
2 560 456 286 224 19 51 1
2 560 457 286 224 19 51 1
2 560 458 286 224 19 51 1
2 560 459 286 224 19 51 1
2 560 460 286 224 19 51 1
2 560 461 286 224 19 51 1
2 560 462 286 224 19 51 1
2 560 463 286 224 19 51 1
2 560 464 286 224 19 51 1
2 560 465 286 224 19 51 1
2 560 466 286 224 19 51 1
2 560 467 286 224 19 51 1
2 560 468 286 224 19 51 1
2 560 469 286 224 19 51 1
2 560 470 286 224 19 51 1
2 560 471 286 224 19 51 1
2 560 472 286 224 19 51 1
2 560 473 286 224 19 51 1
2 560 474 286 224 19 51 1
2 560 475 286 224 19 51 1
2 560 476 286 224 19 51 1
2 560 477 286 224 19 51 1
2 560 478 286 224 19 51 1
2 560 479 286 224 19 51 1
2 560 480 286 224 19 51 1
2 560 481 286 224 19 51 1
2 560 482 286 224 19 51 1
2 560 483 286 224 19 51 1
2 560 484 286 224 19 51 1
2 560 485 286 224 19 51 1
2 560 486 286 224 19 51 1
2 560 487 286 224 19 51 1
2 560 488 286 224 19 51 1
2 560 489 286 224 19 51 1
2 560 490 286 224 19 51 1
2 560 491 286 224 19 51 1
2 560 492 286 224 19 51 1
2 560 493 286 224 19 51 1
2 560 494 286 224 19 51 1
2 560 495 286 224 19 51 1
2 560 496 286 224 19 51 1
2 560 497 286 224 19 51 1
2 560 498 286 224 19 51 1
2 560 499 286 224 19 51 1
2 560 500 286 224 19 51 1
2 560 501 286 224 19 51 1
2 560 502 286 224 19 51 1
2 560 503 286 224 19 51 1
2 560 504 286 224 19 51 1
2 560 505 286 224 19 51 1
2 560 506 286 224 19 51 1
2 560 507 286 224 19 51 1
2 560 508 286 224 19 51 1
2 560 509 286 224 19 51 1
2 560 510 286 224 19 51 1
2 560 511 286 224 19 51 1
2 560 512 286 224 19 51 1
2 560 513 286 224 19 51 1
2 560 514 286 224 19 51 1
2 560 515 286 224 19 51 1
2 560 516 286 224 19 51 1
2 560 517 286 224 19 51 1
2 560 518 286 224 19 51 1
2 560 519 286 224 19 51 1
2 560 520 286 224 19 51 1
2 560 521 286 224 19 51 1
2 560 522 286 224 19 51 1
2 560 523 286 224 19 51 1
2 560 524 286 224 19 51 1
2 560 525 286 224 19 51 1
2 560 526 286 224 19 51 1
2 560 527 286 224 19 51 1
2 560 528 286 224 19 51 1
2 560 529 286 224 19 51 1
2 560 530 286 224 19 51 1
2 560 531 286 224 19 51 1
2 560 532 286 224 19 51 1
2 560 533 286 224 19 51 1
2 560 534 286 224 19 51 1
2 560 535 286 224 19 51 1
2 560 536 286 224 19 51 1
2 560 537 286 224 19 51 1
2 560 538 286 224 19 51 1
2 560 539 286 224 19 51 1
2 560 540 286 224 19 51 1
2 560 541 286 224 19 51 1
2 560 542 286 224 19 51 1
2 560 543 286 224 19 51 1
2 560 544 286 224 19 51 1
2 560 545 286 224 19 51 1
2 560 546 286 224 19 51 1
2 560 547 286 224 19 51 1
2 560 548 286 224 19 51 1
2 560 549 286 224 19 51 1
2 560 550 286 224 19 51 1
2 560 551 286 224 19 51 1
2 560 552 286 224 19 51 1
2 560 553 286 224 19 51 1
2 560 554 286 224 19 51 1
2 560 555 286 224 19 51 1
2 560 556 286 224 19 51 1
2 560 557 286 224 19 51 1
2 560 558 286 224 19 51 1
2 560 559 286 224 19 51 1
3 172 388 1240 551 38 167 1
3 172 389 1235 549 39 169 1
3 172 390 1230 547 42 171 1
3 172 391 1224 545 45 173 1
3 172 392 1219 544 48 174 1
3 172 393 1214 542 50 176 1
3 172 394 1210 540 52 178 1
3 172 395 1205 538 55 180 1
3 172 396 1200 536 56 182 1
3 172 397 1194 536 61 182 1
3 172 398 1189 535 62 183 1
3 172 399 1184 533 65 185 1
3 172 400 1180 531 68 187 1
3 172 401 1175 529 69 189 1
3 172 402 1169 528 73 190 1
3 172 403 1164 526 75 192 1
3 172 404 1159 524 78 194 1
3 172 405 1155 524 80 194 1
3 172 406 1150 522 80 194 1
3 172 407 1146 520 78 196 1
3 172 408 1143 519 78 195 1
3 172 409 1139 517 77 197 1
3 172 410 1134 517 78 195 1
3 172 411 1130 515 77 197 1
3 172 412 1127 513 74 198 1
3 172 413 1123 512 75 199 1
3 172 414 1118 510 74 199 1
3 172 415 1114 510 75 199 1
3 172 416 1111 508 73 199 1
3 172 417 1107 506 71 201 1
3 172 418 1102 504 73 201 1
3 172 419 1098 503 71 202 1
3 172 420 1095 503 71 201 1
3 172 421 1091 501 69 203 1
3 172 422 1086 499 69 203 1
3 172 423 1082 497 70 205 1
3 172 424 1079 496 67 204 1
3 172 425 1075 496 68 204 1
3 172 426 1070 494 67 204 1
3 172 427 1064 492 70 204 1
3 172 428 1061 492 69 204 1
3 172 429 1056 490 71 205 1
3 172 430 1052 488 71 205 1
3 172 431 1047 488 73 205 1
3 172 432 1043 487 73 204 1
3 172 433 1038 487 74 204 1
3 172 434 1034 485 75 204 1
3 172 435 1029 483 76 205 1
3 172 436 1025 483 77 205 1
3 172 437 1020 481 78 205 1
3 172 438 1015 480 78 204 1
3 172 439 1011 480 78 204 1
3 172 440 1006 478 80 204 1
3 172 441 1002 478 80 204 1
3 172 442 997 476 82 204 1
3 172 443 993 474 82 205 1
3 172 444 988 474 84 205 1
3 172 445 984 472 84 205 1
3 172 446 979 471 85 204 1
3 172 447 976 471 85 204 1
3 172 448 970 469 87 204 1
3 172 449 967 469 87 204 1
3 172 450 965 467 85 205 1
3 172 451 963 467 85 203 1
3 172 452 961 465 86 203 1
3 172 453 960 465 85 201 1
3 172 454 958 464 85 200 1
3 172 455 956 464 84 199 1
3 172 456 954 462 84 199 1
3 172 457 952 462 84 197 1
3 172 458 952 460 82 197 1
3 172 459 951 460 81 196 1
3 172 460 949 460 80 196 1
3 172 461 947 458 80 196 1
3 172 462 945 458 80 194 1
3 172 463 944 456 80 194 1
3 172 464 942 456 80 192 1
3 172 465 940 455 78 192 1
3 172 466 940 455 76 190 1
3 172 467 938 453 77 190 1
3 172 468 936 453 77 188 1
3 172 469 935 451 76 189 1
3 172 470 933 451 76 189 1
3 172 471 931 451 75 187 1
3 172 472 929 449 75 187 1
3 172 473 928 449 74 185 1
3 172 474 926 448 74 184 1
3 172 475 926 448 73 183 1
3 172 476 924 446 71 183 1
3 172 477 922 446 71 181 1
3 172 478 920 444 72 181 1
3 172 479 919 444 71 180 1
3 172 480 917 442 71 180 1
3 172 481 915 442 69 180 1
3 172 482 913 442 70 178 1
3 172 483 913 440 68 178 1
3 172 484 912 440 67 176 1
3 172 485 910 439 67 176 1
3 172 486 908 439 66 174 1
3 172 487 906 437 66 174 1
3 172 488 904 437 66 172 1
3 172 489 903 435 65 173 1
3 172 490 901 435 66 171 1
3 172 491 901 435 64 171 1
3 172 492 899 433 64 171 1
3 172 493 897 433 64 169 1
3 172 494 896 432 64 170 1
3 172 495 894 432 64 168 1
3 172 496 892 430 64 169 1
3 172 497 892 430 64 169 1
3 172 498 890 428 64 169 1
3 172 499 888 428 64 169 1
3 172 500 887 426 64 169 1
3 172 501 885 426 64 167 1
3 172 502 883 426 64 167 1
3 172 503 883 424 64 168 1
3 172 504 881 424 64 166 1
3 172 505 880 423 64 167 1
3 172 506 878 423 64 165 1
3 172 507 876 421 64 167 1
3 172 508 874 421 64 165 1
3 172 509 874 419 64 165 1
3 172 510 872 419 64 165 1
3 172 511 871 419 64 164 1
3 172 512 869 417 64 166 1
3 172 513 867 417 64 164 1
3 172 514 865 416 64 163 1
3 172 515 865 416 64 163 1
3 172 516 864 414 64 163 1
3 172 517 862 414 64 162 1
3 172 518 860 412 64 164 1
3 172 519 858 412 64 162 1
3 172 520 856 412 64 162 1
3 172 521 856 410 64 162 1
3 172 522 855 410 64 160 1
3 172 523 853 408 64 162 1
3 172 524 851 408 64 160 1
3 172 525 849 407 64 161 1
3 172 526 848 407 64 160 1
3 172 527 848 405 64 160 1
3 172 528 846 405 64 160 1
3 172 529 844 405 64 158 1
3 172 530 842 403 64 158 1
3 172 531 840 403 64 158 1
3 172 532 839 401 64 159 1
3 172 533 839 401 64 159 1
3 172 534 837 400 64 158 1
3 172 535 835 400 64 156 1
3 172 536 833 398 64 158 1
3 172 537 832 398 64 156 1
3 172 538 832 398 64 156 1
3 172 539 830 396 62 156 1
3 172 540 828 396 62 155 1
3 172 541 826 394 62 155 1
3 172 542 826 394 61 153 1
3 172 543 824 392 61 153 1
3 172 544 823 392 60 153 1
3 172 545 823 392 58 152 1
3 172 546 821 391 59 151 1
3 172 547 819 391 59 149 1
3 172 548 817 389 59 149 1
3 172 549 817 389 57 149 1
3 172 550 816 387 56 149 1
3 172 551 814 387 57 148 1
3 172 552 814 387 55 146 1
3 172 553 812 385 55 146 1
3 172 554 810 385 55 146 1
3 172 555 808 384 56 145 1
3 172 556 808 384 54 144 1
3 172 557 807 382 53 144 1
3 172 558 805 382 53 142 1
3 172 559 805 382 51 142 1
4 176 384 101 208 32 24 2
4 176 385 103 208 32 24 2
4 176 386 104 208 32 24 2
4 176 387 106 208 32 24 2
4 176 388 108 208 32 24 2
4 176 389 110 208 32 24 2
4 176 390 112 208 32 24 2
4 176 391 113 208 32 24 2
4 176 392 115 208 32 24 2
4 176 393 117 208 32 24 2
4 176 394 119 208 32 24 2
4 176 395 120 208 32 24 2
4 176 396 122 208 32 24 2
4 176 397 124 208 32 24 2
4 176 398 126 208 32 24 2
4 176 399 128 208 32 24 2
4 176 400 129 208 32 24 2
4 176 401 131 208 32 24 2
4 176 402 131 208 32 24 2
4 176 403 133 208 32 24 2
4 176 404 135 208 32 24 2
4 176 405 136 208 32 24 2
4 176 406 138 208 32 24 2
4 176 407 140 208 32 24 2
4 176 408 142 208 32 24 2
4 176 409 144 208 32 24 2
4 176 410 144 208 32 24 2
4 176 411 145 208 32 24 2
4 176 412 147 208 32 24 2
4 176 413 149 208 32 24 2
4 176 414 151 208 32 24 2
4 176 415 152 208 32 24 2
4 176 416 154 208 32 24 2
4 176 417 156 208 32 24 2
4 176 418 158 208 32 24 2
4 176 419 161 208 32 24 2
4 176 420 165 208 32 24 2
4 176 421 167 208 32 24 2
4 176 422 170 208 32 24 2
4 176 423 174 208 32 24 2
4 176 424 176 208 32 24 2
4 176 425 179 208 32 24 2
4 176 426 183 208 32 24 2
4 176 427 184 208 32 24 2
4 176 428 188 208 32 24 2
4 176 429 192 208 32 24 2
4 176 430 193 208 32 24 2
4 176 431 197 208 32 24 2
4 176 432 200 208 32 24 2
4 176 433 204 208 32 24 2
4 176 434 204 208 32 24 2
4 176 435 204 208 32 24 2
4 176 436 204 208 32 24 2
4 176 437 204 208 32 24 2
4 176 438 204 208 32 24 2
4 176 439 204 208 32 24 2
4 176 440 204 208 32 24 2
4 176 441 204 208 32 24 2
4 176 442 204 208 32 24 2
4 176 443 204 208 32 24 2
4 176 444 204 208 32 24 2
4 176 445 204 208 32 24 2
4 176 446 204 208 32 24 2
4 176 447 204 208 32 24 2
4 176 448 204 208 32 24 2
4 176 449 204 208 32 24 2
4 176 450 204 208 32 24 2
4 176 451 204 208 32 24 2
4 176 452 204 208 32 24 2
4 176 453 204 208 32 24 2
4 176 454 204 208 32 24 2
4 176 455 204 208 32 24 2
4 176 456 204 208 32 24 2
4 176 457 204 208 32 24 2
4 176 458 204 208 32 24 2
4 176 459 204 208 32 24 2
4 176 460 204 208 32 24 2
4 176 461 204 208 32 24 2
4 176 462 204 208 32 24 2
4 176 463 204 208 32 24 2
4 176 464 204 208 32 24 2
4 176 465 204 208 32 24 2
4 176 466 204 208 32 24 2
4 176 467 204 208 32 24 2
4 176 468 204 208 32 24 2
4 176 469 204 208 32 24 2
4 176 470 204 208 32 24 2
4 176 471 204 208 32 24 2
4 176 472 204 208 32 24 2
4 176 473 204 208 32 24 2
4 176 474 204 208 32 24 2
4 176 475 204 208 32 24 2
4 176 476 204 208 32 24 2
4 176 477 204 208 32 24 2
4 176 478 204 208 32 24 2
4 176 479 204 208 32 24 2
4 176 480 204 208 32 24 2
4 176 481 204 208 32 24 2
4 176 482 204 208 32 24 2
4 176 483 204 208 32 24 2
4 176 484 204 208 32 24 2
4 176 485 204 208 32 24 2
4 176 486 204 208 32 24 2
4 176 487 204 208 32 24 2
4 176 488 204 208 32 24 2
4 176 489 204 208 32 24 2
4 176 490 204 208 32 24 2
4 176 491 204 208 32 24 2
4 176 492 204 208 32 24 2
4 176 493 204 208 32 24 2
4 176 494 204 208 32 24 2
4 176 495 204 208 32 24 2
4 176 496 204 208 32 24 2
4 176 497 204 208 32 24 2
4 176 498 204 208 32 24 2
4 176 499 204 208 32 24 2
4 176 500 204 208 32 24 2
4 176 501 204 208 32 24 2
4 176 502 204 208 32 24 2
4 176 503 204 208 32 24 2
4 176 504 204 208 32 24 2
4 176 505 204 208 32 24 2
4 176 506 204 208 32 24 2
4 176 507 204 208 32 24 2
4 176 508 204 208 32 24 2
4 176 509 204 208 32 24 2
4 176 510 204 208 32 24 2
4 176 511 204 208 32 24 2
4 176 512 204 208 32 24 2
4 176 513 204 208 32 24 2
4 176 514 204 208 32 24 2
4 176 515 204 208 32 24 2
4 176 516 204 208 32 24 2
4 176 517 204 208 32 24 2
4 176 518 204 208 32 24 2
4 176 519 204 208 32 24 2
4 176 520 204 208 32 24 2
4 176 521 204 208 32 24 2
4 176 522 204 208 32 24 2
4 176 523 204 208 32 24 2
4 176 524 204 208 32 24 2
4 176 525 204 208 32 24 2
4 176 526 204 208 32 24 2
4 176 527 204 208 32 24 2
4 176 528 204 208 32 24 2
4 176 529 204 208 32 24 2
4 176 530 204 208 32 24 2
4 176 531 204 208 32 24 2
4 176 532 204 208 32 24 2
4 176 533 204 208 32 24 2
4 176 534 204 208 32 24 2
4 176 535 204 208 32 24 2
4 176 536 204 208 32 24 2
4 176 537 204 208 32 24 2
4 176 538 204 208 32 24 2
4 176 539 204 208 32 24 2
4 176 540 204 208 32 24 2
4 176 541 204 208 32 24 2
4 176 542 204 208 32 24 2
4 176 543 204 208 32 24 2
4 176 544 204 208 32 24 2
4 176 545 204 208 32 24 2
4 176 546 204 208 32 24 2
4 176 547 204 208 32 24 2
4 176 548 204 208 32 24 2
4 176 549 204 208 32 24 2
4 176 550 204 208 32 24 2
4 176 551 204 208 32 24 2
4 176 552 204 208 32 24 2
4 176 553 204 208 32 24 2
4 176 554 204 208 32 24 2
4 176 555 204 208 32 24 2
4 176 556 204 208 32 24 2
4 176 557 204 208 32 24 2
4 176 558 204 208 32 24 2
4 176 559 204 208 32 24 2
5 86 474 97 204 34 28 2
5 86 475 99 204 34 28 2
5 86 476 101 204 34 28 2
5 86 477 103 204 33 28 2
5 86 478 104 204 34 28 2
5 86 479 106 204 34 28 2
5 86 480 108 204 34 28 2
5 86 481 110 204 34 28 2
5 86 482 112 204 33 28 2
5 86 483 113 204 34 28 2
5 86 484 115 204 34 28 2
5 86 485 117 204 34 28 2
5 86 486 119 204 33 28 2
5 86 487 120 204 34 28 2
5 86 488 122 204 34 28 2
5 86 489 124 204 34 28 2
5 86 490 126 204 34 28 2
5 86 491 128 204 33 28 2
5 86 492 129 204 34 28 2
5 86 493 131 204 34 28 2
5 86 494 133 204 34 28 2
5 86 495 135 204 33 28 2
5 86 496 138 204 34 28 2
5 86 497 140 204 34 28 2
5 86 498 142 204 34 28 2
5 86 499 145 204 34 28 2
5 86 500 147 204 34 28 2
5 86 501 149 204 34 28 2
5 86 502 152 204 34 28 2
5 86 503 154 204 34 28 2
5 86 504 156 204 34 28 2
5 86 505 158 204 34 28 2
5 86 506 161 204 34 28 2
5 86 507 163 204 34 28 2
5 86 508 165 204 34 28 2
5 86 509 168 204 34 28 2
5 86 510 170 204 34 28 2
5 86 511 172 204 34 28 2
5 86 512 176 204 33 28 2
5 86 513 177 204 34 28 2
5 86 514 179 204 34 28 2
5 86 515 183 204 33 28 2
5 86 516 184 204 34 28 2
5 86 517 186 204 34 28 2
5 86 518 190 204 34 28 2
5 86 519 192 204 33 28 2
5 86 520 193 204 34 28 2
5 86 521 197 204 34 28 2
5 86 522 200 204 34 28 2
5 86 523 200 204 34 28 2
5 86 524 200 204 34 28 2
5 86 525 200 204 34 28 2
5 86 526 200 204 34 28 2
5 86 527 200 204 34 28 2
5 86 528 200 204 34 28 2
5 86 529 200 204 34 28 2
5 86 530 200 204 34 28 2
5 86 531 200 204 34 28 2
5 86 532 200 204 34 28 2
5 86 533 200 204 34 28 2
5 86 534 200 204 34 28 2
5 86 535 200 204 34 28 2
5 86 536 200 204 34 28 2
5 86 537 200 204 34 28 2
5 86 538 200 204 34 28 2
5 86 539 200 204 34 28 2
5 86 540 200 204 34 28 2
5 86 541 200 204 34 28 2
5 86 542 200 204 34 28 2
5 86 543 200 204 34 28 2
5 86 544 200 204 34 28 2
5 86 545 200 204 34 28 2
5 86 546 200 204 34 28 2
5 86 547 200 204 34 28 2
5 86 548 200 204 34 28 2
5 86 549 200 204 34 28 2
5 86 550 200 204 34 28 2
5 86 551 200 204 34 28 2
5 86 552 200 204 34 28 2
5 86 553 200 204 34 28 2
5 86 554 200 204 34 28 2
5 86 555 200 204 34 28 2
5 86 556 200 204 34 28 2
5 86 557 200 204 34 28 2
5 86 558 200 204 34 28 2
5 86 559 200 204 34 28 2
