0 143 0 234 225 22 50 1
0 143 1 232 225 22 50 1
0 143 2 231 225 21 50 1
0 143 3 229 225 21 50 1
0 143 4 229 225 21 50 1
0 143 5 227 225 21 50 1
0 143 6 225 225 22 50 1
0 143 7 224 225 21 50 1
0 143 8 224 225 21 50 1
0 143 9 222 225 21 50 1
0 143 10 220 225 21 50 1
0 143 11 218 225 22 50 1
0 143 12 218 225 22 50 1
0 143 13 216 225 22 50 1
0 143 14 215 225 21 50 1
0 143 15 213 225 21 50 1
0 143 16 213 225 21 50 1
0 143 17 211 225 21 50 1
0 143 18 209 225 22 50 1
0 143 19 208 225 21 50 1
0 143 20 208 225 21 50 1
0 143 21 206 225 21 50 1
0 143 22 204 225 21 50 1
0 143 23 202 225 22 50 1
0 143 24 202 225 22 50 1
0 143 25 200 225 22 50 1
0 143 26 199 225 21 50 1
0 143 27 197 225 21 50 1
0 143 28 197 225 21 50 1
0 143 29 195 225 21 50 1
0 143 30 193 225 22 50 1
0 143 31 192 225 21 50 1
0 143 32 192 225 21 50 1
0 143 33 190 225 21 50 1
0 143 34 188 225 21 50 1
0 143 35 186 225 22 50 1
0 143 36 186 225 22 50 1
0 143 37 184 225 22 50 1
0 143 38 183 225 21 50 1
0 143 39 181 225 21 50 1
0 143 40 181 225 21 50 1
0 143 41 179 225 21 50 1
0 143 42 177 225 22 50 1
0 143 43 176 225 21 50 1
0 143 44 176 225 21 50 1
0 143 45 174 225 21 50 1
0 143 46 172 225 21 50 1
0 143 47 170 225 22 50 1
0 143 48 170 225 22 50 1
0 143 49 168 225 22 50 1
0 143 50 167 225 21 50 1
0 143 51 165 225 21 50 1
0 143 52 165 225 21 50 1
0 143 53 163 225 21 50 1
0 143 54 161 227 22 50 1
0 143 55 160 227 21 50 1
0 143 56 160 227 21 50 1
0 143 57 158 227 21 50 1
0 143 58 156 227 21 50 1
0 143 59 154 227 22 50 1
0 143 60 154 227 22 50 1
0 143 61 152 227 22 50 1
0 143 62 151 227 21 50 1
0 143 63 149 227 21 50 1
0 143 64 149 227 21 50 1
0 143 65 147 227 21 50 1
0 143 66 145 227 22 50 1
0 143 67 144 227 21 50 1
0 143 68 144 227 21 50 1
0 143 69 142 227 21 50 1
0 143 70 140 227 21 50 1
0 143 71 138 227 22 50 1
0 143 72 138 227 22 50 1
0 143 73 136 227 22 50 1
0 143 74 135 227 21 50 1
0 143 75 133 227 21 50 1
0 143 76 133 227 21 50 1
0 143 77 131 227 21 50 1
0 143 78 129 227 22 50 1
0 143 79 128 227 21 50 1
0 143 80 128 227 21 50 1
0 143 81 126 227 21 50 1
0 143 82 124 227 21 50 1
0 143 83 122 227 22 50 1
0 143 84 122 227 22 50 1
0 143 85 120 227 22 50 1
0 143 86 119 227 21 50 1
0 143 87 117 227 21 50 1
0 143 88 117 227 21 50 1
0 143 89 115 227 21 50 1
0 143 90 113 227 22 50 1
0 143 91 112 227 21 50 1
0 143 92 112 227 21 50 1
0 143 93 110 227 21 50 1
0 143 94 108 227 21 50 1
0 143 95 106 227 22 50 1
0 143 96 106 227 22 50 1
0 143 97 104 227 22 50 1
0 143 98 103 227 21 50 1
0 143 99 101 227 21 50 1
0 143 100 101 227 21 50 1
0 143 101 99 227 21 50 1
0 143 102 97 227 22 50 1
0 143 103 96 227 21 50 1
0 143 104 96 227 21 50 1
0 143 105 94 227 21 50 1
0 143 106 92 227 21 50 1
0 143 107 92 229 21 50 1
0 143 108 90 229 22 50 1
0 143 109 88 229 22 50 1
0 143 110 88 229 22 50 1
0 143 111 87 229 21 50 1
0 143 112 85 229 21 50 1
0 143 113 85 229 21 50 1
0 143 114 83 229 21 50 1
0 143 115 81 229 22 50 1
0 143 116 81 229 22 50 1
0 143 117 80 229 21 50 1
0 143 118 78 229 21 50 1
0 143 119 78 229 21 50 1
0 143 120 76 229 21 50 1
0 143 121 74 229 22 50 1
0 143 122 74 229 22 50 1
0 143 123 72 229 22 50 1
0 143 124 71 229 21 50 1
0 143 125 71 229 21 50 1
0 143 126 69 229 21 50 1
0 143 127 67 229 21 50 1
0 143 128 67 229 21 50 1
0 143 129 65 229 22 50 1
0 143 130 64 229 21 50 1
0 143 131 64 229 21 50 1
0 143 132 62 229 21 50 1
0 143 133 60 229 21 50 1
0 143 134 60 229 21 50 1
0 143 135 58 229 22 50 1
0 143 136 56 229 22 50 1
0 143 137 56 229 22 50 1
0 143 138 55 229 21 50 1
0 143 139 55 229 21 50 1
0 143 140 55 229 21 50 1
0 143 141 55 229 21 50 1
0 143 142 55 229 21 50 1
2 280 213 864 197 19 43 1
2 280 214 862 197 19 43 1
2 280 215 862 197 19 43 1
2 280 216 860 197 20 43 1
2 280 217 860 197 20 43 1
2 280 218 858 197 20 43 1
2 280 219 858 199 20 42 1
2 280 220 856 199 20 42 1
2 280 221 856 199 20 42 1
2 280 222 855 199 19 42 1
2 280 223 855 199 19 42 1
2 280 224 853 199 19 42 1
2 280 225 853 200 19 43 1
2 280 226 851 200 20 43 1
2 280 227 851 200 20 43 1
2 280 228 851 200 20 43 1
2 280 229 849 200 20 43 1
2 280 230 849 202 20 43 1
2 280 231 848 202 19 43 1
2 280 232 848 202 19 43 1
2 280 233 846 202 19 43 1
2 280 234 846 202 19 43 1
2 280 235 844 202 20 43 1
2 280 236 844 204 20 43 1
2 280 237 842 204 20 43 1
2 280 238 842 204 20 43 1
2 280 239 840 204 20 43 1
2 280 240 840 204 20 43 1
2 280 241 840 206 20 42 1
2 280 242 839 204 19 43 1
2 280 243 839 204 19 43 1
2 280 244 839 204 19 43 1
2 280 245 839 204 19 43 1
2 280 246 839 204 19 43 1
2 280 247 839 204 19 43 1
2 280 248 837 204 19 43 1
2 280 249 837 204 19 43 1
2 280 250 837 204 19 43 1
2 280 251 837 204 19 43 1
2 280 252 837 204 19 43 1
2 280 253 837 204 19 43 1
2 280 254 837 204 19 43 1
2 280 255 835 204 20 43 1
2 280 256 835 204 20 43 1
2 280 257 835 204 20 43 1
2 280 258 835 204 20 43 1
2 280 259 835 204 20 43 1
2 280 260 835 204 20 43 1
2 280 261 833 204 20 43 1
2 280 262 833 204 20 43 1
2 280 263 833 204 20 43 1
2 280 264 833 204 20 43 1
2 280 265 833 204 20 43 1
2 280 266 833 204 20 43 1
2 280 267 833 204 20 43 1
2 280 268 833 202 20 43 1
2 280 269 833 202 20 43 1
2 280 270 833 202 20 43 1
2 280 271 833 202 20 43 1
2 280 272 833 202 20 43 1
2 280 273 833 202 20 43 1
2 280 274 833 202 20 43 1
2 280 275 833 202 20 43 1
2 280 276 833 202 20 43 1
2 280 277 833 202 20 43 1
2 280 278 833 202 20 43 1
2 280 279 833 202 20 43 1
2 280 280 833 202 20 43 1
2 280 281 833 202 20 43 1
2 280 282 833 202 20 43 1
2 280 283 833 202 20 43 1
2 280 284 833 202 20 43 1
2 280 285 833 202 20 43 1
2 280 286 833 202 20 43 1
2 280 287 833 202 20 43 1
2 280 288 833 202 20 43 1
2 280 289 833 202 20 43 1
2 280 290 833 202 20 43 1
2 280 291 833 202 20 43 1
2 280 292 833 202 20 43 1
2 280 293 833 202 20 43 1
2 280 294 833 202 20 43 1
2 280 295 833 202 20 43 1
2 280 296 833 202 20 43 1
2 280 297 833 202 20 43 1
2 280 298 833 202 20 43 1
2 280 299 833 202 20 43 1
2 280 300 833 202 20 43 1
2 280 301 832 202 19 45 1
2 280 302 830 204 21 44 1
2 280 303 828 204 23 46 1
2 280 304 828 206 23 48 1
2 280 305 828 204 23 48 1
2 280 306 828 204 23 48 1
2 280 307 828 204 23 48 1
2 280 308 828 204 23 48 1
2 280 309 828 204 23 48 1
2 280 310 828 204 23 48 1
2 280 311 828 204 23 48 1
2 280 312 828 204 23 48 1
2 280 313 828 204 23 48 1
2 280 314 828 204 23 48 1
2 280 315 830 204 23 48 1
2 280 316 830 204 23 48 1
2 280 317 830 204 23 48 1
2 280 318 830 204 23 48 1
2 280 319 830 204 23 48 1
2 280 320 830 204 23 48 1
2 280 321 830 204 23 48 1
2 280 322 830 204 23 48 1
2 280 323 830 204 23 48 1
2 280 324 830 204 23 48 1
2 280 325 832 204 23 48 1
2 280 326 832 204 23 48 1
2 280 327 832 204 23 48 1
2 280 328 832 204 23 48 1
2 280 329 832 204 23 48 1
2 280 330 832 204 23 48 1
2 280 331 832 204 23 48 1
2 280 332 832 204 23 48 1
2 280 333 832 204 23 48 1
2 280 334 832 204 23 48 1
2 280 335 833 202 23 48 1
2 280 336 833 202 23 48 1
2 280 337 833 202 23 48 1
2 280 338 833 202 23 48 1
2 280 339 833 202 23 48 1
2 280 340 833 202 23 48 1
2 280 341 833 202 23 48 1
2 280 342 833 202 23 48 1
2 280 343 833 202 23 48 1
2 280 344 833 202 23 48 1
2 280 345 835 202 23 48 1
2 280 346 835 202 23 48 1
2 280 347 835 202 23 48 1
2 280 348 835 202 23 48 1
2 280 349 835 202 23 48 1
2 280 350 835 202 23 48 1
2 280 351 835 202 23 48 1
2 280 352 835 202 23 48 1
2 280 353 835 202 23 48 1
2 280 354 835 202 23 48 1
2 280 355 837 202 23 48 1
2 280 356 837 202 23 48 1
2 280 357 837 202 23 48 1
2 280 358 837 202 23 48 1
2 280 359 837 202 23 48 1
2 280 360 837 202 23 48 1
2 280 361 837 202 23 48 1
2 280 362 837 202 23 48 1
2 280 363 837 202 23 48 1
2 280 364 837 202 23 48 1
2 280 365 839 200 23 48 1
2 280 366 839 200 23 48 1
2 280 367 839 200 23 48 1
2 280 368 839 200 23 48 1
2 280 369 839 200 23 48 1
2 280 370 839 200 23 48 1
2 280 371 839 200 23 48 1
2 280 372 839 200 23 48 1
2 280 373 839 200 23 48 1
2 280 374 839 200 23 48 1
2 280 375 840 200 24 48 1
2 280 376 840 200 24 48 1
2 280 377 840 200 24 48 1
2 280 378 840 200 24 48 1
2 280 379 840 200 24 48 1
2 280 380 840 200 24 48 1
2 280 381 840 200 24 48 1
2 280 382 840 200 24 48 1
2 280 383 840 200 24 48 1
2 280 384 840 200 24 48 1
2 280 385 842 200 23 48 1
2 280 386 842 200 23 48 1
2 280 387 842 200 23 48 1
2 280 388 842 200 23 48 1
2 280 389 842 200 23 48 1
2 280 390 842 200 23 48 1
2 280 391 842 200 23 48 1
2 280 392 842 200 23 48 1
2 280 393 842 200 23 48 1
2 280 394 842 200 23 48 1
2 280 395 844 200 23 48 1
2 280 396 844 199 23 48 1
2 280 397 844 199 23 48 1
2 280 398 844 199 23 48 1
2 280 399 844 199 23 48 1
2 280 400 844 199 23 48 1
2 280 401 844 199 23 48 1
2 280 402 846 199 23 48 1
2 280 403 846 199 23 48 1
2 280 404 846 199 23 48 1
2 280 405 846 199 23 48 1
2 280 406 846 199 23 48 1
2 280 407 846 199 23 48 1
2 280 408 846 199 23 48 1
2 280 409 848 199 23 48 1
2 280 410 848 199 23 48 1
2 280 411 848 199 23 48 1
2 280 412 848 199 23 48 1
2 280 413 848 199 23 48 1
2 280 414 848 199 23 48 1
2 280 415 848 199 23 48 1
2 280 416 849 199 23 48 1
2 280 417 849 199 23 48 1
2 280 418 849 199 23 48 1
2 280 419 849 199 23 48 1
2 280 420 849 199 23 48 1
2 280 421 849 199 23 48 1
2 280 422 849 199 23 48 1
2 280 423 851 199 23 48 1
2 280 424 851 199 23 48 1
2 280 425 851 199 23 48 1
2 280 426 851 199 23 48 1
2 280 427 851 199 23 48 1
2 280 428 851 199 23 48 1
2 280 429 851 199 23 48 1
2 280 430 853 199 23 48 1
2 280 431 853 199 23 48 1
2 280 432 853 199 23 48 1
2 280 433 853 199 23 48 1
2 280 434 853 199 23 48 1
2 280 435 853 199 23 48 1
2 280 436 853 199 23 48 1
2 280 437 853 199 23 48 1
2 280 438 853 199 23 48 1
2 280 439 853 199 23 48 1
2 280 440 853 199 23 48 1
2 280 441 853 199 23 48 1
2 280 442 853 199 23 48 1
2 280 443 855 199 23 48 1
2 280 444 855 199 23 48 1
2 280 445 855 199 23 48 1
2 280 446 855 199 23 48 1
2 280 447 855 199 23 48 1
2 280 448 855 199 23 48 1
2 280 449 855 199 23 48 1
2 280 450 855 199 23 48 1
2 280 451 855 199 23 48 1
2 280 452 855 199 23 48 1
2 280 453 855 199 23 48 1
2 280 454 855 199 23 48 1
2 280 455 855 199 23 48 1
2 280 456 856 199 24 48 1
2 280 457 856 199 24 48 1
2 280 458 856 199 24 48 1
2 280 459 856 199 24 48 1
2 280 460 856 199 24 48 1
2 280 461 856 199 24 48 1
2 280 462 856 199 24 48 1
2 280 463 856 199 24 48 1
2 280 464 856 199 24 48 1
2 280 465 856 199 24 48 1
2 280 466 856 199 24 48 1
2 280 467 856 199 24 48 1
2 280 468 858 199 23 48 1
2 280 469 858 199 23 48 1
2 280 470 858 199 23 48 1
2 280 471 858 199 23 48 1
2 280 472 858 199 23 48 1
2 280 473 858 199 23 48 1
2 280 474 858 199 23 48 1
2 280 475 858 199 23 48 1
2 280 476 858 199 23 48 1
2 280 477 858 199 23 48 1
2 280 478 858 199 23 48 1
2 280 479 858 199 23 48 1
2 280 480 858 199 23 48 1
2 280 481 858 199 23 48 1
2 280 482 858 199 23 48 1
2 280 483 858 199 23 48 1
2 280 484 858 199 23 48 1
2 280 485 858 199 23 48 1
2 280 486 858 199 23 48 1
2 280 487 858 199 23 48 1
2 280 488 858 199 23 48 1
2 280 489 858 199 23 48 1
2 280 490 858 199 23 48 1
2 280 491 858 199 23 48 1
2 280 492 858 199 23 48 1
3 237 300 1219 200 23 54 1
3 237 301 1217 200 23 54 1
3 237 302 1216 200 23 54 1
3 237 303 1214 200 23 54 1
3 237 304 1212 200 23 54 1
3 237 305 1210 200 23 54 1
3 237 306 1208 200 24 54 1
3 237 307 1207 200 23 54 1
3 237 308 1207 200 23 54 1
3 237 309 1205 200 23 54 1
3 237 310 1203 200 23 54 1
3 237 311 1201 200 23 54 1
3 237 312 1200 200 23 54 1
3 237 313 1198 200 23 54 1
3 237 314 1196 200 23 54 1
3 237 315 1194 200 23 54 1
3 237 316 1194 200 23 54 1
3 237 317 1192 200 24 54 1
3 237 318 1191 200 23 54 1
3 237 319 1189 200 23 54 1
3 237 320 1187 200 23 54 1
3 237 321 1185 200 23 54 1
3 237 322 1184 200 23 54 1
3 237 323 1184 202 23 54 1
3 237 324 1182 202 23 54 1
3 237 325 1180 202 23 54 1
3 237 326 1178 202 23 54 1
3 237 327 1176 202 24 54 1
3 237 328 1175 202 23 54 1
3 237 329 1173 202 23 54 1
3 237 330 1171 202 23 54 1
3 237 331 1169 202 23 54 1
3 237 332 1168 202 23 54 1
3 237 333 1166 202 23 54 1
3 237 334 1164 202 23 54 1
3 237 335 1162 202 23 54 1
3 237 336 1160 202 24 54 1
3 237 337 1159 202 23 54 1
3 237 338 1159 202 23 54 1
3 237 339 1157 202 23 54 1
3 237 340 1155 202 23 54 1
3 237 341 1153 202 23 54 1
3 237 342 1152 202 23 54 1
3 237 343 1150 202 23 54 1
3 237 344 1148 202 23 54 1
3 237 345 1146 204 23 53 1
3 237 346 1144 204 24 53 1
3 237 347 1143 204 23 53 1
3 237 348 1141 204 23 53 1
3 237 349 1139 204 23 53 1
3 237 350 1137 204 23 53 1
3 237 351 1136 204 23 53 1
3 237 352 1136 204 23 53 1
3 237 353 1134 204 23 53 1
3 237 354 1132 204 23 53 1
3 237 355 1130 204 23 53 1
3 237 356 1128 204 24 53 1
3 237 357 1127 204 23 53 1
3 237 358 1125 204 23 53 1
3 237 359 1123 204 23 53 1
3 237 360 1121 204 23 53 1
3 237 361 1120 204 23 53 1
3 237 362 1118 204 23 53 1
3 237 363 1116 204 23 53 1
3 237 364 1114 204 23 53 1
3 237 365 1112 204 24 53 1
3 237 366 1112 206 24 53 1
3 237 367 1111 204 23 53 1
3 237 368 1109 204 23 53 1
3 237 369 1107 204 23 53 1
3 237 370 1105 204 23 53 1
3 237 371 1105 204 23 53 1
3 237 372 1104 204 23 53 1
3 237 373 1102 204 23 53 1
3 237 374 1100 204 23 53 1
3 237 375 1100 204 23 53 1
3 237 376 1098 204 23 53 1
3 237 377 1096 204 24 53 1
3 237 378 1095 204 23 53 1
3 237 379 1095 204 23 53 1
3 237 380 1093 204 23 53 1
3 237 381 1091 204 23 53 1
3 237 382 1089 204 23 53 1
3 237 383 1088 204 23 53 1
3 237 384 1088 204 23 53 1
3 237 385 1086 204 23 53 1
3 237 386 1084 204 23 53 1
3 237 387 1082 204 23 53 1
3 237 388 1082 204 23 53 1
3 237 389 1080 204 24 53 1
3 237 390 1079 204 23 53 1
3 237 391 1077 204 23 53 1
3 237 392 1077 204 23 53 1
3 237 393 1075 204 23 53 1
3 237 394 1073 204 23 53 1
3 237 395 1072 204 23 53 1
3 237 396 1070 204 23 53 1
3 237 397 1070 204 23 53 1
3 237 398 1068 204 23 53 1
3 237 399 1066 204 23 53 1
3 237 400 1064 204 24 53 1
3 237 401 1064 204 24 53 1
3 237 402 1063 204 23 53 1
3 237 403 1061 204 23 53 1
3 237 404 1059 204 23 53 1
3 237 405 1059 204 23 53 1
3 237 406 1057 204 23 53 1
3 237 407 1057 204 23 53 1
3 237 408 1056 204 23 53 1
3 237 409 1056 204 23 53 1
3 237 410 1054 204 23 53 1
3 237 411 1054 204 23 53 1
3 237 412 1052 204 23 53 1
3 237 413 1052 204 23 53 1
3 237 414 1050 204 23 53 1
3 237 415 1050 204 23 53 1
3 237 416 1048 204 24 53 1
3 237 417 1048 204 24 53 1
3 237 418 1047 204 23 53 1
3 237 419 1047 204 23 53 1
3 237 420 1045 204 23 53 1
3 237 421 1045 204 23 53 1
3 237 422 1043 204 23 53 1
3 237 423 1043 204 23 53 1
3 237 424 1041 204 23 53 1
3 237 425 1041 204 23 53 1
3 237 426 1040 204 23 53 1
3 237 427 1040 204 23 53 1
3 237 428 1038 204 23 53 1
3 237 429 1038 204 23 53 1
3 237 430 1036 204 23 53 1
3 237 431 1036 204 23 53 1
3 237 432 1034 204 23 53 1
3 237 433 1034 204 23 53 1
3 237 434 1032 204 24 53 1
3 237 435 1032 204 24 53 1
3 237 436 1031 204 23 53 1
3 237 437 1031 204 23 53 1
3 237 438 1029 204 23 53 1
3 237 439 1029 204 23 53 1
3 237 440 1027 204 23 53 1
3 237 441 1027 204 23 53 1
3 237 442 1025 204 23 53 1
3 237 443 1025 204 23 53 1
3 237 444 1024 204 23 53 1
3 237 445 1024 204 23 53 1
3 237 446 1022 204 23 53 1
3 237 447 1022 204 23 53 1
3 237 448 1020 204 23 53 1
3 237 449 1020 204 23 53 1
3 237 450 1018 204 23 53 1
3 237 451 1018 204 23 53 1
3 237 452 1016 204 24 53 1
3 237 453 1016 204 24 53 1
3 237 454 1015 204 23 53 1
3 237 455 1015 206 23 53 1
3 237 456 1015 206 23 53 1
3 237 457 1015 206 23 53 1
3 237 458 1015 206 23 53 1
3 237 459 1015 206 23 53 1
3 237 460 1015 206 23 53 1
3 237 461 1015 206 23 53 1
3 237 462 1015 206 23 53 1
3 237 463 1015 206 23 53 1
3 237 464 1015 206 23 53 1
3 237 465 1015 206 23 53 1
3 237 466 1015 206 23 53 1
3 237 467 1015 206 23 53 1
3 237 468 1015 206 23 53 1
3 237 469 1015 206 23 53 1
3 237 470 1015 206 23 53 1
3 237 471 1015 206 23 53 1
3 237 472 1015 206 23 53 1
3 237 473 1015 206 23 53 1
3 237 474 1015 206 23 53 1
3 237 475 1015 206 23 53 1
3 237 476 1015 206 23 53 1
3 237 477 1015 206 23 53 1
3 237 478 1015 206 23 53 1
3 237 479 1015 206 23 53 1
3 237 480 1015 206 23 53 1
3 237 481 1015 206 23 53 1
3 237 482 1015 206 23 53 1
3 237 483 1015 206 23 53 1
3 237 484 1015 206 23 53 1
3 237 485 1015 206 23 53 1
3 237 486 1015 206 23 53 1
3 237 487 1015 206 23 53 1
3 237 488 1015 206 23 53 1
3 237 489 1015 206 23 53 1
3 237 490 1015 206 23 53 1
3 237 491 1015 206 23 53 1
3 237 492 1015 206 23 53 1
3 237 493 1015 206 23 53 1
3 237 494 1015 206 23 53 1
3 237 495 1015 206 23 53 1
3 237 496 1015 206 23 53 1
3 237 497 1015 206 23 53 1
3 237 498 1015 206 23 53 1
3 237 499 1015 206 23 53 1
3 237 500 1015 206 23 53 1
3 237 501 1015 206 23 53 1
3 237 502 1015 206 23 53 1
3 237 503 1016 206 24 53 1
3 237 504 1016 206 24 53 1
3 237 505 1016 206 24 53 1
3 237 506 1016 206 24 53 1
3 237 507 1016 206 24 53 1
3 237 508 1016 206 24 53 1
3 237 509 1016 206 24 53 1
3 237 510 1016 206 24 53 1
3 237 511 1016 206 24 53 1
3 237 512 1016 206 24 53 1
3 237 513 1016 206 24 53 1
3 237 514 1016 206 24 53 1
3 237 515 1016 206 24 53 1
3 237 516 1016 206 24 53 1
3 237 517 1016 206 24 53 1
3 237 518 1016 206 24 53 1
3 237 519 1016 206 24 53 1
3 237 520 1016 206 24 53 1
3 237 521 1016 206 24 53 1
3 237 522 1016 206 24 53 1
3 237 523 1016 206 24 53 1
3 237 524 1016 206 24 53 1
3 237 525 1016 206 24 53 1
3 237 526 1016 206 24 53 1
3 237 527 1016 206 24 53 1
3 237 528 1016 206 24 53 1
3 237 529 1018 204 23 53 1
3 237 530 1020 202 23 54 1
3 237 531 1022 202 23 54 1
3 237 532 1024 200 23 54 1
3 237 533 1025 199 23 53 1
3 237 534 1027 199 23 53 1
3 237 535 1029 197 23 53 1
3 237 536 1031 197 23 53 1
4 748 45 648 213 16 43 1
4 748 46 647 213 17 43 1
4 748 47 647 213 17 43 1
4 748 48 647 213 17 43 1
4 748 49 647 213 17 43 1
4 748 50 647 213 17 43 1
4 748 51 647 213 17 43 1
4 748 52 647 213 17 43 1
4 748 53 645 213 19 43 1
4 748 54 645 213 19 43 1
4 748 55 645 213 19 43 1
4 748 56 645 213 19 43 1
4 748 57 645 213 19 43 1
4 748 58 645 213 19 43 1
4 748 59 645 213 19 43 1
4 748 60 645 213 19 43 1
4 748 61 643 213 21 43 1
4 748 62 643 213 21 43 1
4 748 63 643 213 21 43 1
4 748 64 643 213 21 43 1
4 748 65 643 213 21 43 1
4 748 66 643 213 21 43 1
4 748 67 643 213 21 43 1
4 748 68 641 213 23 43 1
4 748 69 641 213 23 43 1
4 748 70 641 213 23 43 1
4 748 71 641 213 23 43 1
4 748 72 641 213 23 43 1
4 748 73 641 213 23 43 1
4 748 74 641 213 23 43 1
4 748 75 641 213 23 43 1
4 748 76 640 213 23 43 1
4 748 77 640 213 23 43 1
4 748 78 640 213 23 43 1
4 748 79 640 213 23 43 1
4 748 80 640 213 23 43 1
4 748 81 640 213 23 43 1
4 748 82 640 213 23 43 1
4 748 83 640 213 23 43 1
4 748 84 640 213 23 43 1
4 748 85 640 213 23 43 1
4 748 86 640 213 23 43 1
4 748 87 640 213 23 43 1
4 748 88 640 213 23 43 1
4 748 89 640 213 23 43 1
4 748 90 640 213 23 43 1
4 748 91 640 213 23 43 1
4 748 92 640 213 23 43 1
4 748 93 640 213 23 43 1
4 748 94 640 213 23 43 1
4 748 95 640 213 23 43 1
4 748 96 640 213 23 43 1
4 748 97 640 213 23 43 1
4 748 98 640 213 23 43 1
4 748 99 640 213 23 43 1
4 748 100 640 213 23 43 1
4 748 101 640 213 23 43 1
4 748 102 640 213 23 43 1
4 748 103 640 213 23 43 1
4 748 104 640 213 23 43 1
4 748 105 640 213 23 43 1
4 748 106 640 213 23 43 1
4 748 107 640 213 23 43 1
4 748 108 640 213 23 43 1
4 748 109 640 213 23 43 1
4 748 110 640 213 23 43 1
4 748 111 640 213 23 43 1
4 748 112 640 213 23 43 1
4 748 113 640 213 23 43 1
4 748 114 640 213 23 43 1
4 748 115 640 213 23 43 1
4 748 116 640 213 23 43 1
4 748 117 640 213 23 43 1
4 748 118 640 213 23 43 1
4 748 119 640 213 23 43 1
4 748 120 640 213 23 43 1
4 748 121 638 213 23 43 1
4 748 122 638 213 23 43 1
4 748 123 638 213 23 43 1
4 748 124 638 213 23 43 1
4 748 125 638 213 23 43 1
4 748 126 638 213 23 43 1
4 748 127 638 213 23 43 1
4 748 128 638 213 23 43 1
4 748 129 638 213 23 43 1
4 748 130 638 213 23 43 1
4 748 131 638 213 23 43 1
4 748 132 638 213 23 43 1
4 748 133 638 213 23 43 1
4 748 134 638 213 23 43 1
4 748 135 638 213 23 43 1
4 748 136 638 213 23 43 1
4 748 137 638 213 23 43 1
4 748 138 638 213 23 43 1
4 748 139 638 213 23 43 1
4 748 140 638 213 23 43 1
4 748 141 638 213 23 43 1
4 748 142 638 213 23 43 1
4 748 143 638 213 23 43 1
4 748 144 638 213 23 43 1
4 748 145 638 213 23 43 1
4 748 146 638 213 23 43 1
4 748 147 638 213 23 43 1
4 748 148 638 213 23 43 1
4 748 149 638 213 23 43 1
4 748 150 638 213 23 43 1
4 748 151 638 213 23 43 1
4 748 152 638 213 23 43 1
4 748 153 638 213 23 43 1
4 748 154 638 213 23 43 1
4 748 155 638 213 23 43 1
4 748 156 638 213 23 43 1
4 748 157 638 213 23 43 1
4 748 158 638 213 23 43 1
4 748 159 638 213 23 43 1
4 748 160 638 213 23 43 1
4 748 161 638 213 23 43 1
4 748 162 638 213 23 43 1
4 748 163 638 213 23 43 1
4 748 164 638 213 23 43 1
4 748 165 638 215 23 42 1
4 748 166 636 215 23 42 1
4 748 167 636 215 23 42 1
4 748 168 636 215 23 42 1
4 748 169 636 215 23 42 1
4 748 170 636 215 23 42 1
4 748 171 634 215 23 42 1
4 748 172 634 215 23 42 1
4 748 173 634 215 23 42 1
4 748 174 634 215 23 42 1
4 748 175 634 215 23 42 1
4 748 176 632 215 24 42 1
4 748 177 632 215 24 42 1
4 748 178 632 215 24 42 1
4 748 179 632 215 24 42 1
4 748 180 632 215 24 42 1
4 748 181 631 215 23 42 1
4 748 182 631 215 23 42 1
4 748 183 631 215 23 42 1
4 748 184 631 215 23 42 1
4 748 185 631 215 23 42 1
4 748 186 629 215 23 42 1
4 748 187 629 215 23 42 1
4 748 188 629 215 23 42 1
4 748 189 629 215 23 42 1
4 748 190 629 215 23 42 1
4 748 191 627 215 23 42 1
4 748 192 627 215 23 42 1
4 748 193 627 215 23 42 1
4 748 194 627 215 23 42 1
4 748 195 627 215 23 42 1
4 748 196 625 215 23 42 1
4 748 197 625 215 23 42 1
4 748 198 625 215 23 42 1
4 748 199 625 215 23 42 1
4 748 200 625 215 23 42 1
4 748 201 624 215 23 42 1
4 748 202 624 215 23 42 1
4 748 203 624 215 23 42 1
4 748 204 624 215 23 42 1
4 748 205 624 216 23 43 1
4 748 206 622 216 23 43 1
4 748 207 622 216 23 43 1
4 748 208 620 216 23 43 1
4 748 209 620 216 23 43 1
4 748 210 618 216 23 43 1
4 748 211 618 216 23 43 1
4 748 212 616 216 24 43 1
4 748 213 616 216 24 43 1
4 748 214 615 216 23 43 1
4 748 215 615 216 23 43 1
4 748 216 613 216 23 43 1
4 748 217 613 216 23 43 1
4 748 218 611 216 23 43 1
4 748 219 611 216 23 43 1
4 748 220 609 216 23 43 1
4 748 221 609 216 23 43 1
4 748 222 608 216 23 43 1
4 748 223 608 216 23 43 1
4 748 224 606 216 23 43 1
4 748 225 606 216 23 43 1
4 748 226 604 216 23 43 1
4 748 227 604 216 23 43 1
4 748 228 602 216 23 43 1
4 748 229 602 216 23 43 1
4 748 230 600 216 24 43 1
4 748 231 600 216 24 43 1
4 748 232 599 216 23 43 1
4 748 233 599 216 23 43 1
4 748 234 597 216 23 43 1
4 748 235 597 216 23 43 1
4 748 236 595 216 23 43 1
4 748 237 595 216 23 43 1
4 748 238 595 216 23 43 1
4 748 239 593 216 23 43 1
4 748 240 593 216 23 43 1
4 748 241 592 216 23 43 1
4 748 242 592 216 23 43 1
4 748 243 590 216 23 43 1
4 748 244 590 216 23 43 1
4 748 245 588 216 23 43 1
4 748 246 588 216 23 43 1
4 748 247 586 216 23 43 1
4 748 248 586 216 23 43 1
4 748 249 584 216 24 43 1
4 748 250 584 216 24 43 1
4 748 251 583 216 23 43 1
4 748 252 583 216 23 43 1
4 748 253 581 218 23 43 1
4 748 254 581 218 23 43 1
4 748 255 579 218 23 43 1
4 748 256 579 218 23 43 1
4 748 257 577 218 23 43 1
4 748 258 577 218 23 43 1
4 748 259 576 218 23 43 1
4 748 260 576 218 23 43 1
4 748 261 574 218 23 43 1
4 748 262 574 218 23 43 1
4 748 263 572 218 23 43 1
4 748 264 572 218 23 43 1
4 748 265 570 218 23 43 1
4 748 266 570 218 23 43 1
4 748 267 568 218 24 43 1
4 748 268 568 218 24 43 1
4 748 269 568 218 24 43 1
4 748 270 567 218 23 43 1
4 748 271 567 218 23 43 1
4 748 272 565 218 23 43 1
4 748 273 565 218 23 43 1
4 748 274 563 218 23 43 1
4 748 275 563 218 23 43 1
4 748 276 561 218 23 43 1
4 748 277 561 218 23 43 1
4 748 278 560 218 23 43 1
4 748 279 560 218 23 43 1
4 748 280 558 218 23 43 1
4 748 281 558 218 23 43 1
4 748 282 556 218 23 43 1
4 748 283 556 218 23 43 1
4 748 284 554 218 23 43 1
4 748 285 554 218 23 43 1
4 748 286 552 218 24 43 1
4 748 287 552 218 24 43 1
4 748 288 551 218 23 43 1
4 748 289 551 218 23 43 1
4 748 290 549 218 23 43 1
4 748 291 549 218 23 43 1
4 748 292 547 218 23 43 1
4 748 293 547 218 23 43 1
4 748 294 545 218 23 43 1
4 748 295 545 218 23 43 1
4 748 296 544 218 23 43 1
4 748 297 544 218 23 43 1
4 748 298 542 218 23 43 1
4 748 299 542 218 23 43 1
4 748 300 542 220 23 43 1
4 748 301 540 220 23 43 1
4 748 302 538 220 23 43 1
4 748 303 538 220 23 43 1
4 748 304 536 220 24 43 1
4 748 305 536 220 24 43 1
4 748 306 535 220 23 43 1
4 748 307 533 220 23 43 1
4 748 308 533 220 23 43 1
4 748 309 531 220 23 43 1
4 748 310 531 220 23 43 1
4 748 311 529 220 23 43 1
4 748 312 529 220 23 44 1
4 748 313 528 220 23 44 1
4 748 314 526 220 23 44 1
4 748 315 526 220 23 44 1
4 748 316 524 220 23 44 1
4 748 317 524 220 23 44 1
4 748 318 522 220 23 44 1
4 748 319 522 222 23 42 1
4 748 320 520 222 24 42 1
4 748 321 519 222 23 42 1
4 748 322 519 222 23 42 1
4 748 323 517 222 23 42 1
4 748 324 517 222 23 44 1
4 748 325 515 222 23 44 1
4 748 326 513 222 23 44 1
4 748 327 513 222 23 44 1
4 748 328 512 222 23 44 1
4 748 329 512 222 23 44 1
4 748 330 510 222 23 44 1
4 748 331 510 222 23 44 1
4 748 332 508 222 23 44 1
4 748 333 506 222 23 44 1
4 748 334 506 222 23 44 1
4 748 335 504 222 24 44 1
4 748 336 504 222 24 46 1
4 748 337 503 222 23 46 1
4 748 338 503 224 23 44 1
4 748 339 501 224 23 44 1
4 748 340 499 224 23 44 1
4 748 341 499 224 23 44 1
4 748 342 497 224 23 44 1
4 748 343 497 224 23 44 1
4 748 344 496 224 23 44 1
4 748 345 494 224 23 44 1
4 748 346 494 224 23 44 1
4 748 347 492 224 23 44 1
4 748 348 492 224 23 46 1
4 748 349 490 224 23 46 1
4 748 350 490 224 23 46 1
4 748 351 488 224 24 46 1
4 748 352 487 224 23 46 1
4 748 353 487 224 23 46 1
4 748 354 485 224 23 46 1
4 748 355 485 224 23 46 1
4 748 356 483 224 23 46 1
4 748 357 483 225 23 45 1
4 748 358 481 225 23 45 1
4 748 359 480 225 23 45 1
4 748 360 480 225 23 47 1
4 748 361 478 225 23 47 1
4 748 362 478 225 23 47 1
4 748 363 476 225 23 47 1
4 748 364 474 225 23 47 1
4 748 365 474 225 23 47 1
4 748 366 472 225 24 47 1
4 748 367 472 225 24 47 1
4 748 368 471 225 23 47 1
4 748 369 471 225 23 47 1
4 748 370 469 225 23 47 1
4 748 371 467 225 23 47 1
4 748 372 467 225 23 48 1
4 748 373 465 225 23 48 1
4 748 374 465 225 23 48 1
4 748 375 464 225 23 48 1
4 748 376 464 227 23 46 1
4 748 377 462 227 23 46 1
4 748 378 460 227 23 46 1
4 748 379 460 227 23 46 1
4 748 380 458 227 23 46 1
4 748 381 458 227 23 46 1
4 748 382 456 227 24 46 1
4 748 383 455 227 23 46 1
4 748 384 455 227 23 48 1
4 748 385 453 227 23 48 1
4 748 386 453 227 23 48 1
4 748 387 451 227 23 48 1
4 748 388 451 227 23 48 1
4 748 389 449 227 23 48 1
4 748 390 448 227 23 48 1
4 748 391 448 227 23 48 1
4 748 392 446 227 23 48 1
4 748 393 446 227 23 48 1
4 748 394 444 227 23 48 1
4 748 395 444 229 23 48 1
4 748 396 442 229 23 48 1
4 748 397 442 229 23 48 1
4 748 398 440 229 24 48 1
4 748 399 440 229 24 48 1
4 748 400 439 229 23 48 1
4 748 401 439 229 23 50 1
4 748 402 437 229 23 50 1
4 748 403 437 229 23 50 1
4 748 404 435 231 23 48 1
4 748 405 435 231 23 48 1
4 748 406 435 231 23 48 1
4 748 407 433 231 23 49 1
4 748 408 433 231 23 49 1
4 748 409 432 231 23 49 1
4 748 410 432 231 23 49 1
4 748 411 430 231 23 49 1
4 748 412 430 232 23 48 1
4 748 413 428 232 23 50 1
4 748 414 428 232 23 50 1
4 748 415 426 232 23 50 1
4 748 416 426 232 23 50 1
4 748 417 426 232 23 50 1
4 748 418 424 232 24 50 1
4 748 419 424 232 24 52 1
4 748 420 423 234 23 50 1
4 748 421 423 234 23 50 1
4 748 422 421 234 23 50 1
4 748 423 421 234 23 50 1
4 748 424 419 234 23 52 1
4 748 425 419 234 23 52 1
4 748 426 419 234 23 52 1
4 748 427 417 234 23 52 1
4 748 428 417 236 23 50 1
4 748 429 416 236 23 50 1
4 748 430 416 236 23 52 1
4 748 431 414 236 23 52 1
4 748 432 414 236 23 52 1
4 748 433 412 236 23 52 1
4 748 434 412 236 23 52 1
4 748 435 410 236 23 52 1
4 748 436 410 238 23 51 1
4 748 437 410 238 23 51 1
4 748 438 408 238 24 51 1
4 748 439 408 238 24 51 1
4 748 440 407 238 23 51 1
4 748 441 407 238 23 51 1
4 748 442 405 238 23 53 1
4 748 443 405 238 23 53 1
4 748 444 403 240 23 51 1
4 748 445 403 240 23 51 1
4 748 446 403 240 23 51 1
4 748 447 401 240 23 51 1
4 748 448 401 240 23 53 1
4 748 449 400 240 23 53 1
4 748 450 400 240 23 53 1
4 748 451 398 240 23 53 1
4 748 452 398 241 23 52 1
4 748 453 396 241 23 54 1
4 748 454 396 241 23 54 1
4 748 455 394 241 23 54 1
4 748 456 394 241 23 54 1
4 748 457 394 241 23 54 1
4 748 458 392 241 24 54 1
4 748 459 392 241 24 55 1
4 748 460 391 243 23 53 1
4 748 461 391 243 23 53 1
4 748 462 389 243 23 53 1
4 748 463 389 243 23 53 1
4 748 464 387 243 23 53 1
4 748 465 387 243 23 55 1
4 748 466 387 243 23 55 1
4 748 467 385 243 23 55 1
4 748 468 385 245 23 53 1
4 748 469 384 245 23 53 1
4 748 470 384 245 23 53 1
4 748 471 382 245 23 55 1
4 748 472 382 245 23 55 1
4 748 473 380 245 23 55 1
4 748 474 380 245 23 55 1
4 748 475 378 245 23 55 1
4 748 476 378 247 23 55 1
4 748 477 378 247 23 55 1
4 748 478 376 247 24 55 1
4 748 479 376 247 24 55 1
4 748 480 375 247 23 55 1
4 748 481 375 247 23 55 1
4 748 482 373 247 23 57 1
4 748 483 373 247 23 57 1
4 748 484 371 247 23 57 1
4 748 485 371 248 23 56 1
4 748 486 369 248 23 56 1
4 748 487 369 248 23 56 1
4 748 488 369 248 23 57 1
4 748 489 368 248 23 57 1
4 748 490 368 248 23 57 1
4 748 491 366 248 23 57 1
4 748 492 366 248 23 57 1
4 748 493 364 250 23 55 1
4 748 494 364 250 23 57 1
4 748 495 362 250 23 57 1
4 748 496 362 250 23 57 1
4 748 497 362 250 23 57 1
4 748 498 360 250 24 57 1
4 748 499 360 250 24 57 1
4 748 500 359 250 23 59 1
4 748 501 359 252 23 57 1
4 748 502 357 252 23 57 1
4 748 503 357 252 23 57 1
4 748 504 355 252 23 57 1
4 748 505 355 252 23 59 1
4 748 506 353 252 23 59 1
4 748 507 353 252 23 59 1
4 748 508 353 252 23 59 1
4 748 509 352 254 23 57 1
4 748 510 352 254 23 57 1
4 748 511 350 254 23 58 1
4 748 512 350 254 23 58 1
4 748 513 348 254 23 58 1
4 748 514 348 254 23 58 1
4 748 515 346 254 23 58 1
4 748 516 346 254 23 58 1
4 748 517 346 256 23 58 1
4 748 518 344 256 24 58 1
4 748 519 344 256 24 58 1
4 748 520 343 256 23 58 1
4 748 521 343 256 23 58 1
4 748 522 341 256 23 58 1
4 748 523 341 256 23 60 1
4 748 524 339 256 23 60 1
4 748 525 339 257 23 59 1
4 748 526 337 257 23 59 1
4 748 527 337 257 23 59 1
4 748 528 337 257 23 59 1
4 748 529 336 257 23 61 1
4 748 530 336 257 23 61 1
4 748 531 334 257 23 61 1
4 748 532 334 257 23 61 1
4 748 533 332 259 23 59 1
4 748 534 332 259 23 61 1
4 748 535 330 259 23 61 1
4 748 536 330 259 23 61 1
4 748 537 330 259 23 61 1
4 748 538 328 259 24 61 1
4 748 539 328 259 24 61 1
4 748 540 327 259 23 62 1
4 748 541 327 261 23 60 1
4 748 542 325 261 23 60 1
4 748 543 325 261 23 60 1
4 748 544 323 261 23 60 1
4 748 545 323 261 23 60 1
4 748 546 321 261 23 62 1
4 748 547 321 261 23 62 1
4 748 548 321 261 23 62 1
4 748 549 320 263 23 60 1
4 748 550 320 263 23 60 1
4 748 551 318 263 23 60 1
4 748 552 318 263 23 62 1
4 748 553 316 263 23 62 1
4 748 554 316 263 23 62 1
4 748 555 314 263 23 62 1
4 748 556 314 263 23 62 1
4 748 557 314 264 23 63 1
4 748 558 312 264 24 63 1
4 748 559 311 264 23 63 1
4 748 560 311 264 23 64 1
4 748 561 309 266 23 62 1
4 748 562 307 266 23 62 1
4 748 563 307 266 23 64 1
4 748 564 305 268 23 62 1
4 748 565 304 268 23 62 1
4 748 566 304 268 23 64 1
4 748 567 302 270 23 62 1
4 748 568 300 270 23 64 1
4 748 569 300 270 23 64 1
4 748 570 298 270 23 64 1
4 748 571 296 272 24 64 1
4 748 572 296 272 24 64 1
4 748 573 295 272 23 64 1
4 748 574 293 273 23 64 1
4 748 575 293 273 23 64 1
4 748 576 291 273 23 64 1
4 748 577 289 275 23 64 1
4 748 578 289 275 23 64 1
4 748 579 288 275 23 66 1
4 748 580 286 275 23 66 1
4 748 581 286 277 23 64 1
4 748 582 284 277 23 66 1
4 748 583 282 277 23 66 1
4 748 584 282 279 23 64 1
4 748 585 280 279 24 65 1
4 748 586 279 279 23 65 1
4 748 587 279 280 23 66 1
4 748 588 277 280 23 66 1
4 748 589 275 280 23 66 1
4 748 590 273 280 23 66 1
4 748 591 272 280 23 66 1
4 748 592 272 280 23 68 1
4 748 593 270 280 23 68 1
4 748 594 268 282 23 66 1
4 748 595 266 282 23 66 1
4 748 596 266 282 23 68 1
4 748 597 264 282 24 68 1
4 748 598 263 282 23 68 1
4 748 599 261 282 23 68 1
4 748 600 261 284 23 68 1
4 748 601 259 284 23 68 1
4 748 602 259 284 23 68 1
4 748 603 257 284 23 68 1
4 748 604 257 284 23 69 1
4 748 605 256 284 23 69 1
4 748 606 256 286 23 67 1
4 748 607 254 286 23 69 1
4 748 608 254 286 23 69 1
4 748 609 252 286 23 69 1
4 748 610 252 286 23 71 1
4 748 611 250 286 23 71 1
4 748 612 250 288 23 69 1
4 748 613 248 288 24 69 1
4 748 614 248 288 24 71 1
4 748 615 247 288 23 71 1
4 748 616 247 288 23 71 1
4 748 617 245 288 23 72 1
4 748 618 245 289 23 71 1
4 748 619 243 289 23 71 1
4 748 620 243 289 23 73 1
4 748 621 241 289 23 73 1
4 748 622 241 289 23 73 1
4 748 623 241 291 23 73 1
4 748 624 240 291 23 73 1
4 748 625 238 291 23 73 1
4 748 626 238 293 23 73 1
4 748 627 236 293 23 73 1
4 748 628 236 295 23 73 1
4 748 629 234 295 23 73 1
4 748 630 234 296 23 73 1
4 748 631 232 296 24 73 1
4 748 632 232 298 24 73 1
4 748 633 231 298 23 73 1
4 748 634 231 300 23 71 1
4 748 635 229 300 23 73 1
4 748 636 229 302 23 71 1
4 748 637 227 302 23 73 1
4 748 638 227 304 23 71 1
4 748 639 225 304 23 72 1
4 748 640 225 305 23 71 1
4 748 641 224 305 23 73 1
4 748 642 224 307 23 71 1
4 748 643 222 307 23 73 1
4 748 644 220 307 23 73 1
4 748 645 220 309 23 71 1
4 748 646 218 309 23 73 1
4 748 647 218 311 23 71 1
4 748 648 216 311 24 73 1
4 748 649 216 312 24 72 1
4 748 650 215 312 23 73 1
4 748 651 215 314 23 71 1
4 748 652 213 314 23 73 1
4 748 653 213 316 23 71 1
4 748 654 211 316 23 71 1
4 748 655 211 318 23 71 1
4 748 656 209 318 23 71 1
4 748 657 209 320 23 71 1
4 748 658 208 320 23 71 1
4 748 659 208 321 23 71 1
4 748 660 206 321 23 71 1
4 748 661 206 323 23 71 1
4 748 662 204 323 23 71 1
4 748 663 204 325 23 71 1
4 748 664 202 325 23 71 1
4 748 665 200 325 24 71 1
4 748 666 199 325 23 71 1
4 748 667 199 325 23 71 1
4 748 668 197 327 23 71 1
4 748 669 195 327 23 71 1
4 748 670 193 327 23 71 1
4 748 671 193 327 23 71 1
4 748 672 192 328 23 72 1
4 748 673 190 328 23 72 1
4 748 674 188 328 23 72 1
4 748 675 188 328 23 72 1
4 748 676 186 328 23 72 1
4 748 677 184 330 24 71 1
4 748 678 184 330 24 71 1
4 748 679 183 330 23 71 1
4 748 680 181 330 23 71 1
4 748 681 179 332 23 71 1
4 748 682 179 332 23 71 1
4 748 683 177 332 23 71 1
4 748 684 176 332 23 71 1
4 748 685 174 334 23 71 1
4 748 686 174 334 23 71 1
4 748 687 172 334 23 71 1
4 748 688 170 334 23 71 1
4 748 689 170 334 23 71 1
4 748 690 168 336 24 71 1
4 748 691 167 336 23 71 1
4 748 692 165 336 23 71 1
4 748 693 165 336 23 71 1
4 748 694 163 337 23 71 1
4 748 695 161 337 23 71 1
4 748 696 160 337 23 71 1
4 748 697 160 337 23 71 1
4 748 698 158 339 23 71 1
4 748 699 156 339 23 71 1
4 748 700 156 339 23 71 1
4 748 701 154 339 23 71 1
4 748 702 152 339 24 71 1
4 748 703 151 341 23 71 1
4 748 704 151 341 23 71 1
4 748 705 149 341 23 71 1
4 748 706 147 341 23 71 1
4 748 707 145 343 23 71 1
4 748 708 145 343 23 71 1
4 748 709 144 343 23 71 1
4 748 710 142 343 23 71 1
4 748 711 142 344 23 72 1
4 748 712 140 344 23 72 1
4 748 713 138 346 23 71 1
4 748 714 136 346 24 71 1
4 748 715 135 348 23 71 1
4 748 716 135 348 23 71 1
4 748 717 133 350 23 71 1
4 748 718 131 352 23 71 1
4 748 719 129 352 23 71 1
4 748 720 128 353 23 71 1
4 748 721 128 353 23 71 1
4 748 722 126 355 23 71 1
4 748 723 124 355 23 71 1
4 748 724 122 357 23 71 1
4 748 725 122 359 23 71 1
4 748 726 120 359 24 71 1
4 748 727 119 360 23 72 1
4 748 728 117 360 23 72 1
4 748 729 115 362 23 71 1
4 748 730 115 362 23 71 1
4 748 731 113 364 23 71 1
4 748 732 112 366 23 71 1
4 748 733 110 366 23 71 1
4 748 734 108 368 23 71 1
4 748 735 108 368 23 71 1
4 748 736 106 369 23 71 1
4 748 737 104 369 24 71 1
4 748 738 103 371 23 71 1
4 748 739 103 373 23 71 1
4 748 740 101 373 23 71 1
4 748 741 99 375 23 71 1
4 748 742 97 375 23 71 1
4 748 743 96 376 23 72 1
4 748 744 96 376 23 72 1
4 748 745 94 378 23 71 1
4 748 746 92 380 23 71 1
4 748 747 90 380 23 71 1
4 748 748 88 382 24 71 1
4 748 749 88 382 24 71 1
4 748 750 87 384 23 71 1
4 748 751 85 384 23 71 1
4 748 752 83 385 23 71 1
4 748 753 83 387 23 71 1
4 748 754 80 387 23 71 1
4 748 755 78 387 23 71 1
4 748 756 74 389 23 71 1
4 748 757 72 389 24 71 1
4 748 758 71 389 23 71 1
4 748 759 67 391 23 71 1
4 748 760 65 391 23 71 1
4 748 761 62 391 23 71 1
4 748 762 60 392 23 72 1
4 748 763 58 392 23 72 1
4 748 764 55 392 23 72 1
4 748 765 53 394 23 71 1
4 748 766 51 394 23 71 1
4 748 767 48 394 23 71 1
4 748 768 46 396 23 71 1
4 748 769 42 396 23 71 1
4 748 770 40 396 24 71 1
4 748 771 39 398 23 71 1
4 748 772 35 398 23 71 1
4 748 773 33 398 23 71 1
4 748 774 32 400 23 71 1
4 748 775 28 400 23 71 1
4 748 776 26 400 23 71 1
4 748 777 24 401 22 71 1
4 748 778 23 401 21 71 1
4 748 779 21 403 19 71 1
4 748 780 17 403 22 71 1
4 748 781 16 403 19 71 1
4 748 782 14 405 19 71 1
4 748 783 12 405 18 71 1
4 748 784 10 407 18 71 1
4 748 785 7 407 17 71 1
4 748 786 5 407 18 71 1
4 748 787 3 408 16 72 1
4 748 788 1 408 16 72 1
4 748 789 0 410 16 71 1
4 748 790 0 410 16 71 1
4 748 791 0 410 16 71 1
4 748 792 0 410 16 71 1
