0 235 357 12 330 14 32 1
0 235 358 17 328 13 31 1
0 235 359 23 328 12 29 1
0 235 360 21 327 14 30 1
0 235 361 21 327 14 32 1
0 235 362 21 325 14 32 1
0 235 363 23 325 14 32 1
0 235 364 24 325 15 32 1
0 235 365 26 325 14 32 1
0 235 366 28 325 14 32 1
0 235 367 30 325 14 32 1
0 235 368 30 325 14 32 1
0 235 369 32 325 14 32 1
0 235 370 32 325 14 32 1
0 235 371 33 325 15 32 1
0 235 372 33 325 15 32 1
0 235 394 62 321 16 32 1
0 235 395 62 320 18 33 1
0 235 396 64 318 17 37 1
0 235 397 65 318 20 37 1
0 235 398 65 316 22 41 1
0 235 399 67 314 21 43 1
0 235 400 69 314 23 45 1
0 235 401 69 312 23 45 1
0 235 402 69 312 23 45 1
0 235 403 69 312 23 45 1
0 235 404 69 312 23 45 1
0 235 405 69 312 23 45 1
0 235 406 69 312 23 45 1
0 235 407 69 312 23 45 1
0 235 408 71 312 23 45 1
0 235 409 71 312 23 45 1
0 235 410 71 312 23 45 1
0 235 411 71 312 23 45 1
0 235 412 71 312 23 45 1
0 235 413 71 312 23 45 1
0 235 414 71 312 23 45 1
0 235 415 71 312 23 45 1
0 235 416 72 311 24 44 1
0 235 417 72 311 24 44 1
0 235 418 72 311 24 44 1
0 235 419 72 311 24 44 1
0 235 420 72 311 24 44 1
0 235 421 72 311 24 44 1
0 235 422 72 311 24 44 1
0 235 423 72 311 24 44 1
0 235 424 74 311 23 44 1
0 235 425 74 311 23 44 1
0 235 426 74 311 23 44 1
0 235 427 74 311 23 44 1
0 235 428 74 311 23 44 1
0 235 429 74 311 23 44 1
0 235 430 74 311 23 44 1
0 235 431 76 311 23 44 1
0 235 432 76 311 23 44 1
0 235 433 76 311 23 44 1
0 235 434 76 311 23 44 1
0 235 435 76 311 23 44 1
0 235 436 76 311 23 44 1
0 235 437 76 311 23 44 1
0 235 438 76 311 23 44 1
0 235 439 76 311 23 44 1
0 235 440 76 311 23 44 1
0 235 441 76 311 23 44 1
0 235 442 76 311 23 44 1
0 235 443 76 311 23 44 1
0 235 444 76 311 23 44 1
0 235 445 76 311 23 44 1
0 235 446 76 311 23 44 1
0 235 447 76 311 23 44 1
0 235 448 76 311 23 44 1
0 235 449 76 311 23 44 1
0 235 450 76 311 23 44 1
0 235 451 76 311 23 44 1
0 235 452 76 311 23 44 1
0 235 453 76 311 23 44 1
0 235 454 76 311 23 44 1
0 235 455 76 311 23 44 1
0 235 456 76 311 23 44 1
0 235 457 76 311 23 44 1
0 235 458 76 311 23 44 1
0 235 459 76 311 23 44 1
0 235 460 76 311 23 44 1
0 235 461 76 311 23 44 1
0 235 462 76 311 23 44 1
0 235 463 76 311 23 44 1
0 235 464 76 311 23 44 1
0 235 465 76 311 23 44 1
0 235 466 76 311 23 44 1
0 235 467 76 311 23 44 1
0 235 468 76 311 23 44 1
0 235 469 76 311 23 44 1
0 235 470 76 311 23 44 1
0 235 471 76 311 23 44 1
0 235 472 76 311 23 44 1
0 235 473 76 311 23 44 1
0 235 474 76 311 23 44 1
0 235 475 76 311 23 44 1
0 235 476 76 311 23 44 1
0 235 477 76 311 23 44 1
0 235 478 76 311 23 44 1
0 235 479 76 311 23 44 1
0 235 480 76 311 23 44 1
0 235 481 76 311 23 44 1
0 235 482 76 311 23 44 1
0 235 483 76 311 23 44 1
0 235 484 76 311 23 44 1
0 235 485 76 311 23 44 1
0 235 486 76 311 23 44 1
0 235 487 76 311 23 44 1
0 235 488 76 311 23 44 1
0 235 489 76 311 23 44 1
0 235 490 76 311 23 44 1
0 235 491 76 311 23 44 1
0 235 492 76 311 23 44 1
0 235 493 76 311 23 44 1
0 235 494 76 311 23 44 1
0 235 495 76 311 23 44 1
0 235 496 76 311 23 44 1
0 235 497 76 311 23 44 1
0 235 498 76 311 23 44 1
0 235 499 76 311 23 44 1
0 235 500 76 311 23 44 1
0 235 501 76 311 23 44 1
0 235 502 76 311 23 44 1
0 235 503 76 311 23 44 1
0 235 504 76 311 23 44 1
0 235 505 76 311 23 44 1
0 235 506 76 311 23 44 1
0 235 507 76 311 23 44 1
0 235 508 76 311 23 44 1
0 235 509 76 311 23 44 1
0 235 510 76 311 23 44 1
0 235 511 76 311 23 44 1
0 235 512 76 311 23 44 1
0 235 513 76 311 23 44 1
0 235 514 76 311 23 44 1
0 235 515 76 311 23 44 1
0 235 516 76 311 23 44 1
0 235 517 76 311 23 44 1
0 235 518 76 311 23 44 1
0 235 519 76 311 23 44 1
0 235 520 76 311 23 44 1
0 235 521 76 311 23 44 1
0 235 522 76 311 23 44 1
0 235 523 76 311 23 44 1
0 235 524 76 311 23 44 1
0 235 525 76 311 23 44 1
0 235 526 76 311 23 44 1
0 235 527 76 311 23 44 1
0 235 528 76 311 23 44 1
0 235 529 76 311 23 44 1
0 235 530 76 311 23 44 1
0 235 531 76 311 23 44 1
0 235 532 76 311 23 44 1
0 235 533 76 311 23 44 1
0 235 534 76 311 23 44 1
0 235 535 76 311 23 44 1
0 235 536 76 311 23 44 1
0 235 537 76 311 23 44 1
0 235 538 76 311 23 44 1
0 235 539 76 311 23 44 1
0 235 540 76 311 23 44 1
0 235 541 76 311 23 44 1
0 235 542 76 311 23 44 1
0 235 543 76 311 23 44 1
0 235 544 76 311 23 44 1
0 235 545 76 311 23 44 1
0 235 546 76 311 23 44 1
0 235 547 76 311 23 44 1
0 235 548 76 311 23 44 1
0 235 549 76 311 23 44 1
0 235 550 76 311 23 44 1
0 235 551 76 311 23 44 1
0 235 552 76 311 23 44 1
0 235 553 76 311 23 44 1
0 235 554 76 311 23 44 1
0 235 555 76 311 23 44 1
0 235 556 76 311 23 44 1
0 235 557 76 311 23 44 1
0 235 558 76 311 23 44 1
0 235 559 76 311 23 44 1
0 235 560 76 311 23 44 1
0 235 561 76 311 23 44 1
0 235 562 76 311 23 44 1
0 235 563 76 311 23 44 1
0 235 564 76 311 23 44 1
0 235 565 76 311 23 44 1
0 235 566 76 311 23 44 1
0 235 567 76 311 23 44 1
0 235 568 76 311 23 44 1
0 235 569 76 311 23 44 1
0 235 570 76 311 23 44 1
0 235 571 76 311 23 44 1
0 235 572 76 311 23 44 1
0 235 573 76 311 23 44 1
0 235 574 76 311 23 44 1
0 235 575 76 311 23 44 1
0 235 576 76 311 23 44 1
0 235 577 76 311 23 44 1
0 235 578 76 311 23 44 1
0 235 579 76 311 23 44 1
0 235 580 76 311 23 44 1
0 235 581 76 311 23 44 1
0 235 582 76 311 23 44 1
0 235 583 76 311 23 44 1
0 235 584 76 311 23 44 1
0 235 585 76 311 23 44 1
0 235 586 76 311 23 44 1
0 235 587 76 311 23 44 1
0 235 588 76 311 23 44 1
0 235 589 76 311 23 44 1
0 235 590 76 311 23 44 1
0 235 591 76 311 23 44 1
1 15 524 856 199 15 28 1
1 15 525 856 199 15 28 1
1 15 526 856 199 15 28 1
1 15 527 856 199 15 28 1
1 15 528 856 199 15 28 1
1 15 529 856 199 15 28 1
1 15 534 856 199 15 28 1
1 15 535 856 199 15 28 1
1 15 536 856 199 15 28 1
1 15 537 856 199 15 28 1
1 15 538 856 199 15 28 1
2 592 0 174 332 21 71 1
2 592 1 174 330 21 71 1
2 592 2 174 330 21 71 1
2 592 3 176 330 21 71 1
2 592 4 176 330 21 71 1
2 592 5 177 330 22 71 1
2 592 6 177 330 22 71 1
2 592 7 179 328 21 72 1
2 592 8 179 328 21 72 1
2 592 9 181 328 19 72 1
2 592 10 181 328 21 72 1
2 592 11 183 328 19 72 1
2 592 12 183 328 21 72 1
2 592 13 183 327 21 71 1
2 592 14 184 327 22 71 1
2 592 15 184 327 22 71 1
2 592 16 186 327 22 71 1
2 592 17 186 327 22 71 1
2 592 18 188 327 20 71 1
2 592 19 188 325 21 71 1
2 592 20 190 325 19 71 1
2 592 21 190 325 21 71 1
2 592 22 192 325 19 71 1
2 592 23 192 325 21 71 1
2 592 24 193 325 20 71 1
2 592 25 193 323 20 71 1
2 592 26 193 323 22 71 1
2 592 27 195 323 20 71 1
2 592 28 195 323 21 71 1
2 592 29 197 323 19 71 1
2 592 30 197 323 21 71 1
2 592 31 199 321 19 71 1
2 592 32 199 321 21 71 1
2 592 33 200 321 20 71 1
2 592 34 200 321 20 71 1
2 592 35 202 321 20 71 1
2 592 36 202 321 20 71 1
2 592 37 202 320 22 71 1
2 592 38 204 320 20 71 1
2 592 39 204 320 21 71 1
2 592 40 206 320 19 71 1
2 592 41 206 320 19 71 1
2 592 42 208 320 19 71 1
2 592 43 208 318 19 71 1
2 592 44 209 318 20 71 1
2 592 45 209 318 20 71 1
2 592 46 211 318 20 71 1
2 592 47 211 318 20 71 1
2 592 48 213 318 19 71 1
2 592 49 213 316 19 71 1
2 592 50 213 316 19 71 1
2 592 51 215 316 19 71 1
2 592 52 215 316 19 71 1
2 592 53 215 316 19 71 1
2 592 54 216 314 20 71 1
2 592 55 216 314 20 71 1
2 592 56 216 314 20 71 1
2 592 57 218 314 20 71 1
2 592 58 218 314 20 71 1
2 592 59 218 312 20 72 1
2 592 60 220 312 20 72 1
2 592 61 220 312 20 72 1
2 592 62 220 312 20 72 1
2 592 63 222 312 19 72 1
2 592 64 222 311 19 71 1
2 592 65 222 311 19 71 1
2 592 66 224 311 19 71 1
2 592 67 224 311 19 71 1
2 592 68 224 311 19 71 1
2 592 69 225 309 20 71 1
2 592 70 225 309 20 71 1
2 592 71 225 309 20 71 1
2 592 72 227 309 20 71 1
2 592 73 227 309 20 71 1
2 592 74 227 307 20 71 1
2 592 75 229 307 19 71 1
2 592 76 229 307 19 71 1
2 592 77 229 307 19 71 1
2 592 78 231 307 19 71 1
2 592 79 231 305 19 71 1
2 592 80 231 305 19 71 1
2 592 81 232 305 20 71 1
2 592 82 232 305 20 71 1
2 592 83 232 305 20 71 1
2 592 84 234 304 20 71 1
2 592 85 234 304 20 71 1
2 592 86 234 304 20 71 1
2 592 87 236 304 20 71 1
2 592 88 236 304 20 71 1
2 592 89 236 302 20 71 1
2 592 90 238 302 19 71 1
2 592 91 238 302 19 71 1
2 592 92 238 302 19 71 1
2 592 93 240 302 19 71 1
2 592 94 240 300 19 71 1
2 592 95 240 300 19 71 1
2 592 96 241 300 20 71 1
2 592 97 241 300 20 71 1
2 592 98 241 300 20 71 1
2 592 99 243 298 20 71 1
2 592 100 243 298 20 71 1
2 592 101 243 298 20 71 1
2 592 102 245 298 19 71 1
2 592 103 245 298 19 71 1
2 592 104 245 296 19 72 1
2 592 105 247 296 19 72 1
2 592 106 247 296 19 72 1
2 592 107 247 296 19 72 1
2 592 108 248 296 20 72 1
2 592 109 248 295 20 71 1
2 592 110 248 295 20 71 1
2 592 111 250 295 20 71 1
2 592 112 250 295 20 71 1
2 592 113 250 295 20 71 1
2 592 114 252 293 20 71 1
2 592 115 252 293 20 71 1
2 592 116 252 293 20 71 1
2 592 117 254 293 19 71 1
2 592 118 254 293 19 71 1
2 592 119 254 291 19 71 1
2 592 120 256 291 19 71 1
2 592 121 256 291 19 71 1
2 592 122 256 291 19 71 1
2 592 123 257 291 20 71 1
2 592 124 257 289 20 71 1
2 592 125 257 289 20 71 1
2 592 126 259 289 20 71 1
2 592 127 259 289 20 71 1
2 592 128 259 289 20 71 1
2 592 129 261 288 19 71 1
2 592 130 261 288 19 71 1
2 592 131 261 288 19 71 1
2 592 132 263 288 19 71 1
2 592 133 263 288 19 71 1
2 592 134 263 286 19 71 1
2 592 135 264 286 20 71 1
2 592 136 264 286 20 71 1
2 592 137 264 286 20 71 1
2 592 138 266 286 20 71 1
2 592 139 266 284 20 71 1
2 592 140 268 284 20 71 1
2 592 141 268 284 20 71 1
2 592 142 270 284 19 69 1
2 592 143 272 284 19 69 1
2 592 144 272 284 19 69 1
2 592 145 273 284 20 69 1
2 592 146 275 282 20 70 1
2 592 147 275 282 20 70 1
2 592 148 277 282 19 70 1
2 592 149 279 282 19 70 1
2 592 150 279 282 19 68 1
2 592 151 280 282 20 68 1
2 592 152 282 282 20 68 1
2 592 153 282 282 20 68 1
2 592 154 284 280 20 68 1
2 592 155 284 280 20 68 1
2 592 156 286 280 19 68 1
2 592 157 288 280 19 68 1
2 592 158 288 280 19 66 1
2 592 159 289 280 20 66 1
2 592 160 291 280 20 66 1
2 592 161 291 280 20 66 1
2 592 162 293 279 19 65 1
2 592 163 295 279 19 65 1
2 592 164 295 279 19 65 1
2 592 165 296 279 20 65 1
2 592 166 298 279 20 64 1
2 592 167 298 279 20 64 1
2 592 168 300 279 20 64 1
2 592 169 302 279 19 64 1
2 592 170 302 277 19 64 1
2 592 171 302 277 19 64 1
2 592 172 302 277 19 64 1
2 592 173 304 277 19 64 1
2 592 174 304 277 19 64 1
2 592 175 304 275 19 64 1
2 592 176 304 275 19 64 1
2 592 177 305 275 20 64 1
2 592 178 305 275 20 64 1
2 592 179 305 275 20 64 1
2 592 180 305 275 22 64 1
2 592 181 307 273 20 64 1
2 592 182 307 273 20 64 1
2 592 183 307 273 20 64 1
2 592 184 307 273 21 64 1
2 592 185 309 273 19 64 1
2 592 186 309 273 19 64 1
2 592 187 309 272 19 64 1
2 592 188 309 272 21 64 1
2 592 189 311 272 19 64 1
2 592 190 311 272 19 64 1
2 592 191 311 272 21 64 1
2 592 192 311 272 21 64 1
2 592 193 312 270 20 64 1
2 592 194 312 270 20 64 1
2 592 195 312 270 22 64 1
2 592 196 314 270 20 64 1
2 592 197 314 270 20 64 1
2 592 198 314 270 20 64 1
2 592 199 314 268 22 64 1
2 592 200 316 268 20 64 1
2 592 201 316 268 20 64 1
2 592 202 316 268 21 64 1
2 592 203 316 268 21 64 1
2 592 204 318 268 19 64 1
2 592 205 318 266 19 64 1
2 592 206 318 266 21 64 1
2 592 207 318 266 21 64 1
2 592 208 320 266 19 64 1
2 592 209 320 266 19 64 1
2 592 210 320 266 21 64 1
2 592 211 320 264 21 64 1
2 592 212 321 264 20 64 1
2 592 213 321 264 22 64 1
2 592 214 321 264 22 64 1
2 592 215 321 264 22 64 1
2 592 216 323 264 20 64 1
2 592 217 323 263 21 64 1
2 592 218 323 263 21 64 1
2 592 219 323 263 21 64 1
2 592 220 325 263 19 64 1
2 592 221 325 263 21 64 1
2 592 222 325 263 21 64 1
2 592 223 327 261 19 64 1
2 592 224 327 261 21 64 1
2 592 225 327 261 21 64 1
2 592 226 327 261 21 64 1
2 592 227 328 261 20 64 1
2 592 228 328 261 22 64 1
2 592 229 328 259 22 64 1
2 592 230 328 259 22 64 1
2 592 231 330 259 20 64 1
2 592 232 330 259 22 64 1
2 592 233 330 259 22 64 1
2 592 234 330 259 22 64 1
2 592 235 332 257 21 64 1
2 592 236 332 257 21 64 1
2 592 237 332 257 21 64 1
2 592 238 332 257 21 64 1
2 592 239 334 257 21 64 1
2 592 240 334 257 21 64 1
2 592 241 334 256 21 64 1
2 592 242 334 256 21 64 1
2 592 243 336 256 21 64 1
2 592 244 336 256 21 64 1
2 592 245 336 256 21 64 1
2 592 246 337 256 22 64 1
2 592 247 337 254 22 64 1
2 592 248 339 254 21 64 1
2 592 249 339 254 21 64 1
2 592 250 341 254 21 64 1
2 592 251 341 254 21 64 1
2 592 252 343 254 21 64 1
2 592 253 343 254 21 64 1
2 592 254 344 254 22 64 1
2 592 255 344 254 22 64 1
2 592 256 346 254 22 64 1
2 592 257 346 254 22 64 1
2 592 258 348 254 21 64 1
2 592 259 348 254 21 64 1
2 592 260 350 254 21 64 1
2 592 261 352 252 19 64 1
2 592 262 352 252 21 64 1
2 592 263 353 252 20 64 1
2 592 264 353 252 22 64 1
2 592 265 355 252 20 64 1
2 592 266 355 252 21 64 1
2 592 267 357 252 19 64 1
2 592 268 357 252 21 64 1
2 592 269 359 252 19 64 1
2 592 270 359 252 21 64 1
2 592 271 360 252 20 64 1
2 592 272 360 252 22 64 1
2 592 273 362 252 20 64 1
2 592 274 364 252 20 64 1
2 592 275 364 250 20 64 1
2 592 276 364 250 20 64 1
2 592 277 366 250 19 64 1
2 592 278 366 250 19 64 1
2 592 279 368 250 19 64 1
2 592 280 368 248 19 64 1
2 592 281 368 248 19 64 1
2 592 282 369 248 20 64 1
2 592 283 369 248 20 64 1
2 592 284 371 248 20 64 1
2 592 285 371 247 20 64 1
2 592 286 373 247 19 64 1
2 592 287 373 247 19 64 1
2 592 288 373 247 19 64 1
2 592 289 375 247 19 64 1
2 592 290 375 245 19 64 1
2 592 291 376 245 20 64 1
2 592 292 376 245 20 64 1
2 592 293 378 245 20 64 1
2 592 294 378 245 20 64 1
2 592 295 378 243 20 64 1
2 592 296 380 243 20 64 1
2 592 297 380 243 20 64 1
2 592 298 382 243 19 64 1
2 592 299 382 243 19 64 1
2 592 300 384 243 19 64 1
2 592 301 384 241 19 64 1
2 592 302 384 241 19 64 1
2 592 303 384 241 19 63 1
2 592 304 385 241 20 63 1
2 592 305 385 241 20 61 1
2 592 306 385 241 20 61 1
2 592 307 387 241 20 59 1
2 592 308 387 241 20 59 1
2 592 309 387 241 20 57 1
2 592 310 387 241 20 57 1
2 592 311 389 241 19 55 1
2 592 312 389 241 19 55 1
2 592 313 389 241 19 54 1
2 592 314 391 241 19 54 1
2 592 315 391 241 19 52 1
2 592 316 391 241 19 52 1
2 592 317 392 241 20 52 1
2 592 318 392 240 20 51 1
2 592 319 392 240 20 51 1
2 592 320 392 240 20 51 1
2 592 321 392 240 20 51 1
2 592 322 394 238 20 51 1
2 592 323 394 238 20 51 1
2 592 324 394 238 20 51 1
2 592 325 394 238 20 51 1
2 592 326 396 236 20 52 1
2 592 327 396 236 20 52 1
2 592 328 396 236 20 52 1
2 592 329 396 236 20 52 1
2 592 330 398 234 19 52 1
2 592 331 398 234 19 52 1
2 592 332 398 234 19 52 1
2 592 333 398 234 19 52 1
2 592 334 400 234 19 52 1
2 592 335 400 232 19 52 1
2 592 336 400 232 19 52 1
2 592 337 400 232 19 52 1
2 592 338 400 232 19 52 1
2 592 339 400 232 19 52 1
2 592 340 400 232 21 52 1
2 592 341 400 232 21 52 1
2 592 342 401 232 20 52 1
2 592 343 401 232 20 52 1
2 592 344 401 232 20 52 1
2 592 345 401 232 20 52 1
2 592 346 401 232 22 52 1
2 592 347 401 231 22 51 1
2 592 348 401 231 22 51 1
2 592 349 401 231 22 51 1
2 592 350 403 231 20 51 1
2 592 351 403 231 20 51 1
2 592 352 403 231 21 51 1
2 592 353 403 231 21 51 1
2 592 354 403 231 21 51 1
2 592 355 403 231 21 51 1
2 592 356 403 231 21 51 1
2 592 357 403 231 21 51 1
2 592 358 405 231 21 51 1
2 592 359 405 229 21 51 1
2 592 360 405 229 21 51 1
2 592 361 405 229 21 51 1
2 592 362 405 229 21 51 1
2 592 363 405 227 21 53 1
2 592 364 405 227 21 53 1
2 592 365 405 227 21 53 1
2 592 366 405 227 21 53 1
2 592 367 405 225 21 55 1
2 592 368 405 225 21 55 1
2 592 369 407 225 19 55 1
2 592 370 407 225 19 54 1
2 592 371 407 225 19 54 1
2 592 372 407 224 19 55 1
2 592 373 407 224 19 55 1
2 592 374 407 224 19 55 1
2 592 375 407 224 19 55 1
2 592 376 407 222 19 57 1
2 592 377 407 222 19 57 1
2 592 378 407 222 19 57 1
2 592 379 407 222 19 57 1
2 592 380 408 222 20 57 1
2 592 381 408 220 20 57 1
2 592 382 408 220 20 57 1
2 592 383 410 220 20 57 1
2 592 384 410 220 20 57 1
2 592 385 410 220 22 57 1
2 592 386 412 220 20 57 1
2 592 387 412 220 21 57 1
2 592 388 414 220 19 57 1
2 592 389 414 220 21 57 1
2 592 390 414 220 21 57 1
2 592 391 416 220 19 57 1
2 592 392 416 220 21 57 1
2 592 393 416 220 21 57 1
2 592 394 417 220 22 57 1
2 592 395 417 220 22 57 1
2 592 396 419 220 21 57 1
2 592 397 419 220 21 57 1
2 592 398 419 220 23 57 1
2 592 399 421 220 21 57 1
2 592 400 421 220 21 57 1
2 592 401 421 220 23 57 1
2 592 402 423 220 21 57 1
2 592 403 423 220 23 57 1
2 592 404 424 220 22 57 1
2 592 405 424 220 24 57 1
2 592 406 424 220 24 57 1
2 592 407 426 220 23 57 1
2 592 408 426 220 23 57 1
2 592 409 428 220 23 57 1
2 592 410 428 220 23 57 1
2 592 411 430 220 23 57 1
2 592 412 430 220 23 57 1
2 592 413 432 220 23 57 1
2 592 414 433 220 23 57 1
2 592 415 433 220 23 57 1
2 592 416 435 220 23 57 1
2 592 417 437 220 23 57 1
2 592 418 437 220 23 57 1
2 592 419 439 220 23 57 1
2 592 420 439 220 23 57 1
2 592 421 440 220 24 57 1
2 592 422 442 220 23 57 1
2 592 423 442 220 23 57 1
2 592 424 444 220 23 57 1
2 592 425 446 220 23 57 1
2 592 426 446 220 23 57 1
2 592 427 448 220 23 57 1
2 592 428 448 220 23 57 1
2 592 429 449 220 23 57 1
2 592 430 449 220 23 57 1
2 592 431 451 220 23 57 1
2 592 432 451 220 23 57 1
2 592 433 453 220 23 57 1
2 592 434 455 220 23 57 1
2 592 435 455 220 23 57 1
2 592 436 456 220 24 57 1
2 592 437 456 220 24 57 1
2 592 438 458 220 23 57 1
2 592 439 458 220 23 57 1
2 592 440 460 220 23 57 1
2 592 441 462 220 23 57 1
2 592 442 462 218 23 57 1
2 592 443 464 218 23 57 1
2 592 444 464 218 23 57 1
2 592 445 465 218 23 57 1
2 592 446 467 218 23 57 1
2 592 447 467 218 23 57 1
2 592 448 469 218 23 57 1
2 592 449 471 218 23 57 1
2 592 450 471 218 23 57 1
2 592 451 472 218 24 57 1
2 592 452 474 218 23 57 1
2 592 453 474 218 23 57 1
2 592 454 476 218 23 57 1
2 592 455 478 218 23 57 1
2 592 456 478 218 23 57 1
2 592 457 480 218 23 57 1
2 592 458 481 218 23 57 1
2 592 459 481 218 23 55 1
2 592 460 483 218 23 55 1
2 592 461 483 218 23 55 1
2 592 462 485 218 23 54 1
2 592 463 485 218 23 54 1
2 592 464 487 218 23 54 1
2 592 465 487 218 23 52 1
2 592 466 488 218 24 52 1
2 592 467 488 218 24 52 1
2 592 468 490 218 23 50 1
2 592 469 490 218 23 50 1
2 592 470 492 218 23 50 1
2 592 471 492 218 23 48 1
2 592 472 494 218 23 48 1
2 592 473 494 218 23 48 1
2 592 474 496 218 23 46 1
2 592 475 496 218 23 46 1
2 592 476 497 218 23 46 1
2 592 477 497 218 23 45 1
2 592 478 499 218 23 45 1
2 592 479 499 218 23 45 1
2 592 480 501 220 23 43 1
2 592 481 501 218 23 43 1
2 592 482 503 218 23 43 1
2 592 483 503 218 23 43 1
2 592 484 504 218 24 43 1
2 592 485 504 218 24 43 1
2 592 486 506 218 23 43 1
2 592 487 506 218 23 43 1
2 592 488 508 218 23 43 1
2 592 489 508 216 23 43 1
2 592 490 510 216 23 43 1
2 592 491 510 216 23 43 1
2 592 492 512 216 23 43 1
2 592 493 512 216 23 43 1
2 592 494 513 216 23 43 1
2 592 495 513 216 23 43 1
2 592 496 515 216 23 43 1
2 592 497 515 216 23 43 1
2 592 498 517 215 23 42 1
2 592 499 517 215 23 42 1
2 592 500 519 215 23 42 1
2 592 501 519 215 23 42 1
2 592 502 520 215 24 42 1
2 592 503 520 215 24 42 1
2 592 504 522 215 23 42 1
2 592 505 522 215 23 42 1
2 592 506 524 215 23 42 1
2 592 507 524 215 23 42 1
2 592 508 524 215 23 42 1
2 592 509 526 215 23 42 1
2 592 510 526 215 23 42 1
2 592 511 528 215 23 42 1
2 592 512 528 215 23 42 1
2 592 513 528 215 23 42 1
2 592 514 529 215 23 42 1
2 592 515 529 215 23 42 1
2 592 516 531 215 23 42 1
2 592 517 531 215 23 42 1
2 592 518 531 215 23 42 1
2 592 519 533 215 23 42 1
2 592 520 533 215 23 42 1
2 592 521 535 215 23 42 1
2 592 522 535 215 23 42 1
2 592 523 536 215 24 42 1
2 592 524 536 215 24 42 1
2 592 525 536 215 24 42 1
2 592 526 538 215 23 42 1
2 592 527 538 215 23 42 1
2 592 528 540 215 23 42 1
2 592 529 540 215 23 42 1
2 592 530 540 215 23 42 1
2 592 531 542 215 23 42 1
2 592 532 542 215 23 42 1
2 592 533 544 215 23 42 1
2 592 534 544 215 23 42 1
2 592 535 545 216 23 43 1
2 592 536 545 216 23 43 1
2 592 537 545 216 23 43 1
2 592 538 547 216 23 43 1
2 592 539 547 216 23 43 1
2 592 540 547 216 23 43 1
2 592 541 549 216 23 43 1
2 592 542 549 216 23 43 1
2 592 543 549 216 23 43 1
2 592 544 551 216 23 43 1
2 592 545 551 216 23 43 1
2 592 546 552 216 24 43 1
2 592 547 552 216 24 43 1
2 592 548 552 216 24 43 1
2 592 549 554 216 23 43 1
2 592 550 554 216 23 43 1
2 592 551 554 216 23 43 1
2 592 552 556 216 23 43 1
2 592 553 556 216 23 43 1
2 592 554 556 216 23 43 1
2 592 555 558 216 23 43 1
2 592 556 558 216 23 43 1
2 592 557 560 216 23 43 1
2 592 558 560 216 23 43 1
2 592 559 560 216 23 43 1
2 592 560 561 216 23 43 1
2 592 561 561 216 23 43 1
2 592 562 561 216 23 43 1
2 592 563 563 216 23 43 1
2 592 564 563 216 23 43 1
2 592 565 565 216 23 43 1
2 592 566 565 216 23 43 1
2 592 567 565 216 23 43 1
2 592 568 567 216 23 43 1
2 592 569 567 216 23 43 1
2 592 570 568 216 24 43 1
2 592 571 568 216 24 43 1
2 592 572 570 216 23 43 1
2 592 573 570 216 23 43 1
2 592 574 570 216 25 43 1
2 592 575 572 216 23 43 1
2 592 576 572 216 25 43 1
2 592 577 574 216 23 43 1
2 592 578 574 216 25 43 1
2 592 579 576 216 23 43 1
2 592 580 576 216 24 43 1
2 592 581 576 216 24 43 1
2 592 582 577 216 25 43 1
2 592 583 577 216 25 43 1
2 592 584 579 216 25 43 1
2 592 585 579 216 25 43 1
2 592 586 581 216 25 43 1
2 592 587 581 216 25 43 1
2 592 588 583 216 25 43 1
2 592 589 583 215 23 42 1
2 592 590 583 215 23 42 1
2 592 591 583 215 23 42 1
3 292 300 10 654 39 62 1
3 292 301 12 654 36 62 1
3 292 302 14 654 34 62 1
3 292 303 14 654 34 62 1
3 292 304 14 654 34 62 1
3 292 305 14 654 34 62 1
3 292 306 14 654 34 62 1
3 292 307 14 654 34 62 1
3 292 308 14 654 34 62 1
3 292 309 14 654 34 62 1
3 292 310 14 654 34 62 1
3 292 311 14 654 34 62 1
3 292 312 14 654 34 62 1
3 292 313 14 654 34 62 1
3 292 314 14 654 34 62 1
3 292 315 14 654 34 62 1
3 292 316 14 654 34 62 1
3 292 317 14 654 34 62 1
3 292 318 14 654 34 62 1
3 292 319 14 654 34 62 1
3 292 320 14 654 34 62 1
3 292 321 14 654 34 62 1
3 292 322 14 654 34 62 1
3 292 323 14 654 34 62 1
3 292 324 14 654 34 62 1
3 292 325 14 654 34 62 1
3 292 326 14 654 34 62 1
3 292 327 14 654 34 62 1
3 292 328 14 654 34 62 1
3 292 329 14 654 34 62 1
3 292 330 14 654 34 62 1
3 292 331 14 654 34 62 1
3 292 332 14 654 34 62 1
3 292 333 14 654 34 62 1
3 292 334 14 654 34 62 1
3 292 335 14 654 34 62 1
3 292 336 14 654 34 62 1
3 292 337 14 654 34 62 1
3 292 338 14 654 34 62 1
3 292 339 14 654 34 62 1
3 292 340 14 654 34 62 1
3 292 341 14 654 34 62 1
3 292 342 14 654 34 62 1
3 292 343 14 654 34 62 1
3 292 344 14 654 34 62 1
3 292 345 14 654 34 62 1
3 292 346 14 654 34 62 1
3 292 347 14 654 34 62 1
3 292 348 14 654 34 62 1
3 292 349 16 654 33 62 1
3 292 350 16 654 33 62 1
3 292 351 16 654 33 62 1
3 292 352 16 654 33 62 1
3 292 353 16 654 33 62 1
3 292 354 16 654 33 62 1
3 292 355 16 654 33 62 1
3 292 356 16 654 33 62 1
3 292 357 16 654 33 62 1
3 292 358 16 654 33 62 1
3 292 359 16 654 33 62 1
3 292 360 16 654 33 62 1
3 292 361 16 654 33 62 1
3 292 362 16 654 33 62 1
3 292 363 16 654 33 62 1
3 292 364 16 654 33 62 1
3 292 365 16 654 33 62 1
3 292 366 16 654 33 62 1
3 292 367 16 654 33 62 1
3 292 368 16 654 33 62 1
3 292 369 16 654 33 62 1
3 292 370 16 654 33 62 1
3 292 371 16 654 33 62 1
3 292 372 16 654 33 62 1
3 292 373 16 654 33 62 1
3 292 374 16 654 33 62 1
3 292 375 16 654 33 62 1
3 292 376 16 654 33 62 1
3 292 377 16 654 33 62 1
3 292 378 16 654 33 62 1
3 292 379 16 654 33 62 1
3 292 380 16 654 33 62 1
3 292 381 16 654 33 62 1
3 292 382 16 654 33 62 1
3 292 383 16 654 33 62 1
3 292 384 16 654 33 62 1
3 292 385 16 654 33 62 1
3 292 386 16 654 33 62 1
3 292 387 16 654 33 62 1
3 292 388 16 654 33 62 1
3 292 389 16 654 33 62 1
3 292 390 16 654 33 62 1
3 292 391 16 654 33 62 1
3 292 392 16 654 33 62 1
3 292 393 16 654 33 62 1
3 292 394 16 654 33 62 1
3 292 395 17 656 34 60 1
3 292 396 17 656 34 60 1
3 292 397 17 656 34 60 1
3 292 398 17 656 34 60 1
3 292 399 17 656 34 60 1
3 292 400 17 656 34 60 1
3 292 401 17 656 34 60 1
3 292 402 17 656 34 60 1
3 292 403 17 656 34 60 1
3 292 404 17 656 34 60 1
3 292 405 17 656 34 60 1
3 292 406 17 656 34 60 1
3 292 407 17 656 34 60 1
3 292 408 17 656 34 60 1
3 292 409 17 656 34 60 1
3 292 410 17 656 34 60 1
3 292 411 17 656 34 60 1
3 292 412 17 656 34 60 1
3 292 413 17 656 34 60 1
3 292 414 17 656 34 60 1
3 292 415 17 656 34 60 1
3 292 416 17 656 34 60 1
3 292 417 17 656 34 60 1
3 292 418 17 656 34 60 1
3 292 419 17 656 34 60 1
3 292 420 17 656 34 60 1
3 292 421 17 656 34 60 1
3 292 422 17 656 34 60 1
3 292 423 17 656 34 60 1
3 292 424 17 656 34 60 1
3 292 425 17 656 34 60 1
3 292 426 17 656 34 60 1
3 292 427 17 656 34 60 1
3 292 428 17 656 34 60 1
3 292 429 17 656 34 60 1
3 292 430 17 656 34 60 1
3 292 431 17 656 34 60 1
3 292 432 17 656 34 60 1
3 292 433 17 656 34 60 1
3 292 434 17 656 34 60 1
3 292 435 17 656 34 60 1
3 292 436 17 656 34 60 1
3 292 437 17 656 34 60 1
3 292 438 17 656 34 60 1
3 292 439 17 656 34 60 1
3 292 440 17 656 34 60 1
3 292 441 17 656 34 60 1
3 292 442 19 656 34 60 1
3 292 443 19 656 34 60 1
3 292 444 19 656 34 60 1
3 292 445 19 656 34 60 1
3 292 446 19 656 34 60 1
3 292 447 19 656 34 60 1
3 292 448 19 656 34 60 1
3 292 449 19 656 34 60 1
3 292 450 19 656 34 60 1
3 292 451 19 656 34 60 1
3 292 452 19 656 34 60 1
3 292 453 19 656 34 60 1
3 292 454 19 656 34 60 1
3 292 455 19 656 34 60 1
3 292 456 19 656 34 60 1
3 292 457 19 656 34 60 1
3 292 458 19 656 34 60 1
3 292 459 19 656 34 60 1
3 292 460 19 656 34 60 1
3 292 461 19 656 34 60 1
3 292 462 19 656 34 60 1
3 292 463 19 656 34 60 1
3 292 464 19 656 34 60 1
3 292 465 19 656 34 60 1
3 292 466 19 656 34 60 1
3 292 467 19 656 34 60 1
3 292 468 19 656 34 60 1
3 292 469 19 656 34 60 1
3 292 470 19 656 34 60 1
3 292 471 19 656 34 60 1
3 292 472 19 656 34 60 1
3 292 473 19 656 34 60 1
3 292 474 19 656 34 60 1
3 292 475 19 656 34 60 1
3 292 476 19 656 34 60 1
3 292 477 19 656 34 60 1
3 292 478 19 656 34 60 1
3 292 479 19 656 34 60 1
3 292 480 19 656 34 60 1
3 292 481 19 656 34 60 1
3 292 482 19 656 34 60 1
3 292 483 19 656 34 60 1
3 292 484 19 656 34 60 1
3 292 485 19 656 34 60 1
3 292 486 19 656 34 60 1
3 292 487 19 656 34 60 1
3 292 488 21 657 34 59 1
3 292 489 21 657 34 59 1
3 292 490 21 657 34 59 1
3 292 491 21 657 34 59 1
3 292 492 21 657 34 59 1
3 292 493 21 657 34 59 1
3 292 494 21 657 34 59 1
3 292 495 21 657 34 59 1
3 292 496 21 657 34 59 1
3 292 497 21 657 34 59 1
3 292 498 21 657 34 59 1
3 292 499 21 657 34 59 1
3 292 500 21 657 34 59 1
3 292 501 21 657 34 59 1
3 292 502 21 657 34 59 1
3 292 503 21 657 34 59 1
3 292 504 21 657 34 59 1
3 292 505 21 657 34 59 1
3 292 506 21 657 34 59 1
3 292 507 21 657 34 59 1
3 292 508 21 657 34 59 1
3 292 509 21 657 34 59 1
3 292 510 21 657 34 59 1
3 292 511 21 657 34 59 1
3 292 512 21 657 34 59 1
3 292 513 21 657 34 59 1
3 292 514 21 657 34 59 1
3 292 515 21 657 34 59 1
3 292 516 21 657 34 59 1
3 292 517 21 657 34 59 1
3 292 518 21 657 34 59 1
3 292 519 21 657 34 59 1
3 292 520 21 657 34 59 1
3 292 521 21 657 34 59 1
3 292 522 21 657 34 59 1
3 292 523 21 657 34 59 1
3 292 524 21 657 34 59 1
3 292 525 21 657 34 59 1
3 292 526 21 657 34 59 1
3 292 527 21 657 34 59 1
3 292 528 21 657 34 59 1
3 292 529 21 657 34 59 1
3 292 530 21 657 34 59 1
3 292 531 21 657 34 59 1
3 292 532 21 657 34 59 1
3 292 533 21 657 34 59 1
3 292 534 21 657 34 59 1
3 292 535 21 657 34 59 1
3 292 536 21 657 34 59 1
3 292 537 21 657 34 59 1
3 292 538 21 657 34 59 1
3 292 539 21 657 34 59 1
3 292 540 21 657 34 59 1
3 292 541 21 657 34 59 1
3 292 542 21 657 34 59 1
3 292 543 21 657 34 59 1
3 292 544 21 657 34 59 1
3 292 545 21 657 34 59 1
3 292 546 21 657 34 59 1
3 292 547 21 657 34 59 1
3 292 548 21 657 34 59 1
3 292 549 21 657 34 59 1
3 292 550 21 657 34 59 1
3 292 551 21 657 34 59 1
3 292 552 21 657 34 59 1
3 292 553 21 657 34 59 1
3 292 554 21 657 34 59 1
3 292 555 21 657 34 59 1
3 292 556 21 657 34 59 1
3 292 557 21 657 34 59 1
3 292 558 21 657 34 59 1
3 292 559 21 657 34 59 1
3 292 560 21 657 34 59 1
3 292 561 21 657 34 59 1
3 292 562 21 657 34 59 1
3 292 563 21 657 34 59 1
3 292 564 21 657 34 59 1
3 292 565 21 657 34 59 1
3 292 566 21 657 34 59 1
3 292 567 21 657 34 59 1
3 292 568 21 657 34 59 1
3 292 569 21 657 34 59 1
3 292 570 21 657 34 59 1
3 292 571 21 657 34 59 1
3 292 572 21 657 34 59 1
3 292 573 21 657 34 59 1
3 292 574 21 657 34 59 1
3 292 575 21 657 34 59 1
3 292 576 21 657 34 59 1
3 292 577 21 657 34 59 1
3 292 578 21 657 34 59 1
3 292 579 21 657 34 59 1
3 292 580 21 657 34 59 1
3 292 581 21 657 34 59 1
3 292 582 21 657 34 59 1
3 292 583 21 657 34 59 1
3 292 584 21 657 34 59 1
3 292 585 21 657 34 59 1
3 292 586 21 657 34 59 1
3 292 587 21 657 34 59 1
3 292 588 21 657 34 59 1
3 292 589 21 657 34 59 1
3 292 590 21 657 34 59 1
3 292 591 21 657 34 59 1
4 322 0 21 652 30 43 1
4 322 1 21 652 30 43 1
4 322 2 21 652 30 43 1
4 322 3 21 652 30 43 1
4 322 4 21 652 30 43 1
4 322 5 21 652 30 43 1
4 322 6 21 652 30 43 1
4 322 7 21 652 30 43 1
4 322 8 21 652 30 43 1
4 322 9 21 652 30 43 1
4 322 10 21 652 30 43 1
4 322 11 21 652 30 43 1
4 322 12 21 652 30 43 1
4 322 13 21 652 30 43 1
4 322 14 21 652 30 43 1
4 322 15 21 652 30 43 1
4 322 16 21 652 30 43 1
4 322 17 21 652 30 43 1
4 322 18 21 652 30 43 1
4 322 19 21 652 30 43 1
4 322 20 21 652 30 43 1
4 322 21 21 652 30 43 1
4 322 22 21 652 30 43 1
4 322 23 21 652 30 43 1
4 322 24 21 652 30 43 1
4 322 25 21 652 30 43 1
4 322 26 21 652 30 43 1
4 322 27 21 652 30 43 1
4 322 28 21 652 30 43 1
4 322 29 21 652 30 43 1
4 322 30 21 652 30 43 1
4 322 31 21 652 30 43 1
4 322 32 21 652 30 43 1
4 322 33 21 652 30 43 1
4 322 34 21 652 30 43 1
4 322 35 21 652 30 43 1
4 322 36 21 652 30 43 1
4 322 37 21 652 30 43 1
4 322 38 21 652 30 43 1
4 322 39 21 652 30 43 1
4 322 40 21 652 30 43 1
4 322 41 21 652 30 43 1
4 322 42 21 652 30 43 1
4 322 43 21 652 30 43 1
4 322 44 21 652 30 43 1
4 322 45 21 652 30 43 1
4 322 46 21 652 30 43 1
4 322 47 21 652 30 43 1
4 322 48 21 652 30 43 1
4 322 49 21 652 30 43 1
4 322 50 21 652 30 43 1
4 322 51 21 652 30 43 1
4 322 52 21 652 30 43 1
4 322 53 21 652 30 43 1
4 322 54 21 652 30 43 1
4 322 55 21 652 30 43 1
4 322 56 21 652 30 43 1
4 322 57 21 652 30 43 1
4 322 58 21 652 30 43 1
4 322 59 21 652 30 43 1
4 322 60 21 652 30 43 1
4 322 61 21 652 30 43 1
4 322 62 21 652 30 43 1
4 322 63 21 652 30 43 1
4 322 64 21 652 30 43 1
4 322 65 21 652 30 43 1
4 322 66 21 652 30 43 1
4 322 67 21 652 30 43 1
4 322 68 21 652 30 43 1
4 322 69 21 652 30 43 1
4 322 70 21 652 30 43 1
4 322 71 21 652 30 43 1
4 322 72 21 652 30 43 1
4 322 73 21 652 30 43 1
4 322 74 21 652 30 43 1
4 322 75 21 652 30 43 1
4 322 76 21 652 30 43 1
4 322 77 21 652 30 43 1
4 322 78 21 652 30 43 1
4 322 79 21 652 30 43 1
4 322 80 21 652 30 43 1
4 322 81 21 652 30 43 1
4 322 82 21 652 30 43 1
4 322 83 21 652 30 43 1
4 322 84 21 652 30 43 1
4 322 85 21 652 30 43 1
4 322 86 21 652 30 43 1
4 322 87 21 652 30 43 1
4 322 88 21 652 30 43 1
4 322 89 21 652 30 43 1
4 322 90 21 652 30 43 1
4 322 91 21 652 30 43 1
4 322 92 21 652 30 43 1
4 322 93 21 652 30 43 1
4 322 94 21 652 30 43 1
4 322 95 21 652 30 43 1
4 322 96 21 652 30 43 1
4 322 97 21 652 30 43 1
4 322 98 21 652 30 43 1
4 322 99 21 652 30 43 1
4 322 100 21 652 30 43 1
4 322 101 21 652 30 43 1
4 322 102 21 652 30 43 1
4 322 103 21 652 30 43 1
4 322 104 21 652 30 43 1
4 322 105 21 652 30 43 1
4 322 106 21 652 30 43 1
4 322 107 21 652 30 43 1
4 322 108 21 652 30 43 1
4 322 109 21 652 30 43 1
4 322 110 21 652 30 43 1
4 322 111 21 652 30 43 1
4 322 112 21 652 30 43 1
4 322 113 21 652 30 43 1
4 322 114 21 652 30 43 1
4 322 115 21 652 30 43 1
4 322 116 21 652 30 43 1
4 322 117 21 652 30 43 1
4 322 118 21 652 30 43 1
4 322 119 21 652 30 43 1
4 322 120 21 652 30 43 1
4 322 121 21 652 30 43 1
4 322 122 21 652 30 43 1
4 322 123 21 652 30 43 1
4 322 124 21 652 30 43 1
4 322 125 21 652 30 43 1
4 322 126 21 652 30 43 1
4 322 127 21 652 30 43 1
4 322 128 21 652 30 43 1
4 322 129 21 652 30 43 1
4 322 130 21 652 30 43 1
4 322 131 21 652 30 43 1
4 322 132 21 652 30 43 1
4 322 133 21 652 30 43 1
4 322 134 21 652 30 43 1
4 322 135 21 652 30 43 1
4 322 136 21 652 30 43 1
4 322 137 21 652 30 43 1
4 322 138 21 652 30 43 1
4 322 139 21 652 30 43 1
4 322 140 21 652 30 43 1
4 322 141 21 652 30 43 1
4 322 142 21 652 30 43 1
4 322 143 21 652 30 43 1
4 322 144 21 652 30 43 1
4 322 145 21 652 30 43 1
4 322 146 21 652 30 43 1
4 322 147 21 652 30 43 1
4 322 148 21 652 30 43 1
4 322 149 21 652 30 43 1
4 322 150 21 652 30 43 1
4 322 151 21 652 30 43 1
4 322 152 21 652 30 43 1
4 322 153 21 652 30 43 1
4 322 154 21 652 30 43 1
4 322 155 21 652 30 43 1
4 322 156 21 652 30 43 1
4 322 157 21 652 30 43 1
4 322 158 21 652 30 43 1
4 322 159 21 652 30 43 1
4 322 160 21 652 30 43 1
4 322 161 21 652 30 43 1
4 322 162 21 652 30 43 1
4 322 163 21 652 30 43 1
4 322 164 21 652 30 43 1
4 322 165 21 652 30 43 1
4 322 166 21 652 30 43 1
4 322 167 21 652 30 43 1
4 322 168 21 652 30 43 1
4 322 169 21 652 30 43 1
4 322 170 21 652 30 43 1
4 322 171 21 652 30 43 1
4 322 172 21 652 30 43 1
4 322 173 21 652 30 43 1
4 322 174 21 652 30 43 1
4 322 175 21 652 30 43 1
4 322 176 21 652 30 43 1
4 322 177 21 652 30 43 1
4 322 178 21 652 30 43 1
4 322 179 21 652 30 43 1
4 322 180 21 652 30 43 1
4 322 181 21 652 30 43 1
4 322 182 21 652 30 43 1
4 322 183 21 652 30 43 1
4 322 184 21 652 30 43 1
4 322 185 21 652 30 43 1
4 322 186 21 652 30 43 1
4 322 187 21 652 30 43 1
4 322 188 21 652 30 43 1
4 322 189 21 652 30 43 1
4 322 190 21 652 30 43 1
4 322 191 21 652 30 43 1
4 322 192 21 652 30 43 1
4 322 193 21 652 30 43 1
4 322 194 21 652 30 43 1
4 322 195 21 652 30 43 1
4 322 196 21 652 30 43 1
4 322 197 21 652 30 43 1
4 322 198 21 652 30 43 1
4 322 199 21 652 30 43 1
4 322 200 21 652 30 43 1
4 322 201 21 652 30 43 1
4 322 202 21 652 30 43 1
4 322 203 21 652 30 43 1
4 322 204 21 652 30 43 1
4 322 205 21 652 30 43 1
4 322 206 21 652 30 43 1
4 322 207 21 652 30 43 1
4 322 208 21 652 30 43 1
4 322 209 21 652 30 43 1
4 322 210 21 652 30 43 1
4 322 211 21 652 30 43 1
4 322 212 21 652 30 43 1
4 322 213 21 652 30 43 1
4 322 214 21 652 30 43 1
4 322 215 21 652 30 43 1
4 322 216 21 652 30 43 1
4 322 217 21 652 30 43 1
4 322 218 21 652 30 43 1
4 322 219 21 652 30 43 1
4 322 220 21 652 30 43 1
4 322 221 21 652 30 43 1
4 322 222 21 652 30 43 1
4 322 223 21 652 30 43 1
4 322 224 21 652 30 43 1
4 322 225 21 652 30 43 1
4 322 226 21 652 30 43 1
4 322 227 21 652 30 43 1
4 322 228 21 652 30 43 1
4 322 229 21 652 30 43 1
4 322 230 21 652 30 43 1
4 322 231 21 652 30 43 1
4 322 232 21 652 30 43 1
4 322 233 21 652 30 43 1
4 322 234 21 652 30 43 1
4 322 235 21 652 30 43 1
4 322 236 21 652 30 43 1
4 322 237 21 652 30 43 1
4 322 238 21 652 30 43 1
4 322 239 21 652 30 43 1
4 322 240 21 652 30 43 1
4 322 241 21 652 30 43 1
4 322 242 21 652 30 43 1
4 322 243 21 652 30 43 1
4 322 244 21 652 30 43 1
4 322 245 21 652 30 43 1
4 322 246 21 652 30 43 1
4 322 247 21 652 30 43 1
4 322 248 21 652 30 43 1
4 322 249 21 652 30 43 1
4 322 250 21 652 30 43 1
4 322 251 21 652 30 43 1
4 322 252 21 652 30 43 1
4 322 253 21 652 30 43 1
4 322 254 21 652 30 43 1
4 322 255 21 652 30 43 1
4 322 256 21 652 30 43 1
4 322 257 21 652 30 43 1
4 322 258 21 652 30 43 1
4 322 259 21 652 30 43 1
4 322 260 21 652 30 43 1
4 322 261 21 652 30 43 1
4 322 262 21 652 30 43 1
4 322 263 21 652 30 43 1
4 322 264 21 652 30 43 1
4 322 265 21 652 30 43 1
4 322 266 21 652 30 43 1
4 322 267 21 652 30 43 1
4 322 268 21 652 30 43 1
4 322 269 21 652 30 43 1
4 322 270 21 652 30 43 1
4 322 271 21 652 30 43 1
4 322 272 21 652 30 43 1
4 322 273 21 652 30 43 1
4 322 274 21 652 30 43 1
4 322 275 21 652 30 43 1
4 322 276 21 652 30 43 1
4 322 277 21 652 30 43 1
4 322 278 21 652 30 43 1
4 322 279 21 652 30 43 1
4 322 280 21 652 30 43 1
4 322 281 21 652 30 43 1
4 322 282 21 652 30 43 1
4 322 283 21 652 30 43 1
4 322 284 21 652 30 43 1
4 322 285 21 652 30 43 1
4 322 286 21 652 30 43 1
4 322 287 21 652 30 43 1
4 322 288 21 652 30 43 1
4 322 289 21 652 30 43 1
4 322 290 21 652 30 43 1
4 322 291 21 652 30 43 1
4 322 292 21 652 30 43 1
4 322 293 21 652 30 43 1
4 322 294 21 652 30 43 1
4 322 295 21 652 30 43 1
4 322 296 21 652 30 43 1
4 322 297 21 652 30 43 1
4 322 298 21 652 30 43 1
4 322 299 21 652 30 43 1
4 322 300 21 652 30 43 1
4 322 301 21 652 30 43 1
4 322 302 21 652 30 43 1
4 322 303 21 652 30 43 1
4 322 304 21 652 30 43 1
4 322 305 21 652 30 43 1
4 322 306 21 652 30 43 1
4 322 307 21 652 30 43 1
4 322 308 21 652 30 43 1
4 322 309 21 652 30 43 1
4 322 310 21 652 30 43 1
4 322 311 21 652 30 43 1
4 322 312 21 652 30 43 1
4 322 313 21 652 30 43 1
4 322 314 21 652 30 43 1
4 322 315 21 652 30 43 1
4 322 316 21 652 30 43 1
4 322 317 21 652 30 43 1
4 322 318 21 652 30 43 1
4 322 319 21 652 30 43 1
4 322 320 21 652 30 43 1
4 322 321 21 652 30 43 1
5 322 0 0 664 23 52 1
5 322 1 0 664 23 52 1
5 322 2 0 664 23 52 1
5 322 3 0 664 23 52 1
5 322 4 0 664 23 52 1
5 322 5 0 664 23 52 1
5 322 6 0 664 23 52 1
5 322 7 0 664 23 52 1
5 322 8 0 664 23 52 1
5 322 9 0 664 23 52 1
5 322 10 0 664 23 52 1
5 322 11 0 664 23 52 1
5 322 12 0 664 23 52 1
5 322 13 0 664 23 52 1
5 322 14 0 664 23 52 1
5 322 15 0 664 23 52 1
5 322 16 0 664 23 52 1
5 322 17 0 664 23 52 1
5 322 18 0 664 23 52 1
5 322 19 0 664 23 52 1
5 322 20 0 664 23 52 1
5 322 21 0 664 23 52 1
5 322 22 0 664 23 52 1
5 322 23 0 664 23 52 1
5 322 24 0 664 23 52 1
5 322 25 0 664 23 52 1
5 322 26 0 664 23 52 1
5 322 27 0 664 23 52 1
5 322 28 0 664 23 52 1
5 322 29 0 664 23 52 1
5 322 30 0 664 23 52 1
5 322 31 0 664 23 52 1
5 322 32 0 664 23 52 1
5 322 33 0 664 23 52 1
5 322 34 0 664 23 52 1
5 322 35 0 664 23 52 1
5 322 36 0 664 23 52 1
5 322 37 0 664 23 52 1
5 322 38 0 664 23 52 1
5 322 39 0 664 23 52 1
5 322 40 0 664 23 52 1
5 322 41 0 664 23 52 1
5 322 42 0 664 23 52 1
5 322 43 0 664 23 52 1
5 322 44 0 664 23 52 1
5 322 45 0 664 23 52 1
5 322 46 0 664 23 52 1
5 322 47 0 664 23 52 1
5 322 48 0 664 23 52 1
5 322 49 0 664 23 52 1
5 322 50 0 664 23 52 1
5 322 51 0 664 23 52 1
5 322 52 0 664 23 52 1
5 322 53 0 664 23 52 1
5 322 54 0 664 23 52 1
5 322 55 0 664 23 52 1
5 322 56 0 664 23 52 1
5 322 57 0 664 23 52 1
5 322 58 0 664 23 52 1
5 322 59 0 664 23 52 1
5 322 60 0 664 23 52 1
5 322 61 0 664 23 52 1
5 322 62 0 664 23 52 1
5 322 63 0 664 23 52 1
5 322 64 0 664 23 52 1
5 322 65 0 664 23 52 1
5 322 66 0 664 23 52 1
5 322 67 0 664 23 52 1
5 322 68 0 664 23 52 1
5 322 69 0 664 23 52 1
5 322 70 0 664 23 52 1
5 322 71 0 664 23 52 1
5 322 72 0 664 23 52 1
5 322 73 0 664 23 52 1
5 322 74 0 664 23 52 1
5 322 75 0 664 23 52 1
5 322 76 0 664 23 52 1
5 322 77 0 664 23 52 1
5 322 78 0 664 23 52 1
5 322 79 0 664 23 52 1
5 322 80 0 664 23 52 1
5 322 81 0 664 23 52 1
5 322 82 0 664 23 52 1
5 322 83 0 664 23 52 1
5 322 84 0 664 23 52 1
5 322 85 0 664 23 52 1
5 322 86 0 664 23 52 1
5 322 87 0 664 23 52 1
5 322 88 0 664 23 52 1
5 322 89 0 664 23 52 1
5 322 90 0 664 23 52 1
5 322 91 0 664 23 52 1
5 322 92 0 664 23 52 1
5 322 93 0 664 23 52 1
5 322 94 0 664 23 52 1
5 322 95 0 664 23 52 1
5 322 96 0 664 23 52 1
5 322 97 0 664 23 52 1
5 322 98 0 664 23 52 1
5 322 99 0 664 23 52 1
5 322 100 0 664 23 52 1
5 322 101 0 664 23 52 1
5 322 102 0 664 23 52 1
5 322 103 0 664 23 52 1
5 322 104 0 664 23 52 1
5 322 105 0 664 23 52 1
5 322 106 0 664 23 52 1
5 322 107 0 664 23 52 1
5 322 108 0 664 23 52 1
5 322 109 0 664 23 52 1
5 322 110 0 664 23 52 1
5 322 111 0 664 23 52 1
5 322 112 0 664 23 52 1
5 322 113 0 664 23 52 1
5 322 114 0 664 23 52 1
5 322 115 0 664 23 52 1
5 322 116 0 664 23 52 1
5 322 117 0 664 23 52 1
5 322 118 0 664 23 52 1
5 322 119 0 664 23 52 1
5 322 120 0 664 23 52 1
5 322 121 0 664 23 52 1
5 322 122 0 664 23 52 1
5 322 123 0 664 23 52 1
5 322 124 0 664 23 52 1
5 322 125 0 664 23 52 1
5 322 126 0 664 23 52 1
5 322 127 0 664 23 52 1
5 322 128 0 664 23 52 1
5 322 129 0 664 23 52 1
5 322 130 0 664 23 52 1
5 322 131 0 664 23 52 1
5 322 132 0 664 23 52 1
5 322 133 0 664 23 52 1
5 322 134 0 664 23 52 1
5 322 135 0 664 23 52 1
5 322 136 0 664 23 52 1
5 322 137 0 664 23 52 1
5 322 138 0 664 23 52 1
5 322 139 0 664 23 52 1
5 322 140 0 664 23 52 1
5 322 141 0 664 23 52 1
5 322 142 0 664 23 52 1
5 322 143 0 664 23 52 1
5 322 144 0 664 23 52 1
5 322 145 0 664 23 52 1
5 322 146 0 664 23 52 1
5 322 147 0 664 23 52 1
5 322 148 0 664 23 52 1
5 322 149 0 664 23 52 1
5 322 150 0 664 23 52 1
5 322 151 0 664 23 52 1
5 322 152 0 664 23 52 1
5 322 153 0 664 23 52 1
5 322 154 0 664 23 52 1
5 322 155 0 664 23 52 1
5 322 156 0 664 23 52 1
5 322 157 0 664 23 52 1
5 322 158 0 664 23 52 1
5 322 159 0 664 23 52 1
5 322 160 0 664 23 52 1
5 322 161 0 664 23 52 1
5 322 162 0 664 23 52 1
5 322 163 0 664 23 52 1
5 322 164 0 664 23 52 1
5 322 165 0 664 23 52 1
5 322 166 0 664 23 52 1
5 322 167 0 664 23 52 1
5 322 168 0 664 23 52 1
5 322 169 0 664 23 52 1
5 322 170 0 664 23 52 1
5 322 171 0 664 23 52 1
5 322 172 0 664 23 52 1
5 322 173 0 664 23 52 1
5 322 174 0 664 23 52 1
5 322 175 0 664 23 52 1
5 322 176 0 664 23 52 1
5 322 177 0 664 23 52 1
5 322 178 0 664 23 52 1
5 322 179 0 664 23 52 1
5 322 180 0 664 23 52 1
5 322 181 0 664 23 52 1
5 322 182 0 664 23 52 1
5 322 183 0 664 23 52 1
5 322 184 0 664 23 52 1
5 322 185 0 664 23 52 1
5 322 186 0 664 23 52 1
5 322 187 0 664 23 52 1
5 322 188 0 664 23 52 1
5 322 189 0 664 23 52 1
5 322 190 0 664 23 52 1
5 322 191 0 664 23 52 1
5 322 192 0 664 23 52 1
5 322 193 0 664 23 52 1
5 322 194 0 664 23 52 1
5 322 195 0 664 23 52 1
5 322 196 0 664 23 52 1
5 322 197 0 664 23 52 1
5 322 198 0 664 23 52 1
5 322 199 0 664 23 52 1
5 322 200 0 664 23 52 1
5 322 201 0 664 23 52 1
5 322 202 0 664 23 52 1
5 322 203 0 664 23 52 1
5 322 204 0 664 23 52 1
5 322 205 0 664 23 52 1
5 322 206 0 664 23 52 1
5 322 207 0 664 23 52 1
5 322 208 0 664 23 52 1
5 322 209 0 664 23 52 1
5 322 210 0 664 23 52 1
5 322 211 0 664 23 52 1
5 322 212 0 664 23 52 1
5 322 213 0 664 23 52 1
5 322 214 0 664 23 52 1
5 322 215 0 664 23 52 1
5 322 216 0 664 23 52 1
5 322 217 0 664 23 52 1
5 322 218 0 664 23 52 1
5 322 219 0 664 23 52 1
5 322 220 0 664 23 52 1
5 322 221 0 664 23 52 1
5 322 222 0 664 23 52 1
5 322 223 0 664 23 52 1
5 322 224 0 664 23 52 1
5 322 225 0 664 23 52 1
5 322 226 0 664 23 52 1
5 322 227 0 664 23 52 1
5 322 228 0 664 23 52 1
5 322 229 0 664 23 52 1
5 322 230 0 664 23 52 1
5 322 231 0 664 23 52 1
5 322 232 0 664 23 52 1
5 322 233 0 664 23 52 1
5 322 234 0 664 23 52 1
5 322 235 0 664 23 52 1
5 322 236 0 664 23 52 1
5 322 237 0 664 23 52 1
5 322 238 0 664 23 52 1
5 322 239 0 664 23 52 1
5 322 240 0 664 23 52 1
5 322 241 0 664 23 52 1
5 322 242 0 664 23 52 1
5 322 243 0 664 23 52 1
5 322 244 0 664 23 52 1
5 322 245 0 664 23 52 1
5 322 246 0 664 23 52 1
5 322 247 0 664 23 52 1
5 322 248 0 664 23 52 1
5 322 249 0 664 23 52 1
5 322 250 0 664 23 52 1
5 322 251 0 664 23 52 1
5 322 252 0 664 23 52 1
5 322 253 0 664 23 52 1
5 322 254 0 664 23 52 1
5 322 255 0 664 23 52 1
5 322 256 0 664 23 52 1
5 322 257 0 664 23 52 1
5 322 258 0 664 23 52 1
5 322 259 0 664 23 52 1
5 322 260 0 664 23 52 1
5 322 261 0 664 23 52 1
5 322 262 0 664 23 52 1
5 322 263 0 664 23 52 1
5 322 264 0 664 23 52 1
5 322 265 0 664 23 52 1
5 322 266 0 664 23 52 1
5 322 267 0 664 23 52 1
5 322 268 0 664 23 52 1
5 322 269 0 664 23 52 1
5 322 270 0 664 23 52 1
5 322 271 0 664 23 52 1
5 322 272 0 664 23 52 1
5 322 273 0 664 23 52 1
5 322 274 0 664 23 52 1
5 322 275 0 664 23 52 1
5 322 276 0 664 23 52 1
5 322 277 0 664 23 52 1
5 322 278 0 664 23 52 1
5 322 279 0 664 23 52 1
5 322 280 0 664 23 52 1
5 322 281 0 664 23 52 1
5 322 282 0 664 23 52 1
5 322 283 0 664 23 52 1
5 322 284 0 664 23 52 1
5 322 285 0 664 23 52 1
5 322 286 0 664 23 52 1
5 322 287 0 664 23 52 1
5 322 288 0 664 23 52 1
5 322 289 0 664 23 52 1
5 322 290 0 664 23 52 1
5 322 291 0 664 23 52 1
5 322 292 0 664 23 52 1
5 322 293 0 664 23 52 1
5 322 294 0 664 23 52 1
5 322 295 0 664 23 52 1
5 322 296 0 664 23 52 1
5 322 297 0 664 23 52 1
5 322 298 0 664 23 52 1
5 322 299 0 664 23 52 1
5 322 300 0 664 23 52 1
5 322 301 0 664 23 52 1
5 322 302 0 664 23 52 1
5 322 303 0 664 23 52 1
5 322 304 0 664 23 52 1
5 322 305 0 664 23 52 1
5 322 306 0 664 23 52 1
5 322 307 0 664 23 52 1
5 322 308 0 664 23 52 1
5 322 309 0 664 23 52 1
5 322 310 0 664 23 52 1
5 322 311 0 664 23 52 1
5 322 312 0 664 23 52 1
5 322 313 0 664 23 52 1
5 322 314 0 664 23 52 1
5 322 315 0 664 23 52 1
5 322 316 0 664 23 52 1
5 322 317 0 664 23 52 1
5 322 318 0 664 23 52 1
5 322 319 0 664 23 52 1
5 322 320 0 664 23 52 1
5 322 321 0 664 23 52 1
6 322 0 42 677 25 23 1
6 322 1 42 675 25 23 1
6 322 2 42 675 25 23 1
6 322 3 42 675 25 23 1
6 322 4 42 675 25 23 1
6 322 5 42 675 25 23 1
6 322 6 44 675 23 23 1
6 322 7 44 675 23 23 1
6 322 8 44 673 25 23 1
6 322 9 44 673 25 23 1
6 322 10 44 673 25 23 1
6 322 11 44 673 25 23 1
6 322 12 46 673 23 23 1
6 322 13 46 673 23 23 1
6 322 14 46 673 23 23 1
6 322 15 46 672 25 23 1
6 322 16 46 672 25 23 1
6 322 17 46 672 25 23 1
6 322 18 48 672 23 23 1
6 322 19 48 672 23 23 1
6 322 20 48 672 23 23 1
6 322 21 48 672 23 23 1
6 322 22 48 670 24 23 1
6 322 23 48 670 24 23 1
6 322 24 49 670 23 23 1
6 322 25 49 670 23 23 1
6 322 26 49 670 23 23 1
6 322 27 49 670 23 23 1
6 322 28 49 670 23 23 1
6 322 29 51 670 23 23 1
6 322 30 51 670 23 23 1
6 322 31 51 670 23 23 1
6 322 32 51 670 23 23 1
6 322 33 51 670 23 23 1
6 322 34 51 670 23 23 1
6 322 35 51 670 23 23 1
6 322 36 51 670 23 23 1
6 322 37 51 670 23 23 1
6 322 38 51 670 23 23 1
6 322 39 51 670 23 23 1
6 322 40 51 670 23 23 1
6 322 41 51 670 23 23 1
6 322 42 51 670 23 23 1
6 322 43 51 670 23 23 1
6 322 44 51 670 23 23 1
6 322 45 51 670 23 23 1
6 322 46 51 670 23 23 1
6 322 47 51 670 23 23 1
6 322 48 51 670 23 23 1
6 322 49 51 670 23 23 1
6 322 50 51 670 23 23 1
6 322 51 51 670 23 23 1
6 322 52 51 670 23 23 1
6 322 53 51 670 23 23 1
6 322 54 51 670 23 23 1
6 322 55 51 670 23 23 1
6 322 56 51 670 23 23 1
6 322 57 51 670 23 23 1
6 322 58 51 670 23 23 1
6 322 59 51 670 23 23 1
6 322 60 51 670 23 23 1
6 322 61 51 670 23 23 1
6 322 62 51 670 23 23 1
6 322 63 51 670 23 23 1
6 322 64 51 670 23 23 1
6 322 65 51 670 23 23 1
6 322 66 51 670 23 23 1
6 322 67 51 670 23 23 1
6 322 68 51 670 23 23 1
6 322 69 51 670 23 23 1
6 322 70 51 670 23 23 1
6 322 71 51 670 23 23 1
6 322 72 51 670 23 23 1
6 322 73 51 670 23 23 1
6 322 74 51 670 23 23 1
6 322 75 51 670 23 23 1
6 322 76 51 670 23 23 1
6 322 77 51 670 23 23 1
6 322 78 51 670 23 23 1
6 322 79 51 670 23 23 1
6 322 80 51 670 23 23 1
6 322 81 51 670 23 23 1
6 322 82 51 670 23 23 1
6 322 83 51 670 23 23 1
6 322 84 51 670 23 23 1
6 322 85 51 670 23 23 1
6 322 86 51 670 23 23 1
6 322 87 51 670 23 23 1
6 322 88 51 670 23 23 1
6 322 89 51 670 23 23 1
6 322 90 51 670 23 23 1
6 322 91 51 670 23 23 1
6 322 92 51 670 23 23 1
6 322 93 51 670 23 23 1
6 322 94 51 670 23 23 1
6 322 95 51 670 23 23 1
6 322 96 51 670 23 23 1
6 322 97 51 670 23 23 1
6 322 98 51 670 23 23 1
6 322 99 51 670 23 23 1
6 322 100 51 670 23 23 1
6 322 101 51 670 23 23 1
6 322 102 51 670 23 23 1
6 322 103 51 670 23 23 1
6 322 104 51 670 23 23 1
6 322 105 51 670 23 23 1
6 322 106 51 670 23 23 1
6 322 107 51 670 23 23 1
6 322 108 51 670 23 23 1
6 322 109 51 670 23 23 1
6 322 110 51 670 23 23 1
6 322 111 51 670 23 23 1
6 322 112 51 670 23 23 1
6 322 113 51 670 23 23 1
6 322 114 51 670 23 23 1
6 322 115 51 670 23 23 1
6 322 116 51 670 23 23 1
6 322 117 51 670 23 23 1
6 322 118 51 670 23 23 1
6 322 119 51 670 23 23 1
6 322 120 51 670 23 23 1
6 322 121 51 670 23 23 1
6 322 122 51 670 23 23 1
6 322 123 51 670 23 23 1
6 322 124 51 670 23 23 1
6 322 125 51 670 23 23 1
6 322 126 51 670 23 23 1
6 322 127 51 670 23 23 1
6 322 128 51 670 23 23 1
6 322 129 51 670 23 23 1
6 322 130 51 670 23 23 1
6 322 131 51 670 23 23 1
6 322 132 51 670 23 23 1
6 322 133 51 670 23 23 1
6 322 134 51 670 23 23 1
6 322 135 51 670 23 23 1
6 322 136 51 670 23 23 1
6 322 137 51 670 23 23 1
6 322 138 51 670 23 23 1
6 322 139 51 670 23 23 1
6 322 140 51 670 23 23 1
6 322 141 51 670 23 23 1
6 322 142 51 670 23 23 1
6 322 143 51 670 23 23 1
6 322 144 51 670 23 23 1
6 322 145 51 670 23 23 1
6 322 146 51 670 23 23 1
6 322 147 51 670 23 23 1
6 322 148 51 670 23 23 1
6 322 149 51 670 23 23 1
6 322 150 51 670 23 23 1
6 322 151 51 670 23 23 1
6 322 152 51 670 23 23 1
6 322 153 51 670 23 23 1
6 322 154 51 670 23 23 1
6 322 155 51 670 23 23 1
6 322 156 51 670 23 23 1
6 322 157 51 670 23 23 1
6 322 158 51 670 23 23 1
6 322 159 51 670 23 23 1
6 322 160 51 670 23 23 1
6 322 161 51 670 23 23 1
6 322 162 51 670 23 23 1
6 322 163 51 670 23 23 1
6 322 164 51 670 23 23 1
6 322 165 51 670 23 23 1
6 322 166 51 670 23 23 1
6 322 167 51 670 23 23 1
6 322 168 51 670 23 23 1
6 322 169 51 670 23 23 1
6 322 170 51 670 23 23 1
6 322 171 51 670 23 23 1
6 322 172 51 670 23 23 1
6 322 173 51 670 23 23 1
6 322 174 51 670 23 23 1
6 322 175 51 670 23 23 1
6 322 176 51 670 23 23 1
6 322 177 51 670 23 23 1
6 322 178 51 670 23 23 1
6 322 179 51 670 23 23 1
6 322 180 51 670 23 23 1
6 322 181 51 670 23 23 1
6 322 182 51 670 23 23 1
6 322 183 51 670 23 23 1
6 322 184 51 670 23 23 1
6 322 185 51 670 23 23 1
6 322 186 51 670 23 23 1
6 322 187 51 670 23 23 1
6 322 188 51 670 23 23 1
6 322 189 51 670 23 23 1
6 322 190 51 670 23 23 1
6 322 191 51 670 23 23 1
6 322 192 51 670 23 23 1
6 322 193 51 670 23 23 1
6 322 194 51 670 23 23 1
6 322 195 51 670 23 23 1
6 322 196 51 670 23 23 1
6 322 197 51 670 23 23 1
6 322 198 51 670 23 23 1
6 322 199 51 670 23 23 1
6 322 200 51 670 23 23 1
6 322 201 51 670 23 23 1
6 322 202 51 670 23 23 1
6 322 203 51 670 23 23 1
6 322 204 51 670 23 23 1
6 322 205 51 670 23 23 1
6 322 206 51 670 23 23 1
6 322 207 51 670 23 23 1
6 322 208 51 670 23 23 1
6 322 209 51 670 23 23 1
6 322 210 51 670 23 23 1
6 322 211 51 670 23 23 1
6 322 212 51 670 23 23 1
6 322 213 51 670 23 23 1
6 322 214 51 670 23 23 1
6 322 215 51 670 23 23 1
6 322 216 51 670 23 23 1
6 322 217 51 670 23 23 1
6 322 218 51 670 23 23 1
6 322 219 51 670 23 23 1
6 322 220 51 670 23 23 1
6 322 221 51 670 23 23 1
6 322 222 51 670 23 23 1
6 322 223 51 670 23 23 1
6 322 224 51 670 23 23 1
6 322 225 51 670 23 23 1
6 322 226 51 670 23 23 1
6 322 227 51 670 23 23 1
6 322 228 51 670 23 23 1
6 322 229 51 670 23 23 1
6 322 230 51 670 23 23 1
6 322 231 51 670 23 23 1
6 322 232 51 670 23 23 1
6 322 233 51 670 23 23 1
6 322 234 51 670 23 23 1
6 322 235 51 670 23 23 1
6 322 236 51 670 23 23 1
6 322 237 51 670 23 23 1
6 322 238 51 670 23 23 1
6 322 239 51 670 23 23 1
6 322 240 51 670 23 23 1
6 322 241 51 670 23 23 1
6 322 242 51 670 23 23 1
6 322 243 51 670 23 23 1
6 322 244 51 670 23 23 1
6 322 245 51 670 23 23 1
6 322 246 51 670 23 23 1
6 322 247 51 670 23 23 1
6 322 248 51 670 23 23 1
6 322 249 51 670 23 23 1
6 322 250 51 670 23 23 1
6 322 251 51 670 23 23 1
6 322 252 51 670 23 23 1
6 322 253 51 670 23 23 1
6 322 254 51 670 23 23 1
6 322 255 51 670 23 23 1
6 322 256 51 670 23 23 1
6 322 257 51 670 23 23 1
6 322 258 51 670 23 23 1
6 322 259 51 670 23 23 1
6 322 260 51 670 23 23 1
6 322 261 51 670 23 23 1
6 322 262 51 670 23 23 1
6 322 263 51 670 23 23 1
6 322 264 51 670 23 23 1
6 322 265 51 670 23 23 1
6 322 266 51 670 23 23 1
6 322 267 51 670 23 23 1
6 322 268 51 670 23 23 1
6 322 269 51 670 23 23 1
6 322 270 51 670 23 23 1
6 322 271 51 670 23 23 1
6 322 272 51 670 23 23 1
6 322 273 51 670 23 23 1
6 322 274 51 670 23 23 1
6 322 275 51 670 23 23 1
6 322 276 51 670 23 23 1
6 322 277 51 670 23 23 1
6 322 278 51 670 23 23 1
6 322 279 51 670 23 23 1
6 322 280 51 670 23 23 1
6 322 281 51 670 23 23 1
6 322 282 51 670 23 23 1
6 322 283 51 670 23 23 1
6 322 284 51 670 23 23 1
6 322 285 51 670 23 23 1
6 322 286 51 670 23 23 1
6 322 287 51 670 23 23 1
6 322 288 51 670 23 23 1
6 322 289 51 670 23 23 1
6 322 290 51 670 23 23 1
6 322 291 51 670 23 23 1
6 322 292 51 670 23 23 1
6 322 293 51 670 23 23 1
6 322 294 51 670 23 23 1
6 322 295 51 670 23 23 1
6 322 296 51 670 23 23 1
6 322 297 51 670 23 23 1
6 322 298 51 670 23 23 1
6 322 299 51 670 23 23 1
6 322 300 51 670 23 23 1
6 322 301 51 670 23 23 1
6 322 302 51 670 23 23 1
6 322 303 51 670 23 23 1
6 322 304 51 670 23 23 1
6 322 305 51 670 23 23 1
6 322 306 51 670 23 23 1
6 322 307 51 670 23 23 1
6 322 308 51 670 23 23 1
6 322 309 51 670 23 23 1
6 322 310 51 670 23 23 1
6 322 311 51 670 23 23 1
6 322 312 51 670 23 23 1
6 322 313 51 670 23 23 1
6 322 314 51 670 23 23 1
6 322 315 51 670 23 23 1
6 322 316 51 670 23 23 1
6 322 317 51 670 23 23 1
6 322 318 51 670 23 23 1
6 322 319 51 670 23 23 1
6 322 320 51 670 23 23 1
6 322 321 51 670 23 23 1
7 298 24 1258 222 18 74 5
7 298 25 1253 222 23 74 5
7 298 26 1248 222 28 74 5
7 298 27 1244 222 32 74 5
7 298 28 1237 222 39 74 5
7 298 29 1232 222 44 74 5
7 298 30 1226 222 50 74 5
7 298 31 1221 222 55 74 5
7 298 32 1216 222 62 74 5
7 298 33 1210 220 62 75 5
7 298 34 1205 220 62 75 5
7 298 35 1200 220 62 75 5
7 298 36 1194 220 62 75 5
7 298 37 1189 220 62 75 5
7 298 38 1184 220 62 75 5
7 298 39 1178 220 62 75 5
7 298 40 1173 220 62 75 5
7 298 41 1168 220 62 75 5
7 298 42 1162 220 62 75 5
7 298 43 1157 220 62 75 5
7 298 44 1152 220 62 75 5
7 298 45 1148 220 60 75 5
7 298 46 1143 218 60 75 5
7 298 47 1137 218 61 75 5
7 298 48 1132 218 60 75 5
7 298 49 1127 218 60 75 5
7 298 50 1121 218 61 75 5
7 298 51 1116 218 60 75 5
7 298 52 1111 218 60 75 5
7 298 53 1105 218 61 75 5
7 298 54 1100 218 60 75 5
7 298 55 1095 218 60 75 5
7 298 56 1089 218 61 75 5
7 298 57 1084 218 60 75 5
7 298 58 1080 218 61 75 5
7 298 59 1075 216 61 75 5
7 298 60 1072 216 60 75 5
7 298 61 1066 216 61 75 5
7 298 62 1063 216 60 75 5
7 298 63 1059 216 61 75 5
7 298 64 1054 216 60 75 5
7 298 65 1050 216 61 73 5
7 298 66 1045 216 60 73 5
7 298 67 1041 216 61 73 5
7 298 68 1038 216 60 73 5
7 298 69 1032 216 61 73 5
7 298 70 1029 216 60 73 5
7 298 71 1025 216 61 73 5
7 298 72 1020 215 60 73 5
7 298 73 1016 215 61 73 5
7 298 74 1011 215 61 73 5
7 298 75 1008 215 60 73 5
7 298 76 1004 215 60 73 5
7 298 77 999 215 60 73 5
7 298 78 995 215 61 71 5
7 298 79 992 215 60 71 5
7 298 80 986 215 61 71 5
7 298 81 983 215 60 71 5
7 298 82 977 215 61 71 5
7 298 83 974 215 60 71 5
7 298 84 970 215 61 71 5
7 298 85 965 213 60 71 5
7 298 86 961 213 61 71 5
7 298 87 958 213 60 71 5
7 298 88 952 213 61 71 5
7 298 89 949 213 60 71 5
7 298 90 944 213 60 71 5
7 298 91 940 213 60 71 5
7 298 92 936 213 61 69 5
7 298 93 931 213 61 69 5
7 298 94 928 213 60 69 5
7 298 95 924 213 60 69 5
7 298 96 919 213 60 69 5
7 298 97 915 213 61 69 5
7 298 98 910 211 60 69 5
7 298 99 906 211 61 69 5
7 298 100 903 211 60 69 5
7 298 101 897 211 61 69 5
7 298 102 894 211 60 69 5
7 298 103 890 211 61 69 5
7 298 104 885 211 60 69 5
7 298 105 881 211 61 68 5
7 298 106 876 211 60 68 5
7 298 107 872 211 61 68 5
7 298 108 869 211 60 68 5
7 298 109 864 211 60 68 5
7 298 110 860 211 60 68 5
7 298 111 856 211 61 68 5
7 298 112 853 211 59 68 5
7 298 113 849 211 59 68 5
7 298 114 846 211 58 68 5
7 298 115 842 211 59 68 5
7 298 116 839 211 57 68 5
7 298 117 835 211 57 68 5
7 298 118 832 211 56 68 5
7 298 119 828 211 57 68 5
7 298 120 824 211 56 68 5
7 298 121 821 213 55 66 5
7 298 122 817 213 55 66 5
7 298 123 814 213 55 66 5
7 298 124 810 213 54 66 5
7 298 125 808 213 52 66 5
7 298 126 805 213 51 66 5
7 298 127 801 213 52 66 5
7 298 128 798 213 50 66 5
7 298 129 794 213 50 66 5
7 298 130 791 215 49 64 5
7 298 131 787 215 50 64 5
7 298 132 784 215 48 64 5
7 298 133 780 215 48 64 5
7 298 134 776 215 48 64 5
7 298 135 773 215 48 64 5
7 298 136 769 215 47 64 5
7 298 137 766 215 46 64 5
7 298 138 762 215 46 64 5
7 298 139 760 216 45 63 5
7 298 140 759 215 42 62 5
7 298 141 757 215 43 62 5
7 298 142 755 215 43 62 5
7 298 143 753 215 43 62 5
7 298 144 752 215 42 62 5
7 298 145 750 215 41 62 5
7 298 146 748 215 41 62 5
7 298 147 748 213 39 62 5
7 298 148 746 213 39 62 5
7 298 149 744 213 40 62 5
7 298 150 743 213 37 62 5
7 298 151 741 213 37 62 5
7 298 152 739 213 37 62 5
7 298 153 737 213 38 62 5
7 298 154 737 213 36 62 5
7 298 155 736 211 33 62 5
7 298 156 734 211 34 62 5
7 298 157 732 211 34 62 5
7 298 158 730 211 34 62 5
7 298 159 728 211 34 62 5
7 298 160 727 211 32 62 5
7 298 161 725 211 32 62 5
7 298 162 725 209 30 63 5
7 298 163 723 209 30 63 5
7 298 164 721 209 31 63 5
7 298 165 720 209 28 63 5
7 298 166 718 209 28 63 5
7 298 167 716 209 28 63 5
7 298 168 714 209 29 63 5
7 298 169 714 209 27 63 5
7 298 170 712 209 27 63 5
7 298 171 712 209 27 63 5
7 298 172 712 209 27 63 5
7 298 173 712 209 27 63 5
7 298 174 711 209 26 63 5
7 298 175 711 209 26 63 5
7 298 176 711 209 26 63 5
7 298 177 711 209 26 63 5
7 298 178 709 209 27 63 5
7 298 179 709 209 27 63 5
7 298 180 709 209 27 63 5
7 298 181 709 209 27 63 5
7 298 182 707 209 27 63 5
7 298 183 707 209 27 63 5
7 298 184 707 209 27 63 5
7 298 185 707 209 27 63 5
7 298 186 705 209 27 63 5
7 298 187 705 209 27 63 5
7 298 188 705 209 27 63 5
7 298 189 705 209 27 63 5
7 298 190 704 209 26 63 5
7 298 191 704 209 26 63 5
7 298 192 704 209 26 63 5
7 298 193 704 209 26 63 5
7 298 194 702 209 26 63 5
7 298 195 702 209 26 63 5
7 298 196 702 209 26 63 5
7 298 197 702 209 26 63 5
7 298 198 700 209 27 63 5
7 298 199 700 209 27 63 5
7 298 200 700 209 27 63 5
7 298 201 700 209 27 63 5
7 298 202 700 208 27 62 5
7 298 203 700 208 27 62 5
7 298 204 702 208 26 62 5
7 298 205 702 208 26 62 5
7 298 206 702 208 28 62 5
7 298 207 704 208 26 60 5
7 298 208 704 208 26 60 5
7 298 209 705 208 27 60 5
7 298 210 705 208 27 60 5
7 298 211 705 208 29 60 5
7 298 212 707 208 27 60 5
7 298 213 707 208 27 58 5
7 298 214 707 208 29 58 5
7 298 215 709 208 27 58 5
7 298 216 709 208 28 58 5
7 298 217 711 208 26 58 5
7 298 218 711 208 26 56 5
7 298 219 711 208 28 56 5
7 298 220 712 208 27 56 5
7 298 221 712 208 29 56 5
7 298 222 712 208 29 56 5
7 298 223 714 208 27 56 5
7 298 224 714 208 29 55 5
7 298 225 716 208 27 55 5
7 298 226 716 208 28 55 5
7 298 227 716 208 28 55 5
7 298 228 718 208 26 55 5
7 298 229 718 208 28 55 5
7 298 230 718 208 28 53 5
7 298 231 720 208 28 53 5
7 298 232 720 208 28 53 5
7 298 233 721 208 27 53 5
7 298 234 721 208 29 53 5
7 298 235 721 208 29 51 5
7 298 236 723 208 29 51 5
7 298 237 723 208 29 51 5
7 298 238 723 208 29 51 5
7 298 239 725 208 28 51 5
7 298 240 725 208 28 51 5
7 298 241 727 208 28 49 5
7 298 242 727 208 28 49 5
7 298 243 727 208 28 49 5
7 298 244 728 208 29 49 5
7 298 245 728 208 29 49 5
7 298 246 730 208 29 49 5
7 298 247 730 206 29 50 5
7 298 248 732 206 28 50 5
7 298 249 734 206 28 50 5
7 298 250 736 206 28 50 5
7 298 251 737 206 27 50 5
7 298 252 737 206 29 50 5
7 298 253 739 206 29 50 5
7 298 254 741 206 28 50 5
7 298 255 743 206 28 50 5
7 298 256 744 206 27 48 5
7 298 257 746 206 27 48 5
7 298 258 746 206 29 48 5
7 298 259 748 206 28 48 5
7 298 260 750 206 28 48 5
7 298 261 752 206 26 48 5
7 298 262 753 206 27 48 5
7 298 263 753 206 29 48 5
7 298 264 755 206 29 48 5
7 298 265 757 206 27 46 5
7 298 266 759 206 26 46 5
7 298 267 760 206 27 46 5
7 298 268 762 206 27 46 5
7 298 269 762 206 29 46 5
7 298 270 764 206 27 46 5
7 298 271 766 206 26 46 5
7 298 272 768 206 26 46 5
7 298 273 769 206 27 46 5
7 298 274 771 206 27 46 5
7 298 275 771 206 27 46 5
7 298 276 773 206 27 46 5
7 298 277 773 206 27 46 5
7 298 278 775 206 26 46 5
7 298 279 776 206 27 46 5
7 298 280 776 206 27 46 5
7 298 281 778 206 27 46 5
7 298 282 778 206 27 46 5
7 298 283 780 206 27 46 5
7 298 284 782 206 26 46 5
7 298 285 782 206 26 46 5
7 298 286 784 206 26 46 5
7 298 287 784 206 26 46 5
7 298 288 785 206 27 46 5
7 298 289 787 206 27 46 5
7 298 290 787 206 27 46 5
7 298 291 789 206 27 46 5
7 298 292 789 206 27 46 5
7 298 293 791 206 26 46 5
7 298 294 792 206 27 46 5
7 298 295 792 206 27 46 5
7 298 296 794 206 27 46 5
7 298 297 794 206 27 46 5
7 298 298 796 206 27 46 5
7 298 299 798 206 26 46 5
7 298 300 798 206 26 46 5
7 298 301 800 206 26 46 5
7 298 302 800 206 26 46 5
7 298 303 801 206 27 46 5
7 298 304 803 206 27 46 5
7 298 305 803 206 27 46 5
7 298 306 805 206 27 46 5
7 298 307 807 206 26 46 5
7 298 308 807 204 26 46 5
7 298 309 808 204 27 46 5
7 298 310 808 204 27 46 5
7 298 311 810 204 27 46 5
7 298 312 812 204 27 46 5
7 298 313 812 204 27 46 5
7 298 314 814 204 26 46 5
7 298 315 816 204 26 46 5
7 298 316 816 204 26 46 5
7 298 317 817 204 27 46 5
7 298 318 819 204 27 46 5
7 298 319 819 204 27 46 5
7 298 320 821 204 27 46 5
7 298 321 823 204 26 46 5
8 292 300 48 659 33 59 1
8 292 301 48 664 30 52 1
8 292 302 48 670 26 46 1
8 292 303 46 668 26 46 1
8 292 304 46 668 26 46 1
8 292 305 46 666 26 46 1
8 292 306 46 666 26 46 1
8 292 307 44 666 28 46 1
8 292 308 44 664 28 47 1
8 292 309 44 664 28 47 1
8 292 310 44 664 28 47 1
8 292 311 44 664 28 47 1
8 292 312 44 664 28 47 1
8 292 313 44 664 28 47 1
8 292 314 44 664 28 47 1
8 292 315 44 664 28 47 1
8 292 316 44 664 28 47 1
8 292 317 44 664 28 47 1
8 292 318 44 664 28 47 1
8 292 319 44 664 28 47 1
8 292 320 44 664 28 47 1
8 292 321 44 664 28 47 1
8 292 322 44 664 28 47 1
8 292 323 44 664 28 47 1
8 292 324 44 664 28 47 1
8 292 325 44 664 28 47 1
8 292 326 44 664 28 47 1
8 292 327 44 664 28 47 1
8 292 328 44 664 28 47 1
8 292 329 44 664 28 47 1
8 292 330 44 664 28 47 1
8 292 331 44 664 28 47 1
8 292 332 44 664 28 47 1
8 292 333 44 664 28 47 1
8 292 334 44 664 28 47 1
8 292 335 44 664 28 47 1
8 292 336 44 664 28 47 1
8 292 337 44 664 28 47 1
8 292 338 44 664 28 47 1
8 292 339 44 664 28 47 1
8 292 340 46 664 26 47 1
8 292 341 46 664 26 47 1
8 292 342 46 664 26 47 1
8 292 343 46 664 26 47 1
8 292 344 46 664 26 47 1
8 292 345 46 664 26 47 1
8 292 346 46 664 28 47 1
8 292 347 46 664 28 47 1
8 292 348 46 664 28 47 1
8 292 349 46 664 28 47 1
8 292 350 46 664 28 47 1
8 292 351 46 664 28 47 1
8 292 352 46 664 28 47 1
8 292 353 46 664 28 47 1
8 292 354 46 664 28 47 1
8 292 355 46 664 28 47 1
8 292 356 46 664 28 47 1
8 292 357 46 664 28 47 1
8 292 358 46 664 28 47 1
8 292 359 46 664 28 47 1
8 292 360 46 664 28 47 1
8 292 361 46 664 28 47 1
8 292 362 46 664 28 47 1
8 292 363 46 664 28 47 1
8 292 364 46 664 28 47 1
8 292 365 46 664 28 47 1
8 292 366 46 664 28 47 1
8 292 367 46 664 28 47 1
8 292 368 46 664 28 47 1
8 292 369 46 664 28 47 1
8 292 370 48 664 26 47 1
8 292 371 48 664 26 47 1
8 292 372 48 664 26 47 1
8 292 373 48 664 26 47 1
8 292 374 48 664 26 47 1
8 292 375 48 664 26 47 1
8 292 376 48 664 26 47 1
8 292 377 48 664 26 47 1
8 292 378 48 664 26 47 1
8 292 379 48 664 26 47 1
8 292 380 48 664 26 47 1
8 292 381 48 664 26 47 1
8 292 382 48 664 28 47 1
8 292 383 48 664 28 47 1
8 292 384 48 664 28 47 1
8 292 385 48 664 28 47 1
8 292 386 48 664 28 47 1
8 292 387 48 664 28 47 1
8 292 388 48 664 28 47 1
8 292 389 48 664 28 47 1
8 292 390 48 664 28 47 1
8 292 391 48 664 28 47 1
8 292 392 48 664 28 47 1
8 292 393 48 664 28 47 1
8 292 394 48 664 28 47 1
8 292 395 48 664 28 47 1
8 292 396 48 664 28 47 1
8 292 397 48 664 28 47 1
8 292 398 48 664 28 47 1
8 292 399 49 664 27 47 1
8 292 400 49 664 27 47 1
8 292 401 49 664 27 47 1
8 292 402 49 664 27 47 1
8 292 403 49 664 27 47 1
8 292 404 49 664 27 47 1
8 292 405 49 664 27 47 1
8 292 406 49 664 27 47 1
8 292 407 49 664 27 47 1
8 292 408 49 664 27 47 1
8 292 409 49 664 27 47 1
8 292 410 49 664 27 47 1
8 292 411 49 664 27 47 1
8 292 412 49 664 27 47 1
8 292 413 49 664 27 47 1
8 292 414 49 664 27 47 1
8 292 415 49 664 27 47 1
8 292 416 49 664 27 47 1
8 292 417 49 664 29 47 1
8 292 418 49 664 29 47 1
8 292 419 49 664 29 47 1
8 292 420 49 664 29 47 1
8 292 421 49 664 29 47 1
8 292 422 49 664 29 47 1
8 292 423 49 664 29 47 1
8 292 424 49 664 29 47 1
8 292 425 49 664 29 47 1
8 292 426 49 664 29 47 1
8 292 427 49 664 29 47 1
8 292 428 49 664 29 47 1
8 292 429 51 664 27 47 1
8 292 430 51 664 27 47 1
8 292 431 51 664 27 47 1
8 292 432 51 664 27 47 1
8 292 433 51 664 27 47 1
8 292 434 51 664 27 47 1
8 292 435 51 664 27 47 1
8 292 436 51 664 27 47 1
8 292 437 51 664 27 47 1
8 292 438 51 664 27 47 1
8 292 439 51 664 27 47 1
8 292 440 51 664 27 47 1
8 292 441 51 664 27 47 1
8 292 442 51 664 27 47 1
8 292 443 51 664 27 47 1
8 292 444 51 664 27 47 1
8 292 445 51 664 27 47 1
8 292 446 51 664 27 47 1
8 292 447 51 664 27 47 1
8 292 448 51 664 27 47 1
8 292 449 51 664 27 47 1
8 292 450 51 664 27 47 1
8 292 451 51 664 27 47 1
8 292 452 51 664 27 47 1
8 292 453 51 664 29 47 1
8 292 454 51 664 29 47 1
8 292 455 51 664 29 47 1
8 292 456 51 664 29 47 1
8 292 457 51 664 29 47 1
8 292 458 51 664 29 47 1
8 292 459 53 664 27 47 1
8 292 460 53 664 27 47 1
8 292 461 53 664 27 47 1
8 292 462 53 664 27 47 1
8 292 463 53 664 27 47 1
8 292 464 53 664 27 47 1
8 292 465 53 664 27 47 1
8 292 466 53 664 27 47 1
8 292 467 53 664 27 47 1
8 292 468 53 664 27 47 1
8 292 469 53 664 27 47 1
8 292 470 53 664 27 47 1
8 292 471 53 664 27 47 1
8 292 472 53 664 27 47 1
8 292 473 53 664 27 47 1
8 292 474 53 664 27 47 1
8 292 475 53 664 27 47 1
8 292 476 53 664 27 47 1
8 292 477 53 664 27 47 1
8 292 478 53 664 27 47 1
8 292 479 53 664 27 47 1
8 292 480 53 664 27 47 1
8 292 481 53 664 27 47 1
8 292 482 53 664 27 47 1
8 292 483 53 664 27 47 1
8 292 484 53 664 27 47 1
8 292 485 53 664 27 47 1
8 292 486 53 664 27 47 1
8 292 487 53 664 27 47 1
8 292 488 55 664 26 47 1
8 292 489 53 663 27 46 1
8 292 490 53 663 27 46 1
8 292 491 53 663 27 46 1
8 292 492 53 663 27 46 1
8 292 493 53 663 27 46 1
8 292 494 53 663 27 46 1
8 292 495 53 663 27 46 1
8 292 496 53 663 27 46 1
8 292 497 53 663 27 46 1
8 292 498 53 663 27 46 1
8 292 499 53 663 27 46 1
8 292 500 53 663 27 46 1
8 292 501 53 663 27 46 1
8 292 502 53 663 27 46 1
8 292 503 53 663 27 46 1
8 292 504 53 663 27 46 1
8 292 505 53 663 27 46 1
8 292 506 53 663 27 46 1
8 292 507 53 663 27 46 1
8 292 508 53 663 27 46 1
8 292 509 53 663 27 46 1
8 292 510 53 663 27 46 1
8 292 511 53 663 27 46 1
8 292 512 53 663 27 46 1
8 292 513 53 663 27 46 1
8 292 514 53 663 27 46 1
8 292 515 53 663 27 46 1
8 292 516 53 663 27 46 1
8 292 517 53 663 27 46 1
8 292 518 53 663 27 46 1
8 292 519 53 663 27 46 1
8 292 520 53 663 27 46 1
8 292 521 53 663 27 46 1
8 292 522 53 663 27 46 1
8 292 523 53 663 27 46 1
8 292 524 53 663 27 46 1
8 292 525 53 663 27 46 1
8 292 526 53 663 27 46 1
8 292 527 53 663 27 46 1
8 292 528 53 663 27 46 1
8 292 529 53 663 27 46 1
8 292 530 53 663 27 46 1
8 292 531 53 663 27 46 1
8 292 532 53 663 27 46 1
8 292 533 53 663 27 46 1
8 292 534 51 661 27 46 1
8 292 535 51 661 27 46 1
8 292 536 51 661 27 46 1
8 292 537 51 661 27 46 1
8 292 538 51 661 27 46 1
8 292 539 51 661 27 46 1
8 292 540 51 661 27 46 1
8 292 541 51 661 27 46 1
8 292 542 51 661 27 46 1
8 292 543 51 661 27 46 1
8 292 544 51 661 27 46 1
8 292 545 51 661 27 46 1
8 292 546 51 661 27 46 1
8 292 547 51 661 27 46 1
8 292 548 51 661 27 46 1
8 292 549 51 661 27 46 1
8 292 550 51 661 27 46 1
8 292 551 51 661 27 46 1
8 292 552 51 661 27 46 1
8 292 553 51 661 27 46 1
8 292 554 51 661 27 46 1
8 292 555 51 661 27 46 1
8 292 556 51 661 27 46 1
8 292 557 51 661 27 46 1
8 292 558 51 661 27 46 1
8 292 559 51 661 27 46 1
8 292 560 51 661 27 46 1
8 292 561 51 661 27 46 1
8 292 562 51 661 27 46 1
8 292 563 51 661 27 46 1
8 292 564 51 661 27 46 1
8 292 565 51 661 27 46 1
8 292 566 51 661 27 46 1
8 292 567 51 661 27 46 1
8 292 568 51 661 27 46 1
8 292 569 51 661 27 46 1
8 292 570 51 661 27 46 1
8 292 571 51 661 27 46 1
8 292 572 51 661 27 46 1
8 292 573 51 661 27 46 1
8 292 574 51 661 27 46 1
8 292 575 51 661 27 46 1
8 292 576 51 661 27 46 1
8 292 577 51 661 27 46 1
8 292 578 51 661 27 46 1
8 292 579 51 661 27 46 1
8 292 580 49 659 27 46 1
8 292 581 49 659 27 46 1
8 292 582 49 659 27 46 1
8 292 583 49 659 27 46 1
8 292 584 48 659 26 46 1
8 292 585 48 659 26 46 1
8 292 586 48 659 26 46 1
8 292 587 48 659 26 46 1
8 292 588 48 659 26 46 1
8 292 589 48 659 26 46 1
8 292 590 48 659 26 46 1
8 292 591 48 659 26 46 1
9 55 301 796 204 20 36 1
9 55 302 798 204 19 36 1
9 55 303 800 204 19 36 1
9 55 304 801 204 20 36 1
9 55 305 803 204 20 36 1
9 55 306 807 206 19 35 1
9 55 307 808 204 20 36 1
9 55 308 810 204 20 36 1
9 55 309 812 202 20 36 1
9 55 310 814 202 21 36 1
9 55 311 814 202 21 36 1
9 55 312 814 202 21 36 1
9 55 313 814 202 21 36 1
9 55 314 814 202 21 36 1
9 55 315 816 202 21 36 1
9 55 316 816 202 21 36 1
9 55 317 817 202 22 36 1
9 55 318 819 204 20 36 1
9 55 319 819 204 21 36 1
9 55 320 821 204 19 36 1
9 55 321 821 204 21 36 1
9 55 322 823 204 19 36 1
9 55 323 824 206 20 35 1
9 55 324 824 206 20 35 1
9 55 325 826 206 20 35 1
9 55 326 828 206 20 35 1
9 55 327 828 206 20 35 1
9 55 328 830 206 19 35 1
9 55 329 832 206 19 35 1
9 55 330 832 206 19 35 1
9 55 331 833 206 20 35 1
9 55 332 835 206 20 35 1
9 55 333 835 206 20 35 1
9 55 334 837 206 19 35 1
9 55 335 839 206 19 35 1
9 55 336 839 206 19 35 1
9 55 337 840 206 20 35 1
9 55 338 842 206 20 35 1
9 55 339 842 206 20 35 1
9 55 340 844 206 20 35 1
9 55 341 846 206 19 35 1
9 55 342 846 206 19 35 1
9 55 343 848 206 19 35 1
9 55 344 848 206 21 35 1
9 55 345 849 206 20 35 1
9 55 346 851 206 20 35 1
9 55 347 851 206 21 35 1
9 55 348 853 206 19 35 1
9 55 349 853 206 21 35 1
9 55 350 855 206 21 35 1
9 55 351 856 206 22 35 1
9 55 352 856 206 22 35 1
9 55 353 858 206 20 35 1
9 55 354 858 206 22 35 1
9 55 355 860 206 20 35 1
