0 318 0 798 209 28 63 1
0 318 1 796 209 28 63 1
0 318 2 794 209 29 63 1
0 318 3 792 209 29 63 1
0 318 4 791 209 28 63 1
0 318 5 789 209 28 63 1
0 318 6 787 209 29 63 1
0 318 7 785 209 29 63 1
0 318 8 785 209 29 63 1
0 318 9 784 209 28 63 1
0 318 10 782 209 28 63 1
0 318 11 780 209 28 63 1
0 318 12 778 209 29 63 1
0 318 13 776 209 29 63 1
0 318 14 775 209 28 63 1
0 318 15 773 209 28 63 1
0 318 16 773 209 28 63 1
0 318 17 771 209 29 63 1
0 318 18 769 209 29 63 1
0 318 19 768 209 28 63 1
0 318 20 766 209 28 63 1
0 318 21 764 209 28 63 1
0 318 22 762 209 29 63 1
0 318 23 762 209 29 63 1
0 318 24 760 209 29 63 1
0 318 25 759 209 28 63 1
0 318 26 757 209 28 63 1
0 318 27 755 209 29 63 1
0 318 28 753 209 29 63 1
0 318 29 752 209 28 63 1
0 318 30 750 209 28 63 1
0 318 31 750 209 28 63 1
0 318 32 748 209 28 63 1
0 318 33 746 209 29 63 1
0 318 34 744 209 29 63 1
0 318 35 743 209 28 63 1
0 318 36 741 209 28 63 1
0 318 37 739 209 29 63 1
0 318 38 737 209 29 63 1
0 318 39 737 209 29 63 1
0 318 40 736 209 28 63 1
0 318 41 734 209 28 63 1
0 318 42 732 209 28 63 1
0 318 43 730 209 29 63 1
0 318 44 728 209 29 63 1
0 318 45 727 209 28 63 1
0 318 46 727 209 28 63 1
0 318 47 725 209 28 63 1
0 318 48 723 209 29 63 1
0 318 49 721 209 29 63 1
0 318 50 720 209 28 63 1
0 318 51 718 209 28 63 1
0 318 52 716 209 28 63 1
0 318 53 714 209 29 63 1
0 318 54 714 209 29 63 1
0 318 55 712 209 29 63 1
0 318 56 711 209 28 63 1
0 318 57 709 209 28 63 1
0 318 58 707 211 29 62 1
0 318 59 705 211 29 62 1
0 318 60 704 211 28 62 1
0 318 61 702 211 28 62 1
0 318 62 702 211 28 62 1
0 318 63 700 211 28 62 1
0 318 64 698 211 29 62 1
0 318 65 696 211 29 62 1
0 318 66 695 211 28 62 1
0 318 67 693 211 28 62 1
0 318 68 691 211 29 62 1
0 318 69 691 211 29 62 1
0 318 70 689 211 29 62 1
0 318 71 688 211 28 62 1
0 318 72 686 211 28 62 1
0 318 73 684 211 28 62 1
0 318 74 682 211 29 62 1
0 318 75 680 211 29 62 1
0 318 76 679 211 28 62 1
0 318 77 679 211 28 62 1
0 318 78 677 211 28 62 1
0 318 79 675 211 29 62 1
0 318 80 673 211 29 62 1
0 318 81 672 211 28 62 1
0 318 82 670 211 28 62 1
0 318 83 668 211 28 62 1
0 318 84 666 211 29 62 1
0 318 85 666 211 29 62 1
0 318 86 664 211 29 62 1
0 318 87 663 211 28 62 1
0 318 88 661 211 28 62 1
0 318 89 659 211 29 62 1
0 318 90 657 211 29 62 1
0 318 91 656 211 28 62 1
0 318 92 656 211 28 62 1
0 318 93 654 211 28 62 1
0 318 94 652 211 28 62 1
0 318 95 650 211 29 62 1
0 318 96 648 211 29 62 1
0 318 97 647 211 28 62 1
0 318 98 645 211 28 62 1
0 318 99 643 211 29 62 1
0 318 100 643 211 29 62 1
0 318 101 641 211 29 62 1
0 318 102 640 211 28 62 1
0 318 103 638 211 28 62 1
0 318 104 636 211 28 62 1
0 318 105 634 211 29 62 1
0 318 106 632 211 29 62 1
0 318 107 631 211 28 62 1
0 318 108 631 211 28 62 1
0 318 109 629 211 28 62 1
0 318 110 627 211 29 62 1
0 318 111 625 211 29 62 1
0 318 112 624 211 28 62 1
0 318 113 622 211 28 62 1
0 318 114 620 211 28 62 1
0 318 115 620 213 28 62 1
0 318 116 618 213 29 62 1
0 318 117 616 213 29 62 1
0 318 118 615 213 28 62 1
0 318 119 613 213 28 62 1
0 318 120 611 213 29 62 1
0 318 121 609 213 29 62 1
0 318 122 608 213 28 62 1
0 318 123 608 213 28 62 1
0 318 124 606 213 28 62 1
0 318 125 604 213 28 62 1
0 318 126 602 213 29 62 1
0 318 127 600 213 29 62 1
0 318 128 599 213 28 62 1
0 318 129 597 213 28 62 1
0 318 130 595 213 29 62 1
0 318 131 595 213 29 62 1
0 318 132 593 213 29 62 1
0 318 133 592 213 28 62 1
0 318 134 590 213 28 62 1
0 318 135 588 213 28 62 1
0 318 136 586 213 29 62 1
0 318 137 584 213 29 62 1
0 318 138 584 213 29 62 1
0 318 139 583 213 28 62 1
0 318 140 581 213 28 62 1
0 318 141 579 213 29 62 1
0 318 142 577 213 29 62 1
0 318 143 576 213 28 62 1
0 318 144 574 213 28 62 1
0 318 145 572 213 28 62 1
0 318 146 572 213 28 62 1
0 318 147 570 213 29 62 1
0 318 148 568 213 29 62 1
0 318 149 567 213 28 62 1
0 318 150 565 213 28 62 1
0 318 151 563 213 29 62 1
0 318 152 561 213 29 62 1
0 318 153 560 213 28 62 1
0 318 154 560 213 28 62 1
0 318 155 558 213 28 62 1
0 318 156 556 213 28 62 1
0 318 157 554 213 29 62 1
0 318 158 552 213 29 62 1
0 318 159 551 213 28 62 1
0 318 160 549 213 28 62 1
0 318 161 549 213 28 62 1
0 318 162 547 213 29 62 1
0 318 163 545 213 29 62 1
0 318 164 544 213 28 62 1
0 318 165 542 213 28 62 1
0 318 166 540 213 28 62 1
0 318 167 538 213 29 62 1
0 318 168 536 213 29 62 1
0 318 169 536 213 29 62 1
0 318 170 535 213 28 62 1
0 318 171 533 213 28 62 1
0 318 172 531 213 29 62 1
0 318 173 529 215 29 62 1
0 318 174 528 215 28 62 1
0 318 175 526 215 28 62 1
0 318 176 524 215 28 62 1
0 318 177 524 215 28 62 1
0 318 178 522 215 29 62 1
0 318 179 520 215 29 62 1
0 318 180 519 215 28 62 1
0 318 181 517 215 28 62 1
0 318 182 515 215 29 62 1
0 318 183 513 215 29 62 1
0 318 184 513 215 29 62 1
0 318 185 512 215 28 62 1
0 318 186 510 215 28 62 1
0 318 187 508 215 28 62 1
0 318 188 506 215 29 62 1
0 318 189 504 215 29 62 1
0 318 190 503 215 28 62 1
0 318 191 501 215 28 62 1
0 318 192 501 215 28 62 1
0 318 193 499 215 29 62 1
0 318 194 497 215 29 62 1
0 318 195 496 215 28 62 1
0 318 196 494 215 28 62 1
0 318 197 492 215 28 62 1
0 318 198 490 215 29 62 1
0 318 199 488 215 29 62 1
0 318 200 488 215 29 62 1
0 318 201 487 215 28 62 1
0 318 202 485 215 28 62 1
0 318 203 483 215 29 62 1
0 318 204 481 215 29 62 1
0 318 205 480 215 28 62 1
0 318 206 478 215 28 62 1
0 318 207 478 215 28 62 1
0 318 208 476 215 28 62 1
0 318 209 474 215 29 62 1
0 318 210 472 215 29 62 1
0 318 211 471 215 28 62 1
0 318 212 469 215 28 62 1
0 318 213 467 215 29 62 1
0 318 214 465 215 29 62 1
0 318 215 465 215 29 62 1
0 318 216 464 215 28 62 1
0 318 217 462 215 28 62 1
0 318 218 460 215 28 62 1
0 318 219 458 215 29 62 1
0 318 220 456 215 29 62 1
0 318 221 455 215 28 62 1
0 318 222 453 215 28 62 1
0 318 223 453 215 28 62 1
0 318 224 451 215 29 62 1
0 318 225 449 215 29 62 1
0 318 226 448 215 28 62 1
0 318 227 446 215 28 62 1
0 318 228 444 215 28 62 1
0 318 229 442 215 29 62 1
0 318 230 442 216 29 63 1
0 318 231 440 216 29 63 1
0 318 232 439 216 28 63 1
0 318 233 439 216 28 63 1
0 318 234 437 216 28 63 1
0 318 235 435 216 29 63 1
0 318 236 435 216 29 63 1
0 318 237 433 216 29 63 1
0 318 238 433 218 29 62 1
0 318 239 432 218 28 62 1
0 318 240 430 218 28 62 1
0 318 241 430 218 28 62 1
0 318 242 428 218 28 62 1
0 318 243 426 218 29 62 1
0 318 244 426 218 29 62 1
0 318 245 424 220 29 62 1
0 318 246 424 220 29 62 1
0 318 247 423 220 28 62 1
0 318 248 421 220 28 62 1
0 318 249 421 220 28 62 1
0 318 250 419 220 29 62 1
0 318 251 417 220 29 62 1
0 318 252 417 222 29 62 1
0 318 253 416 222 28 62 1
0 318 254 416 222 28 62 1
0 318 255 414 222 28 62 1
0 318 256 412 222 28 62 1
0 318 257 412 222 28 62 1
0 318 258 410 222 29 62 1
0 318 259 410 224 29 62 1
0 318 260 408 224 29 62 1
0 318 261 407 224 28 62 1
0 318 262 407 224 28 62 1
0 318 263 405 225 28 63 1
0 318 264 405 225 28 63 1
0 318 265 403 225 29 63 1
0 318 266 403 227 29 62 1
0 318 267 401 227 29 62 1
0 318 268 401 227 29 62 1
0 318 269 400 229 28 62 1
0 318 270 400 229 28 62 1
0 318 271 398 229 28 62 1
0 318 272 398 231 28 62 1
0 318 273 396 231 28 62 1
0 318 274 396 231 28 62 1
0 318 275 394 232 29 63 1
0 318 276 394 232 29 63 1
0 318 277 392 232 29 63 1
0 318 278 392 234 29 62 1
0 318 279 391 234 28 62 1
0 318 280 391 234 28 62 1
0 318 281 389 234 28 62 1
0 318 282 389 236 28 62 1
0 318 283 387 236 29 62 1
0 318 284 387 236 29 62 1
0 318 285 385 238 29 62 1
0 318 286 385 238 29 62 1
0 318 287 384 238 28 62 1
0 318 288 384 240 28 62 1
0 318 289 382 240 28 62 1
0 318 290 382 240 28 62 1
0 318 291 380 241 28 63 1
0 318 292 380 241 28 63 1
0 318 293 378 241 29 63 1
0 318 294 378 243 29 62 1
0 318 295 376 243 29 62 1
0 318 296 376 243 29 62 1
0 318 297 375 245 28 62 1
0 318 298 375 245 28 62 1
0 318 299 373 245 28 62 1
0 318 300 373 247 28 62 1
0 318 301 371 247 29 62 1
0 318 302 369 247 29 62 1
0 318 303 369 247 29 62 1
0 318 304 368 247 28 62 1
0 318 305 368 247 28 62 1
0 318 306 366 247 28 64 1
0 318 307 366 247 28 64 1
0 318 308 364 247 28 64 1
0 318 309 364 247 28 64 1
0 318 310 362 247 29 64 1
0 318 311 362 247 29 64 1
0 318 312 360 247 29 65 1
0 318 313 360 247 29 65 1
0 318 314 359 247 28 65 1
0 318 315 359 247 28 65 1
0 318 316 357 247 28 65 1
0 318 317 357 248 28 66 1
1 318 0 1029 199 25 46 1
1 318 1 1027 199 25 46 1
1 318 2 1027 199 25 46 1
1 318 3 1027 199 25 46 1
1 318 4 1027 199 25 46 1
1 318 5 1027 199 25 46 1
1 318 6 1025 199 25 46 1
1 318 7 1025 199 25 46 1
1 318 8 1025 199 25 46 1
1 318 9 1025 199 25 46 1
1 318 10 1025 199 25 46 1
1 318 11 1024 199 24 46 1
1 318 12 1024 199 24 46 1
1 318 13 1024 199 24 46 1
1 318 14 1024 199 24 46 1
1 318 15 1024 199 24 46 1
1 318 16 1022 199 25 46 1
1 318 17 1022 199 25 46 1
1 318 18 1022 199 25 46 1
1 318 19 1022 199 25 46 1
1 318 20 1022 199 25 46 1
1 318 21 1022 200 25 47 1
1 318 22 1020 200 25 47 1
1 318 23 1020 200 25 47 1
1 318 24 1020 200 25 47 1
1 318 25 1020 200 25 47 1
1 318 26 1020 200 25 47 1
1 318 27 1018 200 25 47 1
1 318 28 1018 200 25 47 1
1 318 29 1018 200 25 47 1
1 318 30 1018 200 25 47 1
1 318 31 1018 200 25 47 1
1 318 32 1016 200 25 47 1
1 318 33 1016 200 25 47 1
1 318 34 1016 200 25 47 1
1 318 35 1016 200 25 47 1
1 318 36 1016 200 25 47 1
1 318 37 1015 200 25 47 1
1 318 38 1015 200 25 47 1
1 318 39 1015 200 25 47 1
1 318 40 1015 200 25 47 1
1 318 41 1015 200 25 47 1
1 318 42 1015 202 25 46 1
1 318 43 1013 202 25 46 1
1 318 44 1011 202 25 46 1
1 318 45 1009 202 25 46 1
1 318 46 1008 202 24 46 1
1 318 47 1008 202 24 46 1
1 318 48 1006 202 25 46 1
1 318 49 1004 202 25 46 1
1 318 50 1002 202 25 46 1
1 318 51 1002 202 25 46 1
1 318 52 1000 202 25 46 1
1 318 53 999 202 25 46 1
1 318 54 997 202 25 46 1
1 318 55 997 202 25 46 1
1 318 56 995 202 25 46 1
1 318 57 993 202 25 46 1
1 318 58 992 202 24 46 1
1 318 59 992 202 24 46 1
1 318 60 990 202 25 46 1
1 318 61 988 202 25 46 1
1 318 62 986 202 25 46 1
1 318 63 986 202 25 46 1
1 318 64 984 202 25 46 1
1 318 65 983 202 25 46 1
1 318 66 981 202 25 46 1
1 318 67 981 202 25 46 1
1 318 68 979 202 25 46 1
1 318 69 977 202 25 46 1
1 318 70 976 202 24 46 1
1 318 71 976 202 24 46 1
1 318 72 974 204 25 46 1
1 318 73 972 204 25 46 1
1 318 74 970 204 25 46 1
1 318 75 970 204 25 46 1
1 318 76 968 204 25 46 1
1 318 77 967 204 25 46 1
1 318 78 965 204 25 46 1
1 318 79 965 204 25 46 1
1 318 80 963 204 25 46 1
1 318 81 961 204 25 46 1
1 318 82 960 204 24 46 1
1 318 83 960 204 24 46 1
1 318 84 958 204 25 46 1
1 318 85 956 204 25 46 1
1 318 86 954 204 25 46 1
1 318 87 954 204 25 46 1
1 318 88 952 204 25 46 1
1 318 89 951 204 25 46 1
1 318 90 949 204 25 46 1
1 318 91 949 204 25 46 1
1 318 92 947 204 25 46 1
1 318 93 945 204 25 46 1
1 318 94 944 204 24 46 1
1 318 95 944 204 24 46 1
1 318 96 942 204 25 46 1
1 318 97 940 204 25 46 1
1 318 98 938 204 25 46 1
1 318 99 938 204 25 46 1
1 318 100 936 204 25 46 1
1 318 101 935 206 25 46 1
1 318 102 933 206 25 46 1
1 318 103 933 206 25 46 1
1 318 104 931 206 25 46 1
1 318 105 929 206 25 46 1
1 318 106 928 206 24 46 1
1 318 107 928 206 24 46 1
1 318 108 926 206 25 46 1
1 318 109 924 206 25 46 1
1 318 110 922 206 25 46 1
1 318 111 922 206 25 46 1
1 318 112 920 206 25 46 1
1 318 113 919 206 25 46 1
1 318 114 917 206 25 46 1
1 318 115 917 206 25 46 1
1 318 116 915 206 25 46 1
1 318 117 913 206 25 46 1
1 318 118 912 206 24 46 1
1 318 119 912 206 24 46 1
1 318 120 910 206 25 46 1
1 318 121 908 206 25 46 1
1 318 122 906 206 25 46 1
1 318 123 906 206 25 46 1
1 318 124 904 206 25 46 1
1 318 125 903 206 25 46 1
1 318 126 901 206 25 46 1
1 318 127 901 206 25 46 1
1 318 128 899 206 25 46 1
1 318 129 897 206 25 46 1
1 318 130 896 208 24 46 1
1 318 131 896 208 24 46 1
1 318 132 894 208 25 46 1
1 318 133 892 208 25 46 1
1 318 134 890 208 25 46 1
1 318 135 890 208 25 46 1
1 318 136 888 208 25 46 1
1 318 137 887 208 25 46 1
1 318 138 885 208 25 46 1
1 318 139 885 208 25 46 1
1 318 140 883 208 25 46 1
1 318 141 881 208 25 46 1
1 318 142 880 208 24 46 1
1 318 143 880 208 24 46 1
1 318 144 878 208 25 46 1
1 318 145 876 208 25 46 1
1 318 146 874 208 25 46 1
1 318 147 874 208 25 46 1
1 318 148 872 208 25 46 1
1 318 149 871 208 25 46 1
1 318 150 869 208 25 46 1
1 318 151 869 208 25 46 1
1 318 152 867 208 25 46 1
1 318 153 865 208 25 46 1
1 318 154 864 208 24 46 1
1 318 155 864 208 24 46 1
1 318 156 862 208 25 46 1
1 318 157 860 208 25 46 1
1 318 158 858 208 25 46 1
1 318 159 858 209 25 47 1
1 318 160 856 208 25 46 1
1 318 161 856 208 25 46 1
1 318 162 855 208 25 46 1
1 318 163 855 208 25 46 1
1 318 164 855 208 25 46 1
1 318 165 853 208 25 46 1
1 318 166 853 208 25 46 1
1 318 167 853 208 25 46 1
1 318 168 851 208 25 46 1
1 318 169 851 208 25 46 1
1 318 170 851 208 25 46 1
1 318 171 849 208 25 46 1
1 318 172 849 208 25 46 1
1 318 173 849 208 25 46 1
1 318 174 848 208 24 46 1
1 318 175 848 208 24 46 1
1 318 176 846 208 25 46 1
1 318 177 846 208 25 46 1
1 318 178 846 208 25 46 1
1 318 179 844 208 25 46 1
1 318 180 844 208 25 46 1
1 318 181 844 208 25 46 1
1 318 182 842 208 25 46 1
1 318 183 842 208 25 46 1
1 318 184 842 208 25 46 1
1 318 185 840 208 25 46 1
1 318 186 840 208 25 46 1
1 318 187 840 208 25 46 1
1 318 188 839 208 25 46 1
1 318 189 839 208 25 46 1
1 318 190 839 208 25 46 1
1 318 191 837 208 25 46 1
1 318 192 837 208 25 46 1
1 318 193 835 208 25 46 1
1 318 194 835 208 25 46 1
1 318 195 835 208 25 46 1
1 318 196 833 208 25 46 1
1 318 197 833 208 25 46 1
1 318 198 833 208 25 46 1
1 318 199 832 208 24 46 1
1 318 200 832 208 24 46 1
1 318 201 832 208 24 46 1
1 318 202 830 208 25 46 1
1 318 203 830 208 25 46 1
1 318 204 830 208 25 46 1
1 318 205 828 208 25 46 1
1 318 206 828 208 25 46 1
1 318 207 828 208 25 46 1
1 318 208 826 206 25 46 1
1 318 209 826 206 25 46 1
1 318 210 826 206 25 46 1
1 318 211 826 206 25 46 1
1 318 212 826 206 25 46 1
1 318 213 826 206 25 46 1
1 318 214 826 206 25 46 1
1 318 215 826 206 25 46 1
1 318 216 824 206 25 46 1
1 318 217 824 206 25 46 1
1 318 218 824 206 25 46 1
1 318 219 824 206 25 46 1
1 318 220 824 206 25 46 1
1 318 221 824 206 25 46 1
1 318 222 824 206 25 46 1
1 318 223 824 206 25 46 1
1 318 224 823 206 25 46 1
1 318 225 823 206 25 46 1
1 318 226 823 206 25 46 1
1 318 227 823 206 25 46 1
1 318 228 823 206 25 46 1
1 318 229 823 206 25 46 1
1 318 230 823 206 25 46 1
1 318 231 823 206 25 46 1
1 318 232 821 206 25 46 1
1 318 233 821 206 25 46 1
1 318 234 821 206 25 46 1
1 318 235 821 206 25 46 1
1 318 236 821 206 25 46 1
1 318 237 821 206 25 46 1
1 318 238 821 206 25 46 1
1 318 239 821 206 25 46 1
1 318 240 821 206 25 46 1
1 318 241 819 206 25 46 1
1 318 242 819 206 25 46 1
1 318 243 819 206 25 46 1
1 318 244 819 206 25 46 1
1 318 245 819 206 25 46 1
1 318 246 819 206 25 46 1
1 318 247 819 206 25 46 1
1 318 248 819 206 25 46 1
1 318 249 817 206 25 46 1
1 318 250 817 206 25 46 1
1 318 251 817 206 25 46 1
1 318 252 817 206 25 46 1
1 318 253 817 206 25 46 1
1 318 254 817 206 25 46 1
1 318 255 817 206 25 46 1
1 318 256 817 206 25 46 1
1 318 257 816 206 24 46 1
1 318 258 816 206 24 46 1
1 318 259 816 206 24 46 1
1 318 260 816 206 24 46 1
1 318 261 816 206 24 46 1
1 318 262 816 206 24 46 1
1 318 263 816 206 24 46 1
1 318 264 816 206 24 46 1
1 318 265 816 206 24 46 1
1 318 266 816 204 24 46 1
1 318 267 816 204 24 46 1
1 318 268 816 204 24 46 1
1 318 269 816 204 24 46 1
1 318 270 816 204 24 46 1
1 318 271 816 204 24 46 1
1 318 272 816 204 24 46 1
1 318 273 816 204 24 46 1
1 318 274 816 204 24 46 1
1 318 275 816 204 24 46 1
1 318 276 816 204 24 46 1
1 318 277 816 204 24 46 1
1 318 278 816 204 24 46 1
1 318 279 816 204 24 46 1
1 318 280 816 204 24 46 1
1 318 281 816 204 24 46 1
1 318 282 816 204 24 46 1
1 318 283 816 204 24 46 1
1 318 284 816 204 24 46 1
1 318 285 816 204 24 46 1
1 318 286 816 204 24 46 1
1 318 287 816 204 24 46 1
1 318 288 816 204 24 46 1
1 318 289 816 204 24 46 1
1 318 290 816 204 24 46 1
1 318 291 816 204 24 46 1
1 318 292 816 204 24 46 1
1 318 293 816 204 24 46 1
1 318 294 816 204 24 46 1
1 318 295 816 204 24 46 1
1 318 296 816 204 24 46 1
1 318 297 816 204 24 46 1
1 318 298 816 204 24 46 1
1 318 299 816 204 24 46 1
1 318 300 816 204 24 46 1
1 318 301 816 204 23 46 1
1 318 302 816 204 23 46 1
1 318 303 816 204 23 46 1
1 318 304 816 204 23 46 1
1 318 305 816 204 23 46 1
1 318 306 816 204 21 46 1
1 318 307 816 204 21 46 1
1 318 308 816 204 21 46 1
1 318 309 816 206 21 44 1
1 318 310 816 206 21 44 1
1 318 311 816 206 21 44 1
1 318 312 816 206 19 44 1
1 318 313 816 206 19 44 1
1 318 314 816 206 19 44 1
1 318 315 816 206 19 44 1
1 318 316 816 206 19 44 1
1 318 317 817 208 18 42 1
