0 385 237 864 202 21 39 1
0 385 238 862 202 21 39 1
0 385 239 862 202 21 39 1
0 385 240 860 202 21 39 1
0 385 241 860 202 21 39 1
0 385 242 860 202 21 39 1
0 385 243 858 202 22 39 1
0 385 244 858 202 22 39 1
0 385 245 856 202 22 39 1
0 385 246 856 202 22 39 1
0 385 247 856 202 22 39 1
0 385 248 855 204 21 37 1
0 385 249 855 204 21 37 1
0 385 250 855 204 21 37 1
0 385 251 853 204 21 37 1
0 385 252 853 204 21 37 1
0 385 253 851 204 21 37 1
0 385 254 851 204 21 37 1
0 385 255 851 204 21 37 1
0 385 256 849 204 22 37 1
0 385 257 849 204 22 37 1
0 385 258 849 206 22 37 1
0 385 259 844 206 21 37 1
0 385 260 839 206 23 39 1
0 385 261 839 206 23 39 1
0 385 262 839 206 23 39 1
0 385 263 839 206 23 39 1
0 385 264 839 206 23 39 1
0 385 265 839 206 23 39 1
0 385 266 839 206 23 39 1
0 385 267 839 206 23 39 1
0 385 268 839 206 23 39 1
0 385 269 839 206 23 39 1
0 385 270 839 206 23 39 1
0 385 271 839 206 23 39 1
0 385 272 839 206 23 39 1
0 385 273 839 206 23 39 1
0 385 274 839 206 23 39 1
0 385 275 839 206 23 39 1
0 385 276 839 206 23 39 1
0 385 277 837 206 23 39 1
0 385 278 837 206 23 39 1
0 385 279 835 206 23 39 1
0 385 280 835 206 23 39 1
0 385 281 833 206 23 39 1
0 385 282 833 206 23 39 1
0 385 283 833 206 23 39 1
0 385 284 832 206 23 39 1
0 385 285 832 206 23 39 1
0 385 286 830 206 23 39 1
0 385 287 830 206 23 39 1
0 385 288 830 206 23 39 1
0 385 289 828 206 23 39 1
0 385 290 828 206 23 39 1
0 385 291 826 206 23 39 1
0 385 292 826 206 23 39 1
0 385 293 824 206 24 39 1
0 385 294 824 206 24 39 1
0 385 295 824 206 24 39 1
0 385 296 823 206 23 39 1
0 385 297 823 206 23 39 1
0 385 298 821 206 23 39 1
0 385 299 821 206 23 39 1
0 385 300 821 206 23 39 1
0 385 301 819 206 23 39 1
0 385 302 819 206 23 39 1
0 385 303 819 206 23 39 1
0 385 304 819 206 23 39 1
0 385 305 817 206 23 39 1
0 385 306 817 206 23 39 1
0 385 307 817 206 23 39 1
0 385 308 817 206 23 39 1
0 385 309 817 206 22 39 1
0 385 310 816 206 23 41 1
0 385 311 816 206 23 41 1
0 385 312 816 206 23 41 1
0 385 313 816 206 23 41 1
0 385 314 816 206 21 41 1
0 385 315 814 206 23 41 1
0 385 316 814 206 23 41 1
0 385 317 814 206 23 41 1
0 385 318 814 206 21 41 1
0 385 319 814 206 21 41 1
0 385 320 812 206 23 42 1
0 385 321 812 206 23 42 1
0 385 322 812 206 23 42 1
0 385 323 812 206 21 42 1
0 385 324 812 206 21 42 1
0 385 325 810 206 23 42 1
0 385 326 810 206 23 42 1
0 385 327 810 206 22 42 1
0 385 328 810 206 22 42 1
0 385 329 810 206 22 42 1
0 385 330 808 206 24 44 1
0 385 331 808 206 24 44 1
0 385 332 808 206 22 44 1
0 385 333 808 206 22 44 1
0 385 334 808 206 22 44 1
0 385 335 807 206 23 44 1
0 385 336 807 206 21 44 1
0 385 337 807 206 21 44 1
0 385 338 807 206 21 44 1
0 385 339 807 206 21 44 1
0 385 340 805 206 23 46 1
0 385 341 805 206 21 46 1
0 385 342 805 206 21 46 1
0 385 343 805 206 21 46 1
0 385 344 805 206 21 46 1
0 385 345 803 206 21 46 1
0 385 346 803 206 21 46 1
0 385 347 803 206 21 46 1
0 385 348 803 206 21 46 1
0 385 349 803 208 21 46 1
0 385 350 803 206 21 46 1
0 385 351 803 206 21 46 1
0 385 352 803 206 21 46 1
0 385 353 803 206 21 46 1
0 385 354 803 206 21 46 1
0 385 355 803 206 21 46 1
0 385 356 803 206 21 46 1
0 385 357 803 206 21 46 1
0 385 358 803 206 21 46 1
0 385 359 805 206 19 46 1
0 385 360 805 206 21 46 1
0 385 361 805 206 21 46 1
0 385 362 805 206 21 46 1
0 385 363 805 206 21 46 1
0 385 364 805 206 21 46 1
0 385 365 805 206 21 46 1
0 385 366 805 206 21 46 1
0 385 367 805 206 21 46 1
0 385 368 805 206 21 46 1
0 385 369 807 206 19 46 1
0 385 370 807 206 21 46 1
0 385 371 807 206 21 46 1
0 385 372 807 206 21 46 1
0 385 373 807 206 21 46 1
0 385 374 807 206 21 46 1
0 385 375 807 206 21 46 1
0 385 376 807 206 21 46 1
0 385 377 807 206 21 46 1
0 385 378 807 206 21 46 1
0 385 379 808 206 20 46 1
0 385 380 808 206 20 46 1
0 385 381 808 206 22 46 1
0 385 382 808 206 22 46 1
0 385 383 808 206 22 46 1
0 385 384 808 206 22 46 1
0 385 385 808 206 22 46 1
0 385 386 808 206 22 46 1
0 385 387 808 206 22 46 1
0 385 388 808 206 22 46 1
0 385 389 810 206 20 46 1
0 385 390 810 206 20 46 1
0 385 391 810 206 22 46 1
0 385 392 810 206 22 46 1
0 385 393 810 206 22 46 1
0 385 394 810 206 22 46 1
0 385 395 810 206 22 46 1
0 385 396 810 206 22 46 1
0 385 397 810 206 22 46 1
0 385 398 810 206 22 46 1
0 385 399 812 206 20 46 1
0 385 400 812 206 20 46 1
0 385 401 812 206 21 46 1
0 385 402 812 206 21 46 1
0 385 403 812 206 21 46 1
0 385 404 812 206 21 46 1
0 385 405 812 206 21 46 1
0 385 406 812 206 21 46 1
0 385 407 812 206 21 46 1
0 385 408 812 206 21 46 1
0 385 409 814 206 19 46 1
0 385 410 814 206 19 46 1
0 385 411 814 206 19 46 1
0 385 412 814 206 21 46 1
0 385 413 814 206 21 46 1
0 385 414 814 206 21 46 1
0 385 415 814 206 21 46 1
0 385 416 814 206 21 46 1
0 385 417 814 206 21 46 1
0 385 418 816 206 19 46 1
0 385 419 816 206 19 46 1
0 385 420 816 206 19 46 1
0 385 421 816 206 19 46 1
0 385 422 816 206 21 46 1
0 385 423 816 206 21 46 1
0 385 424 816 206 21 46 1
0 385 425 816 206 21 46 1
0 385 426 816 206 21 46 1
0 385 427 816 206 21 46 1
0 385 428 817 206 20 46 1
0 385 429 817 206 20 46 1
0 385 430 817 206 20 46 1
0 385 431 817 206 20 46 1
0 385 432 817 206 22 46 1
0 385 433 817 206 22 46 1
0 385 434 817 206 22 46 1
0 385 435 817 206 22 46 1
0 385 436 817 206 22 46 1
0 385 437 817 206 22 46 1
0 385 438 819 206 20 46 1
0 385 439 819 206 20 46 1
0 385 440 819 206 20 46 1
0 385 441 819 206 20 46 1
0 385 442 819 206 20 46 1
0 385 443 819 206 21 46 1
0 385 444 819 206 21 46 1
0 385 445 819 206 21 46 1
0 385 446 819 206 21 46 1
0 385 447 819 206 21 46 1
0 385 448 821 204 19 46 1
0 385 449 821 204 19 46 1
0 385 450 821 204 19 46 1
0 385 451 821 204 19 46 1
0 385 452 821 204 19 46 1
0 385 453 821 204 21 46 1
0 385 454 821 204 21 46 1
0 385 455 821 204 21 46 1
0 385 456 821 204 21 46 1
0 385 457 821 204 21 46 1
0 385 458 823 204 19 46 1
0 385 459 823 204 19 46 1
0 385 460 823 204 19 46 1
0 385 461 823 204 19 46 1
0 385 462 823 204 19 46 1
0 385 463 823 204 19 46 1
0 385 464 823 204 21 46 1
0 385 465 823 204 21 46 1
0 385 466 823 204 21 46 1
0 385 467 823 204 21 46 1
0 385 468 824 204 20 46 1
0 385 469 824 204 20 46 1
0 385 470 824 204 20 46 1
0 385 471 824 204 20 46 1
0 385 472 824 204 20 46 1
0 385 473 824 204 20 46 1
0 385 474 824 204 22 46 1
0 385 475 824 204 22 46 1
0 385 476 824 204 22 46 1
0 385 477 824 204 22 46 1
0 385 478 826 204 20 46 1
0 385 479 826 204 20 46 1
0 385 480 826 204 20 46 1
0 385 481 826 204 20 46 1
0 385 482 826 204 20 46 1
0 385 483 826 204 20 46 1
0 385 484 826 204 22 46 1
0 385 485 826 204 22 46 1
0 385 486 826 204 22 46 1
0 385 487 828 204 20 46 1
0 385 488 828 204 20 46 1
0 385 489 828 204 20 46 1
0 385 490 828 204 20 46 1
0 385 491 828 204 20 46 1
0 385 492 828 204 20 46 1
0 385 493 828 204 20 46 1
0 385 494 828 204 20 46 1
0 385 495 828 204 21 46 1
0 385 496 828 204 21 46 1
0 385 497 830 204 19 46 1
0 385 498 830 204 19 46 1
0 385 499 830 204 19 46 1
0 385 500 830 204 19 46 1
0 385 501 830 204 19 46 1
0 385 502 830 204 19 46 1
0 385 503 830 204 19 46 1
0 385 504 830 204 19 46 1
0 385 505 830 204 21 46 1
0 385 506 830 204 21 46 1
0 385 507 832 204 19 46 1
0 385 508 832 204 19 46 1
0 385 509 832 204 19 46 1
0 385 510 832 204 19 46 1
0 385 511 832 204 19 46 1
0 385 512 832 204 19 46 1
0 385 513 832 204 19 46 1
0 385 514 832 204 19 46 1
0 385 515 832 204 21 46 1
0 385 516 832 204 21 46 1
0 385 517 833 204 20 46 1
0 385 518 833 204 20 46 1
0 385 519 833 204 20 46 1
0 385 520 833 204 20 46 1
0 385 521 833 204 20 46 1
0 385 522 833 204 20 46 1
0 385 523 833 204 20 46 1
0 385 524 833 204 20 46 1
0 385 525 833 204 20 46 1
0 385 526 833 204 22 46 1
0 385 527 835 204 20 46 1
0 385 528 835 204 20 46 1
0 385 529 835 204 20 46 1
0 385 530 835 204 20 46 1
0 385 531 835 204 20 46 1
0 385 532 835 204 20 46 1
0 385 533 835 204 20 46 1
0 385 534 835 204 20 46 1
0 385 535 835 204 20 46 1
0 385 536 835 204 21 46 1
0 385 537 837 204 19 46 1
0 385 538 837 204 19 46 1
0 385 539 837 204 19 46 1
0 385 540 837 204 19 46 1
0 385 541 837 204 19 46 1
0 385 542 837 204 19 46 1
0 385 543 837 204 19 46 1
0 385 544 837 204 19 46 1
0 385 545 837 204 19 46 1
0 385 546 839 204 19 46 1
0 385 547 839 204 19 46 1
0 385 548 839 204 19 46 1
0 385 549 839 204 19 46 1
0 385 550 839 204 19 46 1
0 385 551 839 204 19 46 1
0 385 552 839 204 19 46 1
0 385 553 839 204 19 46 1
0 385 554 839 204 19 46 1
0 385 555 839 204 19 46 1
0 385 556 839 204 19 46 1
0 385 557 839 204 19 46 1
0 385 558 839 204 19 46 1
0 385 559 839 204 19 46 1
0 385 560 839 204 19 46 1
0 385 561 839 204 19 46 1
0 385 562 839 204 19 46 1
0 385 563 839 204 19 46 1
0 385 564 839 204 19 46 1
0 385 565 839 204 19 46 1
0 385 566 839 204 19 46 1
0 385 567 839 204 19 46 1
0 385 568 839 204 19 46 1
0 385 569 839 204 19 46 1
0 385 570 839 204 19 46 1
0 385 571 839 204 19 46 1
0 385 572 839 204 19 46 1
0 385 573 839 204 19 46 1
0 385 574 839 204 19 46 1
0 385 575 839 204 19 46 1
0 385 576 839 204 19 46 1
0 385 577 839 204 19 46 1
0 385 578 839 204 19 46 1
0 385 579 839 204 19 46 1
0 385 580 839 204 19 46 1
0 385 581 839 204 19 46 1
0 385 582 839 204 19 46 1
0 385 583 839 204 19 46 1
0 385 584 839 204 19 46 1
0 385 585 839 204 19 46 1
0 385 586 839 204 19 46 1
0 385 587 839 204 19 46 1
0 385 588 839 204 19 46 1
0 385 589 839 204 19 46 1
0 385 590 839 204 19 46 1
0 385 591 839 204 19 46 1
0 385 592 839 204 19 46 1
0 385 593 839 204 19 46 1
0 385 594 839 204 19 46 1
0 385 595 839 204 19 46 1
0 385 596 839 204 19 46 1
0 385 597 839 204 19 46 1
0 385 598 839 204 19 46 1
0 385 599 839 204 19 46 1
0 385 600 839 204 19 46 1
0 385 601 839 204 19 46 1
0 385 602 839 204 19 46 1
0 385 603 839 204 19 46 1
0 385 604 839 204 19 46 1
0 385 605 839 204 19 46 1
0 385 606 839 204 19 46 1
0 385 607 839 204 19 46 1
0 385 608 839 204 19 46 1
0 385 609 839 204 19 46 1
0 385 610 839 204 19 46 1
0 385 611 839 204 19 46 1
0 385 612 839 204 19 46 1
0 385 613 839 204 19 46 1
0 385 614 839 204 19 46 1
0 385 615 839 204 19 46 1
0 385 616 839 204 19 46 1
0 385 617 839 204 19 46 1
0 385 618 839 204 19 46 1
0 385 619 839 204 19 46 1
0 385 620 839 204 19 46 1
0 385 621 839 204 19 46 1
1 273 349 851 208 23 48 1
1 273 350 849 208 23 48 1
1 273 351 848 208 23 48 1
1 273 352 848 208 23 48 1
1 273 353 846 208 23 48 1
1 273 354 846 208 23 48 1
1 273 355 844 208 23 48 1
1 273 356 844 208 23 48 1
1 273 357 842 208 23 48 1
1 273 358 842 208 23 48 1
1 273 359 840 208 24 48 1
1 273 360 840 208 24 48 1
1 273 361 839 208 23 48 1
1 273 362 839 208 23 48 1
1 273 363 837 208 23 48 1
1 273 364 837 208 23 48 1
1 273 365 835 208 23 48 1
1 273 366 835 208 23 48 1
1 273 367 833 208 23 48 1
1 273 368 833 208 23 48 1
1 273 369 832 208 23 48 1
1 273 370 832 208 23 48 1
1 273 371 830 208 23 48 1
1 273 372 830 208 23 48 1
1 273 373 828 208 23 48 1
1 273 374 828 208 23 48 1
1 273 375 826 208 23 48 1
1 273 376 826 208 22 48 1
1 273 377 824 208 24 48 1
1 273 378 824 208 22 48 1
1 273 379 823 208 23 48 1
1 273 380 823 208 21 48 1
1 273 381 821 208 23 48 1
1 273 382 821 208 21 48 1
1 273 383 819 208 23 48 1
1 273 384 819 208 21 48 1
1 273 385 817 208 23 48 1
1 273 386 817 208 22 48 1
1 273 387 816 208 23 48 1
1 273 388 816 208 21 48 1
1 273 389 814 208 23 48 1
1 273 390 814 208 21 48 1
1 273 391 812 208 23 48 1
1 273 392 812 208 21 48 1
1 273 393 810 208 23 48 1
1 273 394 810 208 22 48 1
1 273 395 808 208 24 48 1
1 273 396 808 208 22 48 1
1 273 397 807 208 23 48 1
1 273 398 807 208 21 48 1
1 273 399 805 208 23 48 1
1 273 400 805 208 21 48 1
1 273 401 803 208 21 48 1
1 273 402 803 208 21 48 1
1 273 403 801 208 22 48 1
1 273 404 801 208 22 48 1
1 273 405 800 208 21 48 1
1 273 406 800 208 21 48 1
1 273 407 798 208 21 48 1
1 273 408 798 208 21 48 1
1 273 409 796 208 21 48 1
1 273 410 796 208 21 48 1
1 273 411 794 208 22 48 1
1 273 412 794 208 22 48 1
1 273 413 792 208 22 48 1
1 273 414 792 208 22 48 1
1 273 415 791 208 21 48 1
1 273 416 791 208 21 48 1
1 273 417 789 208 21 48 1
1 273 418 789 208 21 48 1
1 273 419 787 208 21 48 1
1 273 420 787 208 21 48 1
1 273 421 785 208 22 48 1
1 273 422 785 208 22 48 1
1 273 423 784 208 21 48 1
1 273 424 784 208 21 48 1
1 273 425 782 208 21 48 1
1 273 426 780 208 21 48 1
1 273 427 780 208 21 48 1
1 273 428 778 208 22 48 1
1 273 429 776 208 22 48 1
1 273 430 776 208 22 48 1
1 273 431 775 208 21 48 1
1 273 432 773 208 21 48 1
1 273 433 773 208 21 48 1
1 273 434 771 208 21 48 1
1 273 435 771 208 21 48 1
1 273 436 769 208 22 48 1
1 273 437 768 208 21 48 1
1 273 438 768 208 21 48 1
1 273 439 766 208 21 48 1
1 273 440 764 208 21 48 1
1 273 441 764 209 21 48 1
1 273 442 762 209 22 48 1
1 273 443 760 209 22 48 1
1 273 444 760 209 22 48 1
1 273 445 759 209 21 48 1
1 273 446 759 209 21 48 1
1 273 447 757 209 21 48 1
1 273 448 755 209 21 48 1
1 273 449 755 209 21 48 1
1 273 450 753 209 22 48 1
1 273 451 752 209 21 48 1
1 273 452 752 209 21 48 1
1 273 453 750 209 21 48 1
1 273 454 748 209 21 48 1
1 273 455 748 209 21 48 1
1 273 456 746 209 22 48 1
1 273 457 746 211 22 48 1
1 273 458 744 211 22 48 1
1 273 459 743 211 21 48 1
1 273 460 743 211 21 48 1
1 273 461 741 211 21 48 1
1 273 462 739 211 21 48 1
1 273 463 739 211 21 48 1
1 273 464 737 211 22 48 1
1 273 465 736 211 21 48 1
1 273 466 736 211 21 48 1
1 273 467 734 211 21 48 1
1 273 468 734 211 21 48 1
1 273 469 732 211 21 48 1
1 273 470 730 211 22 48 1
1 273 471 730 211 22 48 1
1 273 472 728 211 22 48 1
1 273 473 727 211 21 48 1
1 273 474 727 213 21 48 1
1 273 475 725 213 21 48 1
1 273 476 723 213 21 48 1
1 273 477 723 213 21 48 1
1 273 478 721 213 22 48 1
1 273 479 721 213 22 48 1
1 273 480 720 213 21 48 1
1 273 481 718 213 21 48 1
1 273 482 718 213 21 48 1
1 273 483 716 213 21 48 1
1 273 484 714 213 22 48 1
1 273 485 714 213 22 48 1
1 273 486 712 213 22 48 1
1 273 487 711 213 21 48 1
1 273 488 711 213 21 48 1
1 273 489 709 213 21 48 1
1 273 490 709 215 21 48 1
1 273 491 707 215 21 48 1
1 273 492 705 215 22 48 1
1 273 493 705 215 22 48 1
1 273 494 704 215 21 48 1
1 273 495 702 215 21 48 1
1 273 496 702 215 21 48 1
1 273 497 700 215 21 48 1
1 273 498 698 215 22 48 1
1 273 499 698 215 22 48 1
1 273 500 696 215 22 48 1
1 273 501 695 215 21 48 1
1 273 502 695 215 21 48 1
1 273 503 693 215 21 48 1
1 273 504 691 215 21 48 1
1 273 505 691 215 21 48 1
1 273 506 689 215 22 48 1
1 273 507 688 215 21 48 1
1 273 508 688 215 21 48 1
1 273 509 686 215 21 48 1
1 273 510 684 215 21 48 1
1 273 511 684 215 21 48 1
1 273 512 682 215 22 48 1
1 273 513 680 215 22 48 1
1 273 514 680 215 22 48 1
1 273 515 679 215 21 48 1
1 273 516 677 215 21 48 1
1 273 517 677 215 21 48 1
1 273 518 675 215 21 48 1
1 273 519 673 215 22 48 1
1 273 520 673 215 22 48 1
1 273 521 672 215 21 48 1
1 273 522 670 215 21 48 1
1 273 523 670 215 21 48 1
1 273 524 668 215 21 48 1
1 273 525 666 215 22 48 1
1 273 526 666 215 22 48 1
1 273 527 664 215 22 48 1
1 273 528 663 215 21 48 1
1 273 529 663 215 21 48 1
1 273 530 661 215 21 48 1
1 273 531 659 215 21 48 1
1 273 532 659 215 21 48 1
1 273 533 657 215 22 48 1
1 273 534 656 215 21 48 1
1 273 535 656 215 21 48 1
1 273 536 654 215 21 48 1
1 273 537 652 215 21 48 1
1 273 538 652 215 21 48 1
1 273 539 650 215 22 48 1
1 273 540 648 215 22 48 1
1 273 541 648 215 22 48 1
1 273 542 647 215 21 48 1
1 273 543 645 215 21 48 1
1 273 544 645 215 21 48 1
1 273 545 643 215 21 48 1
1 273 546 641 215 22 48 1
1 273 547 641 215 22 48 1
1 273 548 640 215 21 48 1
1 273 549 638 215 21 48 1
1 273 550 638 215 21 48 1
1 273 551 636 215 21 48 1
1 273 552 634 215 22 48 1
1 273 553 634 215 22 48 1
1 273 554 632 215 22 48 1
1 273 555 631 215 21 48 1
1 273 556 631 215 21 48 1
1 273 557 629 215 21 48 1
1 273 558 627 215 21 48 1
1 273 559 627 215 21 48 1
1 273 560 625 215 22 48 1
1 273 561 625 216 22 48 1
1 273 562 624 216 21 48 1
1 273 563 622 216 21 48 1
1 273 564 620 216 21 48 1
1 273 565 620 216 21 48 1
1 273 566 618 216 22 48 1
1 273 567 616 216 22 48 1
1 273 568 615 216 21 48 1
1 273 569 615 216 21 48 1
1 273 570 613 216 21 48 1
1 273 571 611 216 21 48 1
1 273 572 611 216 21 48 1
1 273 573 609 216 22 48 1
1 273 574 608 216 21 48 1
1 273 575 606 216 21 48 1
1 273 576 606 216 21 48 1
1 273 577 604 216 21 48 1
1 273 578 602 216 22 48 1
1 273 579 602 216 22 48 1
1 273 580 600 216 22 48 1
1 273 581 599 216 21 48 1
1 273 582 597 216 21 48 1
1 273 583 597 216 21 48 1
1 273 584 595 216 21 48 1
1 273 585 593 216 22 48 1
1 273 586 593 216 22 48 1
1 273 587 592 216 21 48 1
1 273 588 590 216 21 48 1
1 273 589 588 216 21 48 1
1 273 590 588 216 21 48 1
1 273 591 586 216 22 48 1
1 273 592 584 216 22 48 1
1 273 593 584 216 22 48 1
1 273 594 583 216 21 48 1
1 273 595 581 216 21 48 1
1 273 596 579 216 21 48 1
1 273 597 579 216 21 48 1
1 273 598 577 216 22 48 1
1 273 599 576 216 21 48 1
1 273 600 576 216 21 48 1
1 273 601 574 216 21 48 1
1 273 602 572 216 21 48 1
1 273 603 570 216 22 48 1
1 273 604 570 216 22 48 1
1 273 605 568 216 22 48 1
1 273 606 567 216 21 48 1
1 273 607 567 216 21 48 1
1 273 608 565 216 21 48 1
1 273 609 563 216 21 48 1
1 273 610 561 216 22 48 1
1 273 611 561 216 22 48 1
1 273 612 560 216 21 48 1
1 273 613 558 216 21 48 1
1 273 614 558 216 21 48 1
1 273 615 556 216 21 48 1
1 273 616 554 216 22 48 1
1 273 617 552 216 22 48 1
1 273 618 552 216 22 48 1
1 273 619 551 216 21 48 1
1 273 620 549 216 21 48 1
1 273 621 549 216 21 48 1
2 322 0 12 657 30 36 1
2 322 1 12 657 30 36 1
2 322 2 12 657 30 36 1
2 322 3 12 657 30 36 1
2 322 4 12 657 30 36 1
2 322 5 12 657 30 36 1
2 322 6 12 657 30 36 1
2 322 7 12 657 30 36 1
2 322 8 12 657 30 36 1
2 322 9 12 657 30 36 1
2 322 10 12 657 30 36 1
2 322 11 12 657 30 36 1
2 322 12 12 657 30 36 1
2 322 13 12 657 30 36 1
2 322 14 12 657 30 36 1
2 322 15 12 657 30 36 1
2 322 16 12 657 30 36 1
2 322 17 12 657 30 36 1
2 322 18 12 657 30 36 1
2 322 19 12 657 30 36 1
2 322 20 12 657 30 36 1
2 322 21 12 657 30 36 1
2 322 22 12 657 30 36 1
2 322 23 12 657 30 36 1
2 322 24 12 657 30 36 1
2 322 25 12 657 30 36 1
2 322 26 12 657 30 36 1
2 322 27 12 657 30 36 1
2 322 28 12 657 30 36 1
2 322 29 12 657 30 36 1
2 322 30 12 657 30 36 1
2 322 31 12 657 30 36 1
2 322 32 12 657 30 36 1
2 322 33 12 657 30 36 1
2 322 34 12 657 30 36 1
2 322 35 12 657 30 36 1
2 322 36 12 657 30 36 1
2 322 37 12 657 30 36 1
2 322 38 12 657 30 36 1
2 322 39 12 657 30 36 1
2 322 40 12 657 30 36 1
2 322 41 12 657 30 36 1
2 322 42 12 657 30 36 1
2 322 43 12 657 30 36 1
2 322 44 12 657 30 36 1
2 322 45 12 657 30 36 1
2 322 46 12 657 30 36 1
2 322 47 12 657 30 36 1
2 322 48 12 657 30 36 1
2 322 49 12 657 30 36 1
2 322 50 12 657 30 36 1
2 322 51 12 657 30 36 1
2 322 52 12 657 30 36 1
2 322 53 12 657 30 36 1
2 322 54 12 657 30 36 1
2 322 55 12 657 30 36 1
2 322 56 12 657 30 36 1
2 322 57 12 657 30 36 1
2 322 58 12 657 30 36 1
2 322 59 12 657 30 36 1
2 322 60 12 657 30 36 1
2 322 61 12 657 30 36 1
2 322 62 12 657 30 36 1
2 322 63 12 657 30 36 1
2 322 64 12 657 30 36 1
2 322 65 12 657 30 36 1
2 322 66 12 657 30 36 1
2 322 67 12 657 30 36 1
2 322 68 12 657 30 36 1
2 322 69 12 657 30 36 1
2 322 70 12 657 30 36 1
2 322 71 12 657 30 36 1
2 322 72 12 657 30 36 1
2 322 73 12 657 30 36 1
2 322 74 12 657 30 36 1
2 322 75 12 657 30 36 1
2 322 76 12 657 30 36 1
2 322 77 12 657 30 36 1
2 322 78 12 657 30 36 1
2 322 79 12 657 30 36 1
2 322 80 12 657 30 36 1
2 322 81 12 657 30 36 1
2 322 82 12 657 30 36 1
2 322 83 12 657 30 36 1
2 322 84 12 657 30 36 1
2 322 85 12 657 30 36 1
2 322 86 12 657 30 36 1
2 322 87 12 657 30 36 1
2 322 88 12 657 30 36 1
2 322 89 12 657 30 36 1
2 322 90 12 657 30 36 1
2 322 91 12 657 30 36 1
2 322 92 12 657 30 36 1
2 322 93 12 657 30 36 1
2 322 94 12 657 30 36 1
2 322 95 12 657 30 36 1
2 322 96 12 657 30 36 1
2 322 97 12 657 30 36 1
2 322 98 12 657 30 36 1
2 322 99 12 657 30 36 1
2 322 100 12 657 30 36 1
2 322 101 12 657 30 36 1
2 322 102 12 657 30 36 1
2 322 103 12 657 30 36 1
2 322 104 12 657 30 36 1
2 322 105 12 657 30 36 1
2 322 106 12 657 30 36 1
2 322 107 12 657 30 36 1
2 322 108 12 657 30 36 1
2 322 109 12 657 30 36 1
2 322 110 12 657 30 36 1
2 322 111 12 657 30 36 1
2 322 112 12 657 30 36 1
2 322 113 12 657 30 36 1
2 322 114 12 657 30 36 1
2 322 115 12 657 30 36 1
2 322 116 12 657 30 36 1
2 322 117 12 657 30 36 1
2 322 118 12 657 30 36 1
2 322 119 12 657 30 36 1
2 322 120 12 657 30 36 1
2 322 121 12 657 30 36 1
2 322 122 12 657 30 36 1
2 322 123 12 657 30 36 1
2 322 124 12 657 30 36 1
2 322 125 12 657 30 36 1
2 322 126 12 657 30 36 1
2 322 127 12 657 30 36 1
2 322 128 12 657 30 36 1
2 322 129 12 657 30 36 1
2 322 130 12 657 30 36 1
2 322 131 12 657 30 36 1
2 322 132 12 657 30 36 1
2 322 133 12 657 30 36 1
2 322 134 12 657 30 36 1
2 322 135 12 657 30 36 1
2 322 136 12 657 30 36 1
2 322 137 12 657 30 36 1
2 322 138 12 657 30 36 1
2 322 139 12 657 30 36 1
2 322 140 12 657 30 36 1
2 322 141 12 657 30 36 1
2 322 142 12 657 30 36 1
2 322 143 12 657 30 36 1
2 322 144 12 657 30 36 1
2 322 145 12 657 30 36 1
2 322 146 12 657 30 36 1
2 322 147 12 657 30 36 1
2 322 148 12 657 30 36 1
2 322 149 12 657 30 36 1
2 322 150 12 657 30 36 1
2 322 151 12 657 30 36 1
2 322 152 12 657 30 36 1
2 322 153 12 657 30 36 1
2 322 154 12 657 30 36 1
2 322 155 12 657 30 36 1
2 322 156 12 657 30 36 1
2 322 157 12 657 30 36 1
2 322 158 12 657 30 36 1
2 322 159 12 657 30 36 1
2 322 160 12 657 30 36 1
2 322 161 12 657 30 36 1
2 322 162 12 657 30 36 1
2 322 163 12 657 30 36 1
2 322 164 12 657 30 36 1
2 322 165 12 657 30 36 1
2 322 166 12 657 30 36 1
2 322 167 12 657 30 36 1
2 322 168 12 657 30 36 1
2 322 169 12 657 30 36 1
2 322 170 12 657 30 36 1
2 322 171 12 657 30 36 1
2 322 172 12 657 30 36 1
2 322 173 12 657 30 36 1
2 322 174 12 657 30 36 1
2 322 175 12 657 30 36 1
2 322 176 12 657 30 36 1
2 322 177 12 657 30 36 1
2 322 178 12 657 30 36 1
2 322 179 12 657 30 36 1
2 322 180 12 657 30 36 1
2 322 181 12 657 30 36 1
2 322 182 12 657 30 36 1
2 322 183 12 657 30 36 1
2 322 184 12 657 30 36 1
2 322 185 12 657 30 36 1
2 322 186 12 657 30 36 1
2 322 187 12 657 30 36 1
2 322 188 12 657 30 36 1
2 322 189 12 657 30 36 1
2 322 190 12 657 30 36 1
2 322 191 12 657 30 36 1
2 322 192 12 657 30 36 1
2 322 193 12 657 30 36 1
2 322 194 12 657 30 36 1
2 322 195 12 657 30 36 1
2 322 196 12 657 30 36 1
2 322 197 12 657 30 36 1
2 322 198 12 657 30 36 1
2 322 199 12 657 30 36 1
2 322 200 12 657 30 36 1
2 322 201 12 657 30 36 1
2 322 202 12 657 30 36 1
2 322 203 12 657 30 36 1
2 322 204 12 657 30 36 1
2 322 205 12 657 30 36 1
2 322 206 12 657 30 36 1
2 322 207 12 657 30 36 1
2 322 208 12 657 30 36 1
2 322 209 12 657 30 36 1
2 322 210 12 657 30 36 1
2 322 211 12 657 30 36 1
2 322 212 12 657 30 36 1
2 322 213 12 657 30 36 1
2 322 214 12 657 30 36 1
2 322 215 12 657 30 36 1
2 322 216 12 657 30 36 1
2 322 217 12 657 30 36 1
2 322 218 12 657 30 36 1
2 322 219 12 657 30 36 1
2 322 220 12 657 30 36 1
2 322 221 12 657 30 36 1
2 322 222 12 657 30 36 1
2 322 223 12 657 30 36 1
2 322 224 12 657 30 36 1
2 322 225 12 657 30 36 1
2 322 226 12 657 30 36 1
2 322 227 12 657 30 36 1
2 322 228 12 657 30 36 1
2 322 229 12 657 30 36 1
2 322 230 12 657 30 36 1
2 322 231 12 657 30 36 1
2 322 232 12 657 30 36 1
2 322 233 12 657 30 36 1
2 322 234 12 657 30 36 1
2 322 235 12 657 30 36 1
2 322 236 12 657 30 36 1
2 322 237 12 657 30 36 1
2 322 238 12 657 30 36 1
2 322 239 12 657 30 36 1
2 322 240 12 657 30 36 1
2 322 241 12 657 30 36 1
2 322 242 12 657 30 36 1
2 322 243 12 657 30 36 1
2 322 244 12 657 30 36 1
2 322 245 12 657 30 36 1
2 322 246 12 657 30 36 1
2 322 247 12 657 30 36 1
2 322 248 12 657 30 36 1
2 322 249 12 657 30 36 1
2 322 250 12 657 30 36 1
2 322 251 12 657 30 36 1
2 322 252 12 657 30 36 1
2 322 253 12 657 30 36 1
2 322 254 12 657 30 36 1
2 322 255 12 657 30 36 1
2 322 256 12 657 30 36 1
2 322 257 12 657 30 36 1
2 322 258 12 657 30 36 1
2 322 259 12 657 30 36 1
2 322 260 12 657 30 36 1
2 322 261 12 657 30 36 1
2 322 262 12 657 30 36 1
2 322 263 12 657 30 36 1
2 322 264 12 657 30 36 1
2 322 265 12 657 30 36 1
2 322 266 12 657 30 36 1
2 322 267 12 657 30 36 1
2 322 268 12 657 30 36 1
2 322 269 12 657 30 36 1
2 322 270 12 657 30 36 1
2 322 271 12 657 30 36 1
2 322 272 12 657 30 36 1
2 322 273 12 657 30 36 1
2 322 274 12 657 30 36 1
2 322 275 12 657 30 36 1
2 322 276 12 657 30 36 1
2 322 277 12 657 30 36 1
2 322 278 12 657 30 36 1
2 322 279 12 657 30 36 1
2 322 280 12 657 30 36 1
2 322 281 12 657 30 36 1
2 322 282 12 657 30 36 1
2 322 283 12 657 30 36 1
2 322 284 12 657 30 36 1
2 322 285 12 657 30 36 1
2 322 286 12 657 30 36 1
2 322 287 12 657 30 36 1
2 322 288 12 657 30 36 1
2 322 289 12 657 30 36 1
2 322 290 12 657 30 36 1
2 322 291 12 657 30 36 1
2 322 292 12 657 30 36 1
2 322 293 12 657 30 36 1
2 322 294 12 657 30 36 1
2 322 295 12 657 30 36 1
2 322 296 12 657 30 36 1
2 322 297 12 657 30 36 1
2 322 298 12 657 30 36 1
2 322 299 12 657 30 36 1
2 322 300 12 657 30 36 1
2 322 301 12 657 30 36 1
2 322 302 12 657 30 36 1
2 322 303 12 657 30 36 1
2 322 304 12 657 30 36 1
2 322 305 12 657 30 36 1
2 322 306 12 657 30 36 1
2 322 307 12 657 30 36 1
2 322 308 12 657 30 36 1
2 322 309 12 657 30 36 1
2 322 310 12 657 30 36 1
2 322 311 12 657 30 36 1
2 322 312 12 657 30 36 1
2 322 313 12 657 30 36 1
2 322 314 12 657 30 36 1
2 322 315 12 657 30 36 1
2 322 316 12 657 30 36 1
2 322 317 12 657 30 36 1
2 322 318 12 657 30 36 1
2 322 319 12 657 30 36 1
2 322 320 12 657 30 36 1
2 322 321 12 657 30 36 1
3 322 0 30 670 34 25 1
3 322 1 30 670 34 25 1
3 322 2 30 670 34 25 1
3 322 3 30 670 34 25 1
3 322 4 30 670 34 25 1
3 322 5 30 670 34 25 1
3 322 6 30 670 34 25 1
3 322 7 30 670 34 25 1
3 322 8 30 670 34 25 1
3 322 9 30 670 34 25 1
3 322 10 30 670 34 25 1
3 322 11 30 670 34 25 1
3 322 12 30 670 34 25 1
3 322 13 30 670 34 25 1
3 322 14 30 670 34 25 1
3 322 15 30 670 34 25 1
3 322 16 30 670 34 25 1
3 322 17 30 670 34 25 1
3 322 18 30 670 34 25 1
3 322 19 30 670 34 25 1
3 322 20 30 670 34 25 1
3 322 21 30 670 34 25 1
3 322 22 30 670 34 25 1
3 322 23 30 670 34 25 1
3 322 24 30 670 34 25 1
3 322 25 30 670 34 25 1
3 322 26 30 670 34 25 1
3 322 27 30 670 34 25 1
3 322 28 30 670 34 25 1
3 322 29 30 670 34 25 1
3 322 30 30 670 34 25 1
3 322 31 30 670 34 25 1
3 322 32 30 670 34 25 1
3 322 33 30 670 34 25 1
3 322 34 30 670 34 25 1
3 322 35 30 670 34 25 1
3 322 36 30 670 34 25 1
3 322 37 30 670 34 25 1
3 322 38 30 670 34 25 1
3 322 39 30 670 34 25 1
3 322 40 30 670 34 25 1
3 322 41 30 670 34 25 1
3 322 42 30 670 34 25 1
3 322 43 30 670 34 25 1
3 322 44 30 670 34 25 1
3 322 45 30 670 34 25 1
3 322 46 30 670 34 25 1
3 322 47 30 670 34 25 1
3 322 48 30 670 34 25 1
3 322 49 30 670 34 25 1
3 322 50 30 670 34 25 1
3 322 51 30 670 34 25 1
3 322 52 30 670 34 25 1
3 322 53 30 670 34 25 1
3 322 54 30 670 34 25 1
3 322 55 30 670 34 25 1
3 322 56 30 670 34 25 1
3 322 57 30 670 34 25 1
3 322 58 30 670 34 25 1
3 322 59 30 670 34 25 1
3 322 60 30 670 34 25 1
3 322 61 30 670 34 25 1
3 322 62 30 670 34 25 1
3 322 63 30 670 34 25 1
3 322 64 30 670 34 25 1
3 322 65 30 670 34 25 1
3 322 66 30 670 34 25 1
3 322 67 30 670 34 25 1
3 322 68 30 670 34 25 1
3 322 69 30 670 34 25 1
3 322 70 30 670 34 25 1
3 322 71 30 670 34 25 1
3 322 72 30 670 34 25 1
3 322 73 30 670 34 25 1
3 322 74 30 670 34 25 1
3 322 75 30 670 34 25 1
3 322 76 30 670 34 25 1
3 322 77 30 670 34 25 1
3 322 78 30 670 34 25 1
3 322 79 30 670 34 25 1
3 322 80 30 670 34 25 1
3 322 81 30 670 34 25 1
3 322 82 30 670 34 25 1
3 322 83 30 670 34 25 1
3 322 84 30 670 34 25 1
3 322 85 30 670 34 25 1
3 322 86 30 670 34 25 1
3 322 87 30 670 34 25 1
3 322 88 30 670 34 25 1
3 322 89 30 670 34 25 1
3 322 90 30 670 34 25 1
3 322 91 30 670 34 25 1
3 322 92 30 670 34 25 1
3 322 93 30 670 34 25 1
3 322 94 30 670 34 25 1
3 322 95 30 670 34 25 1
3 322 96 30 670 34 25 1
3 322 97 30 670 34 25 1
3 322 98 30 670 34 25 1
3 322 99 30 670 34 25 1
3 322 100 30 670 34 25 1
3 322 101 30 670 34 25 1
3 322 102 30 670 34 25 1
3 322 103 30 670 34 25 1
3 322 104 30 670 34 25 1
3 322 105 30 670 34 25 1
3 322 106 30 670 34 25 1
3 322 107 30 670 34 25 1
3 322 108 30 670 34 25 1
3 322 109 30 670 34 25 1
3 322 110 30 670 34 25 1
3 322 111 30 670 34 25 1
3 322 112 30 670 34 25 1
3 322 113 30 670 34 25 1
3 322 114 30 670 34 25 1
3 322 115 30 670 34 25 1
3 322 116 30 670 34 25 1
3 322 117 30 670 34 25 1
3 322 118 30 670 34 25 1
3 322 119 30 670 34 25 1
3 322 120 30 670 34 25 1
3 322 121 30 670 34 25 1
3 322 122 30 670 34 25 1
3 322 123 30 670 34 25 1
3 322 124 30 670 34 25 1
3 322 125 30 670 34 25 1
3 322 126 30 670 34 25 1
3 322 127 30 670 34 25 1
3 322 128 30 670 34 25 1
3 322 129 30 670 34 25 1
3 322 130 30 670 34 25 1
3 322 131 30 670 34 25 1
3 322 132 30 670 34 25 1
3 322 133 30 670 34 25 1
3 322 134 30 670 34 25 1
3 322 135 30 670 34 25 1
3 322 136 30 670 34 25 1
3 322 137 30 670 34 25 1
3 322 138 30 670 34 25 1
3 322 139 30 670 34 25 1
3 322 140 30 670 34 25 1
3 322 141 30 670 34 25 1
3 322 142 30 670 34 25 1
3 322 143 30 670 34 25 1
3 322 144 30 670 34 25 1
3 322 145 30 670 34 25 1
3 322 146 30 670 34 25 1
3 322 147 30 670 34 25 1
3 322 148 30 670 34 25 1
3 322 149 30 670 34 25 1
3 322 150 30 670 34 25 1
3 322 151 30 670 34 25 1
3 322 152 30 670 34 25 1
3 322 153 30 670 34 25 1
3 322 154 30 670 34 25 1
3 322 155 30 670 34 25 1
3 322 156 30 670 34 25 1
3 322 157 30 670 34 25 1
3 322 158 30 670 34 25 1
3 322 159 30 670 34 25 1
3 322 160 30 670 34 25 1
3 322 161 30 670 34 25 1
3 322 162 30 670 34 25 1
3 322 163 30 670 34 25 1
3 322 164 30 670 34 25 1
3 322 165 30 670 34 25 1
3 322 166 30 670 34 25 1
3 322 167 30 670 34 25 1
3 322 168 30 670 34 25 1
3 322 169 30 670 34 25 1
3 322 170 30 670 34 25 1
3 322 171 30 670 34 25 1
3 322 172 30 670 34 25 1
3 322 173 30 670 34 25 1
3 322 174 30 670 34 25 1
3 322 175 30 670 34 25 1
3 322 176 30 670 34 25 1
3 322 177 30 670 34 25 1
3 322 178 30 670 34 25 1
3 322 179 30 670 34 25 1
3 322 180 30 670 34 25 1
3 322 181 30 670 34 25 1
3 322 182 30 670 34 25 1
3 322 183 30 670 34 25 1
3 322 184 30 670 34 25 1
3 322 185 30 670 34 25 1
3 322 186 30 670 34 25 1
3 322 187 30 670 34 25 1
3 322 188 30 670 34 25 1
3 322 189 30 670 34 25 1
3 322 190 30 670 34 25 1
3 322 191 30 670 34 25 1
3 322 192 30 670 34 25 1
3 322 193 30 670 34 25 1
3 322 194 30 670 34 25 1
3 322 195 30 670 34 25 1
3 322 196 30 670 34 25 1
3 322 197 30 670 34 25 1
3 322 198 30 670 34 25 1
3 322 199 30 670 34 25 1
3 322 200 30 670 34 25 1
3 322 201 30 670 34 25 1
3 322 202 30 670 34 25 1
3 322 203 30 670 34 25 1
3 322 204 30 670 34 25 1
3 322 205 30 670 34 25 1
3 322 206 30 670 34 25 1
3 322 207 30 670 34 25 1
3 322 208 30 670 34 25 1
3 322 209 30 670 34 25 1
3 322 210 30 670 34 25 1
3 322 211 30 670 34 25 1
3 322 212 30 670 34 25 1
3 322 213 30 670 34 25 1
3 322 214 30 670 34 25 1
3 322 215 30 670 34 25 1
3 322 216 30 670 34 25 1
3 322 217 30 670 34 25 1
3 322 218 30 670 34 25 1
3 322 219 30 670 34 25 1
3 322 220 30 670 34 25 1
3 322 221 30 670 34 25 1
3 322 222 30 670 34 25 1
3 322 223 30 670 34 25 1
3 322 224 30 670 34 25 1
3 322 225 30 670 34 25 1
3 322 226 30 670 34 25 1
3 322 227 30 670 34 25 1
3 322 228 30 670 34 25 1
3 322 229 30 670 34 25 1
3 322 230 30 670 34 25 1
3 322 231 30 670 34 25 1
3 322 232 30 670 34 25 1
3 322 233 30 670 34 25 1
3 322 234 30 670 34 25 1
3 322 235 30 670 34 25 1
3 322 236 30 670 34 25 1
3 322 237 30 670 34 25 1
3 322 238 30 670 34 25 1
3 322 239 30 670 34 25 1
3 322 240 30 670 34 25 1
3 322 241 30 670 34 25 1
3 322 242 30 670 34 25 1
3 322 243 30 670 34 25 1
3 322 244 30 670 34 25 1
3 322 245 30 670 34 25 1
3 322 246 30 670 34 25 1
3 322 247 30 670 34 25 1
3 322 248 30 670 34 25 1
3 322 249 30 670 34 25 1
3 322 250 30 670 34 25 1
3 322 251 30 670 34 25 1
3 322 252 30 670 34 25 1
3 322 253 30 670 34 25 1
3 322 254 30 670 34 25 1
3 322 255 30 670 34 25 1
3 322 256 30 670 34 25 1
3 322 257 30 670 34 25 1
3 322 258 30 670 34 25 1
3 322 259 30 670 34 25 1
3 322 260 30 670 34 25 1
3 322 261 30 670 34 25 1
3 322 262 30 670 34 25 1
3 322 263 30 670 34 25 1
3 322 264 30 670 34 25 1
3 322 265 30 670 34 25 1
3 322 266 30 670 34 25 1
3 322 267 30 670 34 25 1
3 322 268 30 670 34 25 1
3 322 269 30 670 34 25 1
3 322 270 30 670 34 25 1
3 322 271 30 670 34 25 1
3 322 272 30 670 34 25 1
3 322 273 30 670 34 25 1
3 322 274 30 670 34 25 1
3 322 275 30 670 34 25 1
3 322 276 30 670 34 25 1
3 322 277 30 670 34 25 1
3 322 278 30 670 34 25 1
3 322 279 30 670 34 25 1
3 322 280 30 670 34 25 1
3 322 281 30 670 34 25 1
3 322 282 30 670 34 25 1
3 322 283 30 670 34 25 1
3 322 284 30 670 34 25 1
3 322 285 30 670 34 25 1
3 322 286 30 670 34 25 1
3 322 287 30 670 34 25 1
3 322 288 30 670 34 25 1
3 322 289 30 670 34 25 1
3 322 290 30 670 34 25 1
3 322 291 30 670 34 25 1
3 322 292 30 670 34 25 1
3 322 293 30 670 34 25 1
3 322 294 30 670 34 25 1
3 322 295 30 670 34 25 1
3 322 296 30 670 34 25 1
3 322 297 30 670 34 25 1
3 322 298 30 670 34 25 1
3 322 299 30 670 34 25 1
3 322 300 30 670 34 25 1
3 322 301 30 670 34 25 1
3 322 302 30 670 34 25 1
3 322 303 30 670 34 25 1
3 322 304 30 670 34 25 1
3 322 305 30 670 34 25 1
3 322 306 30 670 34 25 1
3 322 307 30 670 34 25 1
3 322 308 30 670 34 25 1
3 322 309 30 670 34 25 1
3 322 310 30 670 34 25 1
3 322 311 30 670 34 25 1
3 322 312 30 670 34 25 1
3 322 313 30 670 34 25 1
3 322 314 30 670 34 25 1
3 322 315 30 670 34 25 1
3 322 316 30 670 34 25 1
3 322 317 30 670 34 25 1
3 322 318 30 670 34 25 1
3 322 319 30 670 34 25 1
3 322 320 30 670 34 25 1
3 322 321 30 670 34 25 1
4 1 321 865 200 18 52 1
5 766 0 72 337 22 34 1
5 766 1 72 337 22 34 1
5 766 2 72 337 22 34 1
5 766 3 72 337 22 34 1
5 766 4 72 339 22 34 1
5 766 5 72 339 22 34 1
5 766 6 72 339 22 34 1
5 766 7 72 339 22 34 1
5 766 8 72 341 22 34 1
5 766 9 72 341 22 34 1
5 766 10 72 341 22 34 1
5 766 11 72 343 22 33 1
5 766 12 72 343 22 33 1
5 766 13 72 343 22 33 1
5 766 14 72 343 22 33 1
5 766 15 72 344 22 34 1
5 766 16 72 344 22 34 1
5 766 17 72 344 22 34 1
5 766 18 72 346 22 34 1
5 766 19 71 346 21 34 1
5 766 20 71 346 21 34 1
5 766 21 69 346 21 34 1
5 766 22 69 346 21 34 1
5 766 23 69 346 21 34 1
5 766 24 67 346 21 34 1
5 766 25 67 346 21 34 1
5 766 26 65 346 22 34 1
5 766 27 65 346 22 34 1
5 766 28 65 348 22 34 1
5 766 29 64 348 21 34 1
5 766 30 64 348 21 34 1
5 766 31 62 348 21 34 1
5 766 32 62 348 21 34 1
5 766 33 62 348 21 34 1
5 766 34 60 348 21 34 1
5 766 35 60 348 21 34 1
5 766 36 60 348 20 34 1
5 766 37 58 350 22 32 1
5 766 38 58 350 22 32 1
5 766 39 56 350 22 32 1
5 766 40 56 350 22 34 1
5 766 41 56 350 20 34 1
5 766 42 55 350 21 34 1
5 766 43 55 350 21 34 1
5 766 44 55 350 19 34 1
5 766 45 53 350 21 34 1
5 766 46 53 352 19 32 1
5 766 47 51 352 21 32 1
5 766 48 51 352 21 32 1
5 766 49 51 352 20 32 1
5 766 50 49 352 22 32 1
5 766 51 49 352 20 32 1
5 766 52 49 352 20 33 1
5 766 53 48 352 21 33 1
5 766 54 48 352 19 33 1
5 766 55 46 353 21 32 1
5 766 56 46 353 19 32 1
5 766 57 46 353 19 32 1
5 766 58 44 353 21 32 1
5 766 59 44 353 20 32 1
5 766 60 44 353 20 32 1
5 766 61 42 353 20 32 1
5 766 62 42 353 20 32 1
5 766 63 42 355 20 32 1
5 766 64 40 355 20 32 1
5 766 65 40 355 20 32 1
5 766 66 39 355 19 32 1
5 766 67 39 355 19 32 1
5 766 68 39 355 19 32 1
5 766 69 37 355 19 32 1
5 766 70 37 355 19 32 1
5 766 71 35 355 20 32 1
5 766 72 35 355 20 34 1
5 766 73 35 355 20 34 1
5 766 74 33 355 20 34 1
5 766 75 33 357 20 32 1
5 766 76 33 357 20 32 1
5 766 77 32 357 19 32 1
5 766 78 32 357 19 32 1
5 766 79 30 357 19 32 1
5 766 80 30 357 19 34 1
5 766 81 30 357 19 34 1
5 766 82 28 357 20 34 1
5 766 83 28 357 20 34 1
5 766 84 26 357 20 34 1
5 766 85 26 357 20 34 1
5 766 86 26 359 20 32 1
5 766 87 24 359 20 32 1
5 766 88 24 359 20 32 1
5 766 89 24 359 20 33 1
5 766 90 23 359 19 33 1
5 766 91 23 359 19 33 1
5 766 92 21 359 19 33 1
5 766 93 21 359 19 33 1
5 766 94 21 359 19 33 1
5 766 95 19 359 20 33 1
5 766 96 19 359 20 33 1
5 766 97 19 360 20 34 1
5 766 98 17 360 20 34 1
5 766 99 16 360 19 34 1
5 766 100 14 360 19 34 1
5 766 101 12 360 20 34 1
5 766 102 10 360 20 34 1
5 766 103 10 360 20 34 1
5 766 104 8 360 20 34 1
5 766 105 7 360 19 34 1
5 766 106 5 360 19 34 1
5 766 107 3 360 20 34 1
5 766 108 1 360 20 34 1
5 766 109 1 360 20 34 1
5 766 110 1 360 20 34 1
5 766 111 1 360 20 34 1
5 766 112 1 360 20 34 1
5 766 113 1 360 20 34 1
5 766 114 1 360 20 34 1
5 766 115 1 360 20 34 1
5 766 116 1 360 20 34 1
5 766 117 1 360 20 34 1
5 766 118 1 360 20 34 1
5 766 119 1 360 20 34 1
5 766 120 1 360 20 34 1
5 766 121 1 360 20 34 1
5 766 122 1 360 20 34 1
5 766 273 0 400 33 74 1
5 766 274 1 398 34 74 1
5 766 275 3 398 34 74 1
5 766 276 5 398 34 74 1
5 766 277 8 398 34 74 1
5 766 278 10 398 34 74 1
5 766 279 12 396 34 75 1
5 766 280 14 396 34 75 1
5 766 281 17 396 34 75 1
5 766 282 19 396 34 75 1
5 766 283 21 396 34 75 1
5 766 284 23 394 33 75 1
5 766 285 26 394 34 75 1
5 766 286 28 394 34 75 1
5 766 287 30 394 34 75 1
5 766 288 32 394 33 75 1
5 766 289 35 394 34 75 1
5 766 290 37 392 34 75 1
5 766 291 39 392 33 75 1
5 766 292 40 392 34 75 1
5 766 293 44 392 34 75 1
5 766 294 46 392 34 75 1
5 766 295 48 391 33 74 1
5 766 296 49 391 34 74 1
5 766 297 53 391 34 74 1
5 766 298 55 391 33 74 1
5 766 299 56 391 34 74 1
5 766 300 60 391 34 74 1
5 766 301 62 389 34 75 1
5 766 302 64 387 33 77 1
5 766 303 67 387 32 75 1
5 766 304 69 385 34 77 1
5 766 305 71 384 33 76 1
5 766 306 74 384 32 76 1
5 766 307 76 382 34 78 1
5 766 308 80 382 32 76 1
5 766 309 81 380 32 78 1
5 766 310 83 378 34 78 1
5 766 311 87 378 32 78 1
5 766 312 88 376 32 80 1
5 766 313 90 375 34 80 1
5 766 314 94 375 32 80 1
5 766 315 96 373 32 80 1
5 766 316 99 373 32 80 1
5 766 317 101 371 32 82 1
5 766 318 103 369 32 82 1
5 766 319 106 369 30 82 1
5 766 320 108 368 32 81 1
5 766 321 110 366 32 83 1
5 766 322 113 366 31 83 1
5 766 323 115 364 32 84 1
5 766 324 119 364 30 84 1
5 766 325 120 362 31 84 1
5 766 326 122 360 32 86 1
5 766 327 126 360 30 86 1
5 766 328 128 359 30 85 1
5 766 329 129 357 32 87 1
5 766 330 133 357 30 85 1
5 766 331 135 355 30 87 1
5 766 332 138 355 30 87 1
5 766 333 138 353 30 87 1
5 766 334 140 353 30 87 1
5 766 335 142 352 30 87 1
5 766 336 144 352 30 87 1
5 766 337 145 350 31 87 1
5 766 338 147 350 30 87 1
5 766 339 149 348 30 87 1
5 766 340 151 348 30 87 1
5 766 341 152 346 31 87 1
5 766 342 154 346 30 87 1
5 766 343 156 344 30 88 1
5 766 344 158 344 30 88 1
5 766 345 160 343 30 87 1
5 766 346 161 343 31 87 1
5 766 347 163 341 30 87 1
5 766 348 163 341 30 87 1
5 766 349 165 339 30 87 1
5 766 350 167 339 30 87 1
5 766 351 168 337 31 87 1
5 766 352 170 337 30 87 1
5 766 353 172 336 30 87 1
5 766 354 174 336 30 87 1
5 766 355 176 336 30 85 1
5 766 356 177 334 31 87 1
5 766 357 179 334 30 85 1
5 766 358 181 332 30 87 1
5 766 359 183 332 30 85 1
5 766 360 184 330 31 87 1
5 766 361 186 330 30 86 1
5 766 362 188 328 30 88 1
5 766 363 188 328 30 86 1
5 766 364 190 327 30 87 1
5 766 365 192 327 30 85 1
5 766 366 193 325 31 87 1
5 766 367 195 325 30 85 1
5 766 368 197 323 30 87 1
5 766 369 199 323 30 85 1
5 766 370 200 321 31 87 1
5 766 371 202 321 30 86 1
5 766 372 204 320 30 87 1
5 766 373 206 320 30 85 1
5 766 374 208 318 30 87 1
5 766 375 209 318 31 85 1
5 766 376 211 316 30 87 1
5 766 377 213 316 30 85 1
5 766 378 215 316 30 85 1
5 766 379 215 314 30 86 1
5 766 380 216 314 31 86 1
5 766 381 216 314 31 84 1
5 766 382 218 312 30 86 1
5 766 383 220 312 30 86 1
5 766 384 220 312 30 84 1
5 766 385 222 311 30 85 1
5 766 386 224 311 30 85 1
5 766 387 224 311 30 83 1
5 766 388 225 311 31 83 1
5 766 389 227 309 30 83 1
5 766 390 227 309 30 83 1
5 766 391 229 309 30 83 1
5 766 392 231 307 30 84 1
5 766 393 231 307 30 84 1
5 766 394 232 307 31 84 1
5 766 395 234 305 30 84 1
5 766 396 234 305 30 84 1
5 766 397 236 305 30 82 1
5 766 398 238 305 30 82 1
5 766 399 238 304 30 83 1
5 766 400 240 304 30 81 1
5 766 401 241 304 31 81 1
5 766 402 241 302 31 83 1
5 766 403 243 302 30 82 1
5 766 404 245 302 30 82 1
5 766 405 245 300 30 82 1
5 766 406 247 300 30 82 1
5 766 407 248 300 31 82 1
5 766 408 248 300 31 80 1
5 766 409 250 298 30 82 1
5 766 410 252 298 30 82 1
5 766 411 252 298 30 80 1
5 766 412 254 296 30 82 1
5 766 413 256 296 30 80 1
5 766 414 256 296 30 80 1
5 766 415 257 295 31 81 1
5 766 416 259 295 30 80 1
5 766 417 259 295 30 80 1
5 766 418 261 295 30 80 1
5 766 419 263 293 30 80 1
5 766 420 263 293 30 80 1
5 766 421 264 293 31 78 1
5 766 422 266 291 30 80 1
5 766 423 266 291 30 80 1
5 766 424 268 291 30 78 1
5 766 425 270 289 30 80 1
5 766 426 270 289 30 80 1
5 766 427 272 289 30 79 1
5 766 428 273 289 31 79 1
5 766 429 273 288 31 78 1
5 766 430 275 288 30 78 1
5 766 431 277 288 30 78 1
5 766 432 277 286 30 78 1
5 766 433 279 286 30 78 1
5 766 434 280 286 31 78 1
5 766 435 280 284 31 78 1
5 766 436 282 284 30 78 1
5 766 437 284 284 30 76 1
5 766 438 284 284 30 76 1
5 766 439 286 282 30 78 1
5 766 440 288 282 30 77 1
5 766 441 288 282 30 77 1
5 766 442 289 280 31 79 1
5 766 443 291 280 30 77 1
5 766 444 291 280 30 77 1
5 766 445 293 279 30 76 1
5 766 446 295 279 30 76 1
5 766 447 295 279 30 76 1
5 766 448 296 279 31 74 1
5 766 449 298 277 30 76 1
5 766 450 298 277 30 76 1
5 766 451 300 277 30 75 1
5 766 452 302 275 30 77 1
5 766 453 302 275 30 75 1
5 766 454 304 275 30 75 1
5 766 455 305 273 31 77 1
5 766 456 305 273 31 75 1
5 766 457 307 273 30 75 1
5 766 458 309 273 30 75 1
5 766 459 309 272 30 74 1
5 766 460 311 272 30 74 1
5 766 461 311 272 30 74 1
5 766 462 312 272 31 74 1
5 766 463 312 270 31 74 1
5 766 464 314 270 30 74 1
5 766 465 316 270 30 74 1
5 766 466 316 270 30 74 1
5 766 467 318 270 30 73 1
5 766 468 318 268 30 75 1
5 766 469 320 268 30 75 1
5 766 470 321 268 31 75 1
5 766 471 321 268 31 73 1
5 766 472 323 268 30 73 1
5 766 473 323 266 30 75 1
5 766 474 325 266 30 75 1
5 766 475 327 266 30 73 1
5 766 476 327 266 30 73 1
5 766 477 328 266 31 73 1
5 766 478 328 264 31 75 1
5 766 479 330 264 30 73 1
5 766 480 332 264 30 73 1
5 766 481 332 264 30 73 1
5 766 482 334 264 30 73 1
5 766 483 334 263 30 73 1
5 766 484 336 263 30 73 1
5 766 485 336 263 30 73 1
5 766 486 337 263 31 73 1
5 766 487 339 263 30 71 1
5 766 488 339 261 30 73 1
5 766 489 341 261 30 73 1
5 766 490 341 261 30 73 1
5 766 491 343 261 30 71 1
5 766 492 344 261 31 71 1
5 766 493 344 259 31 73 1
5 766 494 346 259 30 73 1
5 766 495 346 259 30 71 1
5 766 496 348 259 30 71 1
5 766 497 350 259 30 71 1
5 766 498 350 257 30 73 1
5 766 499 352 257 30 71 1
5 766 500 352 257 30 71 1
5 766 501 353 257 31 71 1
5 766 502 355 257 30 71 1
5 766 503 355 256 30 71 1
5 766 504 357 256 30 71 1
5 766 505 357 256 30 71 1
5 766 506 359 256 30 71 1
5 766 507 359 254 30 71 1
5 766 508 360 254 31 71 1
5 766 509 362 254 30 71 1
5 766 510 362 254 30 71 1
5 766 511 364 254 30 69 1
5 766 512 364 252 30 71 1
5 766 513 366 252 30 71 1
5 766 514 368 252 30 71 1
5 766 515 368 252 30 69 1
5 766 516 369 252 31 69 1
5 766 517 369 250 31 71 1
5 766 518 371 250 30 71 1
5 766 519 373 250 30 70 1
5 766 520 373 250 30 70 1
5 766 521 375 250 30 70 1
5 766 522 375 248 30 72 1
5 766 523 376 248 31 70 1
5 766 524 378 248 30 70 1
5 766 525 378 248 30 70 1
5 766 526 380 248 30 70 1
5 766 527 380 247 30 69 1
5 766 528 382 247 30 69 1
5 766 529 384 247 30 69 1
5 766 530 384 247 30 69 1
5 766 531 385 247 31 69 1
5 766 532 385 245 31 69 1
5 766 533 387 245 30 69 1
5 766 534 387 245 30 69 1
5 766 535 389 245 30 69 1
5 766 536 391 245 30 67 1
5 766 537 391 243 30 69 1
5 766 538 392 243 31 69 1
5 766 539 392 243 31 69 1
5 766 540 394 243 30 68 1
5 766 541 396 243 30 68 1
5 766 542 396 241 30 70 1
5 766 543 398 241 30 70 1
5 766 544 398 241 30 68 1
5 766 545 400 241 30 68 1
5 766 546 401 241 31 68 1
5 766 547 401 240 31 69 1
5 766 548 403 240 30 67 1
5 766 549 403 240 30 67 1
5 766 550 405 240 30 67 1
5 766 551 407 240 30 67 1
5 766 552 407 238 30 67 1
5 766 553 408 238 31 67 1
5 766 554 408 238 31 67 1
5 766 555 410 238 30 67 1
5 766 556 410 236 30 68 1
5 766 557 412 236 30 68 1
5 766 558 414 236 30 68 1
5 766 559 414 236 30 68 1
5 766 560 416 236 30 66 1
5 766 561 416 234 30 68 1
5 766 562 417 234 31 68 1
5 766 563 419 234 30 68 1
5 766 564 419 234 30 66 1
5 766 565 421 234 30 66 1
5 766 566 421 232 30 68 1
5 766 567 423 232 30 68 1
5 766 568 424 232 31 66 1
5 766 569 424 232 31 66 1
5 766 570 426 232 30 66 1
5 766 571 426 231 30 67 1
5 766 572 428 231 30 65 1
5 766 573 430 231 30 65 1
5 766 574 430 231 30 65 1
5 766 575 432 231 30 65 1
5 766 576 432 229 30 66 1
5 766 577 433 229 31 66 1
5 766 578 433 229 31 66 1
5 766 579 435 229 30 66 1
5 766 580 437 229 30 64 1
5 766 581 437 227 30 66 1
5 766 582 439 227 30 66 1
5 766 583 439 227 30 66 1
5 766 584 440 227 31 64 1
5 766 585 442 227 30 64 1
5 766 586 442 225 30 66 1
5 766 587 444 225 30 66 1
5 766 588 444 225 30 64 1
5 766 589 446 225 30 64 1
5 766 590 448 225 30 64 1
5 766 591 448 224 30 65 1
5 766 592 449 224 31 64 1
5 766 593 449 224 31 64 1
5 766 594 451 224 30 64 1
5 766 595 453 224 30 64 1
5 766 596 453 222 30 64 1
5 766 597 455 222 30 64 1
5 766 598 455 222 30 64 1
5 766 599 456 222 31 64 1
5 766 600 458 222 30 64 1
5 766 601 458 220 30 64 1
5 766 602 460 220 30 64 1
5 766 603 462 220 30 64 1
5 766 604 464 220 30 62 1
5 766 605 465 220 29 62 1
5 766 606 467 220 29 62 1
5 766 607 469 220 28 60 1
5 766 608 471 220 28 60 1
5 766 609 471 218 28 62 1
5 766 610 472 218 29 61 1
5 766 611 474 218 29 61 1
5 766 612 476 218 28 61 1
5 766 613 478 218 26 59 1
5 766 614 480 218 26 59 1
5 766 615 481 218 27 59 1
5 766 616 483 218 27 59 1
5 766 617 483 216 27 59 1
5 766 618 485 216 25 59 1
5 766 619 485 216 27 59 1
5 766 620 487 216 25 57 1
5 766 621 487 216 26 57 1
5 766 622 488 215 25 58 1
5 766 623 488 215 27 57 1
5 766 624 490 215 25 57 1
5 766 625 492 215 23 57 1
5 766 626 492 215 25 55 1
5 766 627 494 213 23 57 1
5 766 628 494 213 25 57 1
5 766 629 496 213 23 55 1
5 766 630 496 213 24 55 1
5 766 631 497 213 23 55 1
5 766 632 499 213 23 55 1
5 766 633 499 213 23 55 1
5 766 634 501 213 23 55 1
5 766 635 501 213 23 55 1
5 766 636 503 213 23 55 1
5 766 637 503 213 23 55 1
5 766 638 504 213 24 55 1
5 766 639 504 213 24 55 1
5 766 640 506 213 23 55 1
5 766 641 508 213 23 55 1
5 766 642 508 213 23 55 1
5 766 643 510 213 23 55 1
5 766 644 510 213 23 55 1
5 766 645 512 213 23 55 1
5 766 646 512 213 23 55 1
5 766 647 513 213 23 55 1
5 766 648 515 215 23 55 1
5 766 649 515 215 23 53 1
5 766 650 517 215 23 53 1
5 766 651 519 215 23 53 1
5 766 652 520 215 24 51 1
5 766 653 522 215 23 51 1
5 766 654 524 215 23 51 1
5 766 655 524 215 23 49 1
5 766 656 526 215 23 49 1
5 766 657 528 215 23 49 1
5 766 658 529 215 23 48 1
5 766 659 531 215 23 48 1
5 766 660 533 216 23 47 1
5 766 661 533 216 23 47 1
5 766 662 533 216 23 47 1
5 766 663 535 216 23 47 1
5 766 664 535 216 23 47 1
5 766 665 536 216 24 47 1
5 766 666 536 216 24 47 1
5 766 667 538 216 23 47 1
5 766 668 538 216 23 47 1
5 766 669 540 216 23 47 1
5 766 670 540 216 23 47 1
5 766 671 540 216 23 47 1
5 766 672 542 216 23 47 1
5 766 673 542 216 23 47 1
5 766 674 544 216 23 47 1
5 766 675 544 216 23 47 1
5 766 676 545 216 23 47 1
5 766 677 545 216 23 47 1
5 766 678 547 216 23 47 1
5 766 679 547 216 23 47 1
5 766 680 549 216 23 47 1
5 766 681 549 216 23 47 1
5 766 682 549 216 23 47 1
5 766 683 551 216 23 47 1
5 766 684 551 216 23 47 1
5 766 685 552 216 24 47 1
5 766 686 552 216 24 47 1
5 766 687 554 216 23 47 1
5 766 688 554 216 23 47 1
5 766 689 556 216 23 47 1
5 766 690 556 216 23 47 1
5 766 691 558 216 23 47 1
5 766 692 558 216 23 47 1
5 766 693 560 216 23 47 1
5 766 694 560 216 23 47 1
5 766 695 561 216 23 47 1
5 766 696 561 216 23 47 1
5 766 697 563 216 23 47 1
5 766 698 563 216 23 47 1
5 766 699 565 216 23 47 1
5 766 700 565 216 23 47 1
5 766 701 567 218 23 46 1
5 766 702 567 216 23 48 1
5 766 703 567 216 23 48 1
5 766 704 568 216 24 48 1
5 766 705 568 216 24 48 1
5 766 706 570 216 23 48 1
5 766 707 570 216 23 48 1
5 766 708 572 216 23 50 1
5 766 709 572 216 23 50 1
5 766 710 574 216 23 50 1
5 766 711 574 216 23 50 1
5 766 712 576 216 23 50 1
5 766 713 576 216 23 50 1
5 766 714 577 216 23 52 1
5 766 715 577 216 23 52 1
5 766 716 579 216 23 52 1
5 766 717 579 216 23 52 1
5 766 718 581 216 23 52 1
5 766 719 581 216 23 52 1
5 766 720 583 216 23 52 1
5 766 721 583 216 23 52 1
5 766 722 584 216 24 52 1
5 766 723 584 216 24 52 1
5 766 724 586 216 23 52 1
5 766 725 586 216 23 52 1
5 766 726 588 216 23 52 1
5 766 727 588 216 23 52 1
5 766 728 590 216 23 52 1
5 766 729 590 216 23 52 1
5 766 730 592 216 23 52 1
5 766 731 593 216 23 52 1
5 766 732 593 215 23 53 1
5 766 733 593 215 23 53 1
5 766 734 595 215 23 53 1
5 766 735 595 215 23 53 1
5 766 736 597 215 23 53 1
5 766 737 597 213 23 57 1
5 766 738 599 213 23 57 1
5 766 739 599 213 23 57 1
5 766 740 599 213 23 57 1
5 766 741 600 213 24 57 1
5 766 742 600 211 24 61 1
5 766 743 602 211 23 61 1
5 766 744 602 211 23 61 1
5 766 745 604 211 23 61 1
5 766 746 604 211 23 61 1
5 766 747 606 211 23 62 1
5 766 748 606 211 23 61 1
5 766 749 608 211 23 61 1
5 766 750 608 211 23 61 1
5 766 751 609 211 23 61 1
5 766 752 609 211 23 61 1
5 766 753 611 211 23 61 1
5 766 754 611 211 23 61 1
5 766 755 613 211 23 59 1
5 766 756 613 211 23 59 1
5 766 757 615 211 23 59 1
5 766 758 615 211 23 59 1
5 766 759 616 211 24 59 1
5 766 760 616 211 24 59 1
5 766 761 618 211 23 59 1
5 766 762 618 211 23 59 1
5 766 763 618 211 23 59 1
5 766 764 618 211 23 59 1
5 766 765 618 211 23 59 1
6 166 600 577 215 25 44 1
6 166 601 576 215 24 44 1
6 166 602 576 215 24 44 1
6 166 603 576 215 24 44 1
6 166 604 574 215 25 44 1
6 166 605 574 215 25 44 1
6 166 606 574 215 25 44 1
6 166 607 572 215 25 44 1
6 166 608 572 215 25 44 1
6 166 609 572 216 25 45 1
6 166 610 572 216 25 45 1
6 166 611 570 216 25 45 1
6 166 612 570 216 25 45 1
6 166 613 570 216 25 45 1
6 166 614 568 216 25 45 1
6 166 615 568 216 25 45 1
6 166 616 568 216 25 45 1
6 166 617 568 218 25 45 1
6 166 618 565 218 25 45 1
6 166 619 563 218 25 45 1
6 166 620 560 218 24 45 1
6 166 621 558 218 25 45 1
6 166 622 556 218 25 45 1
6 166 623 552 218 25 45 1
6 166 624 551 218 25 45 1
6 166 625 549 218 25 45 1
6 166 626 547 218 25 45 1
6 166 627 545 218 25 45 1
6 166 628 545 218 25 45 1
6 166 629 544 218 24 45 1
6 166 630 542 218 25 45 1
6 166 631 542 218 25 45 1
6 166 632 540 218 25 45 1
6 166 633 540 218 25 45 1
6 166 634 538 218 25 45 1
6 166 635 536 218 25 45 1
6 166 636 536 218 25 45 1
6 166 637 535 218 25 45 1
6 166 638 533 218 25 45 1
6 166 639 533 218 25 45 1
6 166 640 531 218 25 45 1
6 166 641 531 218 25 45 1
6 166 642 529 218 25 45 1
6 166 643 528 218 24 45 1
6 166 644 526 218 25 45 1
6 166 645 526 218 25 45 1
6 166 646 524 218 25 45 1
6 166 647 522 218 25 45 1
6 166 648 520 218 25 45 1
6 166 649 520 218 25 45 1
6 166 650 519 218 25 45 1
6 166 651 517 218 25 45 1
6 166 652 515 218 25 46 1
6 166 653 515 218 25 46 1
6 166 654 513 218 25 46 1
6 166 655 512 220 24 46 1
6 166 656 510 220 25 46 1
6 166 657 510 220 25 46 1
6 166 658 508 220 25 48 1
6 166 659 506 220 25 48 1
6 166 660 506 222 25 48 1
6 166 661 504 222 25 48 1
6 166 662 504 222 25 48 1
6 166 663 503 222 25 48 1
6 166 664 503 222 25 48 1
6 166 665 501 222 25 48 1
6 166 666 501 222 25 48 1
6 166 667 499 222 25 48 1
6 166 668 499 222 25 48 1
6 166 669 497 222 25 48 1
6 166 670 497 222 25 48 1
6 166 671 496 222 24 48 1
6 166 672 496 222 24 48 1
6 166 673 494 222 25 48 1
6 166 674 494 222 25 48 1
6 166 675 492 222 25 48 1
6 166 676 492 222 25 48 1
6 166 677 490 222 25 48 1
6 166 678 490 222 25 48 1
6 166 679 488 220 25 48 1
6 166 680 487 220 25 48 1
6 166 681 485 220 25 48 1
6 166 682 483 220 25 48 1
6 166 683 481 220 25 48 1
6 166 684 480 220 24 48 1
6 166 685 478 220 25 48 1
6 166 686 476 220 25 48 1
6 166 687 474 220 25 48 1
6 166 688 472 220 25 48 1
6 166 689 471 220 25 48 1
6 166 690 469 220 25 48 1
6 166 691 469 220 25 48 1
6 166 692 467 220 25 48 1
6 166 693 465 220 25 48 1
6 166 694 465 220 25 48 1
6 166 695 464 220 24 48 1
6 166 696 464 220 24 48 1
6 166 697 462 220 25 48 1
6 166 698 462 220 25 48 1
6 166 699 460 220 25 48 1
6 166 700 458 220 25 48 1
6 166 701 458 220 25 48 1
6 166 702 456 220 25 48 1
6 166 703 456 220 25 48 1
6 166 704 455 220 25 48 1
6 166 705 455 220 25 48 1
6 166 706 453 220 25 48 1
6 166 707 451 220 25 48 1
6 166 708 451 220 25 48 1
6 166 709 449 220 25 48 1
6 166 710 449 220 25 48 1
6 166 711 448 220 24 48 1
6 166 712 448 220 24 48 1
6 166 713 446 220 25 48 1
6 166 714 444 220 25 48 1
6 166 715 444 220 25 48 1
6 166 716 442 220 25 48 1
6 166 717 442 220 25 48 1
6 166 718 440 220 25 48 1
6 166 719 440 220 25 48 1
6 166 720 439 220 25 48 1
6 166 721 437 220 25 48 1
6 166 722 437 220 25 48 1
6 166 723 435 222 25 48 1
6 166 724 435 222 25 48 1
6 166 725 433 222 25 48 1
6 166 726 433 222 25 48 1
6 166 727 432 222 24 48 1
6 166 728 430 222 25 48 1
6 166 729 430 222 25 48 1
6 166 730 428 222 25 48 1
6 166 731 428 222 25 48 1
6 166 732 426 222 25 48 1
6 166 733 426 224 25 48 1
6 166 734 424 222 25 48 1
6 166 735 423 222 25 48 1
6 166 736 421 222 25 48 1
6 166 737 421 222 25 48 1
6 166 738 419 222 25 48 1
6 166 739 417 222 25 48 1
6 166 740 417 222 25 48 1
6 166 741 416 222 24 48 1
6 166 742 414 222 25 48 1
6 166 743 414 222 25 48 1
6 166 744 412 222 25 48 1
6 166 745 410 222 25 48 1
6 166 746 410 222 25 48 1
6 166 747 408 222 25 48 1
6 166 748 407 222 25 48 1
6 166 749 407 222 25 48 1
6 166 750 405 222 25 48 1
6 166 751 403 222 25 48 1
6 166 752 401 222 25 48 1
6 166 753 401 222 25 48 1
6 166 754 400 222 24 48 1
6 166 755 398 222 25 48 1
6 166 756 396 222 25 48 1
6 166 757 396 224 25 48 1
6 166 758 394 224 25 48 1
6 166 759 392 224 25 48 1
6 166 760 391 224 25 48 1
6 166 761 391 224 25 48 1
6 166 762 389 224 25 48 1
6 166 763 387 224 25 48 1
6 166 764 385 224 25 48 1
6 166 765 385 225 25 48 1
7 373 264 864 208 16 37 1
7 373 265 862 208 16 37 1
7 373 266 862 208 16 37 1
7 373 267 860 208 18 37 1
7 373 268 860 208 16 37 1
7 373 269 860 208 16 37 1
7 373 270 858 208 18 37 1
7 373 271 858 208 16 37 1
7 373 272 858 208 16 37 1
7 373 273 856 208 18 37 1
7 373 274 856 208 16 37 1
7 373 275 856 208 16 37 1
7 373 276 855 208 17 37 1
7 373 277 855 208 16 37 1
7 373 278 853 208 18 37 1
7 373 279 853 208 18 37 1
7 373 280 853 208 16 37 1
7 373 281 851 208 18 37 1
7 373 282 851 208 18 37 1
7 373 283 851 208 16 37 1
7 373 284 849 208 18 37 1
7 373 285 849 208 18 37 1
7 373 286 849 208 18 37 1
7 373 287 848 208 17 37 1
7 373 288 848 208 17 37 1
7 373 289 848 208 17 37 1
7 373 290 846 208 18 37 1
7 373 291 846 208 18 37 1
7 373 292 846 208 18 37 1
7 373 293 846 208 18 37 1
7 373 294 844 208 18 37 1
7 373 295 844 208 18 37 1
7 373 296 844 208 18 37 1
7 373 297 842 208 18 37 1
7 373 298 842 208 18 37 1
7 373 299 842 208 18 37 1
7 373 300 842 208 18 37 1
7 373 301 840 206 18 39 1
7 373 302 840 206 18 39 1
7 373 303 840 206 18 39 1
7 373 304 840 206 18 39 1
7 373 305 839 206 19 39 1
7 373 306 839 206 19 39 1
7 373 307 839 206 19 39 1
7 373 308 839 206 19 39 1
7 373 309 837 206 19 39 1
7 373 310 837 206 19 39 1
7 373 311 837 206 19 39 1
7 373 312 837 204 19 41 1
7 373 313 835 204 21 41 1
7 373 314 835 204 21 41 1
7 373 315 835 204 21 41 1
7 373 316 835 204 21 41 1
7 373 317 835 204 21 43 1
7 373 318 833 204 22 43 1
7 373 319 833 204 22 43 1
7 373 320 833 204 22 43 1
7 373 321 833 204 22 43 1
7 373 322 832 204 23 43 1
7 373 323 832 202 23 45 1
7 373 324 832 202 23 45 1
7 373 325 832 202 23 45 1
7 373 326 830 202 23 45 1
7 373 327 830 202 23 45 1
7 373 328 830 202 23 45 1
7 373 329 830 202 23 45 1
7 373 330 828 202 25 45 1
7 373 331 828 202 25 45 1
7 373 332 828 202 25 45 1
7 373 333 828 202 25 45 1
7 373 334 828 202 25 46 1
7 373 335 828 200 25 47 1
7 373 336 828 200 25 47 1
7 373 337 828 200 25 47 1
7 373 338 828 200 25 47 1
7 373 339 828 200 25 47 1
7 373 340 828 200 25 47 1
7 373 341 828 200 25 47 1
7 373 342 828 200 25 47 1
7 373 343 828 200 25 47 1
7 373 344 828 200 25 47 1
7 373 345 828 200 25 47 1
7 373 346 828 200 25 47 1
7 373 347 828 200 25 47 1
7 373 348 828 200 25 47 1
7 373 349 828 200 25 47 1
7 373 350 828 200 25 47 1
7 373 351 828 200 25 47 1
7 373 352 828 200 25 47 1
7 373 353 828 200 25 47 1
7 373 354 828 200 25 47 1
7 373 355 828 200 25 47 1
7 373 356 828 200 25 47 1
7 373 357 830 200 25 47 1
7 373 358 830 200 25 47 1
7 373 359 830 200 25 47 1
7 373 360 830 200 25 47 1
7 373 361 830 200 25 47 1
7 373 362 830 200 25 47 1
7 373 363 830 200 25 47 1
7 373 364 830 200 25 47 1
7 373 365 830 200 25 47 1
7 373 366 830 200 25 47 1
7 373 367 830 200 25 47 1
7 373 368 830 200 25 47 1
7 373 369 830 200 25 47 1
7 373 370 830 200 25 47 1
7 373 371 830 200 25 47 1
7 373 372 830 200 25 47 1
7 373 373 830 200 25 47 1
7 373 374 830 200 25 47 1
7 373 375 830 200 25 47 1
7 373 376 830 200 25 47 1
7 373 377 830 200 25 47 1
7 373 378 830 200 25 47 1
7 373 379 832 200 24 47 1
7 373 380 832 200 24 47 1
7 373 381 832 200 24 47 1
7 373 382 832 200 24 47 1
7 373 383 832 200 24 47 1
7 373 384 832 200 24 47 1
7 373 385 832 200 24 47 1
7 373 386 832 200 24 47 1
7 373 387 832 200 24 47 1
7 373 388 832 200 24 47 1
7 373 389 832 200 24 47 1
7 373 390 832 200 24 47 1
7 373 391 832 200 24 47 1
7 373 392 832 200 24 47 1
7 373 393 832 200 24 47 1
7 373 394 832 200 24 47 1
7 373 395 832 200 24 47 1
7 373 396 832 200 24 47 1
7 373 397 832 200 24 47 1
7 373 398 832 200 24 47 1
7 373 399 832 200 24 47 1
7 373 400 832 200 24 47 1
7 373 401 832 200 24 47 1
7 373 402 833 200 25 47 1
7 373 403 833 200 25 47 1
7 373 404 833 200 25 47 1
7 373 405 833 200 25 47 1
7 373 406 833 200 25 47 1
7 373 407 833 200 25 47 1
7 373 408 833 200 25 47 1
7 373 409 833 200 25 47 1
7 373 410 833 200 25 47 1
7 373 411 833 200 25 47 1
7 373 412 833 200 25 47 1
7 373 413 833 200 25 47 1
7 373 414 833 200 25 47 1
7 373 415 833 200 25 47 1
7 373 416 833 200 25 47 1
7 373 417 833 200 25 47 1
7 373 418 833 200 25 47 1
7 373 419 833 200 25 47 1
7 373 420 833 200 25 47 1
7 373 421 833 200 25 47 1
7 373 422 833 200 25 47 1
7 373 423 833 200 25 47 1
7 373 424 835 200 25 47 1
7 373 425 835 200 25 47 1
7 373 426 835 200 25 47 1
7 373 427 835 200 25 47 1
7 373 428 835 200 25 47 1
7 373 429 835 200 25 47 1
7 373 430 835 200 25 47 1
7 373 431 835 200 25 47 1
7 373 432 835 200 25 47 1
7 373 433 835 200 25 47 1
7 373 434 835 200 25 47 1
7 373 435 835 200 25 47 1
7 373 436 835 200 25 47 1
7 373 437 835 200 25 47 1
7 373 438 835 200 25 47 1
7 373 439 835 200 25 47 1
7 373 440 835 200 25 47 1
7 373 441 835 200 25 47 1
7 373 442 835 200 25 47 1
7 373 443 835 200 25 47 1
7 373 444 835 200 25 47 1
7 373 445 835 200 25 47 1
7 373 446 837 200 25 47 1
7 373 447 837 200 25 47 1
7 373 448 837 200 25 47 1
7 373 449 837 200 25 47 1
7 373 450 837 200 25 47 1
7 373 451 837 200 25 47 1
7 373 452 837 200 25 47 1
7 373 453 837 200 25 47 1
7 373 454 837 200 25 47 1
7 373 455 837 200 25 47 1
7 373 456 837 200 25 47 1
7 373 457 837 200 25 47 1
7 373 458 837 200 25 47 1
7 373 459 837 200 25 47 1
7 373 460 837 200 25 47 1
7 373 461 837 200 25 47 1
7 373 462 837 200 25 47 1
7 373 463 837 200 25 47 1
7 373 464 837 200 25 47 1
7 373 465 837 200 25 47 1
7 373 466 837 200 25 47 1
7 373 467 837 200 25 47 1
7 373 468 837 200 25 47 1
7 373 469 839 200 25 47 1
7 373 470 839 200 25 47 1
7 373 471 839 200 25 47 1
7 373 472 839 200 25 47 1
7 373 473 839 200 25 47 1
7 373 474 839 200 25 47 1
7 373 475 839 200 25 47 1
7 373 476 839 200 25 47 1
7 373 477 839 200 25 47 1
7 373 478 839 200 25 47 1
7 373 479 839 200 25 47 1
7 373 480 839 200 25 47 1
7 373 481 839 200 25 47 1
7 373 482 839 200 25 47 1
7 373 483 839 200 25 47 1
7 373 484 839 200 25 47 1
7 373 485 839 200 25 47 1
7 373 486 839 200 25 47 1
7 373 487 839 200 25 47 1
7 373 488 839 200 25 47 1
7 373 489 839 200 25 47 1
7 373 490 839 200 25 47 1
7 373 491 840 200 25 47 1
7 373 492 840 200 25 47 1
7 373 493 840 200 25 47 1
7 373 494 840 200 25 47 1
7 373 495 840 200 25 47 1
7 373 496 840 200 25 47 1
7 373 497 840 200 25 47 1
7 373 498 840 200 25 47 1
7 373 499 840 200 25 47 1
7 373 500 840 200 25 47 1
7 373 501 840 200 25 47 1
7 373 502 840 200 25 47 1
7 373 503 840 200 25 47 1
7 373 504 840 200 25 47 1
7 373 505 840 200 25 47 1
7 373 506 840 200 25 47 1
7 373 507 840 200 25 47 1
7 373 508 840 200 25 47 1
7 373 509 840 200 25 47 1
7 373 510 840 200 25 47 1
7 373 511 840 200 25 47 1
7 373 512 840 200 25 47 1
7 373 513 842 200 25 47 1
7 373 514 842 200 25 47 1
7 373 515 842 200 25 47 1
7 373 516 842 200 25 47 1
7 373 517 842 200 25 47 1
7 373 518 842 200 25 47 1
7 373 519 842 200 25 47 1
7 373 520 842 200 25 47 1
7 373 521 842 200 25 47 1
7 373 522 842 200 25 47 1
7 373 523 842 200 25 47 1
7 373 524 842 200 25 47 1
7 373 525 842 200 25 47 1
7 373 526 842 200 25 47 1
7 373 527 842 200 25 47 1
7 373 528 842 200 25 47 1
7 373 529 842 200 25 47 1
7 373 530 842 200 25 47 1
7 373 531 842 200 25 47 1
7 373 532 842 200 25 47 1
7 373 533 842 200 25 47 1
7 373 534 842 200 25 47 1
7 373 535 842 200 25 47 1
7 373 536 842 200 25 47 1
7 373 537 842 200 25 47 1
7 373 538 842 200 25 47 1
7 373 539 842 200 25 47 1
7 373 540 842 200 25 47 1
7 373 541 842 200 25 47 1
7 373 542 842 200 25 47 1
7 373 543 842 200 25 47 1
7 373 544 842 200 25 47 1
7 373 545 842 200 25 47 1
7 373 546 842 200 25 47 1
7 373 547 842 200 25 47 1
7 373 548 842 200 25 47 1
7 373 549 842 200 25 47 1
7 373 550 842 200 25 47 1
7 373 551 842 200 25 47 1
7 373 552 842 200 25 47 1
7 373 553 842 200 25 47 1
7 373 554 842 200 25 47 1
7 373 555 842 200 25 47 1
7 373 556 842 200 25 47 1
7 373 557 842 200 25 47 1
7 373 558 842 200 25 47 1
7 373 559 842 200 25 47 1
7 373 560 842 200 25 47 1
7 373 561 842 200 25 47 1
7 373 562 842 200 25 47 1
7 373 563 842 200 25 47 1
7 373 564 842 200 25 47 1
7 373 565 842 200 25 47 1
7 373 566 842 200 25 47 1
7 373 567 842 200 25 47 1
7 373 568 842 200 25 47 1
7 373 569 842 200 25 47 1
7 373 570 842 200 25 47 1
7 373 571 842 200 25 47 1
7 373 572 842 200 25 47 1
7 373 573 842 200 25 47 1
7 373 574 842 200 25 47 1
7 373 575 842 200 25 47 1
7 373 576 842 200 25 47 1
7 373 577 842 200 25 47 1
7 373 578 842 200 25 47 1
7 373 579 842 200 25 47 1
7 373 580 842 200 25 47 1
7 373 581 842 200 25 47 1
7 373 582 842 200 25 47 1
7 373 583 842 200 25 47 1
7 373 584 842 200 25 47 1
7 373 585 842 200 25 47 1
7 373 586 842 200 25 47 1
7 373 587 842 200 25 47 1
7 373 588 842 200 25 47 1
7 373 589 842 200 25 47 1
7 373 590 842 200 25 47 1
7 373 591 842 200 25 47 1
7 373 592 842 200 25 47 1
7 373 593 842 200 25 47 1
7 373 594 842 200 25 47 1
7 373 595 842 200 25 47 1
7 373 596 842 200 25 47 1
7 373 597 842 200 25 47 1
7 373 598 842 200 25 47 1
7 373 599 842 200 25 47 1
7 373 600 842 200 25 47 1
7 373 601 842 200 25 45 1
7 373 602 842 200 25 45 1
7 373 603 842 200 25 45 1
7 373 604 844 200 23 43 1
7 373 605 844 200 23 43 1
7 373 606 844 200 23 43 1
7 373 607 844 200 23 43 1
7 373 608 846 200 21 41 1
7 373 609 846 202 21 39 1
7 373 610 846 202 21 39 1
7 373 611 848 202 19 38 1
7 373 612 848 202 19 38 1
7 373 613 848 202 19 38 1
7 373 614 848 202 19 38 1
7 373 615 849 202 18 36 1
7 373 616 849 202 18 36 1
7 373 617 849 202 18 36 1
7 373 618 851 204 18 34 1
7 373 619 851 204 18 34 1
7 373 620 851 204 18 34 1
7 373 621 851 204 18 34 1
7 373 622 851 204 18 34 1
7 373 623 851 204 18 34 1
7 373 624 851 204 18 34 1
7 373 625 851 204 20 34 1
7 373 626 851 204 20 34 1
7 373 627 851 204 20 34 1
7 373 628 851 204 20 34 1
7 373 629 851 204 20 34 1
7 373 630 851 204 20 34 1
7 373 631 851 204 21 34 1
7 373 632 851 204 21 34 1
7 373 633 851 204 21 34 1
7 373 634 851 204 21 34 1
7 373 635 851 204 21 34 1
7 373 636 851 204 21 34 1
8 166 600 12 656 43 44 1
8 166 601 12 656 43 44 1
8 166 602 12 656 43 44 1
8 166 603 12 656 43 44 1
8 166 604 12 656 43 44 1
8 166 605 12 656 43 44 1
8 166 606 12 656 43 44 1
8 166 607 12 656 43 44 1
8 166 608 12 656 43 44 1
8 166 609 12 656 43 44 1
8 166 610 12 656 43 44 1
8 166 611 12 656 43 44 1
8 166 612 12 656 43 44 1
8 166 613 12 656 43 44 1
8 166 614 12 656 43 44 1
8 166 615 12 656 43 44 1
8 166 616 12 656 43 44 1
8 166 617 12 656 43 44 1
8 166 618 12 656 43 44 1
8 166 619 12 656 43 44 1
8 166 620 12 656 43 44 1
8 166 621 12 656 43 44 1
8 166 622 12 656 43 44 1
8 166 623 12 656 43 44 1
8 166 624 12 656 43 44 1
8 166 625 12 656 43 44 1
8 166 626 12 656 43 44 1
8 166 627 12 656 43 44 1
8 166 628 12 656 43 44 1
8 166 629 12 656 43 44 1
8 166 630 12 656 43 44 1
8 166 631 12 656 43 44 1
8 166 632 12 656 43 44 1
8 166 633 12 656 43 44 1
8 166 634 12 656 43 44 1
8 166 635 12 656 43 44 1
8 166 636 12 656 43 44 1
8 166 637 12 656 43 44 1
8 166 638 12 656 43 44 1
8 166 639 12 656 43 44 1
8 166 640 12 656 43 44 1
8 166 641 12 656 43 44 1
8 166 642 12 656 43 44 1
8 166 643 12 656 43 44 1
8 166 644 12 656 43 44 1
8 166 645 12 656 43 44 1
8 166 646 12 656 43 44 1
8 166 647 12 656 43 44 1
8 166 648 12 656 43 44 1
8 166 649 12 656 43 44 1
8 166 650 12 656 43 44 1
8 166 651 12 656 43 44 1
8 166 652 12 656 43 44 1
8 166 653 12 656 43 44 1
8 166 654 12 656 43 44 1
8 166 655 12 656 43 44 1
8 166 656 12 656 43 44 1
8 166 657 12 656 43 44 1
8 166 658 12 656 43 44 1
8 166 659 12 656 43 44 1
8 166 660 12 656 43 44 1
8 166 661 12 656 43 44 1
8 166 662 12 656 43 44 1
8 166 663 12 656 43 44 1
8 166 664 12 656 43 44 1
8 166 665 12 656 43 44 1
8 166 666 12 656 43 44 1
8 166 667 12 656 43 44 1
8 166 668 12 656 43 44 1
8 166 669 12 656 43 44 1
8 166 670 12 656 43 44 1
8 166 671 12 656 43 44 1
8 166 672 12 656 43 44 1
8 166 673 12 656 43 44 1
8 166 674 12 656 43 44 1
8 166 675 12 656 43 44 1
8 166 676 12 656 43 44 1
8 166 677 12 656 43 44 1
8 166 678 12 656 43 44 1
8 166 679 12 656 43 44 1
8 166 680 12 656 43 44 1
8 166 681 12 656 43 44 1
8 166 682 12 656 43 44 1
8 166 683 12 656 43 44 1
8 166 684 12 656 43 44 1
8 166 685 12 656 43 44 1
8 166 686 12 656 43 44 1
8 166 687 12 656 43 44 1
8 166 688 12 656 43 44 1
8 166 689 12 656 43 44 1
8 166 690 12 656 43 44 1
8 166 691 12 656 43 44 1
8 166 692 12 656 43 44 1
8 166 693 12 656 43 44 1
8 166 694 12 656 43 44 1
8 166 695 12 656 43 44 1
8 166 696 12 656 43 44 1
8 166 697 12 656 43 44 1
8 166 698 12 656 43 44 1
8 166 699 12 656 43 44 1
8 166 700 12 656 43 44 1
8 166 701 12 656 43 44 1
8 166 702 12 656 43 44 1
8 166 703 12 656 43 44 1
8 166 704 12 656 43 44 1
8 166 705 12 656 43 44 1
8 166 706 12 656 43 44 1
8 166 707 12 656 43 44 1
8 166 708 12 656 43 44 1
8 166 709 12 656 43 44 1
8 166 710 12 656 43 44 1
8 166 711 12 656 43 44 1
8 166 712 12 656 43 44 1
8 166 713 12 656 43 44 1
8 166 714 12 656 43 44 1
8 166 715 12 656 43 44 1
8 166 716 12 656 43 44 1
8 166 717 12 656 43 44 1
8 166 718 12 656 43 44 1
8 166 719 12 656 43 44 1
8 166 720 12 656 43 44 1
8 166 721 12 656 43 44 1
8 166 722 12 656 43 44 1
8 166 723 12 656 43 44 1
8 166 724 12 656 43 44 1
8 166 725 12 656 43 44 1
8 166 726 12 656 43 44 1
8 166 727 12 656 43 44 1
8 166 728 12 656 43 44 1
8 166 729 12 656 43 44 1
8 166 730 12 656 43 44 1
8 166 731 12 656 43 44 1
8 166 732 12 656 43 44 1
8 166 733 12 656 43 44 1
8 166 734 12 656 43 44 1
8 166 735 12 656 43 44 1
8 166 736 12 656 43 44 1
8 166 737 12 656 43 44 1
8 166 738 12 656 43 44 1
8 166 739 12 656 43 44 1
8 166 740 12 656 43 44 1
8 166 741 12 656 43 44 1
8 166 742 12 656 43 44 1
8 166 743 12 656 43 44 1
8 166 744 12 656 43 44 1
8 166 745 12 656 43 44 1
8 166 746 12 656 43 44 1
8 166 747 12 656 43 44 1
8 166 748 12 656 43 44 1
8 166 749 12 656 43 44 1
8 166 750 12 656 43 44 1
8 166 751 12 656 43 44 1
8 166 752 12 656 43 44 1
8 166 753 12 656 43 44 1
8 166 754 12 656 43 44 1
8 166 755 12 656 43 44 1
8 166 756 12 656 43 44 1
8 166 757 12 656 43 44 1
8 166 758 12 656 43 44 1
8 166 759 12 656 43 44 1
8 166 760 12 656 43 44 1
8 166 761 12 656 43 44 1
8 166 762 12 656 43 44 1
8 166 763 12 656 43 44 1
8 166 764 12 656 43 44 1
8 166 765 12 656 43 44 1
9 122 644 124 231 16 48 1
9 122 645 124 231 16 48 1
9 122 646 124 231 18 48 1
9 122 647 124 231 20 48 1
9 122 648 124 231 21 48 1
9 122 649 124 231 23 48 1
9 122 650 126 231 23 49 1
9 122 651 126 231 23 49 1
9 122 652 128 231 23 49 1
9 122 653 128 231 23 49 1
9 122 654 129 232 23 48 1
9 122 655 131 232 23 48 1
9 122 656 131 232 23 48 1
9 122 657 133 232 23 48 1
9 122 658 135 234 23 48 1
9 122 659 136 232 24 48 1
9 122 660 140 231 23 48 1
9 122 661 144 229 23 50 1
9 122 662 144 229 23 50 1
9 122 663 145 229 23 50 1
9 122 664 145 229 23 50 1
9 122 665 147 229 23 50 1
9 122 666 149 229 23 50 1
9 122 667 149 229 23 50 1
9 122 668 151 229 23 50 1
9 122 669 152 229 24 50 1
9 122 670 152 229 24 50 1
9 122 671 154 229 23 50 1
9 122 672 156 229 23 50 1
9 122 673 156 229 23 50 1
9 122 674 158 229 23 50 1
9 122 675 160 229 23 50 1
9 122 676 160 229 23 50 1
9 122 677 161 229 23 50 1
9 122 678 163 229 23 50 1
9 122 679 165 229 23 50 1
9 122 680 167 229 23 50 1
9 122 681 168 229 24 50 1
9 122 682 170 229 23 50 1
9 122 683 172 229 23 50 1
9 122 684 174 229 23 50 1
9 122 685 176 229 23 50 1
9 122 686 177 229 23 50 1
9 122 687 179 231 23 49 1
9 122 688 179 231 23 49 1
9 122 689 179 231 23 49 1
9 122 690 179 231 23 49 1
9 122 691 181 231 23 49 1
9 122 692 181 231 23 49 1
9 122 693 181 231 23 49 1
9 122 694 183 231 23 49 1
9 122 695 183 231 23 49 1
9 122 696 183 231 23 49 1
9 122 697 184 231 24 49 1
9 122 698 184 231 24 49 1
9 122 699 184 231 24 49 1
9 122 700 186 231 23 49 1
9 122 701 186 231 23 49 1
9 122 702 186 231 23 49 1
9 122 703 188 231 23 49 1
9 122 704 190 231 23 48 1
9 122 705 192 231 23 48 1
9 122 706 193 231 23 48 1
9 122 707 195 231 23 48 1
9 122 708 197 231 23 48 1
9 122 709 199 231 23 48 1
9 122 710 200 231 24 48 1
9 122 711 202 231 23 48 1
9 122 712 204 231 23 48 1
9 122 713 206 231 23 48 1
9 122 714 208 231 23 48 1
9 122 715 208 231 23 48 1
9 122 716 209 231 23 48 1
9 122 717 211 231 23 48 1
9 122 718 213 231 23 48 1
9 122 719 215 231 23 48 1
9 122 720 216 231 24 48 1
9 122 721 218 231 23 48 1
9 122 722 220 231 23 48 1
9 122 723 222 231 23 48 1
9 122 724 224 231 23 48 1
9 122 725 225 231 23 48 1
9 122 726 227 231 23 48 1
9 122 727 227 231 23 48 1
9 122 728 229 231 23 48 1
9 122 729 231 231 23 48 1
9 122 730 231 231 23 48 1
9 122 731 232 231 24 48 1
9 122 732 234 231 23 48 1
9 122 733 234 231 23 48 1
9 122 734 236 231 23 48 1
9 122 735 238 231 23 48 1
9 122 736 238 231 23 48 1
9 122 737 240 231 23 48 1
9 122 738 241 231 23 48 1
9 122 739 241 231 23 48 1
9 122 740 243 231 23 48 1
9 122 741 245 231 23 48 1
9 122 742 247 231 23 48 1
9 122 743 245 231 25 48 1
9 122 744 245 231 25 48 1
9 122 745 245 231 25 48 1
9 122 746 245 231 25 49 1
9 122 747 245 231 25 48 1
9 122 748 247 231 23 48 1
9 122 749 247 231 25 48 1
9 122 750 248 231 24 48 1
9 122 751 248 231 25 48 1
9 122 752 250 231 23 48 1
9 122 753 250 231 25 48 1
9 122 754 252 231 23 48 1
9 122 755 254 231 21 48 1
9 122 756 254 231 23 48 1
9 122 757 256 231 21 48 1
9 122 758 256 231 23 48 1
9 122 759 257 231 22 48 1
9 122 760 257 231 23 48 1
9 122 761 259 231 21 48 1
9 122 762 261 231 21 48 1
9 122 763 261 231 21 48 1
9 122 764 261 231 21 48 1
9 122 765 261 231 21 48 1
