0 322 0 238 234 21 52 1
0 322 1 238 234 21 52 1
0 322 2 238 234 21 52 1
0 322 3 238 234 21 52 1
0 322 4 238 234 21 52 1
0 322 5 238 234 21 52 1
0 322 6 238 234 21 52 1
0 322 7 240 234 21 52 1
0 322 8 240 234 21 52 1
0 322 9 240 234 21 52 1
0 322 10 240 234 21 52 1
0 322 11 240 234 21 52 1
0 322 12 240 234 21 52 1
0 322 13 240 234 21 52 1
0 322 14 241 234 22 52 1
0 322 15 241 234 22 54 1
0 322 16 241 234 22 54 1
0 322 17 241 234 22 54 1
0 322 18 241 234 22 54 1
0 322 19 241 234 22 54 1
0 322 20 241 234 22 54 1
0 322 21 243 234 21 54 1
0 322 22 243 234 21 54 1
0 322 23 243 234 21 54 1
0 322 24 243 234 21 54 1
0 322 25 243 234 21 54 1
0 322 26 243 234 21 54 1
0 322 27 243 236 21 52 1
0 322 28 245 236 21 52 1
0 322 29 245 236 21 52 1
0 322 30 245 236 21 53 1
0 322 31 245 236 21 53 1
0 322 32 245 236 21 53 1
0 322 33 245 236 21 53 1
0 322 34 245 236 21 53 1
0 322 35 247 236 21 53 1
0 322 36 247 236 21 53 1
0 322 37 247 236 21 53 1
0 322 38 247 236 21 53 1
0 322 39 247 236 21 53 1
0 322 40 247 236 21 53 1
0 322 41 247 236 21 53 1
0 322 42 248 236 22 53 1
0 322 43 248 236 22 53 1
0 322 44 248 236 22 53 1
0 322 45 248 236 22 55 1
0 322 46 248 236 22 55 1
0 322 47 248 236 22 55 1
0 322 48 248 236 22 55 1
0 322 49 250 236 22 55 1
0 322 50 250 236 22 55 1
0 322 51 250 236 22 55 1
0 322 52 250 236 22 55 1
0 322 53 250 238 22 53 1
0 322 54 250 238 22 53 1
0 322 55 250 238 22 53 1
0 322 56 252 238 21 53 1
0 322 57 252 238 21 53 1
0 322 58 252 238 21 53 1
0 322 59 252 238 21 55 1
0 322 60 252 238 21 55 1
0 322 61 252 238 21 55 1
0 322 62 252 238 21 55 1
0 322 63 254 238 21 55 1
0 322 64 254 238 21 55 1
0 322 65 254 238 21 55 1
0 322 66 254 238 21 55 1
0 322 67 254 238 21 55 1
0 322 68 254 238 21 55 1
0 322 69 254 238 21 55 1
0 322 70 256 238 21 55 1
0 322 71 256 238 21 55 1
0 322 72 256 238 21 55 1
0 322 73 256 238 21 55 1
0 322 74 256 238 21 57 1
0 322 75 256 238 21 57 1
0 322 76 256 238 21 57 1
0 322 77 257 238 22 57 1
0 322 78 257 238 22 57 1
0 322 79 257 240 22 55 1
0 322 80 257 240 22 55 1
0 322 81 257 240 22 55 1
0 322 82 257 240 22 55 1
0 322 83 259 240 21 55 1
0 322 84 259 240 21 55 1
0 322 85 259 240 21 55 1
0 322 86 259 240 21 55 1
0 322 87 259 240 21 55 1
0 322 88 259 240 21 55 1
0 322 89 259 240 21 56 1
0 322 90 261 240 21 56 1
0 322 91 261 240 21 56 1
0 322 92 261 240 21 56 1
0 322 93 261 240 21 56 1
0 322 94 261 240 21 56 1
0 322 95 261 240 21 56 1
0 322 96 261 240 21 56 1
0 322 97 263 240 21 56 1
0 322 98 263 240 21 56 1
0 322 99 263 240 21 56 1
0 322 100 263 240 21 56 1
0 322 101 263 240 21 56 1
0 322 102 263 240 21 56 1
0 322 103 263 240 21 58 1
0 322 104 264 240 22 58 1
0 322 105 264 241 22 57 1
0 322 106 264 241 22 57 1
0 322 107 264 241 22 57 1
0 322 108 264 241 22 57 1
0 322 109 264 241 22 57 1
0 322 110 264 241 22 57 1
0 322 111 266 241 22 57 1
0 322 112 266 241 22 57 1
0 322 113 266 241 22 57 1
0 322 114 266 241 22 57 1
0 322 115 266 241 22 57 1
0 322 116 266 241 22 57 1
0 322 117 266 241 22 57 1
0 322 118 268 241 21 59 1
0 322 119 268 241 21 59 1
0 322 120 268 241 21 59 1
0 322 121 268 241 21 59 1
0 322 122 268 241 21 59 1
0 322 123 268 241 21 59 1
0 322 124 268 241 21 59 1
0 322 125 270 241 21 59 1
0 322 126 270 241 21 59 1
0 322 127 270 241 21 59 1
0 322 128 270 241 21 59 1
0 322 129 270 241 21 59 1
0 322 130 270 241 21 59 1
0 322 131 270 243 21 57 1
0 322 132 272 243 21 57 1
0 322 133 272 243 21 59 1
0 322 134 272 243 21 59 1
0 322 135 272 243 21 59 1
0 322 136 272 243 21 59 1
0 322 137 272 243 21 59 1
0 322 138 272 243 21 59 1
0 322 139 273 243 22 59 1
0 322 140 273 243 22 59 1
0 322 141 273 243 22 59 1
0 322 142 273 243 22 59 1
0 322 143 273 243 22 59 1
0 322 144 273 243 22 59 1
0 322 145 273 243 22 59 1
0 322 146 275 243 21 59 1
0 322 147 275 243 21 61 1
0 322 148 275 243 21 61 1
0 322 149 275 243 21 61 1
0 322 150 275 243 21 61 1
0 322 151 275 243 21 61 1
0 322 152 275 243 21 61 1
0 322 153 277 243 21 61 1
0 322 154 277 243 21 61 1
0 322 155 277 243 21 61 1
0 322 156 277 243 21 61 1
0 322 157 277 245 21 59 1
0 322 158 277 245 21 59 1
0 322 159 279 245 21 59 1
0 322 160 279 245 21 59 1
0 322 161 279 245 21 59 1
0 322 162 279 245 21 60 1
0 322 163 279 245 21 60 1
0 322 164 279 245 21 60 1
0 322 165 279 245 21 60 1
0 322 166 280 245 22 60 1
0 322 167 280 245 22 60 1
0 322 168 280 245 22 60 1
0 322 169 280 245 22 60 1
0 322 170 280 245 22 60 1
0 322 171 280 245 22 60 1
0 322 172 280 245 22 60 1
0 322 173 282 245 22 60 1
0 322 174 282 245 22 60 1
0 322 175 282 245 22 60 1
0 322 176 282 245 22 60 1
0 322 177 282 245 22 62 1
0 322 178 282 245 22 62 1
0 322 179 282 245 22 62 1
0 322 180 284 245 21 62 1
0 322 181 284 245 21 62 1
0 322 182 284 245 21 62 1
0 322 183 284 247 21 60 1
0 322 184 284 247 21 60 1
0 322 185 284 247 21 60 1
0 322 186 284 247 21 60 1
0 322 187 286 247 21 60 1
0 322 188 286 247 21 60 1
0 322 189 286 247 21 60 1
0 322 190 286 247 21 60 1
0 322 191 286 247 21 62 1
0 322 192 286 247 21 62 1
0 322 193 286 247 21 62 1
0 322 194 288 247 21 62 1
0 322 195 288 247 21 62 1
0 322 196 288 247 21 62 1
0 322 197 288 247 21 62 1
0 322 198 288 247 21 62 1
0 322 199 288 247 21 62 1
0 322 200 288 247 21 62 1
0 322 201 289 247 22 62 1
0 322 202 289 247 22 62 1
0 322 203 289 247 22 62 1
0 322 204 289 247 22 62 1
0 322 205 289 247 22 62 1
0 322 206 289 247 22 64 1
0 322 207 289 247 22 64 1
0 322 208 291 247 21 64 1
0 322 209 291 248 21 63 1
0 322 210 291 248 21 63 1
0 322 211 291 248 21 63 1
0 322 212 291 248 21 63 1
0 322 213 291 248 21 63 1
0 322 214 291 248 21 63 1
0 322 215 293 248 21 63 1
0 322 216 293 248 21 63 1
0 322 217 293 248 21 63 1
0 322 218 293 248 21 63 1
0 322 219 293 248 21 63 1
0 322 220 293 248 21 63 1
0 322 221 293 248 21 64 1
0 322 222 295 248 21 64 1
0 322 223 295 248 21 64 1
0 322 224 295 248 21 64 1
0 322 225 295 248 21 64 1
0 322 226 295 248 21 64 1
0 322 227 295 248 21 64 1
0 322 228 295 248 21 64 1
0 322 229 296 248 22 64 1
0 322 230 296 248 22 64 1
0 322 231 296 248 22 64 1
0 322 232 296 248 22 64 1
0 322 233 296 248 22 64 1
0 322 234 296 248 22 64 1
0 322 235 298 250 22 64 1
0 322 236 298 250 22 64 1
0 322 237 298 250 22 64 1
0 322 238 298 250 22 64 1
0 322 239 298 250 22 64 1
0 322 240 300 250 21 64 1
0 322 241 300 250 21 64 1
0 322 242 300 250 21 64 1
0 322 243 300 250 21 64 1
0 322 244 302 250 21 64 1
0 322 245 302 252 21 64 1
0 322 246 302 252 21 64 1
0 322 247 302 252 21 64 1
0 322 248 304 252 21 64 1
0 322 249 304 252 21 64 1
0 322 250 304 252 21 64 1
0 322 251 304 252 21 64 1
0 322 252 305 252 22 64 1
0 322 253 305 252 22 64 1
0 322 254 305 254 22 64 1
0 322 255 305 254 22 64 1
0 322 256 305 254 22 64 1
0 322 257 307 254 21 64 1
0 322 258 307 254 21 64 1
0 322 259 307 254 21 64 1
0 322 260 307 254 21 64 1
0 322 261 309 254 21 64 1
0 322 262 309 254 21 64 1
0 322 263 309 254 21 64 1
0 322 264 309 256 21 64 1
0 322 265 311 256 21 64 1
0 322 266 311 256 21 64 1
0 322 267 311 256 21 64 1
0 322 268 311 256 21 64 1
0 322 269 312 256 22 64 1
0 322 270 312 256 22 64 1
0 322 271 312 256 22 64 1
0 322 272 312 256 22 64 1
0 322 273 314 257 22 64 1
0 322 274 314 257 22 64 1
0 322 275 314 257 22 64 1
0 322 276 314 257 22 64 1
0 322 277 314 257 22 64 1
0 322 278 314 257 22 64 1
0 322 279 314 257 22 64 1
0 322 280 314 257 22 64 1
0 322 281 316 259 21 64 1
0 322 282 316 259 21 64 1
0 322 283 316 259 21 64 1
0 322 284 316 259 21 64 1
0 322 285 316 259 21 64 1
0 322 286 316 259 21 64 1
0 322 287 316 259 21 64 1
0 322 288 318 261 21 64 1
0 322 289 318 261 21 64 1
0 322 290 318 261 21 64 1
0 322 291 318 261 21 64 1
0 322 292 318 261 21 64 1
0 322 293 318 261 21 64 1
0 322 294 318 261 21 64 1
0 322 295 318 261 21 64 1
0 322 296 320 263 21 64 1
0 322 297 320 263 21 64 1
0 322 298 320 263 21 64 1
0 322 299 320 263 21 64 1
0 322 300 320 263 21 64 1
0 322 301 320 263 21 64 1
0 322 302 320 263 21 64 1
0 322 303 321 264 22 64 1
0 322 304 321 264 22 64 1
0 322 305 321 264 22 64 1
0 322 306 321 264 22 64 1
0 322 307 321 264 22 64 1
0 322 308 321 264 22 64 1
0 322 309 321 264 22 64 1
0 322 310 323 266 21 64 1
0 322 311 323 266 21 64 1
0 322 312 323 266 21 64 1
0 322 313 323 266 21 64 1
0 322 314 323 266 21 64 1
0 322 315 323 266 21 64 1
0 322 316 323 266 21 64 1
0 322 317 323 266 21 64 1
0 322 318 323 266 21 64 1
0 322 319 323 266 21 64 1
0 322 320 323 266 21 64 1
0 322 321 323 266 21 64 1
1 93 572 44 256 21 40 1
1 93 573 44 254 21 41 1
1 93 574 44 254 21 41 1
1 93 575 46 254 21 41 1
1 93 576 46 254 21 41 1
1 93 577 48 254 21 41 1
1 93 578 48 254 21 41 1
1 93 579 49 254 22 41 1
1 93 580 49 254 22 41 1
1 93 581 51 254 21 41 1
1 93 582 51 254 21 41 1
1 93 583 53 254 21 41 1
1 93 584 53 254 21 41 1
1 93 585 55 254 21 41 1
1 93 586 55 254 21 41 1
1 93 587 56 254 22 41 1
1 93 588 56 254 22 41 1
1 93 589 56 254 22 41 1
1 93 590 58 254 22 41 1
1 93 591 58 254 22 41 1
1 93 592 60 254 21 41 1
1 93 593 60 254 21 41 1
1 93 594 62 254 21 41 1
1 93 595 62 254 21 41 1
1 93 596 64 254 21 41 1
1 93 597 64 254 21 41 1
1 93 598 65 254 22 41 1
1 93 599 65 254 22 41 1
1 93 600 67 254 21 41 1
1 93 601 67 254 21 41 1
1 93 602 69 254 21 41 1
1 93 603 69 254 23 41 1
1 93 604 71 254 23 41 1
1 93 605 71 254 23 42 1
1 93 606 72 254 24 42 1
1 93 607 72 254 25 42 1
1 93 608 74 254 25 42 1
1 93 609 76 254 25 44 1
1 93 610 76 252 25 44 1
1 93 611 76 252 25 44 1
1 93 612 78 252 25 44 1
1 93 613 78 252 25 44 1
1 93 614 78 252 25 44 1
1 93 615 80 252 24 44 1
1 93 616 80 252 24 44 1
1 93 617 80 252 24 44 1
1 93 618 81 252 25 44 1
1 93 619 81 252 25 44 1
1 93 620 81 252 25 44 1
1 93 621 83 250 25 46 1
1 93 622 83 250 25 46 1
1 93 623 83 250 25 46 1
1 93 624 85 250 25 46 1
1 93 625 85 250 25 46 1
1 93 626 85 250 25 46 1
1 93 627 87 250 25 46 1
1 93 628 87 250 25 46 1
1 93 629 87 250 25 46 1
1 93 630 88 250 25 46 1
1 93 631 88 250 25 46 1
1 93 632 88 248 25 48 1
1 93 633 90 248 25 48 1
1 93 634 90 248 25 48 1
1 93 635 90 248 25 48 1
1 93 636 92 248 25 48 1
1 93 637 92 248 25 47 1
1 93 638 94 248 25 47 1
1 93 639 94 248 25 47 1
1 93 640 94 248 25 47 1
1 93 641 96 248 24 47 1
1 93 642 96 248 24 47 1
1 93 643 96 247 24 48 1
1 93 644 97 247 25 48 1
1 93 645 97 247 25 48 1
1 93 646 97 247 25 48 1
1 93 647 99 247 25 48 1
1 93 648 99 247 25 48 1
1 93 649 99 247 25 48 1
1 93 650 101 247 25 48 1
1 93 651 101 247 25 48 1
1 93 652 101 247 25 48 1
1 93 653 103 247 25 48 1
1 93 654 103 245 25 50 1
1 93 655 103 245 25 50 1
1 93 656 104 245 25 50 1
1 93 657 104 245 25 50 1
1 93 658 104 245 25 50 1
1 93 659 106 245 25 50 1
1 93 660 106 245 25 50 1
1 93 661 106 245 25 50 1
1 93 662 108 245 25 50 1
1 93 663 108 245 25 50 1
1 93 664 110 245 25 50 1
2 355 310 1198 551 78 167 1
2 355 311 1191 549 78 169 1
2 355 312 1184 547 80 171 1
2 355 313 1178 545 80 173 1
2 355 314 1171 544 80 174 1
2 355 315 1164 542 82 176 1
2 355 316 1159 540 81 178 1
2 355 317 1152 538 81 180 1
2 355 318 1146 536 82 182 1
2 355 319 1139 535 84 183 1
2 355 320 1132 533 84 185 1
2 355 321 1127 531 83 187 1
2 355 322 1120 529 85 189 1
2 355 323 1114 528 86 190 1
2 355 324 1109 524 83 190 1
2 355 325 1105 522 82 190 1
2 355 326 1100 520 82 191 1
2 355 327 1096 519 80 190 1
2 355 328 1091 517 80 190 1
2 355 329 1088 515 78 190 1
2 355 330 1084 512 76 190 1
2 355 331 1079 510 76 190 1
2 355 332 1075 508 75 190 1
2 355 333 1070 506 74 190 1
2 355 334 1066 504 73 191 1
2 355 335 1063 503 71 190 1
2 355 336 1057 501 71 188 1
2 355 337 1054 499 71 189 1
2 355 338 1050 497 71 189 1
2 355 339 1047 496 71 188 1
2 355 340 1043 494 71 186 1
2 355 341 1040 494 71 185 1
2 355 342 1036 492 71 185 1
2 355 343 1032 490 72 185 1
2 355 344 1029 488 71 184 1
2 355 345 1025 487 70 183 1
2 355 346 1022 485 69 183 1
2 355 347 1018 485 70 181 1
2 355 348 1015 483 69 180 1
2 355 349 1011 481 69 180 1
2 355 350 1008 480 69 179 1
2 355 351 1004 478 69 179 1
2 355 352 1000 478 70 176 1
2 355 353 997 476 69 176 1
2 355 354 993 474 68 176 1
2 355 355 990 472 67 176 1
2 355 356 986 471 68 174 1
2 355 357 983 469 67 174 1
2 355 358 979 469 68 172 1
2 355 359 976 467 67 173 1
2 355 360 972 465 68 171 1
2 355 361 968 464 68 170 1
2 355 362 965 462 67 170 1
2 355 363 961 460 66 171 1
2 355 364 958 460 66 167 1
2 355 365 954 458 66 167 1
2 355 366 951 456 65 168 1
2 355 367 947 455 66 167 1
2 355 368 944 453 65 165 1
2 355 369 940 453 66 163 1
2 355 370 936 451 66 164 1
2 355 371 933 449 66 164 1
2 355 372 929 448 64 161 1
2 355 373 926 446 64 162 1
2 355 374 922 444 64 162 1
2 355 375 919 444 64 160 1
2 355 376 915 442 64 158 1
2 355 377 912 440 64 159 1
2 355 378 908 439 64 158 1
2 355 379 904 437 64 158 1
2 355 380 901 437 64 156 1
2 355 381 897 435 64 157 1
2 355 382 896 435 62 155 1
2 355 383 892 433 64 155 1
2 355 384 890 433 62 153 1
2 355 385 887 432 62 154 1
2 355 386 885 432 62 152 1
2 355 387 881 430 63 153 1
2 355 388 880 430 60 151 1
2 355 389 876 428 62 153 1
2 355 390 874 428 61 151 1
2 355 391 871 428 60 149 1
2 355 392 869 426 60 150 1
2 355 393 865 426 61 150 1
2 355 394 864 424 58 150 1
2 355 395 860 424 60 148 1
2 355 396 858 423 59 147 1
2 355 397 855 423 58 147 1
2 355 398 853 421 59 147 1
2 355 399 849 421 59 146 1
2 355 400 848 421 56 144 1
2 355 401 844 419 59 146 1
2 355 402 842 419 57 144 1
2 355 403 839 417 57 144 1
2 355 404 837 417 57 143 1
2 355 405 833 416 57 144 1
2 355 406 832 416 56 142 1
2 355 407 828 414 57 142 1
2 355 408 826 414 55 140 1
2 355 409 823 412 57 142 1
2 355 410 821 412 55 140 1
2 355 411 817 412 55 139 1
2 355 412 816 410 55 139 1
2 355 413 812 410 55 139 1
2 355 414 810 408 54 139 1
2 355 415 807 408 55 137 1
2 355 416 805 407 53 137 1
2 355 417 801 407 54 137 1
2 355 418 800 405 53 137 1
2 355 419 796 405 53 135 1
2 355 420 794 405 52 133 1
2 355 421 791 403 53 135 1
2 355 422 789 403 51 133 1
2 355 423 785 401 52 134 1
2 355 424 784 401 51 132 1
2 355 425 780 400 52 133 1
2 355 426 778 400 50 131 1
2 355 427 775 398 51 131 1
2 355 428 773 398 50 130 1
2 355 429 771 398 50 130 1
2 355 430 768 396 49 130 1
2 355 431 766 396 50 128 1
2 355 432 764 394 50 130 1
2 355 433 760 394 50 128 1
2 355 434 759 392 49 130 1
2 355 435 757 392 50 128 1
2 355 436 753 392 50 127 1
2 355 437 752 391 49 128 1
2 355 438 750 391 50 126 1
2 355 439 748 389 50 128 1
2 355 440 744 389 50 126 1
2 355 441 743 387 49 128 1
2 355 442 741 387 50 126 1
2 355 443 737 387 50 125 1
2 355 444 736 385 49 127 1
2 355 445 734 385 50 125 1
2 355 446 732 384 50 126 1
2 355 447 728 384 50 124 1
2 355 448 727 384 49 124 1
2 355 449 725 382 50 124 1
2 355 450 721 382 50 122 1
2 355 451 720 380 49 124 1
2 355 452 718 380 50 123 1
2 355 453 716 378 50 125 1
2 355 454 712 378 50 123 1
2 355 455 711 378 49 121 1
2 355 456 709 376 50 123 1
2 355 457 705 376 50 121 1
2 355 458 704 375 49 122 1
2 355 459 702 375 50 121 1
2 355 460 700 373 50 123 1
2 355 461 696 373 50 121 1
2 355 462 695 373 49 119 1
2 355 463 693 371 50 121 1
2 355 464 689 371 50 119 1
2 355 465 688 369 49 121 1
2 355 466 686 369 50 119 1
2 355 467 684 369 50 119 1
2 355 468 682 368 50 119 1
2 355 469 680 368 50 119 1
2 355 470 679 366 49 119 1
2 355 471 677 366 50 119 1
2 355 472 675 366 50 117 1
2 355 473 673 364 50 119 1
2 355 474 672 364 49 117 1
2 355 475 672 364 48 117 1
2 355 476 670 362 48 118 1
2 355 477 668 362 48 118 1
2 355 478 666 362 48 116 1
2 355 479 664 360 48 118 1
2 355 480 663 360 48 116 1
2 355 481 661 360 50 116 1
2 355 482 659 359 50 115 1
2 355 483 659 359 48 115 1
2 355 484 657 359 48 113 1
2 355 485 656 357 48 115 1
2 355 486 654 357 48 114 1
2 355 487 652 357 48 114 1
2 355 488 650 355 48 114 1
2 355 489 648 355 48 114 1
2 355 490 647 355 48 112 1
2 355 491 647 353 46 114 1
2 355 492 645 353 46 112 1
2 355 493 643 353 46 112 1
2 355 494 641 352 47 112 1
2 355 495 640 352 48 112 1
2 355 496 638 352 48 112 1
2 355 497 636 350 48 112 1
2 355 498 634 350 48 112 1
2 355 499 634 350 46 110 1
2 355 500 632 348 47 112 1
2 355 501 631 348 46 110 1
2 355 502 629 348 46 110 1
2 355 503 627 346 46 110 1
2 355 504 625 346 47 110 1
2 355 505 624 346 46 109 1
2 355 506 622 344 46 111 1
2 355 507 622 344 44 109 1
2 355 508 620 344 44 109 1
2 355 509 618 343 46 108 1
2 355 510 616 343 47 108 1
2 355 511 615 343 46 106 1
2 355 512 613 341 46 108 1
2 355 513 611 341 46 107 1
2 355 514 609 341 47 107 1
2 355 515 609 339 45 107 1
2 355 516 608 339 44 107 1
2 355 517 606 339 44 105 1
2 355 518 604 337 44 107 1
2 355 519 602 337 45 105 1
2 355 520 600 337 45 105 1
2 355 521 599 336 44 104 1
2 355 522 597 336 44 104 1
2 355 523 597 336 44 104 1
2 355 524 595 334 45 105 1
2 355 525 593 334 45 105 1
2 355 526 592 334 44 105 1
2 355 527 590 334 44 105 1
2 355 528 588 334 44 103 1
2 355 529 586 334 45 103 1
2 355 530 584 334 45 103 1
2 355 531 583 334 44 103 1
2 355 532 581 332 44 103 1
2 355 533 579 332 45 103 1
2 355 534 577 332 45 103 1
2 355 535 576 332 44 103 1
2 355 536 574 332 44 101 1
2 355 537 572 332 44 101 1
2 355 538 570 332 45 101 1
2 355 539 568 332 45 101 1
2 355 540 568 332 43 101 1
2 355 541 567 330 42 102 1
2 355 542 565 330 43 102 1
2 355 543 565 330 41 100 1
2 355 544 563 330 43 100 1
2 355 545 561 328 43 102 1
2 355 546 561 328 41 100 1
2 355 547 560 328 42 100 1
2 355 548 560 328 40 100 1
2 355 549 558 327 41 99 1
2 355 550 556 327 43 99 1
2 355 551 556 327 41 99 1
2 355 552 554 327 41 97 1
2 355 553 552 327 41 97 1
2 355 554 552 325 41 98 1
2 355 555 551 325 41 98 1
2 355 556 551 325 39 98 1
2 355 557 549 325 41 96 1
2 355 558 547 323 41 98 1
2 355 559 547 323 39 98 1
2 355 560 545 323 41 96 1
2 355 561 544 323 40 96 1
2 355 562 544 323 39 96 1
2 355 563 542 321 39 96 1
2 355 564 542 321 39 96 1
2 355 565 540 321 39 96 1
2 355 566 538 321 39 95 1
2 355 567 538 320 39 96 1
2 355 568 536 320 40 94 1
2 355 569 535 320 39 94 1
2 355 570 535 320 39 94 1
2 355 571 533 318 39 94 1
2 355 572 533 318 37 94 1
2 355 573 531 318 37 94 1
2 355 574 529 318 39 92 1
2 355 575 529 318 38 92 1
2 355 576 528 316 37 94 1
2 355 577 526 316 39 92 1
2 355 578 526 316 37 92 1
2 355 579 524 316 37 92 1
2 355 580 524 314 37 93 1
2 355 581 522 314 38 93 1
2 355 582 520 314 38 91 1
2 355 583 520 314 36 91 1
2 355 584 519 314 37 91 1
2 355 585 517 312 37 91 1
2 355 586 517 312 35 91 1
2 355 587 515 312 37 91 1
2 355 588 515 312 36 89 1
2 355 589 513 311 36 90 1
2 355 590 512 311 37 90 1
2 355 591 512 311 35 89 1
2 355 592 510 311 35 89 1
2 355 593 510 311 35 89 1
2 355 594 508 309 36 89 1
2 355 595 506 309 36 89 1
2 355 596 506 309 36 89 1
2 355 597 504 307 36 89 1
2 355 598 504 307 36 89 1
2 355 599 503 307 35 89 1
2 355 600 503 307 35 89 1
2 355 601 501 307 37 87 1
2 355 602 501 307 37 87 1
2 355 603 501 307 37 87 1
2 355 604 501 307 37 87 1
2 355 605 501 307 37 87 1
2 355 606 499 305 37 87 1
2 355 607 499 305 37 87 1
2 355 608 497 305 38 87 1
2 355 609 497 305 38 87 1
2 355 610 497 305 36 86 1
2 355 611 496 305 37 86 1
2 355 612 496 305 37 86 1
2 355 613 496 305 35 86 1
2 355 614 494 305 37 84 1
2 355 615 494 304 35 85 1
2 355 616 492 304 37 85 1
2 355 617 492 304 36 85 1
2 355 618 492 304 36 83 1
2 355 619 490 304 38 83 1
2 355 620 490 304 36 83 1
2 355 621 490 304 36 83 1
2 355 622 488 304 36 81 1
2 355 623 488 304 36 81 1
2 355 624 487 304 35 81 1
2 355 625 487 302 35 83 1
2 355 626 487 302 35 83 1
2 355 627 485 302 35 82 1
2 355 628 485 302 35 82 1
2 355 629 485 302 34 82 1
2 355 630 483 302 36 82 1
2 355 631 483 302 34 80 1
2 355 632 481 302 36 80 1
2 355 633 481 302 36 80 1
2 355 634 481 302 34 80 1
2 355 635 480 300 35 80 1
2 355 636 480 300 33 80 1
2 355 637 480 300 33 80 1
2 355 638 478 300 35 80 1
2 355 639 478 300 34 78 1
2 355 640 476 300 36 78 1
2 355 641 476 300 34 78 1
2 355 642 476 300 34 78 1
2 355 643 474 300 34 76 1
2 355 644 474 300 34 76 1
2 355 645 474 298 34 78 1
2 355 646 472 298 34 78 1
2 355 647 472 298 34 78 1
2 355 648 471 298 33 77 1
2 355 649 471 298 33 77 1
2 355 650 471 298 32 77 1
2 355 651 469 298 34 77 1
2 355 652 469 298 34 75 1
2 355 653 469 298 32 75 1
2 355 654 467 298 34 75 1
2 355 655 467 296 32 77 1
2 355 656 465 296 34 75 1
2 355 657 465 296 32 75 1
2 355 658 465 296 32 75 1
2 355 659 464 296 33 75 1
2 355 660 464 296 32 73 1
2 355 661 464 296 32 73 1
2 355 662 462 296 32 73 1
2 355 663 462 296 32 73 1
2 355 664 462 296 32 73 1
3 65 600 224 229 16 21 1
3 65 601 222 229 16 21 1
3 65 602 222 229 16 21 1
3 65 603 222 229 16 21 1
3 65 604 222 229 16 21 1
3 65 605 222 229 16 21 1
3 65 606 222 229 16 21 1
3 65 607 222 229 16 21 1
3 65 608 222 229 16 21 1
3 65 609 222 229 16 21 1
3 65 610 222 229 16 21 1
3 65 611 222 229 16 21 1
3 65 612 222 229 16 21 1
3 65 613 222 229 16 21 1
3 65 614 222 229 16 21 1
3 65 615 222 229 16 21 1
3 65 616 222 229 16 21 1
3 65 617 220 229 16 21 1
3 65 618 220 229 16 21 1
3 65 619 220 229 16 21 1
3 65 620 220 229 16 21 1
3 65 621 220 229 16 21 1
3 65 622 220 229 16 21 1
3 65 623 220 229 16 21 1
3 65 624 220 229 16 21 1
3 65 625 220 229 16 21 1
3 65 626 220 229 16 21 1
3 65 627 220 229 16 21 1
3 65 628 220 229 16 21 1
3 65 629 220 229 16 21 1
3 65 630 220 229 16 21 1
3 65 631 220 229 16 21 1
3 65 632 220 229 16 21 1
3 65 633 218 229 16 21 1
3 65 634 218 229 16 21 1
3 65 635 218 229 16 21 1
3 65 636 218 229 16 21 1
3 65 637 218 229 16 21 1
3 65 638 218 229 16 21 1
3 65 639 218 229 16 21 1
3 65 640 218 229 16 21 1
3 65 641 218 229 16 21 1
3 65 642 218 229 16 21 1
3 65 643 218 229 16 21 1
3 65 644 218 229 16 21 1
3 65 645 218 229 16 21 1
3 65 646 218 229 16 21 1
3 65 647 218 229 16 21 1
3 65 648 218 229 16 21 1
3 65 649 216 229 16 21 1
3 65 650 216 229 16 21 1
3 65 651 216 229 16 21 1
3 65 652 216 229 16 21 1
3 65 653 216 229 16 21 1
3 65 654 216 229 16 21 1
3 65 655 216 229 16 21 1
3 65 656 216 229 16 21 1
3 65 657 216 229 16 21 1
3 65 658 216 229 16 21 1
3 65 659 216 229 16 21 1
3 65 660 216 229 16 21 1
3 65 661 216 229 16 21 1
3 65 662 216 229 16 21 1
3 65 663 216 229 16 21 1
3 65 664 216 229 16 21 1
4 65 600 232 229 15 25 1
4 65 601 232 229 15 25 1
4 65 602 232 229 15 25 1
4 65 603 232 229 15 25 1
4 65 604 232 229 15 25 1
4 65 605 232 229 15 25 1
4 65 606 232 229 15 25 1
4 65 607 232 229 15 25 1
4 65 608 232 229 15 25 1
4 65 609 232 229 15 25 1
4 65 610 232 229 15 25 1
4 65 611 232 229 15 25 1
4 65 612 232 229 15 25 1
4 65 613 232 229 15 25 1
4 65 614 232 229 15 25 1
4 65 615 232 229 15 25 1
4 65 616 232 229 15 25 1
4 65 617 232 229 15 25 1
4 65 618 232 229 15 25 1
4 65 619 232 229 15 25 1
4 65 620 232 229 15 25 1
4 65 621 232 229 15 25 1
4 65 622 232 229 15 25 1
4 65 623 232 229 15 25 1
4 65 624 232 229 15 25 1
4 65 625 232 229 15 25 1
4 65 626 232 229 15 25 1
4 65 627 232 229 15 25 1
4 65 628 232 229 15 25 1
4 65 629 232 229 15 25 1
4 65 630 232 229 15 25 1
4 65 631 232 229 15 25 1
4 65 632 234 229 14 25 1
4 65 633 234 229 14 25 1
4 65 634 234 229 14 25 1
4 65 635 234 229 14 25 1
4 65 636 234 229 14 25 1
4 65 637 234 229 14 25 1
4 65 638 234 229 14 25 1
4 65 639 234 229 14 25 1
4 65 640 234 229 14 25 1
4 65 641 234 229 14 25 1
4 65 642 234 229 14 25 1
4 65 643 234 229 14 25 1
4 65 644 234 229 14 25 1
4 65 645 234 229 14 25 1
4 65 646 234 229 14 25 1
4 65 647 234 229 14 25 1
4 65 648 234 229 14 25 1
4 65 649 234 229 14 25 1
4 65 650 234 229 14 25 1
4 65 651 234 229 14 25 1
4 65 652 234 229 14 25 1
4 65 653 234 229 14 25 1
4 65 654 234 229 14 25 1
4 65 655 234 229 14 25 1
4 65 656 234 229 14 25 1
4 65 657 234 229 14 25 1
4 65 658 234 229 14 25 1
4 65 659 234 229 14 25 1
4 65 660 234 229 14 25 1
4 65 661 234 229 14 25 1
4 65 662 234 229 14 25 1
4 65 663 234 229 14 25 1
4 65 664 236 229 14 25 1
5 443 0 385 320 41 108 1
5 443 1 385 320 41 108 1
5 443 2 385 320 41 108 1
5 443 3 385 320 41 108 1
5 443 4 385 320 41 108 1
5 443 5 385 320 41 110 1
5 443 6 385 320 41 110 1
5 443 7 385 320 41 110 1
5 443 8 385 321 41 109 1
5 443 9 385 321 41 111 1
5 443 10 385 321 41 111 1
5 443 11 385 321 41 111 1
5 443 12 385 321 41 111 1
5 443 13 385 321 41 112 1
5 443 14 385 321 41 112 1
5 443 15 385 323 43 110 1
5 443 16 385 323 43 110 1
5 443 17 385 323 43 112 1
5 443 18 385 323 43 112 1
5 443 19 385 323 43 112 1
5 443 20 385 323 43 112 1
5 443 21 385 323 43 114 1
5 443 22 385 323 43 114 1
5 443 23 385 325 43 112 1
5 443 24 385 325 43 112 1
5 443 25 385 325 43 114 1
5 443 26 385 325 43 114 1
5 443 27 385 325 43 114 1
5 443 28 385 325 43 114 1
5 443 29 385 325 43 115 1
5 443 30 385 327 45 113 1
5 443 31 385 327 45 113 1
5 443 32 385 327 45 113 1
5 443 33 385 327 45 115 1
5 443 34 385 327 45 115 1
5 443 35 385 327 45 115 1
5 443 36 385 327 45 115 1
5 443 37 385 327 45 117 1
5 443 38 385 328 45 116 1
5 443 39 385 328 45 116 1
5 443 40 385 328 45 116 1
5 443 41 385 328 45 118 1
5 443 42 385 328 45 118 1
5 443 43 385 328 45 118 1
5 443 44 385 328 45 118 1
5 443 45 387 330 45 118 1
5 443 46 387 330 45 118 1
5 443 47 387 330 45 118 1
5 443 48 387 330 45 118 1
5 443 49 387 330 45 118 1
5 443 50 387 330 45 119 1
5 443 51 387 330 45 119 1
5 443 52 387 332 46 117 1
5 443 53 387 332 46 117 1
5 443 54 387 332 46 117 1
5 443 55 387 332 46 119 1
5 443 56 389 332 44 119 1
5 443 57 389 332 44 119 1
5 443 58 389 332 44 119 1
5 443 59 389 334 46 119 1
5 443 60 389 334 46 119 1
5 443 61 389 334 46 119 1
5 443 62 389 334 46 119 1
5 443 63 389 334 46 119 1
5 443 64 389 334 46 121 1
5 443 65 389 334 46 121 1
5 443 66 391 336 46 119 1
5 443 67 391 336 46 119 1
5 443 68 391 336 46 120 1
5 443 69 391 336 46 120 1
5 443 70 391 336 46 120 1
5 443 71 391 336 46 120 1
5 443 72 391 336 46 120 1
5 443 73 391 337 48 121 1
5 443 74 391 337 48 121 1
5 443 75 391 337 48 121 1
5 443 76 392 337 47 121 1
5 443 77 392 337 47 123 1
5 443 78 392 337 47 123 1
5 443 79 392 337 47 123 1
5 443 80 392 339 48 121 1
5 443 81 392 339 48 121 1
5 443 82 392 339 48 123 1
5 443 83 392 339 48 123 1
5 443 84 392 339 48 123 1
5 443 85 392 339 48 123 1
5 443 86 394 341 48 123 1
5 443 87 394 341 48 123 1
5 443 88 394 341 48 123 1
5 443 89 394 341 48 124 1
5 443 90 394 343 50 122 1
5 443 91 394 343 50 122 1
5 443 92 394 343 50 124 1
5 443 93 396 343 48 124 1
5 443 94 396 344 50 123 1
5 443 95 396 344 50 125 1
5 443 96 396 344 50 125 1
5 443 97 396 346 50 123 1
5 443 98 396 346 52 125 1
5 443 99 396 346 52 125 1
5 443 100 398 346 50 126 1
5 443 101 398 348 50 124 1
5 443 102 398 348 51 124 1
5 443 103 398 348 51 126 1
5 443 104 398 350 51 124 1
5 443 105 398 350 51 124 1
5 443 106 400 350 51 126 1
5 443 107 400 350 51 126 1
5 443 108 400 352 51 124 1
5 443 109 400 352 51 126 1
5 443 110 400 352 53 126 1
5 443 111 400 352 53 128 1
5 443 112 400 353 53 127 1
5 443 113 401 353 52 127 1
5 443 114 401 353 54 128 1
5 443 115 401 355 54 126 1
5 443 116 401 355 54 126 1
5 443 117 401 355 54 128 1
5 443 118 401 355 55 128 1
5 443 119 403 357 53 126 1
5 443 120 403 357 53 128 1
5 443 121 403 357 53 128 1
5 443 122 403 359 55 128 1
5 443 123 403 359 55 128 1
5 443 124 403 359 55 128 1
5 443 125 403 359 55 129 1
5 443 126 405 360 55 128 1
5 443 127 405 360 55 128 1
5 443 128 405 360 55 130 1
5 443 129 405 360 55 130 1
5 443 130 405 362 57 128 1
5 443 131 405 362 57 130 1
5 443 132 407 362 55 130 1
5 443 133 407 364 55 128 1
5 443 134 407 364 57 130 1
5 443 135 407 364 57 130 1
5 443 136 407 364 57 132 1
5 443 137 407 366 57 130 1
5 443 138 407 366 58 130 1
5 443 139 408 366 57 131 1
5 443 140 408 368 57 129 1
5 443 141 408 368 57 129 1
5 443 142 408 368 59 131 1
5 443 143 408 368 59 131 1
5 443 144 408 369 59 130 1
5 443 145 410 369 57 132 1
5 443 146 410 369 59 132 1
5 443 147 410 369 59 134 1
5 443 148 410 371 59 132 1
5 443 149 410 371 59 132 1
5 443 150 410 371 61 133 1
5 443 151 410 373 61 131 1
5 443 152 412 373 59 131 1
5 443 153 412 373 59 133 1
5 443 154 412 373 60 133 1
5 443 155 412 375 60 131 1
5 443 156 412 375 60 133 1
5 443 157 412 375 60 133 1
5 443 158 414 376 60 134 1
5 443 159 414 376 60 134 1
5 443 160 414 376 60 136 1
5 443 161 414 376 60 136 1
5 443 162 416 378 60 135 1
5 443 163 416 378 60 135 1
5 443 164 416 378 60 137 1
5 443 165 416 380 60 135 1
5 443 166 417 380 61 137 1
5 443 167 417 380 61 137 1
5 443 168 417 380 61 139 1
5 443 169 419 382 59 137 1
5 443 170 419 382 61 138 1
5 443 171 419 382 61 138 1
5 443 172 419 384 61 138 1
5 443 173 421 384 59 138 1
5 443 174 421 384 60 140 1
5 443 175 421 384 60 140 1
5 443 176 423 385 58 141 1
5 443 177 423 385 58 143 1
5 443 178 423 385 60 143 1
5 443 179 423 387 60 142 1
5 443 180 424 387 59 142 1
5 443 181 424 387 59 144 1
5 443 182 424 389 61 142 1
5 443 183 424 389 61 144 1
5 443 184 426 389 59 144 1
5 443 185 426 389 59 146 1
5 443 186 426 391 61 144 1
5 443 187 428 391 59 145 1
5 443 188 428 391 59 145 1
5 443 189 428 392 59 146 1
5 443 190 428 392 60 146 1
5 443 191 430 392 58 148 1
5 443 192 430 392 58 148 1
5 443 193 430 394 58 148 1
5 443 194 432 394 58 150 1
5 443 195 432 394 58 150 1
5 443 196 432 396 58 149 1
5 443 197 432 396 58 149 1
5 443 198 433 396 59 151 1
5 443 199 433 396 59 151 1
5 443 200 433 398 59 151 1
5 443 201 433 398 59 151 1
5 443 202 435 398 59 153 1
5 443 203 435 400 59 151 1
5 443 204 435 400 59 152 1
5 443 205 437 400 57 152 1
5 443 206 437 401 59 153 1
5 443 207 437 401 59 153 1
5 443 208 437 401 59 155 1
5 443 209 439 401 57 155 1
5 443 210 439 403 58 155 1
5 443 211 439 403 58 155 1
5 443 212 440 403 57 157 1
5 443 213 440 405 57 156 1
5 443 214 440 405 59 156 1
5 443 215 440 405 59 158 1
5 443 216 442 405 57 158 1
5 443 217 442 407 57 158 1
5 443 218 442 407 59 158 1
5 443 219 442 407 59 160 1
5 443 220 444 408 57 159 1
5 443 221 444 408 57 160 1
5 443 222 444 408 59 160 1
5 443 223 446 408 57 162 1
5 443 224 446 410 57 160 1
5 443 225 446 410 57 162 1
5 443 226 446 410 58 162 1
5 443 227 448 412 56 162 1
5 443 228 448 412 56 162 1
5 443 229 448 412 56 164 1
5 443 230 449 414 57 163 1
5 443 231 449 414 57 163 1
5 443 232 451 414 57 165 1
5 443 233 451 416 59 165 1
5 443 234 453 416 57 167 1
5 443 235 453 417 59 166 1
5 443 236 455 417 58 167 1
5 443 237 455 419 58 167 1
5 443 238 456 419 59 169 1
5 443 239 456 419 61 169 1
5 443 240 458 421 59 169 1
5 443 241 458 421 61 171 1
5 443 242 460 423 60 170 1
5 443 243 462 423 58 170 1
5 443 244 462 424 60 171 1
5 443 245 464 424 60 173 1
5 443 246 464 426 60 173 1
5 443 247 465 426 61 173 1
5 443 248 465 426 63 174 1
5 443 249 467 428 61 174 1
5 443 250 467 428 62 176 1
5 443 251 469 430 62 174 1
5 443 252 469 430 62 176 1
5 443 253 471 432 62 176 1
5 443 254 472 432 63 177 1
5 443 255 472 433 63 176 1
5 443 256 474 433 62 178 1
5 443 257 474 433 64 180 1
5 443 258 476 435 62 180 1
5 443 259 476 435 64 180 1
5 443 260 478 437 64 179 1
5 443 261 478 437 64 181 1
5 443 262 480 439 64 181 1
5 443 263 480 439 65 181 1
5 443 264 481 440 64 182 1
5 443 265 483 440 64 184 1
5 443 266 483 440 66 185 1
5 443 267 485 442 64 185 1
5 443 268 485 442 66 185 1
5 443 269 487 444 65 185 1
5 443 270 487 444 65 187 1
5 443 271 488 446 66 186 1
5 443 272 488 446 68 186 1
5 443 273 490 448 66 186 1
5 443 274 490 448 68 188 1
5 443 275 492 448 68 190 1
5 443 276 492 449 68 189 1
5 443 277 494 449 67 191 1
5 443 278 496 451 67 190 1
5 443 279 496 451 67 192 1
5 443 280 497 453 68 190 1
5 443 281 497 453 70 192 1
5 443 282 499 455 68 192 1
5 443 283 499 455 69 193 1
5 443 284 501 455 69 193 1
5 443 285 501 456 69 194 1
5 443 286 503 456 69 196 1
5 443 287 503 458 71 196 1
5 443 288 504 458 70 196 1
5 443 289 506 460 70 196 1
5 443 290 506 460 71 197 1
5 443 291 508 462 69 197 1
5 443 292 508 462 71 197 1
5 443 293 510 462 71 199 1
5 443 294 510 464 71 199 1
5 443 295 512 464 71 200 1
5 443 296 512 465 72 199 1
5 443 297 513 465 71 201 1
5 443 298 513 467 73 201 1
5 443 299 515 467 73 203 1
5 443 300 517 469 73 203 1
5 443 301 517 469 73 203 1
5 443 302 519 471 73 202 1
5 443 303 519 471 74 204 1
5 443 304 520 472 75 205 1
5 443 305 522 474 75 205 1
5 443 306 522 474 77 205 1
5 443 307 524 476 76 204 1
5 443 308 526 478 76 204 1
5 443 309 526 478 78 206 1
5 443 310 528 480 78 206 1
5 443 311 529 480 77 206 1
5 443 312 529 481 79 207 1
5 443 313 531 483 78 206 1
5 443 314 533 483 78 208 1
5 443 315 533 485 80 208 1
5 443 316 535 487 80 208 1
5 443 317 536 487 80 208 1
5 443 318 536 488 82 208 1
5 443 319 538 488 82 210 1
5 443 320 540 490 82 210 1
5 443 321 540 492 84 210 1
5 443 322 542 492 82 210 1
5 443 323 544 494 81 210 1
5 443 324 544 496 83 209 1
5 443 325 545 496 84 211 1
5 443 326 547 497 84 212 1
5 443 327 547 497 85 212 1
5 443 328 549 499 85 212 1
5 443 329 551 501 85 211 1
5 443 330 551 501 87 213 1
5 443 331 552 503 88 213 1
5 443 332 554 504 87 214 1
5 443 333 554 504 89 214 1
5 443 334 556 506 89 212 1
5 443 335 558 506 89 212 1
5 443 336 560 508 88 210 1
5 443 337 560 508 90 210 1
5 443 338 561 510 91 208 1
5 443 339 563 510 91 208 1
5 443 340 565 512 91 206 1
5 443 341 567 513 92 205 1
5 443 342 568 515 93 203 1
5 443 343 572 517 91 201 1
5 443 344 574 519 90 199 1
5 443 345 577 520 89 198 1
5 443 346 579 522 91 196 1
5 443 347 583 524 89 194 1
5 443 348 586 526 87 192 1
5 443 349 588 528 87 190 1
5 443 350 592 529 87 189 1
5 443 351 593 531 87 187 1
5 443 352 597 533 85 185 1
5 443 353 600 535 84 183 1
5 443 354 602 536 86 182 1
5 443 355 606 538 83 180 1
5 443 356 608 540 83 178 1
5 443 357 611 542 82 176 1
5 443 358 615 544 81 174 1
5 443 359 616 544 82 174 1
5 443 360 618 545 84 173 1
5 443 361 622 547 82 171 1
5 443 362 624 549 83 169 1
5 443 363 627 551 84 167 1
5 443 364 629 551 83 167 1
5 443 365 632 552 84 166 1
5 443 366 634 554 86 164 1
5 443 367 638 556 83 162 1
5 443 368 640 558 85 160 1
5 443 369 643 558 84 160 1
5 443 370 645 560 85 158 1
5 443 371 648 561 86 157 1
5 443 372 650 563 86 155 1
5 443 373 654 565 85 153 1
5 443 374 656 567 87 151 1
5 443 375 659 567 85 151 1
5 443 376 661 568 87 150 1
5 443 377 664 570 86 148 1
5 443 378 666 572 87 146 1
5 443 379 670 574 87 144 1
5 443 380 672 574 87 144 1
5 443 381 675 576 87 142 1
5 443 382 677 577 89 141 1
5 443 383 680 579 88 139 1
5 443 384 682 581 89 137 1
5 443 385 686 583 89 135 1
5 443 386 689 584 89 134 1
5 443 387 693 586 89 132 1
5 443 388 696 588 89 130 1
5 443 389 702 590 89 128 1
5 443 390 705 592 89 126 1
5 443 391 709 593 89 125 1
5 443 392 712 597 89 121 1
5 443 393 718 599 89 119 1
5 443 394 721 600 89 118 1
5 443 395 725 602 89 116 1
5 443 396 728 604 89 114 1
5 443 397 734 606 89 112 1
5 443 398 737 609 89 109 1
5 443 399 741 611 89 107 1
5 443 400 746 613 89 105 1
5 443 401 750 615 89 103 1
5 443 402 753 616 89 102 1
5 443 403 757 618 89 100 1
5 443 404 762 622 89 96 1
5 443 405 766 624 89 94 1
5 443 406 769 625 89 93 1
5 443 407 773 627 89 91 1
5 443 408 778 629 89 89 1
5 443 409 782 631 89 87 1
5 443 410 785 634 89 84 1
5 443 411 791 636 89 82 1
5 443 412 794 638 89 80 1
5 443 413 798 640 89 78 1
5 443 414 801 641 89 77 1
5 443 415 807 643 89 75 1
5 443 416 810 647 89 71 1
5 443 417 814 648 89 70 1
5 443 418 817 650 89 68 1
5 443 419 823 652 89 66 1
5 443 420 826 654 89 64 1
5 443 421 830 656 89 62 1
5 443 422 835 659 89 59 1
5 443 423 840 661 86 57 1
5 443 424 846 664 82 54 1
5 443 425 851 666 78 52 1
5 443 426 858 670 73 48 1
5 443 427 864 672 69 46 1
5 443 428 869 675 66 43 1
5 443 429 874 679 62 39 1
5 443 430 881 680 57 38 1
5 443 431 887 684 53 34 1
5 443 432 892 686 50 32 1
5 443 433 897 689 47 29 1
5 443 434 904 693 41 25 1
5 443 435 910 695 41 23 1
5 443 436 915 696 41 22 1
5 443 437 920 698 41 20 1
5 443 438 926 700 41 18 1
5 443 439 931 702 41 16 1
5 443 440 936 704 41 14 1
5 443 441 942 705 41 13 1
5 443 442 947 707 41 11 1
6 486 0 259 238 16 48 1
6 486 1 259 238 16 48 1
6 486 2 259 238 16 48 1
6 486 3 259 238 16 48 1
6 486 4 259 238 16 48 1
6 486 5 259 238 16 48 1
6 486 6 259 238 16 48 1
6 486 7 259 238 18 48 1
6 486 8 259 238 18 48 1
6 486 9 261 238 16 48 1
6 486 10 261 238 16 48 1
6 486 11 261 238 16 48 1
6 486 12 261 238 16 48 1
6 486 13 261 238 16 48 1
6 486 14 261 238 18 48 1
6 486 15 261 238 18 48 1
6 486 16 261 238 18 48 1
6 486 17 261 238 18 48 1
6 486 18 263 238 16 48 1
6 486 19 263 238 16 48 1
6 486 20 263 238 17 50 1
6 486 21 263 238 17 50 1
6 486 22 263 238 17 50 1
6 486 23 263 238 17 50 1
6 486 24 263 238 17 50 1
6 486 25 263 238 17 50 1
6 486 26 263 238 17 50 1
6 486 27 264 238 18 50 1
6 486 28 264 238 18 50 1
6 486 29 264 238 18 50 1
6 486 30 264 238 18 50 1
6 486 31 264 238 18 50 1
6 486 32 264 238 18 50 1
6 486 33 264 240 20 48 1
6 486 34 264 240 20 48 1
6 486 35 264 240 20 48 1
6 486 36 266 240 18 48 1
6 486 37 266 240 18 48 1
6 486 38 266 240 18 48 1
6 486 39 266 240 18 48 1
6 486 40 266 240 20 49 1
6 486 41 266 240 20 49 1
6 486 42 266 240 20 49 1
6 486 43 266 240 20 49 1
6 486 44 266 240 20 49 1
6 486 45 268 240 18 49 1
6 486 46 268 240 18 49 1
6 486 47 268 240 20 49 1
6 486 48 268 240 20 49 1
6 486 49 268 240 20 49 1
6 486 50 268 240 20 49 1
6 486 51 268 240 20 49 1
6 486 52 268 240 20 49 1
6 486 53 268 240 21 49 1
6 486 54 270 240 19 49 1
6 486 55 270 240 19 49 1
6 486 56 270 240 19 49 1
6 486 57 270 240 19 49 1
6 486 58 270 240 19 49 1
6 486 59 270 240 19 49 1
6 486 60 270 240 21 51 1
6 486 61 270 240 21 51 1
6 486 62 270 240 21 51 1
6 486 63 272 240 19 51 1
6 486 64 272 240 19 51 1
6 486 65 272 240 19 51 1
6 486 66 272 241 21 50 1
6 486 67 272 241 21 50 1
6 486 68 272 241 21 50 1
6 486 69 272 241 21 50 1
6 486 70 272 241 21 50 1
6 486 71 272 241 21 50 1
6 486 72 273 241 20 50 1
6 486 73 273 241 22 50 1
6 486 74 273 241 22 50 1
6 486 75 273 241 22 50 1
6 486 76 273 241 22 50 1
6 486 77 273 241 22 50 1
6 486 78 273 241 22 50 1
6 486 79 273 241 22 50 1
6 486 80 273 241 23 52 1
6 486 81 275 241 21 52 1
6 486 82 275 241 21 52 1
6 486 83 275 241 21 52 1
6 486 84 275 241 21 52 1
6 486 85 275 241 21 52 1
6 486 86 275 241 23 52 1
6 486 87 275 241 23 52 1
6 486 88 275 241 23 52 1
6 486 89 275 241 23 52 1
6 486 90 277 241 21 52 1
6 486 91 277 241 21 52 1
6 486 92 277 241 21 52 1
6 486 93 277 241 23 52 1
6 486 94 277 241 23 52 1
6 486 95 277 241 23 52 1
6 486 96 277 241 23 52 1
6 486 97 277 241 23 52 1
6 486 98 277 241 23 52 1
6 486 99 279 243 23 52 1
6 486 100 279 243 23 52 1
6 486 101 279 243 23 52 1
6 486 102 279 243 23 52 1
6 486 103 279 243 23 52 1
6 486 104 279 243 23 52 1
6 486 105 280 243 24 52 1
6 486 106 280 243 24 52 1
6 486 107 280 243 24 52 1
6 486 108 280 243 24 52 1
6 486 109 280 243 24 52 1
6 486 110 280 243 24 52 1
6 486 111 282 243 23 52 1
6 486 112 282 243 23 52 1
6 486 113 282 243 23 52 1
6 486 114 282 243 23 52 1
6 486 115 282 243 23 52 1
6 486 116 282 243 23 53 1
6 486 117 284 243 23 53 1
6 486 118 284 243 23 53 1
6 486 119 284 243 23 53 1
6 486 120 284 243 23 53 1
6 486 121 284 243 23 53 1
6 486 122 284 243 23 53 1
6 486 123 286 243 23 53 1
6 486 124 286 243 23 53 1
6 486 125 286 243 23 53 1
6 486 126 286 243 23 53 1
6 486 127 286 245 23 51 1
6 486 128 286 245 23 51 1
6 486 129 288 245 23 51 1
6 486 130 288 245 23 51 1
6 486 131 288 245 23 51 1
6 486 132 288 245 23 51 1
6 486 133 288 245 23 53 1
6 486 134 288 245 23 53 1
6 486 135 289 245 23 53 1
6 486 136 289 245 23 53 1
6 486 137 289 245 23 53 1
6 486 138 289 245 23 53 1
6 486 139 289 245 23 53 1
6 486 140 289 245 23 53 1
6 486 141 291 245 23 53 1
6 486 142 291 245 23 53 1
6 486 143 291 245 23 53 1
6 486 144 291 245 23 53 1
6 486 145 291 245 23 53 1
6 486 146 291 245 23 53 1
6 486 147 293 245 23 53 1
6 486 148 293 245 23 53 1
6 486 149 293 245 23 53 1
6 486 150 293 245 23 55 1
6 486 151 293 245 23 55 1
6 486 152 293 245 23 55 1
6 486 153 295 245 23 55 1
6 486 154 295 245 23 55 1
6 486 155 295 247 23 53 1
6 486 156 295 247 23 53 1
6 486 157 295 247 23 53 1
6 486 158 295 247 23 53 1
6 486 159 296 247 24 53 1
6 486 160 296 247 24 53 1
6 486 161 296 247 24 53 1
6 486 162 296 247 24 53 1
6 486 163 296 247 24 53 1
6 486 164 296 247 24 53 1
6 486 165 298 247 23 53 1
6 486 166 298 247 23 53 1
6 486 167 298 247 23 55 1
6 486 168 298 247 23 55 1
6 486 169 298 247 23 55 1
6 486 170 298 247 23 55 1
6 486 171 300 247 23 55 1
6 486 172 300 247 23 55 1
6 486 173 300 247 23 55 1
6 486 174 300 247 23 55 1
6 486 175 300 247 23 55 1
6 486 176 300 247 23 55 1
6 486 177 302 247 23 55 1
6 486 178 302 247 23 55 1
6 486 179 302 247 23 55 1
6 486 180 302 247 23 55 1
6 486 181 302 247 23 55 1
6 486 182 302 247 23 55 1
6 486 183 304 248 23 56 1
6 486 184 304 248 23 56 1
6 486 185 304 248 23 56 1
6 486 186 304 248 23 56 1
6 486 187 304 248 23 56 1
6 486 188 305 248 23 56 1
6 486 189 305 248 23 56 1
6 486 190 305 248 23 56 1
6 486 191 305 248 23 57 1
6 486 192 305 248 23 57 1
6 486 193 307 248 23 57 1
6 486 194 307 248 23 57 1
6 486 195 307 248 23 57 1
6 486 196 307 248 23 57 1
6 486 197 307 248 23 57 1
6 486 198 309 250 23 57 1
6 486 199 309 250 23 57 1
6 486 200 309 250 23 57 1
6 486 201 309 250 23 57 1
6 486 202 309 250 23 57 1
6 486 203 311 250 23 57 1
6 486 204 311 250 23 57 1
6 486 205 311 250 23 57 1
6 486 206 311 250 23 59 1
6 486 207 311 250 23 59 1
6 486 208 312 250 24 59 1
6 486 209 312 250 24 59 1
6 486 210 312 250 24 59 1
6 486 211 312 250 24 59 1
6 486 212 312 250 24 59 1
6 486 213 314 252 23 59 1
6 486 214 314 252 23 59 1
6 486 215 314 252 23 59 1
6 486 216 314 252 23 59 1
6 486 217 314 252 23 59 1
6 486 218 316 252 23 59 1
6 486 219 316 252 23 59 1
6 486 220 316 252 23 60 1
6 486 221 316 252 23 60 1
6 486 222 316 252 23 60 1
6 486 223 318 252 23 60 1
6 486 224 318 252 23 60 1
6 486 225 318 252 23 60 1
6 486 226 318 252 23 60 1
6 486 227 318 252 23 60 1
6 486 228 320 254 23 60 1
6 486 229 320 254 23 60 1
6 486 230 320 254 23 60 1
6 486 231 320 254 23 60 1
6 486 232 320 254 23 60 1
6 486 233 321 254 23 60 1
6 486 234 321 254 23 60 1
6 486 235 321 254 23 62 1
6 486 236 321 254 23 62 1
6 486 237 323 254 23 62 1
6 486 238 323 254 23 62 1
6 486 239 323 254 23 62 1
6 486 240 323 254 23 62 1
6 486 241 323 254 23 62 1
6 486 242 325 256 23 62 1
6 486 243 325 256 23 62 1
6 486 244 325 256 23 62 1
6 486 245 325 256 23 62 1
6 486 246 325 256 23 62 1
6 486 247 327 256 23 62 1
6 486 248 327 256 23 62 1
6 486 249 327 256 23 62 1
6 486 250 327 256 23 64 1
6 486 251 327 256 23 64 1
6 486 252 328 256 24 64 1
6 486 253 328 256 24 64 1
6 486 254 328 256 24 64 1
6 486 255 328 256 24 64 1
6 486 256 328 256 24 64 1
6 486 257 330 257 23 64 1
6 486 258 330 257 23 64 1
6 486 259 330 257 23 64 1
6 486 260 330 257 23 64 1
6 486 261 330 257 23 64 1
6 486 262 332 257 23 64 1
6 486 263 332 257 23 64 1
6 486 264 332 257 23 66 1
6 486 265 332 257 23 66 1
6 486 266 332 257 23 66 1
6 486 267 334 257 23 66 1
6 486 268 334 257 23 66 1
6 486 269 334 257 23 66 1
6 486 270 334 257 23 66 1
6 486 271 334 257 23 66 1
6 486 272 336 259 23 66 1
6 486 273 336 259 23 66 1
6 486 274 336 259 23 66 1
6 486 275 336 259 23 66 1
6 486 276 336 259 23 66 1
6 486 277 337 259 23 66 1
6 486 278 337 259 23 66 1
6 486 279 337 259 23 68 1
6 486 280 337 259 23 68 1
6 486 281 337 259 23 68 1
6 486 282 339 259 23 68 1
6 486 283 339 259 23 68 1
6 486 284 339 259 23 68 1
6 486 285 339 259 23 68 1
6 486 286 341 261 23 67 1
6 486 287 339 261 23 67 1
6 486 288 339 261 23 67 1
6 486 289 339 261 23 67 1
6 486 290 337 261 23 67 1
6 486 291 337 261 23 67 1
6 486 292 337 261 23 67 1
6 486 293 337 263 23 67 1
6 486 294 336 263 23 67 1
6 486 295 336 263 23 67 1
6 486 296 336 263 23 67 1
6 486 297 334 263 23 67 1
6 486 298 334 263 23 67 1
6 486 299 334 263 23 67 1
6 486 300 334 264 23 68 1
6 486 301 332 264 23 68 1
6 486 302 332 264 23 68 1
6 486 303 330 264 23 68 1
6 486 304 330 264 23 68 1
6 486 305 330 264 23 68 1
6 486 306 328 264 24 68 1
6 486 307 328 264 24 68 1
6 486 308 328 264 24 68 1
6 486 309 327 264 23 68 1
6 486 310 327 264 23 68 1
6 486 311 327 266 23 66 1
6 486 312 325 266 23 66 1
6 486 313 325 266 23 66 1
6 486 314 323 266 23 66 1
6 486 315 323 266 23 66 1
6 486 316 323 266 23 66 1
6 486 317 321 266 23 66 1
6 486 318 321 266 23 66 1
6 486 319 321 266 23 66 1
6 486 320 320 266 23 66 1
6 486 321 320 266 23 66 1
6 486 322 320 268 23 64 1
6 486 323 318 268 23 64 1
6 486 324 318 268 23 64 1
6 486 325 316 268 23 64 1
6 486 326 316 268 23 64 1
6 486 327 316 268 23 64 1
6 486 328 314 268 23 64 1
6 486 329 314 268 23 64 1
6 486 330 314 268 23 64 1
6 486 331 312 268 24 64 1
6 486 332 312 268 24 64 1
6 486 333 312 270 24 64 1
6 486 334 309 270 23 64 1
6 486 335 307 270 23 64 1
6 486 336 305 270 23 64 1
6 486 337 304 270 23 64 1
6 486 338 302 270 23 64 1
6 486 339 300 270 23 64 1
6 486 340 298 270 23 64 1
6 486 341 296 270 24 64 1
6 486 342 295 270 23 64 1
6 486 343 293 270 23 64 1
6 486 344 291 270 23 64 1
6 486 345 289 270 23 64 1
6 486 346 286 270 23 64 1
6 486 347 284 270 23 64 1
6 486 348 282 270 23 64 1
6 486 349 280 270 24 64 1
6 486 350 279 270 23 64 1
6 486 351 277 270 23 64 1
6 486 352 275 270 23 64 1
6 486 353 273 270 23 64 1
6 486 354 272 270 23 64 1
6 486 355 270 270 23 64 1
6 486 356 268 270 23 64 1
6 486 357 266 270 23 64 1
6 486 358 264 272 24 64 1
6 486 359 261 272 25 64 1
6 486 360 259 272 25 64 1
6 486 361 257 272 25 64 1
6 486 362 256 272 26 64 1
6 486 363 254 272 26 64 1
6 486 364 252 272 27 64 1
6 486 365 250 272 29 64 1
6 486 366 248 272 29 64 1
6 486 367 247 272 28 64 1
6 486 368 245 272 30 64 1
6 486 369 243 272 30 64 1
6 486 370 241 272 31 64 1
6 486 371 240 273 32 64 1
6 486 372 236 273 32 64 1
6 486 373 234 273 32 64 1
6 486 374 232 273 32 64 1
6 486 375 231 273 30 64 1
6 486 376 227 273 32 64 1
6 486 377 225 273 32 64 1
6 486 378 224 273 30 64 1
6 486 379 222 273 30 64 1
6 486 380 218 273 32 64 1
6 486 381 216 273 31 64 1
6 486 382 215 273 30 64 1
6 486 383 213 273 30 64 1
6 486 384 211 273 29 64 1
6 486 385 208 273 30 64 1
6 486 386 206 273 30 64 1
6 486 387 204 273 28 64 1
6 486 388 202 273 29 64 1
6 486 389 199 273 30 64 1
6 486 390 197 273 28 64 1
6 486 391 195 273 29 64 1
6 486 392 193 273 29 64 1
6 486 393 190 273 28 64 1
6 486 394 188 273 28 64 1
6 486 395 186 273 29 64 1
6 486 396 184 273 27 64 1
6 486 397 183 273 26 64 1
6 486 398 179 273 29 64 1
6 486 399 177 273 27 64 1
6 486 400 176 273 26 64 1
6 486 401 174 273 26 64 1
6 486 402 170 273 27 64 1
6 486 403 168 273 27 64 1
6 486 404 167 273 26 64 1
6 486 405 165 273 25 64 1
6 486 406 161 273 27 64 1
6 486 407 160 273 26 64 1
6 486 408 158 273 25 64 1
6 486 409 156 273 25 64 1
6 486 410 154 273 25 64 1
6 486 411 151 273 25 64 1
6 486 412 149 273 25 64 1
6 486 413 147 273 25 64 1
6 486 414 145 273 23 64 1
6 486 415 142 273 25 64 1
6 486 416 140 273 25 64 1
6 486 417 138 273 23 64 1
6 486 418 136 273 24 64 1
6 486 419 135 275 23 64 1
6 486 420 131 275 23 64 1
6 486 421 129 275 23 64 1
6 486 422 126 275 23 64 1
6 486 423 124 275 23 64 1
6 486 424 120 275 25 64 1
6 486 425 119 275 23 64 1
6 486 426 115 275 25 64 1
6 486 427 113 275 23 64 1
6 486 428 112 277 23 64 1
6 486 429 108 277 25 64 1
6 486 430 106 277 23 64 1
6 486 431 103 277 25 64 1
6 486 432 101 277 23 64 1
6 486 433 97 277 25 64 1
6 486 434 96 277 24 64 1
6 486 435 92 277 25 64 1
6 486 436 90 277 25 64 1
6 486 437 88 279 24 64 1
6 486 438 85 279 25 64 1
6 486 439 83 279 25 64 1
6 486 440 80 279 24 64 1
6 486 441 78 279 25 64 1
6 486 442 74 279 25 64 1
6 486 443 72 279 25 64 1
6 486 444 69 279 27 64 1
6 486 445 67 280 25 64 1
6 486 446 65 280 25 64 1
6 486 447 62 280 25 64 1
6 486 448 60 280 25 64 1
6 486 449 56 280 27 64 1
6 486 450 55 280 25 64 1
6 486 451 51 280 27 64 1
6 486 452 49 280 25 64 1
6 486 453 46 280 26 64 1
6 486 454 44 282 27 64 1
6 486 455 42 282 25 64 1
6 486 456 39 282 26 64 1
6 486 457 37 282 25 64 1
6 486 458 33 282 27 64 1
6 486 459 32 282 26 64 1
6 486 460 28 282 27 64 1
6 486 461 26 282 27 64 1
6 486 462 24 284 27 64 1
6 486 463 23 282 25 64 1
6 486 464 21 282 25 64 1
6 486 465 19 282 25 64 1
6 486 466 17 282 25 64 1
6 486 467 16 282 24 64 1
6 486 468 16 282 23 64 1
6 486 469 14 282 23 64 1
6 486 470 12 282 23 64 1
6 486 471 10 282 22 64 1
6 486 472 8 282 22 64 1
6 486 473 7 282 21 64 1
6 486 474 7 282 19 64 1
6 486 475 5 282 19 64 1
6 486 476 3 282 20 64 1
6 486 477 1 282 20 64 1
6 486 478 0 282 19 64 1
6 486 479 0 282 17 64 1
6 486 480 0 282 17 64 1
6 486 481 0 282 17 64 1
6 486 482 0 282 17 64 1
6 486 483 0 282 17 64 1
6 486 484 0 282 17 64 1
6 486 485 0 282 17 64 1
7 622 0 316 240 23 48 1
7 622 1 314 238 23 48 1
7 622 2 314 238 23 48 1
7 622 3 314 238 23 48 1
7 622 4 314 238 23 48 1
7 622 5 314 238 23 48 1
7 622 6 314 238 23 48 1
7 622 7 314 238 22 48 1
7 622 8 314 238 22 48 1
7 622 9 314 238 22 48 1
7 622 10 312 238 24 48 1
7 622 11 312 238 24 48 1
7 622 12 312 238 24 48 1
7 622 13 312 238 24 48 1
7 622 14 312 238 22 48 1
7 622 15 312 238 22 48 1
7 622 16 312 238 22 48 1
7 622 17 312 238 22 48 1
7 622 18 312 238 22 48 1
7 622 19 311 238 23 48 1
7 622 20 311 238 23 48 1
7 622 21 311 238 21 48 1
7 622 22 311 238 21 48 1
7 622 23 311 238 21 48 1
7 622 24 311 238 21 48 1
7 622 25 311 238 21 48 1
7 622 26 311 236 21 48 1
7 622 27 311 236 21 48 1
7 622 28 311 236 19 48 1
7 622 29 309 236 21 48 1
7 622 30 309 236 21 48 1
7 622 31 309 236 21 48 1
7 622 32 309 236 21 48 1
7 622 33 309 236 21 48 1
7 622 34 309 236 21 48 1
7 622 35 309 236 19 48 1
7 622 36 309 236 19 48 1
7 622 37 309 236 19 48 1
7 622 38 307 236 21 48 1
7 622 39 307 236 21 48 1
7 622 40 307 236 21 48 1
7 622 41 307 236 20 48 1
7 622 42 307 236 20 48 1
7 622 43 307 236 20 48 1
7 622 44 307 236 20 48 1
7 622 45 307 236 20 48 1
7 622 46 307 236 20 48 1
7 622 47 305 236 22 48 1
7 622 48 305 236 20 48 1
7 622 49 305 236 20 48 1
7 622 50 305 236 20 48 1
7 622 51 305 234 20 48 1
7 622 52 305 234 20 48 1
7 622 53 305 234 20 48 1
7 622 54 305 234 20 48 1
7 622 55 305 234 18 48 1
7 622 56 305 234 18 48 1
7 622 57 304 234 19 48 1
7 622 58 304 234 19 48 1
7 622 59 304 234 19 48 1
7 622 60 304 234 19 48 1
7 622 61 304 234 19 48 1
7 622 62 304 234 17 48 1
7 622 63 304 234 17 48 1
7 622 64 304 234 17 48 1
7 622 65 304 234 17 48 1
7 622 66 302 234 19 48 1
7 622 67 302 234 19 48 1
7 622 68 302 234 19 48 1
7 622 69 302 234 18 48 1
7 622 70 302 234 18 48 1
7 622 71 302 234 18 48 1
7 622 72 302 234 18 48 1
7 622 73 302 234 18 48 1
7 622 74 302 234 18 48 1
7 622 75 302 234 18 48 1
7 622 76 300 232 18 48 1
7 622 77 300 232 18 48 1
7 622 78 300 232 18 48 1
7 622 79 300 232 18 48 1
7 622 80 300 232 18 48 1
7 622 81 300 232 18 48 1
7 622 82 298 232 18 48 1
7 622 83 298 232 18 48 1
7 622 84 298 232 18 48 1
7 622 85 298 232 18 48 1
7 622 86 298 232 18 48 1
7 622 87 298 232 18 48 1
7 622 88 296 232 18 48 1
7 622 89 296 232 18 48 1
7 622 90 296 232 18 48 1
7 622 91 296 232 18 48 1
7 622 92 296 232 18 48 1
7 622 93 296 232 18 48 1
7 622 94 295 232 17 48 1
7 622 95 295 232 17 48 1
7 622 96 295 232 17 48 1
7 622 97 295 232 17 48 1
7 622 98 295 232 17 48 1
7 622 99 295 232 17 48 1
7 622 100 293 232 18 48 1
7 622 101 293 232 18 48 1
7 622 102 293 232 18 48 1
7 622 103 293 232 18 48 1
7 622 104 293 232 18 48 1
7 622 105 293 232 18 48 1
7 622 106 291 232 18 48 1
7 622 107 291 232 18 48 1
7 622 108 291 232 18 48 1
7 622 109 291 232 18 48 1
7 622 110 291 232 18 48 1
7 622 111 291 232 18 48 1
7 622 112 289 232 18 48 1
7 622 113 289 232 18 48 1
7 622 114 289 232 18 48 1
7 622 115 289 232 18 48 1
7 622 116 289 232 18 48 1
7 622 117 289 232 18 48 1
7 622 118 288 232 17 48 1
7 622 119 288 232 17 48 1
7 622 120 288 232 17 48 1
7 622 121 288 232 17 48 1
7 622 122 288 232 17 48 1
7 622 123 288 232 17 48 1
7 622 124 286 232 18 48 1
7 622 125 286 232 18 48 1
7 622 126 286 232 18 48 1
7 622 127 286 232 18 48 1
7 622 128 286 232 18 48 1
7 622 129 286 232 18 48 1
7 622 130 284 232 18 48 1
7 622 131 284 232 18 48 1
7 622 132 284 232 18 48 1
7 622 133 284 232 18 48 1
7 622 134 284 232 18 48 1
7 622 135 284 232 18 48 1
7 622 136 282 232 18 48 1
7 622 137 282 232 18 48 1
7 622 138 282 232 18 48 1
7 622 139 282 232 18 48 1
7 622 140 282 232 18 48 1
7 622 141 282 232 18 48 1
7 622 142 280 232 18 48 1
7 622 143 280 232 18 48 1
7 622 144 280 232 18 48 1
7 622 145 280 232 18 48 1
7 622 146 280 232 18 48 1
7 622 147 280 232 18 48 1
7 622 148 279 231 17 48 1
7 622 149 279 231 17 48 1
7 622 150 279 231 17 48 1
7 622 151 279 231 17 48 1
7 622 152 279 231 17 48 1
7 622 153 279 231 17 48 1
7 622 154 277 231 18 48 1
7 622 155 277 231 18 48 1
7 622 156 277 231 18 48 1
7 622 157 277 231 18 48 1
7 622 158 277 231 18 48 1
7 622 159 277 231 18 48 1
7 622 160 275 231 18 48 1
7 622 161 275 231 18 48 1
7 622 162 275 231 18 48 1
7 622 163 275 231 18 48 1
7 622 164 275 231 18 48 1
7 622 165 275 231 18 48 1
7 622 166 273 231 18 48 1
7 622 167 273 231 18 48 1
7 622 168 273 231 18 48 1
7 622 169 273 231 18 48 1
7 622 170 273 231 18 48 1
7 622 171 273 231 18 48 1
7 622 172 272 231 17 48 1
7 622 173 272 231 17 48 1
7 622 174 272 231 17 48 1
7 622 175 272 231 17 48 1
7 622 176 272 231 17 48 1
7 622 177 272 231 17 48 1
7 622 178 270 231 18 48 1
7 622 179 270 231 18 48 1
7 622 180 270 231 18 48 1
7 622 181 270 231 18 48 1
7 622 182 270 231 18 48 1
7 622 183 270 231 18 48 1
7 622 184 268 231 18 48 1
7 622 185 268 231 18 48 1
7 622 186 268 231 18 48 1
7 622 187 268 231 18 48 1
7 622 188 268 231 18 48 1
7 622 189 268 231 18 48 1
7 622 190 266 231 18 48 1
7 622 191 266 231 18 48 1
7 622 192 266 231 18 48 1
7 622 193 266 231 18 48 1
7 622 194 266 231 18 48 1
7 622 195 266 231 18 48 1
7 622 196 264 231 18 48 1
7 622 197 264 231 18 48 1
7 622 198 264 231 18 48 1
7 622 199 264 231 18 48 1
7 622 200 264 231 18 48 1
7 622 201 264 231 18 48 1
7 622 202 263 231 17 48 1
7 622 203 263 231 17 48 1
7 622 204 263 231 17 48 1
7 622 205 263 231 17 48 1
7 622 206 263 231 17 48 1
7 622 207 263 231 17 48 1
7 622 208 261 231 18 48 1
7 622 209 261 231 18 48 1
7 622 210 261 231 18 48 1
7 622 211 261 231 18 48 1
7 622 212 261 231 18 48 1
7 622 213 261 231 18 48 1
7 622 214 259 231 18 48 1
7 622 215 259 231 18 48 1
7 622 216 259 231 18 48 1
7 622 217 259 231 18 48 1
7 622 218 259 231 18 48 1
7 622 219 259 231 18 48 1
7 622 220 257 229 18 48 1
7 622 221 257 229 18 48 1
7 622 222 257 229 18 48 1
7 622 223 257 229 18 48 1
7 622 224 257 229 18 48 1
7 622 225 257 229 18 48 1
7 622 226 257 229 18 48 1
7 622 227 257 229 18 48 1
7 622 228 257 229 18 48 1
7 622 229 257 229 18 48 1
7 622 230 256 229 17 48 1
7 622 231 256 229 17 48 1
7 622 232 256 229 17 48 1
7 622 233 256 229 17 48 1
7 622 234 256 229 17 48 1
7 622 235 256 229 17 48 1
7 622 236 256 229 17 48 1
7 622 237 256 229 17 48 1
7 622 238 256 229 17 48 1
7 622 239 256 229 17 48 1
7 622 240 254 227 18 48 1
7 622 241 254 227 18 48 1
7 622 242 254 227 18 48 1
7 622 243 254 227 18 48 1
7 622 244 254 227 18 48 1
7 622 245 254 227 18 48 1
7 622 246 254 227 18 48 1
7 622 247 254 227 18 48 1
7 622 248 254 227 18 48 1
7 622 249 254 227 18 48 1
7 622 250 252 227 18 48 1
7 622 251 252 227 18 48 1
7 622 252 252 227 18 48 1
7 622 253 252 227 18 48 1
7 622 254 252 227 18 48 1
7 622 255 252 227 18 48 1
7 622 256 252 227 18 48 1
7 622 257 252 227 18 48 1
7 622 258 252 227 18 48 1
7 622 259 252 227 18 48 1
7 622 260 250 225 18 48 1
7 622 261 250 225 18 48 1
7 622 262 250 225 18 48 1
7 622 263 250 225 18 48 1
7 622 264 250 225 18 48 1
7 622 265 250 225 18 48 1
7 622 266 250 225 18 48 1
7 622 267 250 225 18 48 1
7 622 268 250 225 18 48 1
7 622 269 250 225 18 48 1
7 622 270 248 225 18 48 1
7 622 271 248 225 18 48 1
7 622 272 248 225 18 48 1
7 622 273 248 225 18 48 1
7 622 274 248 225 18 48 1
7 622 275 248 225 18 48 1
7 622 276 248 225 18 48 1
7 622 277 248 225 18 48 1
7 622 278 248 225 18 48 1
7 622 279 248 225 18 48 1
7 622 280 247 224 17 48 1
7 622 281 247 224 17 48 1
7 622 282 247 224 17 48 1
7 622 283 247 224 17 48 1
7 622 284 247 224 17 48 1
7 622 285 247 224 17 48 1
7 622 286 247 224 17 48 1
7 622 287 247 224 17 48 1
7 622 288 247 224 17 48 1
7 622 289 247 224 17 48 1
7 622 290 245 224 18 48 1
7 622 291 245 224 18 48 1
7 622 292 245 224 18 48 1
7 622 293 245 224 18 48 1
7 622 294 245 224 18 48 1
7 622 295 245 224 18 48 1
7 622 296 245 224 18 48 1
7 622 297 245 224 18 48 1
7 622 298 245 224 18 48 1
7 622 299 245 224 18 48 1
7 622 300 245 224 18 48 1
7 622 301 243 224 18 46 1
7 622 302 243 224 18 46 1
7 622 303 243 224 18 46 1
7 622 304 243 224 18 46 1
7 622 305 243 224 18 46 1
7 622 306 243 224 18 46 1
7 622 307 243 224 18 46 1
7 622 308 243 224 18 46 1
7 622 309 243 224 18 46 1
7 622 310 243 224 18 46 1
7 622 311 243 224 18 46 1
7 622 312 243 224 18 46 1
7 622 313 243 224 18 46 1
7 622 314 243 224 18 46 1
7 622 315 243 224 18 46 1
7 622 316 243 224 18 46 1
7 622 317 243 224 18 46 1
7 622 318 243 224 18 46 1
7 622 319 243 224 18 46 1
7 622 320 243 224 18 46 1
7 622 321 243 224 18 46 1
7 622 322 241 224 20 46 1
7 622 323 241 224 18 46 1
7 622 324 241 224 18 46 1
7 622 325 241 224 18 46 1
7 622 326 241 224 18 46 1
7 622 327 241 224 18 46 1
7 622 328 241 224 18 46 1
7 622 329 241 224 18 46 1
7 622 330 241 224 18 46 1
7 622 331 241 224 18 46 1
7 622 332 241 224 18 46 1
7 622 333 241 224 18 46 1
7 622 334 241 224 18 46 1
7 622 335 241 224 18 46 1
7 622 336 241 224 18 46 1
7 622 337 241 224 18 46 1
7 622 338 241 224 18 46 1
7 622 339 241 224 18 46 1
7 622 340 241 224 18 46 1
7 622 341 241 224 18 46 1
7 622 342 241 224 18 46 1
7 622 343 240 224 19 46 1
7 622 344 240 224 19 46 1
7 622 345 240 224 19 46 1
7 622 346 240 224 17 46 1
7 622 347 240 224 17 46 1
7 622 348 240 224 17 46 1
7 622 349 240 224 17 46 1
7 622 350 240 224 17 46 1
7 622 351 240 224 17 46 1
7 622 352 240 224 17 46 1
7 622 353 240 224 17 46 1
7 622 354 240 224 17 46 1
7 622 355 240 224 17 46 1
7 622 356 240 224 17 46 1
7 622 357 240 224 17 46 1
7 622 358 240 224 17 46 1
7 622 359 240 224 17 46 1
7 622 360 240 224 17 46 1
7 622 361 240 224 17 46 1
7 622 362 240 224 17 46 1
7 622 363 240 224 17 46 1
7 622 364 240 224 17 46 1
7 622 365 238 224 19 46 1
7 622 366 238 224 19 46 1
7 622 367 238 224 19 46 1
7 622 368 238 224 19 46 1
7 622 369 238 224 18 46 1
7 622 370 238 224 18 46 1
7 622 371 238 224 18 46 1
7 622 372 238 224 18 46 1
7 622 373 238 224 18 46 1
7 622 374 238 224 18 46 1
7 622 375 238 224 18 46 1
7 622 376 238 224 18 46 1
7 622 377 238 224 18 46 1
7 622 378 238 224 18 46 1
7 622 379 238 224 18 46 1
7 622 380 238 224 18 46 1
7 622 381 238 224 18 44 1
7 622 382 238 224 18 44 1
7 622 383 238 224 18 44 1
7 622 384 238 224 18 44 1
7 622 385 238 224 18 44 1
7 622 386 236 224 20 44 1
7 622 387 236 224 20 44 1
7 622 388 236 224 20 44 1
7 622 389 236 224 20 44 1
7 622 390 236 224 20 44 1
7 622 391 236 224 20 44 1
7 622 392 236 224 18 44 1
7 622 393 236 224 18 44 1
7 622 394 236 224 18 44 1
7 622 395 236 224 18 44 1
7 622 396 236 224 18 44 1
7 622 397 236 224 18 44 1
7 622 398 236 224 18 44 1
7 622 399 236 224 18 44 1
7 622 400 236 224 18 44 1
7 622 401 236 224 18 44 1
7 622 402 236 224 18 44 1
7 622 403 236 224 18 44 1
7 622 404 236 224 18 44 1
7 622 405 236 224 18 44 1
7 622 406 236 224 18 44 1
7 622 407 236 224 18 44 1
7 622 408 234 224 20 44 1
7 622 409 234 224 20 44 1
7 622 410 234 224 20 44 1
7 622 411 234 224 20 44 1
7 622 412 234 224 20 44 1
7 622 413 234 224 20 44 1
7 622 414 234 224 20 44 1
7 622 415 234 224 18 44 1
7 622 416 234 224 18 44 1
7 622 417 234 224 18 44 1
7 622 418 234 224 18 44 1
7 622 419 234 224 18 44 1
7 622 420 234 224 18 44 1
7 622 421 234 224 18 44 1
7 622 422 234 224 18 44 1
7 622 423 234 224 18 44 1
7 622 424 234 224 18 44 1
7 622 425 234 224 18 44 1
7 622 426 234 224 18 44 1
7 622 427 234 224 18 44 1
7 622 428 234 224 18 44 1
7 622 429 232 224 20 44 1
7 622 430 232 224 20 44 1
7 622 431 232 224 20 44 1
7 622 432 232 224 20 44 1
7 622 433 232 224 20 44 1
7 622 434 232 224 20 44 1
7 622 435 232 224 20 44 1
7 622 436 232 224 20 44 1
7 622 437 232 224 20 44 1
7 622 438 232 224 18 44 1
7 622 439 232 224 18 44 1
7 622 440 232 224 18 44 1
7 622 441 232 224 18 44 1
7 622 442 232 224 18 44 1
7 622 443 232 224 18 44 1
7 622 444 232 224 18 44 1
7 622 445 232 224 18 44 1
7 622 446 232 224 18 44 1
7 622 447 232 224 18 44 1
7 622 448 232 224 18 44 1
7 622 449 232 224 18 44 1
7 622 450 231 224 19 44 1
7 622 451 231 224 19 44 1
7 622 452 231 224 19 44 1
7 622 453 231 224 19 44 1
7 622 454 231 224 19 44 1
7 622 455 231 224 19 44 1
7 622 456 231 224 19 44 1
7 622 457 231 224 19 44 1
7 622 458 231 224 19 44 1
7 622 459 231 224 19 44 1
7 622 460 231 224 19 44 1
7 622 461 231 224 17 42 1
7 622 462 231 224 17 42 1
7 622 463 231 224 17 42 1
7 622 464 231 224 17 42 1
7 622 465 231 224 17 42 1
7 622 466 231 224 17 42 1
7 622 467 231 224 17 42 1
7 622 468 231 224 17 42 1
7 622 469 231 224 17 42 1
7 622 470 231 224 17 42 1
7 622 471 231 224 17 42 1
7 622 472 229 224 19 42 1
7 622 473 229 224 19 42 1
7 622 474 229 224 19 42 1
7 622 475 229 224 19 42 1
7 622 476 229 224 19 42 1
7 622 477 229 224 19 42 1
7 622 478 229 224 19 42 1
7 622 479 229 224 19 42 1
7 622 480 229 224 19 42 1
7 622 481 229 224 19 42 1
7 622 482 229 224 19 42 1
7 622 483 229 224 19 42 1
7 622 484 229 224 18 42 1
7 622 485 229 224 18 42 1
7 622 486 229 224 18 42 1
7 622 487 229 224 18 42 1
7 622 488 229 224 18 42 1
7 622 489 229 224 18 42 1
7 622 490 229 224 18 42 1
7 622 491 229 224 18 42 1
7 622 492 229 224 18 42 1
7 622 493 227 224 20 42 1
7 622 494 227 224 20 42 1
7 622 495 227 224 20 42 1
7 622 496 227 224 20 42 1
7 622 497 227 224 20 42 1
7 622 498 227 224 20 42 1
7 622 499 227 224 20 42 1
7 622 500 227 224 20 42 1
7 622 501 227 224 20 42 1
7 622 502 227 224 20 42 1
7 622 503 227 224 20 42 1
7 622 504 227 224 20 42 1
7 622 505 227 224 20 42 1
7 622 506 227 224 20 42 1
7 622 507 227 224 18 42 1
7 622 508 227 224 18 42 1
7 622 509 227 224 18 42 1
7 622 510 227 224 18 42 1
7 622 511 227 224 18 42 1
7 622 512 227 224 18 42 1
7 622 513 227 224 18 42 1
7 622 514 227 224 18 42 1
7 622 515 225 224 20 42 1
7 622 516 225 224 20 42 1
7 622 517 225 224 20 42 1
7 622 518 225 224 20 42 1
7 622 519 225 224 20 42 1
7 622 520 225 224 20 42 1
7 622 521 225 224 20 42 1
7 622 522 225 224 20 42 1
7 622 523 225 224 20 42 1
7 622 524 225 224 20 42 1
7 622 525 225 224 20 42 1
7 622 526 225 224 20 42 1
7 622 527 225 224 20 42 1
7 622 528 225 224 20 42 1
7 622 529 225 224 20 42 1
7 622 530 225 224 18 42 1
7 622 531 225 224 18 42 1
7 622 532 225 224 18 42 1
7 622 533 225 224 18 42 1
7 622 534 225 224 18 42 1
7 622 535 225 224 18 42 1
7 622 536 224 224 19 42 1
7 622 537 224 224 19 42 1
7 622 538 224 224 19 42 1
7 622 539 224 224 19 42 1
7 622 540 224 224 19 42 1
7 622 541 224 224 19 40 1
7 622 542 224 224 19 40 1
7 622 543 224 224 19 40 1
7 622 544 224 224 19 40 1
7 622 545 224 224 19 40 1
7 622 546 224 224 19 40 1
7 622 547 224 224 19 40 1
7 622 548 224 224 19 40 1
7 622 549 224 224 19 40 1
7 622 550 224 224 19 40 1
7 622 551 224 224 19 40 1
7 622 552 224 224 19 40 1
7 622 553 224 224 17 40 1
7 622 554 224 224 17 40 1
7 622 555 224 224 17 40 1
7 622 556 224 224 17 40 1
7 622 557 222 224 19 40 1
7 622 558 222 224 19 40 1
7 622 559 222 224 19 40 1
7 622 560 222 224 19 40 1
7 622 561 222 224 19 40 1
7 622 562 222 224 19 40 1
7 622 563 222 224 19 40 1
7 622 564 222 224 19 40 1
7 622 565 222 224 19 40 1
7 622 566 222 224 19 40 1
7 622 567 222 224 19 40 1
7 622 568 222 224 19 40 1
7 622 569 222 224 19 40 1
7 622 570 222 224 19 40 1
7 622 571 222 224 19 40 1
7 622 572 222 224 19 40 1
7 622 573 222 224 19 40 1
7 622 574 222 224 19 40 1
7 622 575 222 224 19 40 1
7 622 576 222 224 18 40 1
7 622 577 222 224 18 40 1
7 622 578 222 224 18 40 1
7 622 579 220 224 20 40 1
7 622 580 220 224 20 40 1
7 622 581 220 224 20 40 1
7 622 582 220 224 20 40 1
7 622 583 220 224 20 40 1
7 622 584 220 224 20 40 1
7 622 585 220 224 20 40 1
7 622 586 220 224 20 40 1
7 622 587 220 224 20 40 1
7 622 588 220 224 20 40 1
7 622 589 220 224 20 40 1
7 622 590 220 224 20 40 1
7 622 591 220 224 20 40 1
7 622 592 220 224 20 40 1
7 622 593 220 224 20 40 1
7 622 594 220 224 20 40 1
7 622 595 220 224 20 40 1
7 622 596 220 224 20 40 1
7 622 597 220 224 20 40 1
7 622 598 220 224 20 40 1
7 622 599 220 224 18 40 1
7 622 600 218 224 20 40 1
7 622 601 218 224 20 40 1
7 622 602 218 224 20 40 1
7 622 603 218 224 20 40 1
7 622 604 218 224 20 40 1
7 622 605 218 224 20 40 1
7 622 606 218 224 20 40 1
7 622 607 218 224 20 40 1
7 622 608 218 224 20 40 1
7 622 609 218 224 20 40 1
7 622 610 218 224 20 40 1
7 622 611 218 224 20 40 1
7 622 612 218 224 20 40 1
7 622 613 218 224 20 40 1
7 622 614 218 224 20 40 1
7 622 615 218 224 20 40 1
7 622 616 218 224 20 40 1
7 622 617 218 224 20 40 1
7 622 618 218 224 20 40 1
7 622 619 218 224 20 40 1
7 622 620 218 224 20 40 1
7 622 621 218 225 20 39 1
