0 46 0 398 277 26 62 1
0 46 1 398 277 26 60 1
0 46 2 400 277 26 60 1
0 46 3 401 277 27 60 1
0 46 4 403 277 27 60 1
0 46 5 405 277 27 60 1
0 46 6 407 277 26 60 1
0 46 7 408 277 27 60 1
0 46 8 410 277 27 60 1
0 46 9 412 277 27 60 1
0 46 10 414 277 25 60 1
0 46 11 416 277 24 60 1
0 46 12 417 277 25 60 1
0 46 13 419 277 25 60 1
0 46 14 421 277 25 59 1
0 46 15 423 277 25 59 1
0 46 16 424 277 25 59 1
0 46 17 426 277 25 59 1
0 46 18 428 277 25 59 1
0 46 19 430 277 25 59 1
0 46 20 430 277 25 59 1
0 46 21 432 277 24 59 1
0 46 22 433 277 25 59 1
0 46 23 435 277 25 59 1
0 46 24 437 277 25 59 1
0 46 25 439 277 25 59 1
0 46 26 440 277 25 59 1
0 46 27 442 277 25 57 1
0 46 28 444 277 25 57 1
0 46 29 446 277 25 57 1
0 46 30 448 277 23 57 1
0 46 31 449 277 23 57 1
0 46 32 451 277 23 57 1
0 46 33 453 277 23 57 1
0 46 34 455 277 23 57 1
0 46 35 456 277 24 57 1
0 46 36 458 277 23 57 1
0 46 37 460 277 23 57 1
0 46 38 462 277 23 57 1
0 46 39 464 279 23 55 1
0 46 40 464 279 23 55 1
0 46 41 464 279 23 55 1
0 46 42 464 279 23 55 1
0 46 43 464 279 23 55 1
0 46 44 464 279 23 55 1
0 46 45 464 279 23 55 1
1 24 464 1264 705 14 13 1
1 24 465 1255 700 23 18 1
1 24 466 1246 695 32 23 1
1 24 467 1237 691 41 27 1
1 24 468 1224 686 50 30 1
1 24 469 1212 680 60 36 1
1 24 470 1203 677 64 39 1
1 24 471 1196 675 66 41 1
1 24 472 1189 673 67 43 1
1 24 473 1182 670 69 46 1
1 24 474 1175 668 71 48 1
1 24 475 1166 666 76 50 1
1 24 476 1159 664 78 52 1
1 24 477 1152 661 80 55 1
1 24 478 1144 659 82 57 1
1 24 479 1137 657 84 59 1
1 24 480 1130 656 87 62 1
1 24 481 1125 654 89 64 1
1 24 482 1120 652 92 66 1
1 24 483 1114 650 94 68 1
1 24 484 1111 648 96 70 1
1 24 485 1104 645 90 73 1
1 24 486 1098 641 84 77 1
1 24 487 1093 640 76 78 1
2 13 475 1267 693 11 25 1
2 13 476 1264 684 14 34 1
2 13 477 1262 677 16 41 1
2 13 478 1253 640 25 78 1
2 13 479 1244 627 34 91 1
2 13 480 1237 624 41 94 1
2 13 481 1230 620 48 98 1
2 13 482 1223 618 55 100 1
2 13 483 1217 616 61 102 1
2 13 484 1212 616 66 102 1
2 13 485 1207 615 71 103 1
2 13 486 1201 613 77 105 1
2 13 487 1196 613 82 105 1
3 411 77 712 311 25 85 1
3 411 78 711 309 25 87 1
3 411 79 711 309 25 87 1
3 411 80 709 309 27 87 1
3 411 81 709 309 27 87 1
3 411 82 709 309 25 87 1
3 411 83 707 309 27 87 1
3 411 84 707 309 27 87 1
3 411 85 707 309 27 87 1
3 411 86 705 307 27 89 1
3 411 87 705 307 27 89 1
3 411 88 704 307 28 89 1
3 411 89 704 307 28 89 1
3 411 90 704 307 28 89 1
3 411 91 702 307 28 89 1
3 411 92 702 307 28 89 1
3 411 93 702 307 28 89 1
3 411 94 700 307 30 89 1
3 411 95 700 305 28 93 1
3 411 96 698 305 30 93 1
3 411 97 698 305 30 93 1
3 411 98 698 305 30 93 1
3 411 99 696 305 31 93 1
3 411 100 696 305 31 93 1
3 411 101 696 305 31 93 1
3 411 102 695 305 32 93 1
3 411 103 695 305 32 93 1
3 411 104 693 304 32 94 1
3 411 105 693 304 32 94 1
3 411 106 693 304 32 94 1
3 411 107 691 304 34 94 1
3 411 108 691 304 32 94 1
3 411 109 691 304 32 94 1
3 411 110 689 304 34 94 1
3 411 111 689 304 34 94 1
3 411 112 689 304 34 96 1
3 411 113 688 304 33 96 1
3 411 114 686 304 34 96 1
3 411 115 684 304 34 96 1
3 411 116 682 304 36 96 1
3 411 117 680 304 36 96 1
3 411 118 679 304 35 97 1
3 411 119 677 304 37 97 1
3 411 120 675 304 37 97 1
3 411 121 673 304 38 97 1
3 411 122 672 304 39 97 1
3 411 123 670 304 39 99 1
3 411 124 668 304 39 99 1
3 411 125 666 304 41 99 1
3 411 126 664 304 41 99 1
3 411 127 663 304 41 99 1
3 411 128 661 305 43 100 1
3 411 129 659 305 41 100 1
3 411 130 657 305 41 100 1
3 411 131 656 305 40 100 1
3 411 132 654 305 41 100 1
3 411 133 652 305 41 100 1
3 411 134 650 305 41 100 1
3 411 135 648 305 41 102 1
3 411 136 647 305 39 102 1
3 411 137 645 305 39 102 1
3 411 138 643 305 39 102 1
3 411 139 641 305 39 102 1
3 411 140 640 305 39 102 1
3 411 141 638 305 39 102 1
3 411 142 638 307 37 101 1
3 411 143 634 307 38 100 1
3 411 144 632 307 38 100 1
3 411 145 631 307 37 100 1
3 411 146 629 307 37 100 1
3 411 147 625 307 39 100 1
3 411 148 624 307 37 100 1
3 411 149 622 307 37 100 1
3 411 150 620 307 37 100 1
3 411 151 618 307 38 100 1
3 411 152 615 307 39 100 1
3 411 153 613 307 37 100 1
3 411 154 611 307 37 100 1
3 411 155 609 307 38 100 1
3 411 156 606 307 39 98 1
3 411 157 604 307 39 98 1
3 411 158 602 307 39 98 1
3 411 159 600 307 38 98 1
3 411 160 599 307 37 98 1
3 411 161 595 307 39 98 1
3 411 162 593 307 39 98 1
3 411 163 592 307 39 98 1
3 411 164 590 307 37 98 1
3 411 165 586 307 39 98 1
3 411 166 584 307 40 98 1
3 411 167 583 307 39 98 1
3 411 168 581 307 39 98 1
3 411 169 579 309 39 96 1
3 411 170 576 307 40 96 1
3 411 171 574 307 41 96 1
3 411 172 572 307 41 96 1
3 411 173 568 307 43 96 1
3 411 174 567 307 42 96 1
3 411 175 565 307 43 94 1
3 411 176 563 307 43 94 1
3 411 177 560 307 44 94 1
3 411 178 558 307 44 94 1
3 411 179 556 307 44 94 1
3 411 180 554 307 46 94 1
3 411 181 552 305 47 95 1
3 411 182 551 305 46 95 1
3 411 183 551 305 44 95 1
3 411 184 549 305 46 95 1
3 411 185 549 305 44 95 1
3 411 186 547 305 45 93 1
3 411 187 545 305 47 93 1
3 411 188 545 305 45 93 1
3 411 189 544 305 44 93 1
3 411 190 544 304 44 94 1
3 411 191 542 304 44 94 1
3 411 192 542 304 42 92 1
3 411 193 540 304 44 92 1
3 411 194 538 304 45 92 1
3 411 195 538 304 43 92 1
3 411 196 536 304 43 92 1
3 411 197 536 304 43 90 1
3 411 198 535 304 42 90 1
3 411 199 535 302 41 92 1
3 411 200 533 302 43 92 1
3 411 201 531 302 43 92 1
3 411 202 531 302 41 92 1
3 411 203 529 302 43 90 1
3 411 204 529 302 41 90 1
3 411 205 528 302 40 90 1
3 411 206 526 302 42 90 1
3 411 207 526 302 41 90 1
3 411 208 524 300 41 92 1
3 411 209 524 300 41 91 1
3 411 210 522 300 41 91 1
3 411 211 522 300 39 91 1
3 411 212 520 300 40 91 1
3 411 213 519 300 41 91 1
3 411 214 519 300 39 89 1
3 411 215 517 300 39 89 1
3 411 216 517 300 39 89 1
3 411 217 515 298 39 91 1
3 411 218 515 298 37 91 1
3 411 219 513 298 39 91 1
3 411 220 512 298 39 89 1
3 411 221 512 298 37 89 1
3 411 222 510 298 39 89 1
3 411 223 510 298 37 89 1
3 411 224 508 298 37 89 1
3 411 225 508 298 37 89 1
3 411 226 506 296 38 89 1
3 411 227 504 296 38 89 1
3 411 228 504 296 38 89 1
3 411 229 503 296 37 89 1
3 411 230 503 296 37 89 1
3 411 231 501 296 37 88 1
3 411 232 501 296 37 88 1
3 411 233 499 296 37 88 1
3 411 234 499 296 36 88 1
3 411 235 497 295 38 89 1
3 411 236 497 295 36 87 1
3 411 237 496 295 37 87 1
3 411 238 496 295 35 87 1
3 411 239 494 295 37 87 1
3 411 240 494 295 35 87 1
3 411 241 492 295 37 87 1
3 411 242 490 295 38 85 1
3 411 243 490 295 36 85 1
3 411 244 488 293 38 87 1
3 411 245 488 293 36 87 1
3 411 246 487 293 37 87 1
3 411 247 487 293 35 85 1
3 411 248 485 293 37 85 1
3 411 249 485 293 35 85 1
3 411 250 483 293 36 85 1
3 411 251 483 293 36 85 1
3 411 252 481 293 36 83 1
3 411 253 481 291 36 85 1
3 411 254 480 291 35 85 1
3 411 255 480 291 35 85 1
3 411 256 478 291 35 85 1
3 411 257 478 291 35 85 1
3 411 258 476 291 36 84 1
3 411 259 474 291 36 84 1
3 411 260 474 291 36 84 1
3 411 261 472 291 36 84 1
3 411 262 472 289 36 86 1
3 411 263 471 289 35 84 1
3 411 264 471 289 35 84 1
3 411 265 469 289 35 84 1
3 411 266 469 289 34 84 1
3 411 267 467 289 36 84 1
3 411 268 467 289 34 82 1
3 411 269 465 289 36 82 1
3 411 270 465 289 34 82 1
3 411 271 464 288 35 83 1
3 411 272 464 288 33 83 1
3 411 273 462 288 35 83 1
3 411 274 460 288 36 81 1
3 411 275 460 288 34 81 1
3 411 276 458 288 36 81 1
3 411 277 458 288 34 81 1
3 411 278 456 288 36 81 1
3 411 279 456 288 34 80 1
3 411 280 455 286 35 82 1
3 411 281 455 286 33 82 1
3 411 282 453 286 34 82 1
3 411 283 453 286 34 82 1
3 411 284 451 286 34 80 1
3 411 285 451 286 34 80 1
3 411 286 449 286 34 80 1
3 411 287 449 286 34 80 1
3 411 288 448 286 33 80 1
3 411 289 448 286 33 80 1
3 411 290 446 284 34 82 1
3 411 291 446 284 34 82 1
3 411 292 444 284 36 82 1
3 411 293 444 284 34 82 1
3 411 294 444 284 34 82 1
3 411 295 442 282 36 84 1
3 411 296 442 282 36 84 1
3 411 297 442 282 34 84 1
3 411 298 440 282 36 84 1
3 411 299 440 282 36 84 1
3 411 300 440 282 36 84 1
3 411 301 439 280 35 84 1
3 411 302 439 280 35 84 1
3 411 303 439 280 35 84 1
3 411 304 437 280 35 84 1
3 411 305 437 280 35 84 1
3 411 306 437 280 35 84 1
3 411 307 435 280 37 84 1
3 411 308 435 280 36 84 1
3 411 309 435 280 36 82 1
3 411 310 433 280 38 82 1
3 411 311 433 279 38 83 1
3 411 312 433 279 36 83 1
3 411 313 432 279 37 83 1
3 411 314 432 279 37 83 1
3 411 315 432 279 37 83 1
3 411 316 430 279 37 83 1
3 411 317 430 279 37 81 1
3 411 318 430 279 37 81 1
3 411 319 428 279 37 81 1
3 411 320 428 279 37 81 1
3 411 321 428 277 37 83 1
3 411 322 426 277 39 83 1
3 411 323 426 277 38 83 1
3 411 324 426 277 38 83 1
3 411 325 424 277 40 82 1
3 411 326 424 277 40 82 1
3 411 327 424 277 38 82 1
3 411 328 423 277 39 82 1
3 411 329 423 277 39 82 1
3 411 330 423 277 39 82 1
3 411 331 421 275 39 84 1
3 411 332 421 275 39 84 1
3 411 333 421 275 39 82 1
3 411 334 419 275 41 82 1
3 411 335 419 275 39 82 1
3 411 336 419 275 39 82 1
3 411 337 417 275 41 82 1
3 411 338 417 275 39 82 1
3 411 339 417 275 39 82 1
3 411 340 416 275 40 82 1
3 411 341 416 275 40 80 1
3 411 342 416 273 39 82 1
3 411 343 414 273 41 82 1
3 411 344 414 273 41 82 1
3 411 345 414 273 41 82 1
3 411 346 412 273 41 82 1
3 411 347 412 273 41 82 1
3 411 348 412 273 41 82 1
3 411 349 410 273 43 80 1
3 411 350 410 273 41 80 1
3 411 351 410 273 41 80 1
3 411 352 408 272 43 81 1
3 411 353 408 272 43 81 1
3 411 354 408 272 41 81 1
3 411 355 407 272 42 81 1
3 411 356 407 272 42 81 1
3 411 357 407 272 41 80 1
3 411 358 405 272 43 80 1
3 411 359 405 272 43 80 1
3 411 360 405 272 43 80 1
3 411 361 403 272 43 80 1
3 411 362 403 270 43 82 1
3 411 363 403 270 43 82 1
3 411 364 401 270 45 82 1
3 411 365 401 270 43 80 1
3 411 366 401 270 43 80 1
3 411 367 400 270 44 80 1
3 411 368 400 270 44 80 1
3 411 369 400 270 42 80 1
3 411 370 398 270 44 80 1
3 411 371 398 270 44 80 1
3 411 372 398 270 44 80 1
3 411 373 396 268 44 80 1
3 411 374 396 268 44 80 1
3 411 375 396 268 44 80 1
3 411 376 396 268 44 80 1
3 411 377 396 268 43 80 1
3 411 378 396 268 43 80 1
3 411 379 396 268 43 80 1
3 411 380 396 268 43 80 1
3 411 381 396 268 41 80 1
3 411 382 396 268 41 80 1
3 411 383 396 268 41 78 1
3 411 384 396 268 41 78 1
3 411 385 396 268 39 78 1
3 411 386 396 268 39 78 1
3 411 387 396 268 39 78 1
3 411 388 394 266 41 80 1
3 411 389 394 266 41 80 1
3 411 390 394 266 39 80 1
3 411 391 394 266 39 80 1
3 411 392 394 266 39 80 1
3 411 393 394 266 39 78 1
3 411 394 394 266 38 78 1
3 411 395 394 266 38 78 1
3 411 396 394 266 38 78 1
3 411 397 394 266 38 78 1
3 411 398 394 266 36 78 1
3 411 399 394 266 36 78 1
3 411 400 394 266 36 78 1
3 411 401 394 266 36 78 1
3 411 402 394 266 36 78 1
3 411 403 392 264 36 79 1
3 411 404 392 264 36 79 1
3 411 405 391 264 35 79 1
3 411 406 391 264 35 79 1
3 411 407 389 264 35 79 1
3 411 408 389 264 35 79 1
3 411 409 387 264 36 79 1
3 411 410 387 264 36 79 1
3 411 411 385 264 36 79 1
3 411 412 385 264 36 79 1
3 411 413 385 264 36 79 1
3 411 414 384 264 35 79 1
3 411 415 384 264 35 79 1
3 411 416 382 264 35 79 1
3 411 417 382 264 35 79 1
3 411 418 380 264 36 79 1
3 411 419 380 264 36 79 1
3 411 420 378 264 36 79 1
3 411 421 378 264 36 79 1
3 411 422 376 264 36 79 1
3 411 423 376 264 36 79 1
3 411 424 376 264 36 79 1
3 411 425 375 264 35 79 1
3 411 426 375 264 35 79 1
3 411 427 373 264 35 79 1
3 411 428 373 264 35 79 1
3 411 429 371 264 36 79 1
3 411 430 371 264 36 79 1
3 411 431 369 264 36 79 1
3 411 432 369 264 36 79 1
3 411 433 368 264 35 79 1
3 411 434 368 264 35 79 1
3 411 435 368 264 35 79 1
3 411 436 366 264 35 79 1
3 411 437 366 264 35 79 1
3 411 438 364 264 36 79 1
3 411 439 364 264 36 79 1
3 411 440 362 264 36 79 1
3 411 441 362 264 36 79 1
3 411 442 360 264 36 79 1
3 411 443 360 264 36 79 1
3 411 444 360 264 36 79 1
3 411 445 359 263 35 78 1
3 411 446 359 263 35 78 1
3 411 447 359 263 35 78 1
3 411 448 359 263 33 78 1
3 411 449 357 263 35 78 1
3 411 450 357 263 35 78 1
3 411 451 357 263 35 78 1
3 411 452 357 263 34 78 1
3 411 453 357 263 34 78 1
3 411 454 355 263 36 78 1
3 411 455 355 263 36 78 1
3 411 456 355 263 34 78 1
3 411 457 355 263 34 78 1
3 411 458 355 263 34 78 1
3 411 459 353 263 36 78 1
3 411 460 353 263 34 78 1
3 411 461 353 263 34 78 1
3 411 462 353 263 34 78 1
3 411 463 353 263 34 78 1
3 411 464 352 263 33 78 1
3 411 465 352 263 33 78 1
3 411 466 352 261 33 78 1
3 411 467 352 261 33 78 1
3 411 468 350 261 34 78 1
3 411 469 350 261 34 78 1
3 411 470 350 261 34 78 1
3 411 471 350 261 34 78 1
3 411 472 350 261 32 78 1
3 411 473 348 261 34 78 1
3 411 474 348 261 34 78 1
3 411 475 348 261 34 78 1
3 411 476 348 261 32 78 1
3 411 477 348 261 32 78 1
3 411 478 346 261 34 78 1
3 411 479 346 261 34 78 1
3 411 480 346 261 32 78 1
3 411 481 346 261 32 78 1
3 411 482 346 261 32 78 1
3 411 483 344 261 34 78 1
3 411 484 344 261 32 78 1
3 411 485 344 261 32 78 1
3 411 486 344 261 32 78 1
3 411 487 344 261 32 78 1
