0 181 200 288 227 32 52 1
0 181 201 284 229 32 51 1
0 181 202 282 229 32 51 1
0 181 203 282 229 32 51 1
0 181 204 282 229 32 51 1
0 181 205 282 229 30 51 1
0 181 206 280 229 32 51 1
0 181 207 280 229 32 51 1
0 181 208 280 229 31 51 1
0 181 209 280 229 31 51 1
0 181 210 279 229 32 51 1
0 181 211 279 229 32 51 1
0 181 212 279 229 30 51 1
0 181 213 279 229 30 51 1
0 181 214 277 229 32 51 1
0 181 215 277 229 30 51 1
0 181 216 277 229 30 51 1
0 181 217 277 229 30 51 1
0 181 218 275 229 30 51 1
0 181 219 275 229 30 51 1
0 181 220 275 229 30 51 1
0 181 221 275 229 30 51 1
0 181 222 273 229 31 51 1
0 181 223 273 229 31 51 1
0 181 224 273 229 31 51 1
0 181 225 272 229 30 51 1
0 181 226 272 229 30 51 1
0 181 227 272 229 30 51 1
0 181 228 270 229 30 51 1
0 181 229 270 229 30 51 1
0 181 230 270 229 30 51 1
0 181 231 270 229 30 51 1
0 181 232 268 229 30 51 1
0 181 233 268 229 30 51 1
0 181 234 268 229 30 51 1
0 181 235 266 229 30 51 1
0 181 236 266 229 30 51 1
0 181 237 266 229 30 51 1
0 181 238 264 229 31 51 1
0 181 239 264 229 31 51 1
0 181 240 264 229 31 51 1
0 181 241 264 231 31 51 1
0 181 242 263 229 30 51 1
0 181 243 263 229 30 51 1
0 181 244 263 229 30 51 1
0 181 245 263 229 30 51 1
0 181 246 263 229 30 51 1
0 181 247 263 229 30 51 1
0 181 248 261 229 30 51 1
0 181 249 261 229 30 51 1
0 181 250 261 229 30 51 1
0 181 251 261 229 30 51 1
0 181 252 261 229 30 51 1
0 181 253 261 229 30 51 1
0 181 254 259 229 30 51 1
0 181 255 259 229 30 51 1
0 181 256 259 229 30 51 1
0 181 257 259 229 30 51 1
0 181 258 259 229 30 51 1
0 181 259 259 229 30 51 1
0 181 260 257 229 31 51 1
0 181 261 257 229 31 51 1
0 181 262 257 229 31 51 1
0 181 263 257 229 31 51 1
0 181 264 257 229 31 51 1
0 181 265 257 229 31 51 1
0 181 266 256 229 30 51 1
0 181 267 256 229 30 51 1
0 181 268 256 229 30 51 1
0 181 269 256 229 30 51 1
0 181 270 256 229 30 51 1
0 181 271 256 229 30 51 1
0 181 272 254 229 30 51 1
0 181 273 254 229 30 51 1
0 181 274 254 229 30 51 1
0 181 275 254 229 30 51 1
0 181 276 254 229 30 51 1
0 181 277 254 229 30 51 1
0 181 278 254 229 30 51 1
0 181 279 254 229 30 51 1
0 181 280 254 229 30 51 1
0 181 281 252 229 30 51 1
0 181 282 252 229 30 51 1
0 181 283 252 229 30 51 1
0 181 284 252 229 30 51 1
0 181 285 252 229 30 51 1
0 181 286 252 229 30 51 1
0 181 287 252 229 30 51 1
0 181 288 252 229 30 51 1
0 181 289 252 229 30 51 1
0 181 290 252 229 30 51 1
0 181 291 250 229 30 51 1
0 181 292 250 229 30 51 1
0 181 293 250 229 30 51 1
0 181 294 250 229 30 51 1
0 181 295 250 229 30 51 1
0 181 296 250 229 30 51 1
0 181 297 250 229 30 51 1
0 181 298 250 229 30 51 1
0 181 299 250 229 30 51 1
0 181 300 250 229 30 51 1
0 181 301 250 229 29 51 1
0 181 302 250 229 29 51 1
0 181 303 250 229 29 51 1
0 181 304 250 229 29 51 1
0 181 305 250 231 29 49 1
0 181 306 250 231 29 49 1
0 181 307 250 231 27 49 1
0 181 308 250 231 27 49 1
0 181 309 250 231 27 51 1
0 181 310 250 232 27 50 1
0 181 311 250 232 27 50 1
0 181 312 250 232 27 50 1
0 181 313 250 232 25 50 1
0 181 314 250 232 25 50 1
0 181 315 250 234 25 48 1
0 181 316 250 234 25 48 1
0 181 317 250 234 25 50 1
0 181 318 250 234 25 50 1
0 181 319 250 234 23 50 1
0 181 320 250 236 23 48 1
0 181 321 250 236 23 48 1
0 181 322 250 236 23 48 1
0 181 323 250 236 23 48 1
0 181 324 250 236 23 48 1
0 181 325 250 238 23 48 1
0 181 326 248 238 24 48 1
0 181 327 248 238 24 48 1
0 181 328 248 238 24 48 1
0 181 329 248 238 24 48 1
0 181 330 248 238 24 48 1
0 181 331 248 238 24 48 1
0 181 332 248 238 24 48 1
0 181 333 247 238 23 48 1
0 181 334 247 238 23 48 1
0 181 335 247 238 23 48 1
0 181 336 247 238 23 48 1
0 181 337 247 238 23 48 1
0 181 338 247 238 23 48 1
0 181 339 247 238 23 48 1
0 181 340 245 238 23 48 1
0 181 341 245 238 23 48 1
0 181 342 245 238 23 48 1
0 181 343 245 238 23 48 1
0 181 344 245 238 23 48 1
0 181 345 245 238 23 48 1
0 181 346 245 240 23 48 1
0 181 347 243 240 23 48 1
0 181 348 243 240 23 48 1
0 181 349 243 240 23 48 1
0 181 350 243 240 23 48 1
0 181 351 243 240 23 48 1
0 181 352 241 240 23 48 1
0 181 353 241 240 23 48 1
0 181 354 241 240 23 48 1
0 181 355 241 240 23 48 1
0 181 356 241 240 23 48 1
0 181 357 240 240 23 48 1
0 181 358 240 240 23 48 1
0 181 359 240 240 23 48 1
0 181 360 240 240 23 48 1
0 181 361 240 240 23 48 1
0 181 362 238 240 23 48 1
0 181 363 238 240 23 48 1
0 181 364 238 240 23 48 1
0 181 365 238 240 23 48 1
0 181 366 238 240 23 48 1
0 181 367 238 240 23 48 1
0 181 368 238 240 23 48 1
0 181 369 238 240 23 48 1
0 181 370 238 240 23 48 1
0 181 371 238 240 23 48 1
0 181 372 238 240 23 48 1
0 181 373 238 240 23 48 1
0 181 374 238 240 23 48 1
0 181 375 238 240 23 48 1
0 181 376 238 240 23 48 1
0 181 377 238 240 23 48 1
0 181 378 238 240 23 48 1
0 181 379 238 240 23 48 1
0 181 380 238 241 23 48 1
1 322 0 261 231 23 33 1
1 322 1 259 231 23 33 1
1 322 2 259 231 23 33 1
1 322 3 259 231 23 33 1
1 322 4 259 231 23 33 1
1 322 5 259 231 23 33 1
1 322 6 259 231 23 33 1
1 322 7 259 231 23 33 1
1 322 8 259 231 23 33 1
1 322 9 259 231 23 33 1
1 322 10 259 231 23 33 1
1 322 11 259 231 23 33 1
1 322 12 259 231 23 33 1
1 322 13 259 231 23 33 1
1 322 14 259 231 23 33 1
1 322 15 259 231 23 33 1
1 322 16 259 231 23 33 1
1 322 17 259 231 23 33 1
1 322 18 259 231 23 33 1
1 322 19 259 231 23 33 1
1 322 20 259 231 23 33 1
1 322 21 259 231 23 33 1
1 322 22 259 231 23 33 1
1 322 23 259 231 23 33 1
1 322 24 259 231 23 33 1
1 322 25 259 231 23 33 1
1 322 26 259 231 23 33 1
1 322 27 259 231 23 33 1
1 322 28 259 231 23 33 1
1 322 29 259 231 23 33 1
1 322 30 259 231 23 33 1
1 322 31 259 231 23 33 1
1 322 32 259 231 23 33 1
1 322 33 259 231 23 33 1
1 322 34 259 231 23 33 1
1 322 35 259 231 23 33 1
1 322 36 259 231 23 33 1
1 322 37 259 231 23 33 1
1 322 38 259 231 23 33 1
1 322 39 259 231 23 33 1
1 322 40 259 231 23 33 1
1 322 41 259 231 23 33 1
1 322 42 259 231 23 33 1
1 322 43 259 231 23 33 1
1 322 44 259 231 23 33 1
1 322 45 259 231 23 33 1
1 322 46 259 231 23 33 1
1 322 47 259 231 23 33 1
1 322 48 259 231 23 33 1
1 322 49 259 231 23 33 1
1 322 50 259 231 23 33 1
1 322 51 259 231 23 33 1
1 322 52 259 231 23 33 1
1 322 53 259 231 23 33 1
1 322 54 259 231 23 33 1
1 322 55 259 231 23 33 1
1 322 56 259 231 23 33 1
1 322 57 259 231 23 33 1
1 322 58 259 231 23 33 1
1 322 59 259 231 23 33 1
1 322 60 259 231 23 33 1
1 322 61 259 231 23 33 1
1 322 62 259 231 23 33 1
1 322 63 259 231 23 33 1
1 322 64 259 231 23 33 1
1 322 65 259 231 23 33 1
1 322 66 259 231 23 33 1
1 322 67 259 231 23 33 1
1 322 68 259 231 23 33 1
1 322 69 259 231 23 33 1
1 322 70 259 231 23 33 1
1 322 71 259 231 23 33 1
1 322 72 259 231 23 33 1
1 322 73 259 231 23 33 1
1 322 74 259 231 23 33 1
1 322 75 259 231 23 33 1
1 322 76 259 231 23 33 1
1 322 77 259 231 23 33 1
1 322 78 259 231 23 33 1
1 322 79 259 231 23 33 1
1 322 80 259 231 23 33 1
1 322 81 259 231 23 33 1
1 322 82 259 231 23 33 1
1 322 83 259 231 23 33 1
1 322 84 259 231 23 33 1
1 322 85 259 231 23 33 1
1 322 86 259 231 23 33 1
1 322 87 259 231 23 33 1
1 322 88 259 231 23 33 1
1 322 89 259 231 23 33 1
1 322 90 259 231 23 33 1
1 322 91 259 231 23 33 1
1 322 92 259 231 23 33 1
1 322 93 259 231 23 33 1
1 322 94 259 231 23 33 1
1 322 95 259 231 23 33 1
1 322 96 259 231 23 33 1
1 322 97 259 231 23 33 1
1 322 98 259 231 23 33 1
1 322 99 259 231 23 33 1
1 322 100 259 231 23 33 1
1 322 101 259 231 23 33 1
1 322 102 259 231 23 33 1
1 322 103 259 231 23 33 1
1 322 104 259 231 23 33 1
1 322 105 259 231 23 33 1
1 322 106 259 231 23 33 1
1 322 107 259 231 23 33 1
1 322 108 257 231 23 33 1
1 322 109 257 231 23 33 1
1 322 110 257 231 23 33 1
1 322 111 257 231 23 33 1
1 322 112 257 231 23 33 1
1 322 113 257 231 23 33 1
1 322 114 257 231 23 33 1
1 322 115 257 231 23 33 1
1 322 116 257 231 23 33 1
1 322 117 257 231 23 33 1
1 322 118 257 231 23 33 1
1 322 119 257 231 23 33 1
1 322 120 257 231 23 33 1
1 322 121 257 231 23 33 1
1 322 122 257 231 23 33 1
1 322 123 257 231 23 33 1
1 322 124 257 231 23 33 1
1 322 125 257 231 23 33 1
1 322 126 257 231 23 33 1
1 322 127 257 231 23 33 1
1 322 128 257 231 23 33 1
1 322 129 257 231 23 33 1
1 322 130 257 231 23 33 1
1 322 131 257 231 23 33 1
1 322 132 257 231 23 33 1
1 322 133 257 231 23 33 1
1 322 134 257 231 23 33 1
1 322 135 257 231 23 33 1
1 322 136 257 231 23 33 1
1 322 137 257 231 23 33 1
1 322 138 257 231 23 33 1
1 322 139 257 231 23 33 1
1 322 140 257 231 23 33 1
1 322 141 257 231 23 33 1
1 322 142 257 231 23 33 1
1 322 143 257 231 23 33 1
1 322 144 257 231 23 33 1
1 322 145 257 231 23 33 1
1 322 146 257 231 23 33 1
1 322 147 257 231 23 33 1
1 322 148 257 231 23 33 1
1 322 149 257 231 23 33 1
1 322 150 257 231 23 33 1
1 322 151 257 231 23 33 1
1 322 152 257 231 23 33 1
1 322 153 257 231 23 33 1
1 322 154 257 231 23 33 1
1 322 155 257 231 23 33 1
1 322 156 257 231 23 33 1
1 322 157 257 231 23 33 1
1 322 158 257 231 23 33 1
1 322 159 257 231 23 33 1
1 322 160 257 231 23 33 1
1 322 161 257 231 23 33 1
1 322 162 257 231 23 33 1
1 322 163 257 231 23 33 1
1 322 164 257 231 23 33 1
1 322 165 257 231 23 33 1
1 322 166 257 231 23 33 1
1 322 167 257 231 23 33 1
1 322 168 257 231 23 33 1
1 322 169 257 231 23 33 1
1 322 170 257 231 23 33 1
1 322 171 257 231 23 33 1
1 322 172 257 231 23 33 1
1 322 173 257 231 23 33 1
1 322 174 257 231 23 33 1
1 322 175 257 231 23 33 1
1 322 176 257 231 23 33 1
1 322 177 257 231 23 33 1
1 322 178 257 231 23 33 1
1 322 179 257 231 23 33 1
1 322 180 257 231 23 33 1
1 322 181 257 231 23 33 1
1 322 182 257 231 23 33 1
1 322 183 257 231 23 33 1
1 322 184 257 231 23 33 1
1 322 185 257 231 23 33 1
1 322 186 257 231 23 33 1
1 322 187 257 231 23 33 1
1 322 188 257 231 23 33 1
1 322 189 257 231 23 33 1
1 322 190 257 231 23 33 1
1 322 191 257 231 23 33 1
1 322 192 257 231 23 33 1
1 322 193 257 231 23 33 1
1 322 194 257 231 23 33 1
1 322 195 257 231 23 33 1
1 322 196 257 231 23 33 1
1 322 197 257 231 23 33 1
1 322 198 257 231 23 33 1
1 322 199 257 231 23 33 1
1 322 200 257 231 23 33 1
1 322 201 257 231 23 33 1
1 322 202 257 231 23 33 1
1 322 203 257 231 23 33 1
1 322 204 257 231 23 33 1
1 322 205 257 231 23 33 1
1 322 206 257 231 23 33 1
1 322 207 257 231 23 33 1
1 322 208 257 231 23 33 1
1 322 209 257 231 23 33 1
1 322 210 257 231 23 33 1
1 322 211 257 231 23 33 1
1 322 212 257 231 23 33 1
1 322 213 257 231 23 33 1
1 322 214 257 231 23 33 1
1 322 215 256 231 23 33 1
1 322 216 256 231 23 33 1
1 322 217 256 231 23 33 1
1 322 218 256 231 23 33 1
1 322 219 256 231 23 33 1
1 322 220 256 231 23 33 1
1 322 221 256 231 23 33 1
1 322 222 256 231 23 33 1
1 322 223 256 231 23 33 1
1 322 224 256 231 23 33 1
1 322 225 256 231 23 33 1
1 322 226 256 231 23 33 1
1 322 227 256 231 23 33 1
1 322 228 256 231 23 33 1
1 322 229 256 231 23 33 1
1 322 230 256 231 23 33 1
1 322 231 256 231 23 33 1
1 322 232 256 231 23 33 1
1 322 233 256 231 23 33 1
1 322 234 256 231 23 33 1
1 322 235 256 231 23 33 1
1 322 236 256 231 23 33 1
1 322 237 256 231 23 33 1
1 322 238 256 231 23 33 1
1 322 239 256 231 23 33 1
1 322 240 256 231 23 33 1
1 322 241 256 231 23 33 1
1 322 242 256 231 23 33 1
1 322 243 256 231 23 33 1
1 322 244 256 231 23 33 1
1 322 245 256 231 23 33 1
1 322 246 256 231 23 33 1
1 322 247 256 231 23 33 1
1 322 248 256 231 23 33 1
1 322 249 256 231 23 33 1
1 322 250 256 231 23 33 1
1 322 251 256 231 23 33 1
1 322 252 256 231 23 33 1
1 322 253 256 231 23 33 1
1 322 254 256 231 23 33 1
1 322 255 256 231 23 33 1
1 322 256 256 231 23 33 1
1 322 257 256 231 23 33 1
1 322 258 256 231 23 33 1
1 322 259 256 231 23 33 1
1 322 260 256 231 23 33 1
1 322 261 256 231 23 33 1
1 322 262 256 231 23 33 1
1 322 263 256 231 23 33 1
1 322 264 256 231 23 33 1
1 322 265 256 231 23 33 1
1 322 266 256 231 23 33 1
1 322 267 256 231 23 33 1
1 322 268 256 231 23 33 1
1 322 269 256 231 23 33 1
1 322 270 256 231 23 33 1
1 322 271 256 231 23 33 1
1 322 272 256 231 23 33 1
1 322 273 256 231 23 33 1
1 322 274 256 231 23 33 1
1 322 275 256 231 23 33 1
1 322 276 256 231 23 33 1
1 322 277 256 231 23 33 1
1 322 278 256 231 23 33 1
1 322 279 256 231 23 33 1
1 322 280 256 231 23 33 1
1 322 281 256 231 23 33 1
1 322 282 256 231 23 33 1
1 322 283 256 231 23 33 1
1 322 284 256 231 23 33 1
1 322 285 256 231 23 33 1
1 322 286 256 231 23 33 1
1 322 287 256 231 23 33 1
1 322 288 256 231 23 33 1
1 322 289 256 231 23 33 1
1 322 290 256 231 23 33 1
1 322 291 256 231 23 33 1
1 322 292 256 231 23 33 1
1 322 293 256 231 23 33 1
1 322 294 256 231 23 33 1
1 322 295 256 231 23 33 1
1 322 296 256 231 23 33 1
1 322 297 256 231 23 33 1
1 322 298 256 231 23 33 1
1 322 299 256 231 23 33 1
1 322 300 256 231 23 33 1
1 322 301 256 231 23 33 1
1 322 302 256 231 23 33 1
1 322 303 256 231 23 33 1
1 322 304 256 231 23 33 1
1 322 305 256 231 23 33 1
1 322 306 256 231 23 33 1
1 322 307 256 231 23 33 1
1 322 308 256 231 23 33 1
1 322 309 256 231 23 33 1
1 322 310 256 231 23 33 1
1 322 311 256 231 23 33 1
1 322 312 256 231 23 33 1
1 322 313 256 231 23 33 1
1 322 314 256 231 23 33 1
1 322 315 256 231 23 33 1
1 322 316 256 231 23 33 1
1 322 317 256 231 23 33 1
1 322 318 256 231 23 33 1
1 322 319 256 231 23 33 1
1 322 320 256 231 23 33 1
1 322 321 256 231 23 33 1
2 322 0 131 220 23 34 1
2 322 1 131 220 23 34 1
2 322 2 131 220 23 34 1
2 322 3 131 220 23 34 1
2 322 4 131 220 23 34 1
2 322 5 131 220 23 34 1
2 322 6 131 220 23 34 1
2 322 7 131 220 23 34 1
2 322 8 131 220 23 34 1
2 322 9 131 220 23 34 1
2 322 10 131 220 23 34 1
2 322 11 131 220 23 34 1
2 322 12 131 220 23 34 1
2 322 13 131 220 23 34 1
2 322 14 131 220 23 34 1
2 322 15 131 220 23 34 1
2 322 16 131 220 23 34 1
2 322 17 131 220 23 34 1
2 322 18 131 220 23 34 1
2 322 19 131 220 23 34 1
2 322 20 131 220 23 34 1
2 322 21 131 220 23 34 1
2 322 22 131 220 23 34 1
2 322 23 131 220 23 34 1
2 322 24 131 220 23 34 1
2 322 25 133 220 23 34 1
2 322 26 133 220 23 34 1
2 322 27 133 220 23 34 1
2 322 28 133 220 23 34 1
2 322 29 133 220 23 34 1
2 322 30 133 220 23 34 1
2 322 31 133 220 23 34 1
2 322 32 133 220 23 34 1
2 322 33 133 220 23 34 1
2 322 34 133 220 23 34 1
2 322 35 133 220 23 34 1
2 322 36 133 220 23 34 1
2 322 37 133 220 23 34 1
2 322 38 133 220 23 34 1
2 322 39 133 220 23 34 1
2 322 40 133 220 23 34 1
2 322 41 133 220 23 34 1
2 322 42 133 220 23 34 1
2 322 43 133 220 23 34 1
2 322 44 133 220 23 34 1
2 322 45 133 220 23 34 1
2 322 46 133 220 23 34 1
2 322 47 133 220 23 34 1
2 322 48 133 220 23 34 1
2 322 49 133 220 23 34 1
2 322 50 135 220 23 34 1
2 322 51 135 220 23 34 1
2 322 52 135 220 23 34 1
2 322 53 135 220 23 34 1
2 322 54 135 220 23 34 1
2 322 55 135 220 23 34 1
2 322 56 135 220 23 34 1
2 322 57 135 220 23 34 1
2 322 58 135 220 23 34 1
2 322 59 135 220 23 34 1
2 322 60 135 220 23 34 1
2 322 61 135 220 23 34 1
2 322 62 135 220 23 34 1
2 322 63 135 220 23 34 1
2 322 64 135 220 23 34 1
2 322 65 135 222 23 34 1
2 322 66 135 222 23 34 1
2 322 67 135 222 23 34 1
2 322 68 135 222 23 34 1
2 322 69 135 222 23 34 1
2 322 70 135 222 23 34 1
2 322 71 135 222 23 34 1
2 322 72 135 222 23 34 1
2 322 73 135 222 23 34 1
2 322 74 135 222 23 34 1
2 322 75 136 222 24 34 1
2 322 76 136 222 24 34 1
2 322 77 136 222 24 34 1
2 322 78 136 222 24 34 1
2 322 79 136 222 24 34 1
2 322 80 136 222 24 34 1
2 322 81 136 222 24 34 1
2 322 82 136 222 24 34 1
2 322 83 136 222 24 34 1
2 322 84 136 222 24 34 1
2 322 85 136 222 24 34 1
2 322 86 136 222 24 34 1
2 322 87 136 222 24 34 1
2 322 88 136 222 24 34 1
2 322 89 136 222 24 34 1
2 322 90 136 222 24 34 1
2 322 91 136 222 24 34 1
2 322 92 136 222 24 34 1
2 322 93 136 222 24 34 1
2 322 94 136 222 24 34 1
2 322 95 136 222 24 34 1
2 322 96 136 222 24 34 1
2 322 97 136 222 24 34 1
2 322 98 136 222 24 34 1
2 322 99 138 222 23 34 1
2 322 100 138 222 23 34 1
2 322 101 138 222 23 34 1
2 322 102 138 222 23 34 1
2 322 103 138 222 23 34 1
2 322 104 138 222 23 34 1
2 322 105 138 222 23 34 1
2 322 106 138 222 23 34 1
2 322 107 138 222 23 34 1
2 322 108 138 222 23 34 1
2 322 109 138 222 23 34 1
2 322 110 138 222 23 34 1
2 322 111 138 222 23 34 1
2 322 112 138 222 23 34 1
2 322 113 138 222 23 34 1
2 322 114 138 222 23 34 1
2 322 115 138 222 23 34 1
2 322 116 138 222 23 34 1
2 322 117 138 222 23 34 1
2 322 118 138 222 23 34 1
2 322 119 138 222 23 34 1
2 322 120 138 222 23 34 1
2 322 121 138 222 23 34 1
2 322 122 138 222 23 34 1
2 322 123 138 222 23 34 1
2 322 124 140 222 23 34 1
2 322 125 140 222 23 34 1
2 322 126 140 222 23 34 1
2 322 127 140 222 23 34 1
2 322 128 140 222 23 34 1
2 322 129 140 224 23 33 1
2 322 130 140 224 23 33 1
2 322 131 140 224 23 33 1
2 322 132 140 224 23 33 1
2 322 133 140 224 23 33 1
2 322 134 140 224 23 33 1
2 322 135 140 224 23 33 1
2 322 136 140 224 23 33 1
2 322 137 140 224 23 33 1
2 322 138 140 224 23 33 1
2 322 139 140 224 23 33 1
2 322 140 140 224 23 33 1
2 322 141 140 224 23 33 1
2 322 142 140 224 23 33 1
2 322 143 140 224 23 33 1
2 322 144 140 224 23 33 1
2 322 145 140 224 23 33 1
2 322 146 140 224 23 33 1
2 322 147 140 224 23 33 1
2 322 148 140 224 23 33 1
2 322 149 142 224 23 33 1
2 322 150 142 224 23 33 1
2 322 151 142 224 23 33 1
2 322 152 142 224 23 33 1
2 322 153 142 224 23 33 1
2 322 154 142 224 23 33 1
2 322 155 142 224 23 33 1
2 322 156 142 224 23 33 1
2 322 157 142 224 23 33 1
2 322 158 142 224 23 33 1
2 322 159 142 224 23 33 1
2 322 160 142 224 23 33 1
2 322 161 142 224 23 33 1
2 322 162 142 224 23 33 1
2 322 163 142 224 23 33 1
2 322 164 142 224 23 33 1
2 322 165 142 224 23 33 1
2 322 166 142 224 23 33 1
2 322 167 142 224 23 33 1
2 322 168 142 224 23 33 1
2 322 169 142 224 23 33 1
2 322 170 142 224 23 33 1
2 322 171 142 224 23 33 1
2 322 172 142 224 23 33 1
2 322 173 144 224 23 33 1
2 322 174 144 224 23 33 1
2 322 175 144 224 23 33 1
2 322 176 144 224 23 33 1
2 322 177 144 224 23 33 1
2 322 178 144 224 23 33 1
2 322 179 144 224 23 33 1
2 322 180 144 224 23 33 1
2 322 181 144 224 23 33 1
2 322 182 144 224 23 33 1
2 322 183 144 224 23 33 1
2 322 184 144 224 23 33 1
2 322 185 144 224 23 33 1
2 322 186 144 224 23 33 1
2 322 187 144 224 23 33 1
2 322 188 144 224 23 33 1
2 322 189 144 224 23 33 1
2 322 190 144 224 23 33 1
2 322 191 144 224 23 33 1
2 322 192 144 224 23 33 1
2 322 193 144 225 23 34 1
2 322 194 144 225 23 34 1
2 322 195 144 225 23 34 1
2 322 196 144 225 23 34 1
2 322 197 144 225 23 34 1
2 322 198 145 225 23 34 1
2 322 199 145 225 23 34 1
2 322 200 145 225 23 34 1
2 322 201 145 225 23 34 1
2 322 202 145 225 23 34 1
2 322 203 145 225 23 34 1
2 322 204 145 225 23 34 1
2 322 205 145 225 23 34 1
2 322 206 145 225 23 34 1
2 322 207 145 225 23 34 1
2 322 208 145 225 23 34 1
2 322 209 145 225 23 34 1
2 322 210 145 225 23 34 1
2 322 211 145 225 23 34 1
2 322 212 145 225 23 34 1
2 322 213 145 225 23 34 1
2 322 214 145 225 23 34 1
2 322 215 145 225 23 34 1
2 322 216 145 225 23 34 1
2 322 217 145 225 23 34 1
2 322 218 145 225 23 34 1
2 322 219 145 225 23 34 1
2 322 220 145 225 23 34 1
2 322 221 145 225 23 34 1
2 322 222 145 225 23 34 1
2 322 223 147 225 23 34 1
2 322 224 147 225 23 34 1
2 322 225 147 225 23 34 1
2 322 226 147 225 23 34 1
2 322 227 147 225 23 34 1
2 322 228 147 225 23 34 1
2 322 229 147 225 23 34 1
2 322 230 147 225 23 34 1
2 322 231 147 225 23 34 1
2 322 232 147 225 23 34 1
2 322 233 147 225 23 34 1
2 322 234 147 225 23 34 1
2 322 235 147 225 23 34 1
2 322 236 147 225 23 34 1
2 322 237 147 225 23 34 1
2 322 238 147 225 23 34 1
2 322 239 147 225 23 34 1
2 322 240 147 225 23 34 1
2 322 241 147 225 23 34 1
2 322 242 147 225 23 34 1
2 322 243 147 225 23 34 1
2 322 244 147 225 23 34 1
2 322 245 147 225 23 34 1
2 322 246 147 225 23 34 1
2 322 247 149 225 23 34 1
2 322 248 149 225 23 34 1
2 322 249 149 225 23 34 1
2 322 250 149 225 23 34 1
2 322 251 149 225 23 34 1
2 322 252 149 225 23 34 1
2 322 253 149 225 23 34 1
2 322 254 149 225 23 34 1
2 322 255 149 225 23 34 1
2 322 256 149 225 23 34 1
2 322 257 149 227 23 34 1
2 322 258 149 227 23 34 1
2 322 259 149 227 23 34 1
2 322 260 149 227 23 34 1
2 322 261 149 227 23 34 1
2 322 262 149 227 23 34 1
2 322 263 149 227 23 34 1
2 322 264 149 227 23 34 1
2 322 265 149 227 23 34 1
2 322 266 149 227 23 34 1
2 322 267 149 227 23 34 1
2 322 268 149 227 23 34 1
2 322 269 149 227 23 34 1
2 322 270 149 227 23 34 1
2 322 271 149 227 23 34 1
2 322 272 151 227 23 34 1
2 322 273 151 227 23 34 1
2 322 274 151 227 23 34 1
2 322 275 151 227 23 34 1
2 322 276 151 227 23 34 1
2 322 277 151 227 23 34 1
2 322 278 151 227 23 34 1
2 322 279 151 227 23 34 1
2 322 280 151 227 23 34 1
2 322 281 151 227 23 34 1
2 322 282 151 227 23 34 1
2 322 283 151 227 23 34 1
2 322 284 151 227 23 34 1
2 322 285 151 227 23 34 1
2 322 286 151 227 23 34 1
2 322 287 151 227 23 34 1
2 322 288 151 227 23 34 1
2 322 289 151 227 23 34 1
2 322 290 151 227 23 34 1
2 322 291 151 227 23 34 1
2 322 292 151 227 23 34 1
2 322 293 151 227 23 34 1
2 322 294 151 227 23 34 1
2 322 295 151 227 23 34 1
2 322 296 151 227 23 34 1
2 322 297 152 227 24 34 1
2 322 298 152 227 24 34 1
2 322 299 152 227 24 34 1
2 322 300 152 227 24 34 1
2 322 301 152 227 24 34 1
2 322 302 152 227 24 34 1
2 322 303 152 227 24 34 1
2 322 304 152 227 24 34 1
2 322 305 152 227 24 34 1
2 322 306 152 227 24 34 1
2 322 307 152 227 24 34 1
2 322 308 152 227 24 34 1
2 322 309 152 227 24 34 1
2 322 310 152 227 24 34 1
2 322 311 152 227 24 34 1
2 322 312 152 227 24 34 1
2 322 313 152 227 24 34 1
2 322 314 152 227 24 34 1
2 322 315 152 227 24 34 1
2 322 316 152 227 24 34 1
2 322 317 152 227 24 34 1
2 322 318 152 227 24 34 1
2 322 319 152 227 24 34 1
2 322 320 152 227 24 34 1
2 322 321 154 229 23 34 1
3 322 0 101 220 23 27 1
3 322 1 101 220 23 27 1
3 322 2 101 220 23 27 1
3 322 3 101 220 23 27 1
3 322 4 101 220 23 27 1
3 322 5 101 220 23 27 1
3 322 6 101 220 23 27 1
3 322 7 101 220 23 27 1
3 322 8 101 220 23 27 1
3 322 9 101 220 23 27 1
3 322 10 101 220 23 27 1
3 322 11 101 220 23 27 1
3 322 12 101 220 23 27 1
3 322 13 101 220 23 27 1
3 322 14 101 220 23 27 1
3 322 15 101 220 23 27 1
3 322 16 101 220 23 27 1
3 322 17 101 220 23 27 1
3 322 18 101 220 23 27 1
3 322 19 101 220 23 27 1
3 322 20 101 220 23 27 1
3 322 21 101 220 23 27 1
3 322 22 101 220 23 27 1
3 322 23 101 220 23 27 1
3 322 24 101 220 23 27 1
3 322 25 101 220 23 27 1
3 322 26 101 220 23 27 1
3 322 27 101 220 23 27 1
3 322 28 101 220 23 27 1
3 322 29 101 220 23 27 1
3 322 30 101 220 23 27 1
3 322 31 101 220 23 27 1
3 322 32 101 220 23 27 1
3 322 33 101 220 23 27 1
3 322 34 101 220 23 27 1
3 322 35 101 220 23 27 1
3 322 36 101 220 23 27 1
3 322 37 101 220 23 27 1
3 322 38 101 220 23 27 1
3 322 39 101 220 23 27 1
3 322 40 101 220 23 27 1
3 322 41 101 220 23 27 1
3 322 42 101 220 23 27 1
3 322 43 101 220 23 27 1
3 322 44 101 220 23 27 1
3 322 45 101 220 23 27 1
3 322 46 101 220 23 27 1
3 322 47 101 220 23 27 1
3 322 48 101 220 23 27 1
3 322 49 101 220 23 27 1
3 322 50 101 220 23 27 1
3 322 51 101 220 23 27 1
3 322 52 101 220 23 27 1
3 322 53 101 220 23 27 1
3 322 54 101 220 23 27 1
3 322 55 101 220 23 27 1
3 322 56 101 220 23 27 1
3 322 57 101 220 23 27 1
3 322 58 101 220 23 27 1
3 322 59 101 220 23 27 1
3 322 60 101 220 23 27 1
3 322 61 101 220 23 27 1
3 322 62 101 220 23 27 1
3 322 63 101 220 23 27 1
3 322 64 101 220 23 27 1
3 322 65 101 220 23 27 1
3 322 66 101 220 23 27 1
3 322 67 101 220 23 27 1
3 322 68 101 220 23 27 1
3 322 69 101 220 23 27 1
3 322 70 101 220 23 27 1
3 322 71 101 220 23 27 1
3 322 72 101 220 23 27 1
3 322 73 101 220 23 27 1
3 322 74 101 220 23 27 1
3 322 75 101 220 23 27 1
3 322 76 101 220 23 27 1
3 322 77 101 220 23 27 1
3 322 78 101 220 23 27 1
3 322 79 101 220 23 27 1
3 322 80 101 220 23 27 1
3 322 81 101 220 23 27 1
3 322 82 101 220 23 27 1
3 322 83 101 220 23 27 1
3 322 84 101 220 23 27 1
3 322 85 101 220 23 27 1
3 322 86 101 220 23 27 1
3 322 87 101 220 23 27 1
3 322 88 101 220 23 27 1
3 322 89 101 220 23 27 1
3 322 90 101 220 23 27 1
3 322 91 101 220 23 27 1
3 322 92 101 220 23 27 1
3 322 93 101 220 23 27 1
3 322 94 101 220 23 27 1
3 322 95 101 220 23 27 1
3 322 96 101 220 23 27 1
3 322 97 101 220 23 27 1
3 322 98 101 220 23 27 1
3 322 99 101 220 23 27 1
3 322 100 101 220 23 27 1
3 322 101 101 220 23 27 1
3 322 102 101 220 23 27 1
3 322 103 101 220 23 27 1
3 322 104 101 220 23 27 1
3 322 105 101 220 23 27 1
3 322 106 101 220 23 27 1
3 322 107 103 220 23 27 1
3 322 108 103 220 23 27 1
3 322 109 103 220 23 27 1
3 322 110 103 220 23 27 1
3 322 111 103 220 23 27 1
3 322 112 103 220 23 27 1
3 322 113 103 220 23 27 1
3 322 114 103 220 23 27 1
3 322 115 103 220 23 27 1
3 322 116 103 220 23 27 1
3 322 117 103 220 23 27 1
3 322 118 103 220 23 27 1
3 322 119 103 220 23 27 1
3 322 120 103 220 23 27 1
3 322 121 103 220 23 27 1
3 322 122 103 220 23 27 1
3 322 123 103 220 23 27 1
3 322 124 103 220 23 27 1
3 322 125 103 220 23 27 1
3 322 126 103 220 23 27 1
3 322 127 103 220 23 27 1
3 322 128 103 220 23 27 1
3 322 129 103 220 23 27 1
3 322 130 103 220 23 27 1
3 322 131 103 220 23 27 1
3 322 132 103 220 23 27 1
3 322 133 103 220 23 27 1
3 322 134 103 220 23 27 1
3 322 135 103 220 23 27 1
3 322 136 103 220 23 27 1
3 322 137 103 220 23 27 1
3 322 138 103 220 23 27 1
3 322 139 103 220 23 27 1
3 322 140 103 220 23 27 1
3 322 141 103 220 23 27 1
3 322 142 103 220 23 27 1
3 322 143 103 220 23 27 1
3 322 144 103 220 23 27 1
3 322 145 103 220 23 27 1
3 322 146 103 220 23 27 1
3 322 147 103 220 23 27 1
3 322 148 103 220 23 27 1
3 322 149 103 220 23 27 1
3 322 150 103 220 23 27 1
3 322 151 103 220 23 27 1
3 322 152 103 220 23 27 1
3 322 153 103 220 23 27 1
3 322 154 103 220 23 27 1
3 322 155 103 220 23 27 1
3 322 156 103 220 23 27 1
3 322 157 103 220 23 27 1
3 322 158 103 220 23 27 1
3 322 159 103 220 23 27 1
3 322 160 103 220 23 27 1
3 322 161 103 220 23 27 1
3 322 162 103 220 23 27 1
3 322 163 103 220 23 27 1
3 322 164 103 220 23 27 1
3 322 165 103 220 23 27 1
3 322 166 103 220 23 27 1
3 322 167 103 220 23 27 1
3 322 168 103 220 23 27 1
3 322 169 103 220 23 27 1
3 322 170 103 220 23 27 1
3 322 171 103 220 23 27 1
3 322 172 103 220 23 27 1
3 322 173 103 220 23 27 1
3 322 174 103 220 23 27 1
3 322 175 103 220 23 27 1
3 322 176 103 220 23 27 1
3 322 177 103 220 23 27 1
3 322 178 103 220 23 27 1
3 322 179 103 220 23 27 1
3 322 180 103 220 23 27 1
3 322 181 103 220 23 27 1
3 322 182 103 220 23 27 1
3 322 183 103 220 23 27 1
3 322 184 103 220 23 27 1
3 322 185 103 220 23 27 1
3 322 186 103 220 23 27 1
3 322 187 103 220 23 27 1
3 322 188 103 220 23 27 1
3 322 189 103 220 23 27 1
3 322 190 103 220 23 27 1
3 322 191 103 220 23 27 1
3 322 192 103 220 23 27 1
3 322 193 103 220 23 27 1
3 322 194 103 220 23 27 1
3 322 195 103 220 23 27 1
3 322 196 103 220 23 27 1
3 322 197 103 220 23 27 1
3 322 198 103 220 23 27 1
3 322 199 103 220 23 27 1
3 322 200 103 220 23 27 1
3 322 201 103 220 23 27 1
3 322 202 103 220 23 27 1
3 322 203 103 220 23 27 1
3 322 204 103 220 23 27 1
3 322 205 103 220 23 27 1
3 322 206 103 220 23 27 1
3 322 207 103 220 23 27 1
3 322 208 103 220 23 27 1
3 322 209 103 220 23 27 1
3 322 210 103 220 23 27 1
3 322 211 103 220 23 27 1
3 322 212 103 220 23 27 1
3 322 213 103 220 23 27 1
3 322 214 104 220 24 27 1
3 322 215 104 220 24 27 1
3 322 216 104 220 24 27 1
3 322 217 104 220 24 27 1
3 322 218 104 220 24 27 1
3 322 219 104 220 24 27 1
3 322 220 104 220 24 27 1
3 322 221 104 220 24 27 1
3 322 222 104 220 24 27 1
3 322 223 104 220 24 27 1
3 322 224 104 220 24 27 1
3 322 225 104 220 24 27 1
3 322 226 104 220 24 27 1
3 322 227 104 220 24 27 1
3 322 228 104 220 24 27 1
3 322 229 104 220 24 27 1
3 322 230 104 220 24 27 1
3 322 231 104 220 24 27 1
3 322 232 104 220 24 27 1
3 322 233 104 220 24 27 1
3 322 234 104 220 24 27 1
3 322 235 104 220 24 27 1
3 322 236 104 220 24 27 1
3 322 237 104 220 24 27 1
3 322 238 104 220 24 27 1
3 322 239 104 220 24 27 1
3 322 240 104 220 24 27 1
3 322 241 104 220 24 27 1
3 322 242 104 220 24 27 1
3 322 243 104 220 24 27 1
3 322 244 104 220 24 27 1
3 322 245 104 220 24 27 1
3 322 246 104 220 24 27 1
3 322 247 104 220 24 27 1
3 322 248 104 220 24 27 1
3 322 249 104 220 24 27 1
3 322 250 104 220 24 27 1
3 322 251 104 220 24 27 1
3 322 252 104 220 24 27 1
3 322 253 104 220 24 27 1
3 322 254 104 220 24 27 1
3 322 255 104 220 24 27 1
3 322 256 104 220 24 27 1
3 322 257 104 220 24 27 1
3 322 258 104 220 24 27 1
3 322 259 104 220 24 27 1
3 322 260 104 220 24 27 1
3 322 261 104 220 24 27 1
3 322 262 104 220 24 27 1
3 322 263 104 220 24 27 1
3 322 264 104 220 24 27 1
3 322 265 104 220 24 27 1
3 322 266 104 220 24 27 1
3 322 267 104 220 24 27 1
3 322 268 104 220 24 27 1
3 322 269 104 220 24 27 1
3 322 270 104 220 24 27 1
3 322 271 104 220 24 27 1
3 322 272 104 220 24 27 1
3 322 273 104 220 24 27 1
3 322 274 104 220 24 27 1
3 322 275 104 220 24 27 1
3 322 276 104 220 24 27 1
3 322 277 104 220 24 27 1
3 322 278 104 220 24 27 1
3 322 279 104 220 24 27 1
3 322 280 104 220 24 27 1
3 322 281 104 220 24 27 1
3 322 282 104 220 24 27 1
3 322 283 104 220 24 27 1
3 322 284 104 220 24 27 1
3 322 285 104 220 24 27 1
3 322 286 104 220 24 27 1
3 322 287 104 220 24 27 1
3 322 288 104 220 24 27 1
3 322 289 104 220 24 27 1
3 322 290 104 220 24 27 1
3 322 291 104 220 24 27 1
3 322 292 104 220 24 27 1
3 322 293 104 220 24 27 1
3 322 294 104 220 24 27 1
3 322 295 104 220 24 27 1
3 322 296 104 220 24 27 1
3 322 297 104 220 24 27 1
3 322 298 104 220 24 27 1
3 322 299 104 220 24 27 1
3 322 300 104 220 24 27 1
3 322 301 104 220 24 27 1
3 322 302 104 220 24 27 1
3 322 303 104 220 24 27 1
3 322 304 104 220 24 27 1
3 322 305 104 220 24 27 1
3 322 306 104 220 24 27 1
3 322 307 104 220 24 27 1
3 322 308 104 220 24 27 1
3 322 309 104 220 24 27 1
3 322 310 104 220 24 27 1
3 322 311 104 220 24 27 1
3 322 312 104 220 24 27 1
3 322 313 104 220 24 27 1
3 322 314 104 220 24 27 1
3 322 315 104 220 24 27 1
3 322 316 104 220 24 27 1
3 322 317 104 220 24 27 1
3 322 318 104 220 24 27 1
3 322 319 104 220 24 27 1
3 322 320 104 220 24 27 1
3 322 321 106 220 23 27 1
