0 727 158 1 272 31 72 1
0 727 159 1 272 31 72 1
0 727 160 3 272 30 72 1
0 727 161 5 272 30 72 1
0 727 162 7 272 30 72 1
0 727 163 8 272 31 72 1
0 727 164 10 272 30 72 1
0 727 165 12 272 30 72 1
0 727 166 14 272 30 72 1
0 727 167 16 272 30 72 1
0 727 168 17 272 31 72 1
0 727 169 19 272 30 72 1
0 727 170 21 272 30 72 1
0 727 171 23 272 30 72 1
0 727 172 24 270 31 73 1
0 727 173 26 270 30 73 1
0 727 174 28 270 30 73 1
0 727 175 30 270 30 73 1
0 727 176 32 270 30 73 1
0 727 177 33 268 31 73 1
0 727 178 35 268 30 73 1
0 727 179 37 268 30 73 1
0 727 180 39 268 30 73 1
0 727 181 40 268 31 73 1
0 727 182 44 268 30 73 1
0 727 183 46 268 30 73 1
0 727 184 48 268 30 73 1
0 727 185 49 268 32 73 1
0 727 186 53 268 30 73 1
0 727 187 55 268 32 73 1
0 727 188 56 268 32 73 1
0 727 189 60 268 32 73 1
0 727 190 62 268 32 73 1
0 727 191 64 270 33 73 1
0 727 192 65 270 34 73 1
0 727 193 69 270 34 73 1
0 727 194 71 270 33 73 1
0 727 195 72 270 36 73 1
0 727 196 76 270 34 73 1
0 727 197 78 270 35 73 1
0 727 198 80 270 35 73 1
0 727 199 83 272 36 72 1
0 727 200 85 270 35 73 1
0 727 201 87 270 35 73 1
0 727 202 88 270 36 73 1
0 727 203 90 270 36 73 1
0 727 204 92 270 36 73 1
0 727 205 94 270 35 73 1
0 727 206 96 270 35 73 1
0 727 207 99 270 36 73 1
0 727 208 101 270 35 73 1
0 727 209 103 270 35 73 1
0 727 210 104 270 36 73 1
0 727 211 106 270 36 73 1
0 727 212 108 270 36 73 1
0 727 213 110 270 35 73 1
0 727 214 112 270 35 73 1
0 727 215 115 270 36 73 1
0 727 216 117 270 35 73 1
0 727 217 119 270 35 73 1
0 727 218 120 270 36 73 1
0 727 219 122 270 36 73 1
0 727 220 124 270 36 73 1
0 727 221 128 270 35 73 1
0 727 222 129 270 36 73 1
0 727 223 131 270 36 73 1
0 727 224 133 270 35 73 1
0 727 225 135 270 35 73 1
0 727 226 138 270 36 73 1
0 727 227 140 270 36 73 1
0 727 228 142 270 35 73 1
0 727 229 144 270 35 73 1
0 727 230 145 270 36 73 1
0 727 231 149 272 35 72 1
0 727 232 149 272 35 72 1
0 727 233 151 272 35 72 1
0 727 234 152 272 36 72 1
0 727 235 154 272 36 72 1
0 727 236 156 272 36 72 1
0 727 237 158 272 35 72 1
0 727 238 160 272 35 72 1
0 727 239 161 272 36 72 1
0 727 240 163 272 36 72 1
0 727 241 165 272 35 72 1
0 727 242 167 272 35 72 1
0 727 243 168 272 36 72 1
0 727 244 170 272 36 72 1
0 727 245 172 272 36 72 1
0 727 246 174 272 35 72 1
0 727 247 176 272 35 72 1
0 727 248 177 273 36 73 1
0 727 249 179 272 36 72 1
0 727 250 181 272 35 72 1
0 727 251 183 272 35 72 1
0 727 252 184 270 36 73 1
0 727 253 186 270 36 73 1
0 727 254 190 270 35 73 1
0 727 255 192 270 35 73 1
0 727 256 193 268 36 73 1
0 727 257 195 268 36 73 1
0 727 258 197 268 35 73 1
0 727 259 200 268 36 73 1
0 727 260 202 268 36 73 1
0 727 261 204 268 36 73 1
0 727 262 206 268 35 73 1
0 727 263 208 268 35 73 1
0 727 264 209 268 36 73 1
0 727 265 211 268 36 73 1
0 727 266 213 268 35 73 1
0 727 267 215 268 35 73 1
0 727 268 216 268 36 73 1
0 727 269 218 268 36 73 1
0 727 270 220 268 36 73 1
0 727 271 222 268 35 73 1
0 727 272 224 268 35 73 1
0 727 273 225 268 36 73 1
0 727 274 227 268 36 73 1
0 727 275 231 268 35 73 1
0 727 276 232 268 36 73 1
0 727 277 234 268 36 73 1
0 727 278 236 268 36 73 1
0 727 279 238 268 35 73 1
0 727 280 241 268 36 73 1
0 727 281 241 268 36 73 1
0 727 282 243 268 36 73 1
0 727 283 245 268 35 73 1
0 727 284 247 268 35 73 1
0 727 285 248 268 36 73 1
0 727 286 250 268 36 73 1
0 727 287 252 268 36 73 1
0 727 288 254 268 35 73 1
0 727 289 254 268 35 73 1
0 727 290 256 268 35 73 1
0 727 291 257 268 36 73 1
0 727 292 259 268 36 73 1
0 727 293 261 268 35 73 1
0 727 294 263 268 35 73 1
0 727 295 264 268 36 73 1
0 727 296 266 270 36 73 1
0 727 297 268 268 36 73 1
0 727 298 270 268 35 73 1
0 727 299 272 268 35 73 1
0 727 300 273 268 36 73 1
0 727 301 273 266 36 73 1
0 727 302 275 266 36 73 1
0 727 303 275 266 36 73 1
0 727 304 277 266 35 73 1
0 727 305 279 266 33 73 1
0 727 306 279 266 35 73 1
0 727 307 280 266 34 73 1
0 727 308 282 266 34 73 1
0 727 309 282 266 34 73 1
0 727 310 284 266 34 73 1
0 727 311 286 266 34 73 1
0 727 312 286 264 34 73 1
0 727 313 288 264 33 73 1
0 727 314 288 264 33 73 1
0 727 315 289 264 34 73 1
0 727 316 291 264 32 73 1
0 727 317 291 264 34 73 1
0 727 318 293 264 32 73 1
0 727 319 295 264 32 73 1
0 727 320 295 264 33 73 1
0 727 321 296 264 32 73 1
0 727 322 298 264 32 73 1
0 727 323 298 264 32 73 1
0 727 324 300 263 32 73 1
0 727 325 300 263 32 73 1
0 727 326 302 263 32 73 1
0 727 327 304 263 30 73 1
0 727 328 304 263 32 73 1
0 727 329 305 263 32 73 1
0 727 330 307 263 30 73 1
0 727 331 307 263 32 73 1
0 727 332 309 263 30 73 1
0 727 333 311 263 30 73 1
0 727 334 311 263 30 73 1
0 727 335 312 263 31 73 1
0 727 336 312 261 31 73 1
0 727 337 314 261 30 73 1
0 727 338 316 261 30 73 1
0 727 339 316 261 30 73 1
0 727 340 318 261 30 73 1
0 727 341 320 261 28 73 1
0 727 342 320 261 30 73 1
0 727 343 321 261 29 73 1
0 727 344 323 261 29 73 1
0 727 345 323 261 29 73 1
0 727 346 325 261 28 73 1
0 727 347 327 261 28 73 1
0 727 348 325 259 28 73 1
0 727 349 325 259 28 73 1
0 727 350 325 259 28 73 1
0 727 351 325 259 28 73 1
0 727 352 325 259 28 73 1
0 727 353 325 259 28 73 1
0 727 354 325 259 28 73 1
0 727 355 325 259 28 73 1
0 727 356 325 259 28 73 1
0 727 357 325 259 28 73 1
0 727 358 325 259 28 73 1
0 727 359 325 259 28 73 1
0 727 360 325 259 28 73 1
0 727 361 323 259 29 73 1
0 727 362 323 259 29 73 1
0 727 363 323 259 29 73 1
0 727 364 323 257 29 73 1
0 727 365 323 257 29 73 1
0 727 366 323 257 29 73 1
0 727 367 323 257 29 73 1
0 727 368 323 257 29 73 1
0 727 369 323 257 29 73 1
0 727 370 323 257 29 73 1
0 727 371 323 257 29 73 1
0 727 372 323 257 29 73 1
0 727 373 323 257 29 73 1
0 727 374 323 257 29 73 1
0 727 375 321 257 29 73 1
0 727 376 321 257 29 73 1
0 727 377 321 257 29 73 1
0 727 378 321 257 29 73 1
0 727 379 321 257 29 73 1
0 727 380 321 256 29 72 1
0 727 381 321 256 29 72 1
0 727 382 321 256 29 72 1
0 727 383 321 256 29 72 1
0 727 384 321 256 29 72 1
0 727 385 321 256 29 72 1
0 727 386 321 256 29 72 1
0 727 387 321 256 29 72 1
0 727 388 320 256 28 72 1
0 727 389 320 256 28 72 1
0 727 390 320 256 28 72 1
0 727 391 320 256 28 72 1
0 727 392 320 256 28 72 1
0 727 393 320 256 28 72 1
0 727 394 320 256 28 72 1
0 727 395 320 256 28 72 1
0 727 396 320 254 28 73 1
0 727 397 320 254 28 73 1
0 727 398 320 254 28 73 1
0 727 399 320 254 28 73 1
0 727 400 320 254 28 73 1
0 727 401 320 254 28 73 1
0 727 402 318 254 28 73 1
0 727 403 318 254 28 73 1
0 727 404 318 254 28 73 1
0 727 405 318 254 28 73 1
0 727 406 318 254 28 73 1
0 727 407 318 254 28 73 1
0 727 408 318 254 28 73 1
0 727 409 318 254 28 73 1
0 727 410 318 254 28 73 1
0 727 411 318 254 28 73 1
0 727 412 318 252 28 73 1
0 727 413 318 252 28 73 1
0 727 414 318 252 28 73 1
0 727 415 316 252 28 73 1
0 727 416 316 252 28 73 1
0 727 417 316 252 28 73 1
0 727 418 316 252 28 73 1
0 727 419 316 252 28 73 1
0 727 420 316 252 28 73 1
0 727 421 316 252 28 73 1
0 727 422 316 252 28 73 1
0 727 423 316 252 28 73 1
0 727 424 316 252 28 73 1
0 727 425 316 252 28 73 1
0 727 426 316 252 28 73 1
0 727 427 316 252 28 73 1
0 727 428 316 252 28 73 1
0 727 429 314 250 29 73 1
0 727 430 314 250 29 73 1
0 727 431 314 250 29 73 1
0 727 432 314 250 29 73 1
0 727 433 312 250 29 73 1
0 727 434 312 250 29 73 1
0 727 435 312 250 29 73 1
0 727 436 312 250 29 73 1
0 727 437 311 250 28 73 1
0 727 438 311 250 28 73 1
0 727 439 311 250 28 73 1
0 727 440 311 250 28 73 1
0 727 441 309 250 28 73 1
0 727 442 309 250 28 73 1
0 727 443 309 250 28 71 1
0 727 444 309 250 28 71 1
0 727 445 309 250 28 71 1
0 727 446 307 250 29 71 1
0 727 447 307 250 29 71 1
0 727 448 307 250 29 71 1
0 727 449 307 250 29 71 1
0 727 450 305 250 29 71 1
0 727 451 305 250 29 71 1
0 727 452 305 250 29 71 1
0 727 453 305 250 29 71 1
0 727 454 304 250 28 71 1
0 727 455 304 250 28 71 1
0 727 456 304 250 28 71 1
0 727 457 304 248 28 72 1
0 727 458 304 248 28 72 1
0 727 459 302 248 28 72 1
0 727 460 302 248 28 72 1
0 727 461 302 248 28 72 1
0 727 462 302 248 28 72 1
0 727 463 300 248 28 72 1
0 727 464 300 248 28 72 1
0 727 465 300 248 28 72 1
0 727 466 300 248 28 72 1
0 727 467 298 248 29 72 1
0 727 468 298 248 29 72 1
0 727 469 298 248 29 72 1
0 727 470 298 248 29 72 1
0 727 471 298 248 29 70 1
0 727 472 296 248 29 70 1
0 727 473 296 248 29 70 1
0 727 474 296 248 29 70 1
0 727 475 296 248 29 70 1
0 727 476 295 248 28 70 1
0 727 477 295 248 28 70 1
0 727 478 295 248 28 70 1
0 727 479 295 248 28 70 1
0 727 480 293 248 28 70 1
0 727 481 293 248 28 70 1
0 727 482 293 248 28 70 1
0 727 483 293 248 28 70 1
0 727 484 293 248 28 70 1
0 727 485 291 247 29 69 1
0 727 486 291 247 29 69 1
0 727 487 291 247 29 69 1
0 727 488 291 247 29 69 1
0 727 489 291 247 29 69 1
0 727 490 289 247 29 69 1
0 727 491 289 247 29 69 1
0 727 492 289 247 29 69 1
0 727 493 289 247 29 69 1
0 727 494 289 247 29 69 1
0 727 495 289 247 29 69 1
0 727 496 288 247 28 69 1
0 727 497 288 247 28 69 1
0 727 498 288 247 28 69 1
0 727 499 288 245 28 69 1
0 727 500 288 245 28 69 1
0 727 501 288 245 28 69 1
0 727 502 286 245 28 69 1
0 727 503 286 245 28 69 1
0 727 504 286 245 28 69 1
0 727 505 286 245 28 69 1
0 727 506 286 245 28 69 1
0 727 507 286 245 28 69 1
0 727 508 284 245 28 69 1
0 727 509 284 245 28 69 1
0 727 510 284 245 28 69 1
0 727 511 284 245 28 69 1
0 727 512 284 245 28 69 1
0 727 513 284 245 28 69 1
0 727 514 282 243 29 69 1
0 727 515 282 243 29 69 1
0 727 516 282 243 29 69 1
0 727 517 282 243 29 69 1
0 727 518 282 243 29 69 1
0 727 519 280 243 29 69 1
0 727 520 280 243 29 69 1
0 727 521 280 243 29 69 1
0 727 522 280 243 29 69 1
0 727 523 280 243 29 69 1
0 727 524 280 243 29 69 1
0 727 525 279 243 28 69 1
0 727 526 279 243 28 69 1
0 727 527 279 243 28 69 1
0 727 528 279 241 28 70 1
0 727 529 279 241 28 70 1
0 727 530 279 241 28 70 1
0 727 531 277 241 28 70 1
0 727 532 277 241 28 70 1
0 727 533 277 241 28 70 1
0 727 534 277 241 28 70 1
0 727 535 277 241 28 70 1
0 727 536 277 241 28 70 1
0 727 537 275 241 29 70 1
0 727 538 275 241 29 70 1
0 727 539 275 241 29 70 1
0 727 540 275 241 29 70 1
0 727 541 275 241 29 70 1
0 727 542 275 241 29 70 1
0 727 543 273 240 29 69 1
0 727 544 273 240 29 69 1
0 727 545 273 240 29 69 1
0 727 546 273 240 29 69 1
0 727 547 273 240 29 69 1
0 727 548 272 240 28 69 1
0 727 549 272 240 28 69 1
0 727 550 272 240 28 69 1
0 727 551 272 240 28 69 1
0 727 552 272 240 28 69 1
0 727 553 272 240 28 69 1
0 727 554 270 240 28 69 1
0 727 555 270 240 28 69 1
0 727 556 270 240 28 69 1
0 727 557 270 238 28 69 1
0 727 558 270 238 28 69 1
0 727 559 270 238 28 69 1
0 727 560 268 238 28 69 1
0 727 561 268 238 28 69 1
0 727 562 268 238 28 69 1
0 727 563 268 238 28 69 1
0 727 564 268 238 28 69 1
0 727 565 268 238 28 69 1
0 727 566 266 238 29 69 1
0 727 567 266 238 29 69 1
0 727 568 266 238 29 69 1
0 727 569 266 238 29 69 1
0 727 570 266 238 29 69 1
0 727 571 266 238 29 69 1
0 727 572 264 238 29 67 1
0 727 573 264 238 29 67 1
0 727 574 264 238 29 67 1
0 727 575 264 238 29 67 1
0 727 576 263 238 28 67 1
0 727 577 263 238 28 67 1
0 727 578 263 238 28 67 1
0 727 579 263 238 28 67 1
0 727 580 263 238 28 67 1
0 727 581 261 238 28 67 1
0 727 582 261 238 28 67 1
0 727 583 261 238 28 67 1
0 727 584 261 238 28 67 1
0 727 585 261 238 28 67 1
0 727 586 259 238 29 66 1
0 727 587 259 238 29 66 1
0 727 588 259 238 29 66 1
0 727 589 259 238 29 66 1
0 727 590 259 238 29 66 1
0 727 591 257 238 29 66 1
0 727 592 257 238 29 66 1
0 727 593 257 238 29 66 1
0 727 594 257 238 29 66 1
0 727 595 257 238 29 66 1
0 727 596 256 238 28 66 1
0 727 597 256 238 28 66 1
0 727 598 256 238 28 66 1
0 727 599 256 238 28 66 1
0 727 600 256 238 28 66 1
0 727 601 254 236 28 66 1
0 727 602 254 236 28 66 1
0 727 603 254 236 28 66 1
0 727 604 254 236 28 66 1
0 727 605 254 236 28 66 1
0 727 606 254 236 28 66 1
0 727 607 254 236 28 66 1
0 727 608 254 236 28 66 1
0 727 609 254 236 28 66 1
0 727 610 254 236 28 66 1
0 727 611 254 236 28 66 1
0 727 612 254 236 28 66 1
0 727 613 254 236 28 66 1
0 727 614 254 236 28 66 1
0 727 615 254 236 28 64 1
0 727 616 254 236 28 64 1
0 727 617 254 236 28 64 1
0 727 618 254 236 28 64 1
0 727 619 254 236 28 64 1
0 727 620 254 236 28 64 1
0 727 621 254 236 26 64 1
0 727 622 254 236 26 64 1
0 727 623 254 236 26 64 1
0 727 624 254 236 26 64 1
0 727 625 254 236 26 64 1
0 727 626 252 236 28 64 1
0 727 627 252 236 28 64 1
0 727 628 252 236 28 64 1
0 727 629 252 236 28 64 1
0 727 630 252 236 28 62 1
0 727 631 252 236 28 62 1
0 727 632 252 236 28 62 1
0 727 633 252 236 28 62 1
0 727 634 252 236 28 62 1
0 727 635 252 236 28 62 1
0 727 636 252 236 28 62 1
0 727 637 252 236 28 62 1
0 727 638 252 236 28 62 1
0 727 639 252 236 28 62 1
0 727 640 252 236 28 62 1
0 727 641 252 236 27 62 1
0 727 642 252 236 27 62 1
0 727 643 252 236 27 62 1
0 727 644 252 236 27 62 1
0 727 645 252 236 27 60 1
0 727 646 252 236 27 60 1
0 727 647 252 236 27 60 1
0 727 648 252 236 27 60 1
0 727 649 252 236 27 60 1
0 727 650 252 236 27 60 1
0 727 651 252 236 27 60 1
0 727 652 250 236 29 60 1
0 727 653 250 236 29 60 1
0 727 654 250 236 29 60 1
0 727 655 250 236 29 60 1
0 727 656 250 236 29 60 1
0 727 657 250 236 29 60 1
0 727 658 250 236 29 60 1
0 727 659 250 236 29 60 1
0 727 660 250 236 29 59 1
0 727 661 250 236 27 59 1
0 727 662 250 236 27 59 1
0 727 663 250 236 27 59 1
0 727 664 250 236 27 59 1
0 727 665 250 236 27 59 1
0 727 666 250 236 27 59 1
0 727 667 250 236 27 59 1
0 727 668 250 236 27 59 1
0 727 669 250 236 27 59 1
0 727 670 250 236 27 59 1
0 727 671 250 236 27 59 1
0 727 672 250 236 27 59 1
0 727 673 250 236 27 59 1
0 727 674 250 236 27 59 1
0 727 675 250 236 27 57 1
0 727 676 250 236 27 57 1
0 727 677 250 236 27 57 1
0 727 678 248 236 29 57 1
0 727 679 248 236 29 57 1
0 727 680 248 236 29 57 1
0 727 681 248 236 29 57 1
0 727 682 248 236 27 57 1
0 727 683 248 236 27 57 1
0 727 684 248 236 27 57 1
0 727 685 248 236 27 57 1
0 727 686 248 236 27 57 1
0 727 687 248 236 27 57 1
0 727 688 248 236 27 57 1
0 727 689 248 236 27 57 1
0 727 690 248 236 27 55 1
0 727 691 248 236 27 55 1
0 727 692 248 236 27 55 1
0 727 693 248 236 27 55 1
0 727 694 248 236 27 55 1
0 727 695 248 234 27 57 1
0 727 696 248 234 27 57 1
0 727 697 248 234 27 57 1
0 727 698 248 234 27 57 1
0 727 699 248 234 27 57 1
0 727 700 248 234 27 57 1
0 727 701 248 234 27 57 1
0 727 702 248 234 25 57 1
0 727 703 248 234 25 57 1
0 727 704 247 234 26 57 1
0 727 705 247 234 26 55 1
0 727 706 247 234 26 55 1
0 727 707 247 234 26 55 1
0 727 708 247 234 26 55 1
0 727 709 247 234 26 55 1
0 727 710 247 234 26 55 1
0 727 711 247 234 26 55 1
0 727 712 247 234 26 55 1
0 727 713 247 234 26 55 1
0 727 714 247 234 26 55 1
0 727 715 247 234 26 55 1
0 727 716 247 234 26 55 1
0 727 717 247 234 26 55 1
0 727 718 247 234 26 55 1
0 727 719 247 234 26 55 1
0 727 720 247 234 26 54 1
0 727 721 247 234 26 54 1
0 727 722 247 234 25 54 1
0 727 723 247 234 25 54 1
0 727 724 247 234 25 54 1
0 727 725 247 234 25 54 1
0 727 726 247 234 25 54 1
0 727 727 247 234 25 54 1
0 727 728 247 234 25 54 1
0 727 729 247 234 25 54 1
0 727 730 245 234 27 54 1
0 727 731 245 234 27 54 1
0 727 732 245 234 27 54 1
0 727 733 245 234 27 54 1
0 727 734 245 234 27 54 1
0 727 735 245 234 27 52 1
0 727 736 245 234 27 52 1
0 727 737 245 234 27 52 1
0 727 738 245 234 27 52 1
0 727 739 245 234 27 52 1
0 727 740 245 234 27 52 1
0 727 741 245 234 27 52 1
0 727 742 245 234 27 52 1
0 727 743 245 234 25 52 1
0 727 744 245 234 25 52 1
0 727 745 245 234 25 52 1
0 727 746 245 234 25 52 1
0 727 747 245 234 25 52 1
0 727 748 245 234 25 52 1
0 727 749 245 234 25 52 1
0 727 750 245 234 25 50 1
0 727 751 245 234 25 50 1
0 727 752 245 234 25 50 1
0 727 753 245 234 25 50 1
0 727 754 245 234 25 50 1
0 727 755 243 234 27 50 1
0 727 756 243 234 27 50 1
0 727 757 243 234 27 50 1
0 727 758 243 234 27 50 1
0 727 759 243 234 27 50 1
0 727 760 243 234 27 50 1
0 727 761 243 234 27 50 1
0 727 762 243 234 27 50 1
0 727 763 243 234 25 50 1
0 727 764 243 234 25 50 1
0 727 765 243 234 25 48 1
0 727 766 243 234 25 48 1
0 727 767 243 234 25 48 1
0 727 768 243 234 25 48 1
0 727 769 243 234 25 48 1
0 727 770 243 234 25 48 1
0 727 771 243 234 25 48 1
0 727 772 243 234 25 48 1
0 727 773 243 234 25 48 1
0 727 774 243 234 25 48 1
0 727 775 243 234 25 48 1
0 727 776 243 234 25 48 1
0 727 777 243 234 25 48 1
0 727 778 243 234 25 48 1
0 727 779 243 234 25 48 1
0 727 780 243 234 25 46 1
0 727 781 241 234 27 46 1
0 727 782 241 234 27 46 1
0 727 783 241 234 25 46 1
0 727 784 241 234 25 46 1
0 727 785 241 234 25 46 1
0 727 786 241 234 25 46 1
0 727 787 241 234 25 46 1
0 727 788 241 234 25 46 1
0 727 789 241 234 25 46 1
0 727 790 241 232 25 48 1
0 727 791 241 232 25 48 1
0 727 792 241 232 25 48 1
0 727 793 241 232 25 48 1
0 727 794 241 232 25 48 1
0 727 795 241 232 25 47 1
0 727 796 241 232 25 47 1
0 727 797 241 232 25 47 1
0 727 798 241 232 25 47 1
0 727 799 241 232 25 47 1
0 727 800 241 232 25 47 1
0 727 801 241 232 25 47 1
0 727 802 241 232 25 47 1
0 727 803 241 232 23 47 1
0 727 804 241 232 23 47 1
0 727 805 241 232 23 47 1
0 727 806 241 232 23 47 1
0 727 807 240 232 24 47 1
0 727 808 240 232 24 47 1
0 727 809 240 232 24 47 1
0 727 810 240 232 24 45 1
0 727 811 240 232 24 45 1
0 727 812 240 232 24 45 1
0 727 813 240 232 24 45 1
0 727 814 240 232 24 45 1
0 727 815 240 232 24 45 1
0 727 816 240 232 24 45 1
0 727 817 240 232 24 45 1
0 727 818 240 232 24 45 1
0 727 819 240 232 24 45 1
0 727 820 240 232 24 45 1
0 727 821 240 232 24 45 1
0 727 822 240 232 24 45 1
0 727 823 240 232 24 45 1
0 727 824 240 232 23 45 1
0 727 825 240 232 23 43 1
0 727 826 240 232 23 43 1
0 727 827 240 232 23 43 1
0 727 828 240 232 23 43 1
0 727 829 240 232 23 43 1
0 727 830 240 232 23 43 1
0 727 831 240 232 23 43 1
0 727 832 240 232 23 43 1
0 727 833 238 232 25 43 1
0 727 834 238 232 25 43 1
0 727 835 238 232 25 43 1
0 727 836 238 232 25 43 1
0 727 837 238 232 25 43 1
0 727 838 238 232 25 43 1
0 727 839 238 232 25 43 1
0 727 840 238 232 25 41 1
0 727 841 238 232 25 41 1
0 727 842 238 232 25 41 1
0 727 843 238 232 25 41 1
0 727 844 238 232 23 41 1
0 727 845 238 232 23 41 1
0 727 846 238 232 23 41 1
0 727 847 238 232 23 41 1
0 727 848 238 232 23 41 1
0 727 849 238 232 23 41 1
0 727 850 238 232 23 41 1
0 727 851 238 232 23 41 1
0 727 852 238 232 23 41 1
0 727 853 238 232 23 41 1
0 727 854 238 232 23 41 1
0 727 855 238 232 23 40 1
0 727 856 238 232 23 40 1
0 727 857 238 232 23 40 1
0 727 858 238 232 23 40 1
0 727 859 236 232 25 40 1
0 727 860 236 232 25 40 1
0 727 861 236 232 25 40 1
0 727 862 236 232 25 40 1
0 727 863 236 232 25 40 1
0 727 864 236 232 23 40 1
0 727 865 236 232 23 40 1
0 727 866 236 232 23 40 1
0 727 867 236 232 23 40 1
0 727 868 236 232 23 40 1
0 727 869 236 232 23 40 1
0 727 870 236 232 23 38 1
0 727 871 236 232 23 38 1
0 727 872 236 232 23 38 1
0 727 873 236 232 23 38 1
0 727 874 236 232 23 38 1
0 727 875 236 232 23 38 1
0 727 876 236 232 23 38 1
0 727 877 236 232 23 38 1
0 727 878 236 232 23 38 1
0 727 879 236 232 23 38 1
0 727 880 236 232 23 38 1
0 727 881 236 232 23 38 1
0 727 882 236 232 23 38 1
0 727 883 236 232 23 38 1
0 727 884 236 232 23 38 1
1 285 600 167 229 14 21 1
1 285 601 167 229 14 21 1
1 285 602 167 229 14 21 1
1 285 603 167 229 14 21 1
1 285 604 167 229 14 21 1
1 285 605 167 229 14 21 1
1 285 606 167 229 14 21 1
1 285 607 167 229 14 21 1
1 285 608 167 229 14 21 1
1 285 609 167 229 14 21 1
1 285 610 167 229 14 21 1
1 285 611 167 229 14 21 1
1 285 612 167 229 14 21 1
1 285 613 167 229 14 21 1
1 285 614 167 229 14 21 1
1 285 615 167 229 14 21 1
1 285 616 167 229 14 21 1
1 285 617 167 229 14 21 1
1 285 618 167 229 14 21 1
1 285 619 167 229 14 21 1
1 285 620 167 229 14 21 1
1 285 621 167 229 14 21 1
1 285 622 167 229 14 21 1
1 285 623 167 229 14 21 1
1 285 624 168 229 15 21 1
1 285 625 168 229 15 21 1
1 285 626 168 229 15 21 1
1 285 627 168 229 15 21 1
1 285 628 168 229 15 21 1
1 285 629 168 229 15 21 1
1 285 630 168 229 15 21 1
1 285 631 168 229 15 21 1
1 285 632 168 229 15 21 1
1 285 633 168 229 15 21 1
1 285 634 168 229 15 21 1
1 285 635 168 229 15 21 1
1 285 636 168 229 15 21 1
1 285 637 168 229 15 21 1
1 285 638 168 229 15 21 1
1 285 639 168 229 15 21 1
1 285 640 168 229 15 21 1
1 285 641 168 229 15 21 1
1 285 642 168 229 15 21 1
1 285 643 168 229 15 21 1
1 285 644 168 229 15 21 1
1 285 645 168 229 15 21 1
1 285 646 168 229 15 21 1
1 285 647 168 229 15 21 1
1 285 648 170 229 14 21 1
1 285 649 170 229 14 21 1
1 285 650 170 229 14 21 1
1 285 651 170 229 14 21 1
1 285 652 170 229 14 21 1
1 285 653 170 229 14 21 1
1 285 654 170 229 14 21 1
1 285 655 170 229 14 21 1
1 285 656 170 229 14 21 1
1 285 657 170 229 14 23 1
1 285 658 170 229 14 23 1
1 285 659 170 229 14 23 1
1 285 660 170 229 14 23 1
1 285 661 170 229 14 23 1
1 285 662 170 229 14 23 1
1 285 663 170 229 14 23 1
1 285 664 170 229 14 23 1
1 285 665 170 229 14 23 1
1 285 666 170 229 14 23 1
1 285 667 170 229 14 23 1
1 285 668 170 229 14 23 1
1 285 669 170 229 14 23 1
1 285 670 170 229 14 23 1
1 285 671 172 229 14 23 1
1 285 672 172 229 14 23 1
1 285 673 172 229 14 23 1
1 285 674 172 229 14 23 1
1 285 675 172 229 14 23 1
1 285 676 172 229 14 23 1
1 285 677 172 229 14 23 1
1 285 678 172 229 14 23 1
1 285 679 172 229 14 23 1
1 285 680 172 229 14 23 1
1 285 681 172 229 14 23 1
1 285 682 172 229 14 23 1
1 285 683 172 229 14 23 1
1 285 684 172 229 14 23 1
1 285 685 172 229 14 23 1
1 285 686 172 229 14 23 1
1 285 687 172 229 14 23 1
1 285 688 172 229 14 23 1
1 285 689 172 229 14 23 1
1 285 690 172 229 14 23 1
1 285 691 172 229 14 23 1
1 285 692 172 229 14 23 1
1 285 693 172 229 14 23 1
1 285 694 172 229 14 23 1
1 285 695 174 229 14 23 1
1 285 696 174 229 14 23 1
1 285 697 174 229 14 23 1
1 285 698 174 229 14 23 1
1 285 699 174 229 14 23 1
1 285 700 174 229 14 23 1
1 285 701 174 229 14 23 1
1 285 702 174 229 14 23 1
1 285 703 174 229 14 23 1
1 285 704 174 229 14 23 1
1 285 705 174 229 14 23 1
1 285 706 174 229 14 23 1
1 285 707 174 229 14 23 1
1 285 708 174 229 14 23 1
1 285 709 174 229 14 23 1
1 285 710 174 229 14 23 1
1 285 711 174 229 14 23 1
1 285 712 174 229 14 23 1
1 285 713 174 229 14 23 1
1 285 714 174 229 14 25 1
1 285 715 174 229 14 25 1
1 285 716 174 229 14 25 1
1 285 717 174 229 14 25 1
1 285 718 174 229 14 25 1
1 285 719 176 229 14 25 1
1 285 720 176 229 14 25 1
1 285 721 176 229 14 25 1
1 285 722 176 229 14 25 1
1 285 723 176 229 14 25 1
1 285 724 176 229 14 25 1
1 285 725 176 229 14 25 1
1 285 726 176 229 14 25 1
1 285 727 176 229 14 25 1
1 285 728 176 229 14 25 1
1 285 729 176 229 14 25 1
1 285 730 176 229 14 25 1
1 285 731 176 229 14 25 1
1 285 732 176 229 14 25 1
1 285 733 176 229 14 25 1
1 285 734 176 229 14 25 1
1 285 735 176 229 14 25 1
1 285 736 176 229 14 25 1
1 285 737 176 229 14 25 1
1 285 738 176 229 14 25 1
1 285 739 176 229 14 25 1
1 285 740 176 229 14 25 1
1 285 741 176 229 14 25 1
1 285 742 177 229 15 25 1
1 285 743 177 229 15 25 1
1 285 744 177 229 15 25 1
1 285 745 177 229 15 25 1
1 285 746 177 229 15 25 1
1 285 747 177 229 15 25 1
1 285 748 177 229 15 25 1
1 285 749 177 229 15 25 1
1 285 750 177 229 15 25 1
1 285 751 177 229 15 25 1
1 285 752 177 229 15 25 1
1 285 753 177 229 15 25 1
1 285 754 177 229 15 25 1
1 285 755 177 229 15 25 1
1 285 756 177 229 15 25 1
1 285 757 177 229 15 25 1
1 285 758 177 229 15 25 1
1 285 759 177 229 15 25 1
1 285 760 177 229 15 25 1
1 285 761 177 229 15 25 1
1 285 762 177 229 15 25 1
1 285 763 177 229 15 25 1
1 285 764 177 229 15 25 1
1 285 765 177 229 15 25 1
1 285 766 179 229 14 25 1
1 285 767 179 229 14 25 1
1 285 768 179 229 14 25 1
1 285 769 179 229 14 25 1
1 285 770 179 229 14 25 1
1 285 771 179 229 14 27 1
1 285 772 179 229 14 27 1
1 285 773 179 229 14 27 1
1 285 774 179 229 14 27 1
1 285 775 179 229 14 27 1
1 285 776 179 229 14 27 1
1 285 777 179 229 14 27 1
1 285 778 179 229 14 27 1
1 285 779 179 229 14 27 1
1 285 780 179 229 14 27 1
1 285 781 179 229 14 27 1
1 285 782 179 229 14 27 1
1 285 783 179 229 14 27 1
1 285 784 179 229 14 27 1
1 285 785 179 229 14 27 1
1 285 786 179 229 14 27 1
1 285 787 179 229 14 27 1
1 285 788 179 229 14 27 1
1 285 789 179 229 14 27 1
1 285 790 181 229 14 27 1
1 285 791 181 229 14 27 1
1 285 792 181 229 14 27 1
1 285 793 181 229 14 27 1
1 285 794 181 229 14 27 1
1 285 795 181 229 14 27 1
1 285 796 181 229 14 27 1
1 285 797 181 229 14 27 1
1 285 798 181 229 14 27 1
1 285 799 181 229 14 27 1
1 285 800 181 229 14 27 1
1 285 801 181 229 14 27 1
1 285 802 181 229 14 27 1
1 285 803 181 229 14 27 1
1 285 804 181 229 14 27 1
1 285 805 181 229 14 27 1
1 285 806 181 229 14 27 1
1 285 807 181 229 14 27 1
1 285 808 181 229 14 27 1
1 285 809 181 229 14 27 1
1 285 810 181 229 14 27 1
1 285 811 181 229 14 27 1
1 285 812 181 229 14 27 1
1 285 813 183 229 14 27 1
1 285 814 183 229 14 27 1
1 285 815 183 229 14 27 1
1 285 816 183 229 14 27 1
1 285 817 183 229 14 27 1
1 285 818 183 229 14 27 1
1 285 819 183 229 14 27 1
1 285 820 183 229 14 27 1
1 285 821 183 229 14 27 1
1 285 822 183 229 14 27 1
1 285 823 183 229 14 27 1
1 285 824 183 229 14 27 1
1 285 825 183 229 14 27 1
1 285 826 183 229 14 27 1
1 285 827 183 229 14 27 1
1 285 828 183 229 14 28 1
1 285 829 183 229 14 28 1
1 285 830 183 229 14 28 1
1 285 831 183 229 14 28 1
1 285 832 183 229 14 28 1
1 285 833 183 229 14 28 1
1 285 834 183 229 14 28 1
1 285 835 183 229 14 28 1
1 285 836 183 229 14 28 1
1 285 837 184 229 15 28 1
1 285 838 184 229 15 28 1
1 285 839 184 229 15 28 1
1 285 840 184 229 15 28 1
1 285 841 184 229 15 28 1
1 285 842 184 229 15 28 1
1 285 843 184 229 15 28 1
1 285 844 184 229 15 28 1
1 285 845 184 229 15 28 1
1 285 846 184 229 15 28 1
1 285 847 184 229 15 28 1
1 285 848 184 229 15 28 1
1 285 849 184 229 15 28 1
1 285 850 184 229 15 28 1
1 285 851 184 229 15 28 1
1 285 852 184 229 15 28 1
1 285 853 184 229 15 28 1
1 285 854 184 229 15 28 1
1 285 855 184 229 15 28 1
1 285 856 184 229 15 28 1
1 285 857 184 229 15 28 1
1 285 858 184 229 15 28 1
1 285 859 184 229 15 28 1
1 285 860 184 229 15 28 1
1 285 861 186 229 14 28 1
1 285 862 186 229 14 28 1
1 285 863 186 229 14 28 1
1 285 864 186 229 14 28 1
1 285 865 186 229 14 28 1
1 285 866 186 229 14 28 1
1 285 867 186 229 14 28 1
1 285 868 186 229 14 28 1
1 285 869 186 229 14 28 1
1 285 870 186 229 14 28 1
1 285 871 186 229 14 28 1
1 285 872 186 229 14 28 1
1 285 873 186 229 14 28 1
1 285 874 186 229 14 28 1
1 285 875 186 229 14 28 1
1 285 876 186 229 14 28 1
1 285 877 186 229 14 28 1
1 285 878 186 229 14 28 1
1 285 879 186 229 14 28 1
1 285 880 186 229 14 28 1
1 285 881 186 229 14 28 1
1 285 882 186 229 14 28 1
1 285 883 186 229 14 28 1
1 285 884 188 231 14 28 1
2 612 0 273 236 23 50 1
2 612 1 273 236 23 50 1
2 612 2 273 236 23 50 1
2 612 3 273 236 23 50 1
2 612 4 273 236 23 50 1
2 612 5 273 236 23 50 1
2 612 6 275 236 23 50 1
2 612 7 275 236 23 50 1
2 612 8 275 236 23 50 1
2 612 9 275 236 23 50 1
2 612 10 275 236 23 50 1
2 612 11 275 236 23 50 1
2 612 12 277 238 23 50 1
2 612 13 277 238 23 50 1
2 612 14 277 238 23 50 1
2 612 15 277 238 23 50 1
2 612 16 277 238 23 50 1
2 612 17 277 238 23 50 1
2 612 18 279 238 23 50 1
2 612 19 279 238 23 50 1
2 612 20 279 238 23 50 1
2 612 21 279 238 23 50 1
2 612 22 279 238 23 50 1
2 612 23 280 240 24 49 1
2 612 24 280 240 24 49 1
2 612 25 280 240 24 49 1
2 612 26 280 240 24 49 1
2 612 27 280 240 24 49 1
2 612 28 280 240 24 49 1
2 612 29 280 240 24 49 1
2 612 30 280 240 24 49 1
2 612 31 280 240 24 49 1
2 612 32 280 240 24 49 1
2 612 33 280 240 24 49 1
2 612 34 280 240 24 49 1
2 612 35 280 240 24 49 1
2 612 36 280 240 24 49 1
2 612 37 282 240 23 49 1
2 612 38 282 240 23 49 1
2 612 39 282 240 23 49 1
2 612 40 282 240 23 49 1
2 612 41 282 240 23 49 1
2 612 42 282 240 23 49 1
2 612 43 282 240 23 49 1
2 612 44 282 240 23 49 1
2 612 45 282 240 23 49 1
2 612 46 282 240 23 49 1
2 612 47 282 240 23 49 1
2 612 48 282 240 23 49 1
2 612 49 282 240 23 49 1
2 612 50 284 240 23 49 1
2 612 51 284 240 23 49 1
2 612 52 284 240 23 49 1
2 612 53 284 240 23 49 1
2 612 54 284 240 23 49 1
2 612 55 284 240 23 49 1
2 612 56 284 240 23 49 1
2 612 57 284 240 23 49 1
2 612 58 284 240 23 49 1
2 612 59 284 240 23 49 1
2 612 60 284 240 23 49 1
2 612 61 284 240 23 49 1
2 612 62 284 240 23 49 1
2 612 63 286 240 23 49 1
2 612 64 286 240 23 49 1
2 612 65 286 240 23 49 1
2 612 66 286 240 23 49 1
2 612 67 286 240 23 49 1
2 612 68 286 240 23 49 1
2 612 69 286 240 23 49 1
2 612 70 286 240 23 49 1
2 612 71 286 240 23 49 1
2 612 72 286 240 23 49 1
2 612 73 286 240 23 49 1
2 612 74 286 240 23 49 1
2 612 75 286 240 23 49 1
2 612 76 288 240 23 49 1
2 612 77 286 240 23 49 1
2 612 78 286 240 23 49 1
2 612 79 286 240 23 49 1
2 612 80 286 240 23 49 1
2 612 81 286 240 23 49 1
2 612 82 286 240 23 49 1
2 612 83 286 240 23 49 1
2 612 84 286 240 23 49 1
2 612 85 286 240 23 49 1
2 612 86 286 240 23 49 1
2 612 87 286 240 23 49 1
2 612 88 286 240 23 49 1
2 612 89 286 240 23 49 1
2 612 90 286 240 23 49 1
2 612 91 286 240 23 49 1
2 612 92 286 240 23 49 1
2 612 93 284 240 23 51 1
2 612 94 284 240 23 51 1
2 612 95 284 240 23 51 1
2 612 96 284 240 23 51 1
2 612 97 284 240 23 51 1
2 612 98 284 240 23 51 1
2 612 99 284 240 23 51 1
2 612 100 284 240 23 51 1
2 612 101 284 241 23 50 1
2 612 102 284 241 23 50 1
2 612 103 284 241 23 50 1
2 612 104 284 241 23 50 1
2 612 105 284 241 23 50 1
2 612 106 284 241 23 50 1
2 612 107 284 241 23 50 1
2 612 108 284 241 23 50 1
2 612 109 282 241 23 52 1
2 612 110 282 241 23 52 1
2 612 111 282 241 23 52 1
2 612 112 282 241 23 52 1
2 612 113 282 241 23 52 1
2 612 114 282 241 23 52 1
2 612 115 282 241 23 52 1
2 612 116 282 241 23 52 1
2 612 117 282 241 23 52 1
2 612 118 282 241 23 52 1
2 612 119 282 241 23 52 1
2 612 120 282 241 23 52 1
2 612 121 282 241 23 52 1
2 612 122 282 241 23 52 1
2 612 123 282 241 23 52 1
2 612 124 282 241 23 52 1
2 612 125 280 243 24 52 1
2 612 126 280 243 24 52 1
2 612 127 280 243 24 52 1
2 612 128 280 243 24 52 1
2 612 129 280 243 24 52 1
2 612 130 280 243 24 52 1
2 612 131 280 243 24 52 1
2 612 132 280 243 24 52 1
2 612 133 280 243 24 52 1
2 612 134 280 243 24 52 1
2 612 135 280 243 24 52 1
2 612 136 280 243 24 52 1
2 612 137 280 243 24 52 1
2 612 138 280 243 24 52 1
2 612 139 280 243 24 52 1
2 612 140 280 243 24 52 1
2 612 141 279 243 23 53 1
2 612 142 279 243 23 53 1
2 612 143 279 243 23 53 1
2 612 144 279 243 23 53 1
2 612 145 279 243 23 53 1
2 612 146 279 243 23 53 1
2 612 147 279 243 23 53 1
2 612 148 279 243 23 53 1
2 612 149 279 245 23 51 1
2 612 150 279 245 23 51 1
2 612 151 279 245 23 51 1
2 612 152 279 245 23 51 1
2 612 153 279 245 23 51 1
2 612 154 279 245 23 51 1
2 612 155 279 245 23 51 1
2 612 156 279 245 23 51 1
2 612 157 277 245 23 53 1
2 612 158 277 245 23 53 1
2 612 159 277 245 23 53 1
2 612 160 277 245 23 53 1
2 612 161 277 245 23 53 1
2 612 162 277 245 23 53 1
2 612 163 277 245 23 53 1
2 612 164 277 245 23 53 1
2 612 165 277 245 23 53 1
2 612 166 277 245 23 53 1
2 612 167 277 245 23 53 1
2 612 168 277 245 23 53 1
2 612 169 277 245 23 53 1
2 612 170 277 245 23 53 1
2 612 171 277 245 23 53 1
2 612 172 277 245 23 53 1
2 612 173 277 247 23 53 1
2 612 174 275 247 23 53 1
2 612 175 275 247 23 53 1
2 612 176 275 247 23 53 1
2 612 177 275 247 23 53 1
2 612 178 275 247 23 53 1
2 612 179 275 247 23 53 1
2 612 180 275 247 23 53 1
2 612 181 275 247 23 53 1
2 612 182 275 247 23 53 1
2 612 183 275 247 23 53 1
2 612 184 273 247 23 53 1
2 612 185 273 247 23 53 1
2 612 186 273 247 23 55 1
2 612 187 273 247 23 55 1
2 612 188 273 247 23 55 1
2 612 189 273 247 23 55 1
2 612 190 273 247 23 55 1
2 612 191 273 247 23 55 1
2 612 192 273 247 23 55 1
2 612 193 273 247 23 55 1
2 612 194 272 247 23 55 1
2 612 195 272 247 23 55 1
2 612 196 272 247 23 55 1
2 612 197 272 247 23 55 1
2 612 198 272 247 23 57 1
2 612 199 272 247 23 57 1
2 612 200 272 247 23 57 1
2 612 201 272 247 23 57 1
2 612 202 272 247 23 57 1
2 612 203 272 247 23 57 1
2 612 204 270 247 23 57 1
2 612 205 270 247 23 57 1
2 612 206 270 247 23 57 1
2 612 207 270 247 23 57 1
2 612 208 270 247 23 57 1
2 612 209 270 247 23 57 1
2 612 210 270 247 23 58 1
2 612 211 270 247 23 58 1
2 612 212 270 247 23 58 1
2 612 213 270 247 23 58 1
2 612 214 268 247 23 58 1
2 612 215 268 247 23 58 1
2 612 216 268 247 23 58 1
2 612 217 268 247 23 58 1
2 612 218 268 247 23 58 1
2 612 219 268 247 23 58 1
2 612 220 268 247 23 58 1
2 612 221 268 247 23 58 1
2 612 222 268 247 23 60 1
2 612 223 268 247 23 60 1
2 612 224 266 247 23 60 1
2 612 225 266 247 23 60 1
2 612 226 266 247 23 60 1
2 612 227 266 247 23 60 1
2 612 228 266 247 23 60 1
2 612 229 266 247 23 60 1
2 612 230 266 247 23 60 1
2 612 231 266 247 23 60 1
2 612 232 266 247 23 60 1
2 612 233 266 247 23 60 1
2 612 234 266 248 23 61 1
2 612 235 266 248 23 61 1
2 612 236 266 248 23 61 1
2 612 237 266 248 23 61 1
2 612 238 266 248 23 61 1
2 612 239 266 248 23 61 1
2 612 240 266 248 23 61 1
2 612 241 266 248 23 61 1
2 612 242 266 248 23 61 1
2 612 243 266 248 23 61 1
2 612 244 266 248 23 61 1
2 612 245 266 248 23 61 1
2 612 246 266 248 23 61 1
2 612 247 266 248 23 61 1
2 612 248 266 248 23 61 1
2 612 249 266 248 23 61 1
2 612 250 266 248 23 61 1
2 612 251 266 248 23 61 1
2 612 252 266 248 23 61 1
2 612 253 266 248 23 61 1
2 612 254 266 248 23 61 1
2 612 255 266 248 23 61 1
2 612 256 266 248 23 61 1
2 612 257 266 248 23 61 1
2 612 258 266 248 23 61 1
2 612 259 266 248 23 61 1
2 612 260 266 250 23 61 1
2 612 261 266 250 23 61 1
2 612 262 266 250 23 61 1
2 612 263 266 250 23 61 1
2 612 264 266 250 23 61 1
2 612 265 266 250 23 61 1
2 612 266 266 250 23 61 1
2 612 267 266 250 23 61 1
2 612 268 266 250 23 61 1
2 612 269 266 250 23 62 1
2 612 270 266 250 23 62 1
2 612 271 266 250 23 62 1
2 612 272 266 250 23 62 1
2 612 273 266 250 23 62 1
2 612 274 266 250 23 62 1
2 612 275 266 250 23 62 1
2 612 276 266 250 23 62 1
2 612 277 268 252 23 62 1
2 612 278 268 252 23 62 1
2 612 279 268 252 23 62 1
2 612 280 268 252 23 62 1
2 612 281 268 252 23 62 1
2 612 282 268 252 23 62 1
2 612 283 268 252 23 62 1
2 612 284 268 252 23 62 1
2 612 285 268 252 23 62 1
2 612 286 268 252 23 62 1
2 612 287 268 252 23 62 1
2 612 288 268 252 23 62 1
2 612 289 268 252 23 62 1
2 612 290 268 252 23 62 1
2 612 291 268 252 23 62 1
2 612 292 270 252 23 62 1
2 612 293 270 252 23 62 1
2 612 294 270 252 23 62 1
2 612 295 270 252 23 62 1
2 612 296 270 252 23 62 1
2 612 297 270 252 23 62 1
2 612 298 270 252 23 62 1
2 612 299 270 252 23 62 1
2 612 300 272 252 23 62 1
2 612 301 272 252 23 62 1
2 612 302 272 252 23 62 1
2 612 303 272 252 23 62 1
2 612 304 272 252 23 62 1
2 612 305 272 254 23 62 1
2 612 306 272 254 23 62 1
2 612 307 272 254 23 62 1
2 612 308 272 254 23 62 1
2 612 309 272 254 23 64 1
2 612 310 272 256 23 62 1
2 612 311 272 256 23 62 1
2 612 312 272 256 23 62 1
2 612 313 272 256 23 64 1
2 612 314 272 256 23 64 1
2 612 315 272 257 23 63 1
2 612 316 272 257 23 63 1
2 612 317 272 257 24 64 1
2 612 318 272 257 24 64 1
2 612 319 272 257 24 64 1
2 612 320 272 259 24 62 1
2 612 321 272 259 24 62 1
2 612 322 272 259 24 64 1
2 612 323 272 259 24 64 1
2 612 324 272 259 24 64 1
2 612 325 272 261 24 62 1
2 612 326 272 261 24 64 1
2 612 327 272 261 24 64 1
2 612 328 272 261 24 64 1
2 612 329 272 261 24 64 1
2 612 330 272 263 24 64 1
2 612 331 272 263 24 64 1
2 612 332 272 263 24 64 1
2 612 333 272 263 24 64 1
2 612 334 273 264 25 64 1
2 612 335 273 264 25 64 1
2 612 336 273 264 25 64 1
2 612 337 273 264 25 64 1
2 612 338 273 264 25 64 1
2 612 339 275 264 25 64 1
2 612 340 275 264 25 64 1
2 612 341 275 264 25 64 1
2 612 342 275 264 25 64 1
2 612 343 275 264 25 64 1
2 612 344 277 264 25 64 1
2 612 345 277 264 25 64 1
2 612 346 277 264 25 64 1
2 612 347 277 264 25 64 1
2 612 348 277 264 25 64 1
2 612 349 279 264 25 64 1
2 612 350 279 264 25 64 1
2 612 351 279 264 25 64 1
2 612 352 279 264 25 64 1
2 612 353 279 264 25 64 1
2 612 354 280 264 25 64 1
2 612 355 280 264 25 64 1
2 612 356 280 264 25 64 1
2 612 357 280 264 25 64 1
2 612 358 280 264 25 64 1
2 612 359 282 264 25 64 1
2 612 360 282 264 25 64 1
2 612 361 282 264 25 64 1
2 612 362 282 264 25 64 1
2 612 363 282 264 25 64 1
2 612 364 284 264 25 64 1
2 612 365 284 264 25 64 1
2 612 366 284 264 25 64 1
2 612 367 284 264 25 64 1
2 612 368 286 264 25 64 1
2 612 369 286 264 25 64 1
2 612 370 286 264 25 64 1
2 612 371 286 264 25 64 1
2 612 372 286 264 25 64 1
2 612 373 288 264 24 64 1
2 612 374 288 264 24 64 1
2 612 375 288 264 24 64 1
2 612 376 288 264 24 64 1
2 612 377 288 264 24 64 1
2 612 378 289 264 25 64 1
2 612 379 289 264 25 64 1
2 612 380 289 264 25 64 1
2 612 381 289 264 25 64 1
2 612 382 289 264 25 64 1
2 612 383 291 264 25 64 1
2 612 384 291 264 25 64 1
2 612 385 291 264 25 64 1
2 612 386 291 264 25 64 1
2 612 387 291 264 25 64 1
2 612 388 293 264 25 64 1
2 612 389 293 264 25 64 1
2 612 390 293 264 25 64 1
2 612 391 293 264 25 64 1
2 612 392 293 264 25 64 1
2 612 393 295 264 25 64 1
2 612 394 295 264 25 64 1
2 612 395 295 264 25 64 1
2 612 396 295 264 25 64 1
2 612 397 296 266 25 64 1
2 612 398 295 266 25 64 1
2 612 399 295 266 25 64 1
2 612 400 295 266 25 64 1
2 612 401 295 266 25 64 1
2 612 402 295 266 25 64 1
2 612 403 295 266 25 64 1
2 612 404 295 266 25 64 1
2 612 405 295 266 25 64 1
2 612 406 295 266 25 64 1
2 612 407 295 266 25 64 1
2 612 408 295 266 25 64 1
2 612 409 295 266 25 64 1
2 612 410 295 266 25 64 1
2 612 411 295 266 25 64 1
2 612 412 295 268 25 64 1
2 612 413 295 268 25 64 1
2 612 414 295 268 25 64 1
2 612 415 295 268 25 64 1
2 612 416 295 268 25 64 1
2 612 417 295 268 25 64 1
2 612 418 295 268 25 64 1
2 612 419 293 268 25 64 1
2 612 420 293 268 25 64 1
2 612 421 293 268 25 64 1
2 612 422 293 268 25 64 1
2 612 423 293 268 25 64 1
2 612 424 293 268 25 64 1
2 612 425 293 268 25 64 1
2 612 426 293 270 25 64 1
2 612 427 293 270 25 64 1
2 612 428 293 270 25 64 1
2 612 429 293 270 25 64 1
2 612 430 293 270 25 64 1
2 612 431 293 270 25 64 1
2 612 432 293 270 25 64 1
2 612 433 293 270 25 64 1
2 612 434 293 270 25 64 1
2 612 435 293 270 25 64 1
2 612 436 293 270 25 64 1
2 612 437 293 270 25 64 1
2 612 438 293 270 25 64 1
2 612 439 293 270 25 64 1
2 612 440 293 272 25 64 1
2 612 441 291 272 25 64 1
2 612 442 289 272 25 64 1
2 612 443 288 272 24 64 1
2 612 444 286 272 25 64 1
2 612 445 284 272 25 64 1
2 612 446 282 272 25 64 1
2 612 447 280 272 25 64 1
2 612 448 279 272 25 64 1
2 612 449 277 272 25 64 1
2 612 450 277 272 25 64 1
2 612 451 275 272 25 64 1
2 612 452 273 272 25 64 1
2 612 453 272 272 24 64 1
2 612 454 270 272 25 64 1
2 612 455 268 272 25 64 1
2 612 456 266 272 25 64 1
2 612 457 264 272 25 64 1
2 612 458 263 272 25 64 1
2 612 459 263 272 25 64 1
2 612 460 261 272 25 64 1
2 612 461 259 272 25 64 1
2 612 462 257 272 25 64 1
2 612 463 256 272 24 64 1
2 612 464 254 272 25 64 1
2 612 465 252 272 25 64 1
2 612 466 250 272 25 64 1
2 612 467 248 272 25 64 1
2 612 468 247 272 25 64 1
2 612 469 247 272 25 64 1
2 612 470 245 272 25 64 1
2 612 471 243 272 25 64 1
2 612 472 241 272 25 64 1
2 612 473 240 272 24 64 1
2 612 474 238 272 25 64 1
2 612 475 236 272 25 64 1
2 612 476 234 272 25 64 1
2 612 477 232 272 25 64 1
2 612 478 232 272 25 64 1
2 612 479 231 272 25 64 1
2 612 480 229 272 25 64 1
2 612 481 227 272 25 64 1
2 612 482 225 272 25 64 1
2 612 483 224 272 24 64 1
2 612 484 222 272 25 64 1
2 612 485 220 272 25 64 1
2 612 486 218 272 25 64 1
2 612 487 216 272 25 64 1
2 612 488 216 272 25 64 1
2 612 489 215 272 25 64 1
2 612 490 213 272 25 64 1
2 612 491 211 272 25 64 1
2 612 492 209 272 25 64 1
2 612 493 208 272 24 64 1
2 612 494 206 272 25 64 1
2 612 495 204 272 25 64 1
2 612 496 202 272 25 64 1
2 612 497 202 272 25 64 1
2 612 498 200 272 25 64 1
2 612 499 199 272 25 64 1
2 612 500 197 272 25 64 1
2 612 501 195 272 25 64 1
2 612 502 193 272 25 64 1
2 612 503 192 272 24 64 1
2 612 504 190 272 25 64 1
2 612 505 188 272 25 64 1
2 612 506 186 272 25 64 1
2 612 507 186 272 25 64 1
2 612 508 184 272 25 64 1
2 612 509 183 272 25 64 1
2 612 510 181 272 25 64 1
2 612 511 179 272 25 64 1
2 612 512 177 272 25 64 1
2 612 513 176 272 24 64 1
2 612 514 174 272 25 64 1
2 612 515 172 272 25 64 1
2 612 516 172 272 25 64 1
2 612 517 168 272 25 64 1
2 612 518 167 272 25 64 1
2 612 519 165 272 25 64 1
2 612 520 163 272 25 64 1
2 612 521 161 272 25 64 1
2 612 522 160 272 24 64 1
2 612 523 156 272 25 64 1
2 612 524 154 272 25 64 1
2 612 525 152 272 25 64 1
2 612 526 151 272 25 64 1
2 612 527 149 272 25 64 1
2 612 528 147 272 25 64 1
2 612 529 145 272 25 64 1
2 612 530 144 272 24 62 1
2 612 531 142 272 25 62 1
2 612 532 140 272 25 62 1
2 612 533 138 272 25 60 1
2 612 534 136 272 25 60 1
2 612 535 135 272 25 60 1
2 612 536 133 272 25 58 1
2 612 537 131 272 25 58 1
2 612 538 129 272 25 58 1
2 612 539 128 272 24 56 1
2 612 540 126 272 25 56 1
2 612 541 124 272 25 56 1
2 612 542 122 272 25 55 1
2 612 543 120 272 25 55 1
2 612 544 120 272 25 55 1
2 612 545 117 272 25 55 1
2 612 546 115 272 25 55 1
2 612 547 113 272 25 55 1
2 612 548 110 272 25 55 1
2 612 549 108 272 25 55 1
2 612 550 106 273 25 54 1
2 612 551 104 273 25 54 1
2 612 552 101 273 25 54 1
2 612 553 99 273 25 54 1
2 612 554 97 273 25 54 1
2 612 555 96 273 24 54 1
2 612 556 92 275 25 52 1
2 612 557 90 275 25 52 1
2 612 558 88 275 25 52 1
2 612 559 87 275 25 52 1
2 612 560 83 275 25 52 1
2 612 561 81 277 25 50 1
2 612 562 80 277 24 50 1
2 612 563 76 277 25 50 1
2 612 564 74 277 25 50 1
2 612 565 72 277 25 50 1
2 612 566 71 277 25 50 1
2 612 567 67 279 25 48 1
2 612 568 65 279 25 48 1
2 612 569 64 279 24 48 1
2 612 570 62 279 25 48 1
2 612 571 58 279 25 48 1
2 612 572 56 279 25 48 1
2 612 573 55 280 25 47 1
2 612 574 53 280 25 47 1
2 612 575 49 280 25 47 1
2 612 576 48 280 24 47 1
2 612 577 46 280 25 47 1
2 612 578 44 282 25 45 1
2 612 579 40 282 25 45 1
2 612 580 39 282 25 46 1
2 612 581 37 282 25 48 1
2 612 582 35 284 25 46 1
2 612 583 33 284 25 48 1
2 612 584 32 284 24 50 1
2 612 585 30 286 25 48 1
2 612 586 28 286 25 50 1
2 612 587 24 286 25 51 1
2 612 588 23 286 25 53 1
2 612 589 21 288 25 51 1
2 612 590 19 288 25 53 1
2 612 591 17 288 25 55 1
2 612 592 16 289 24 54 1
2 612 593 14 289 25 55 1
2 612 594 12 289 25 57 1
2 612 595 10 291 25 57 1
2 612 596 8 291 24 57 1
2 612 597 7 291 23 57 1
2 612 598 7 291 21 57 1
2 612 599 5 291 21 57 1
2 612 600 5 293 19 57 1
2 612 601 3 293 18 57 1
2 612 602 1 293 18 57 1
2 612 603 1 293 16 57 1
2 612 604 0 293 16 57 1
2 612 605 0 295 14 57 1
2 612 606 0 295 14 57 1
2 612 607 0 295 14 57 1
2 612 608 0 295 14 57 1
2 612 609 0 295 14 57 1
2 612 610 0 295 14 57 1
2 612 611 0 295 14 57 1
3 622 0 1214 611 64 107 1
3 622 1 1196 604 68 114 1
3 622 2 1180 597 71 121 1
3 622 3 1164 590 73 128 1
3 622 4 1148 584 76 134 1
3 622 5 1132 581 76 137 1
3 622 6 1116 577 76 141 1
3 622 7 1100 574 76 144 1
3 622 8 1086 572 76 146 1
3 622 9 1073 565 77 153 1
3 622 10 1063 560 76 158 1
3 622 11 1050 552 77 166 1
3 622 12 1040 547 76 171 1
3 622 13 1031 544 76 172 1
3 622 14 1018 535 77 181 1
3 622 15 1008 528 76 188 1
3 622 16 997 520 76 196 1
3 622 17 986 513 77 203 1
3 622 18 976 506 76 203 1
3 622 19 965 501 76 203 1
3 622 20 954 496 77 202 1
3 622 21 944 490 76 203 1
3 622 22 935 485 76 203 1
3 622 23 924 478 76 202 1
3 622 24 915 472 77 203 1
3 622 25 904 467 79 203 1
3 622 26 896 462 78 202 1
3 622 27 888 458 79 201 1
3 622 28 881 456 79 200 1
3 622 29 874 453 78 199 1
3 622 30 869 451 78 196 1
3 622 31 862 448 78 195 1
3 622 32 855 446 78 194 1
3 622 33 849 444 79 192 1
3 622 34 842 440 78 189 1
3 622 35 837 439 78 183 1
3 622 36 830 437 78 178 1
3 622 37 824 435 79 174 1
3 622 38 817 433 75 175 1
3 622 39 812 433 71 175 1
3 622 40 807 433 67 175 1
3 622 41 801 433 64 175 1
3 622 42 794 430 64 172 1
3 622 43 787 426 64 171 1
3 622 44 782 423 64 169 1
3 622 45 775 419 64 167 1
3 622 46 769 416 64 165 1
3 622 47 762 412 64 164 1
3 622 48 757 408 64 162 1
3 622 49 750 405 64 160 1
3 622 50 744 403 63 158 1
3 622 51 739 400 61 158 1
3 622 52 732 398 60 156 1
3 622 53 727 394 58 157 1
3 622 54 721 392 57 155 1
3 622 55 716 391 55 153 1
3 622 56 709 389 57 151 1
3 622 57 702 387 60 151 1
3 622 58 695 385 64 151 1
3 622 59 688 384 65 151 1
3 622 60 680 382 70 151 1
3 622 61 673 382 73 149 1
3 622 62 670 380 71 148 1
3 622 63 666 378 70 146 1
3 622 64 663 376 67 146 1
3 622 65 659 375 68 144 1
3 622 66 656 373 65 144 1
3 622 67 652 371 64 142 1
3 622 68 648 369 64 143 1
3 622 69 645 368 62 140 1
3 622 70 641 366 63 140 1
3 622 71 638 366 62 138 1
3 622 72 634 364 62 139 1
3 622 73 632 364 61 137 1
3 622 74 629 362 59 135 1
3 622 75 627 362 57 134 1
3 622 76 624 360 56 134 1
3 622 77 622 360 55 132 1
3 622 78 618 359 54 129 1
3 622 79 615 357 53 130 1
3 622 80 611 357 53 128 1
3 622 81 608 355 53 128 1
3 622 82 604 355 53 126 1
3 622 83 600 353 52 127 1
3 622 84 597 352 51 126 1
3 622 85 593 352 52 124 1
3 622 86 590 350 51 124 1
3 622 87 588 350 50 122 1
3 622 88 584 350 50 121 1
3 622 89 581 350 50 121 1
3 622 90 577 350 50 121 1
3 622 91 574 350 50 121 1
3 622 92 570 350 50 121 1
3 622 93 567 348 49 119 1
3 622 94 563 346 50 118 1
3 622 95 560 344 49 116 1
3 622 96 556 343 50 113 1
3 622 97 552 341 50 112 1
3 622 98 549 339 50 110 1
3 622 99 547 337 50 111 1
3 622 100 544 336 49 110 1
3 622 101 540 334 50 110 1
3 622 102 538 334 50 110 1
3 622 103 535 332 49 110 1
3 622 104 533 332 50 110 1
3 622 105 528 330 49 110 1
3 622 106 524 330 50 110 1
3 622 107 519 328 49 111 1
3 622 108 515 328 50 111 1
3 622 109 512 327 49 110 1
3 622 110 508 327 50 110 1
3 622 111 504 325 50 110 1
3 622 112 501 325 50 110 1
3 622 113 497 323 50 110 1
3 622 114 496 323 49 110 1
3 622 115 492 321 50 111 1
3 622 116 488 321 50 111 1
3 622 117 485 320 50 110 1
3 622 118 483 320 48 108 1
3 622 119 481 318 47 108 1
3 622 120 480 318 46 106 1
3 622 121 476 316 46 107 1
3 622 122 474 316 45 105 1
3 622 123 472 314 43 105 1
3 622 124 471 314 42 105 1
3 622 125 467 312 43 105 1
3 622 126 464 311 42 105 1
3 622 127 460 311 43 105 1
3 622 128 456 309 43 105 1
3 622 129 455 309 42 105 1
3 622 130 453 307 43 105 1
3 622 131 451 307 43 105 1
3 622 132 449 305 43 105 1
3 622 133 448 305 42 105 1
3 622 134 446 304 41 104 1
3 622 135 444 304 41 103 1
3 622 136 442 304 41 103 1
3 622 137 440 304 40 101 1
3 622 138 439 304 39 101 1
3 622 139 437 304 39 99 1
3 622 140 435 304 39 99 1
3 622 141 433 304 38 97 1
3 622 142 432 304 37 97 1
3 622 143 430 304 37 96 1
3 622 144 428 304 37 96 1
3 622 145 426 304 43 94 1
3 622 146 424 304 43 94 1
3 622 147 423 304 42 94 1
3 622 148 423 304 42 96 1
3 622 149 421 302 43 96 1
3 622 150 419 302 43 96 1
3 622 151 419 300 43 96 1
3 622 152 417 300 43 96 1
3 622 153 416 298 42 96 1
3 622 154 416 298 42 96 1
3 622 155 414 296 42 96 1
3 622 156 412 296 43 95 1
3 622 157 410 295 43 96 1
3 622 158 410 295 43 94 1
3 622 159 408 293 43 96 1
3 622 160 407 293 42 94 1
3 622 161 407 293 42 94 1
3 622 162 407 291 42 96 1
3 622 163 405 291 43 94 1
3 622 164 405 291 43 94 1
3 622 165 403 289 43 93 1
3 622 166 401 289 43 91 1
3 622 167 400 289 42 87 1
3 622 168 398 288 42 87 1
3 622 169 396 288 43 83 1
3 622 170 394 288 43 81 1
3 622 171 394 288 43 80 1
3 622 172 392 286 43 80 1
3 622 173 392 286 43 80 1
3 622 174 391 286 42 80 1
3 622 175 391 286 42 80 1
3 622 176 389 286 43 80 1
3 622 177 389 284 43 80 1
3 622 178 387 284 43 80 1
3 622 179 387 284 43 80 1
3 622 180 385 284 43 80 1
3 622 181 385 284 43 80 1
3 622 182 384 282 42 80 1
3 622 183 384 282 42 80 1
3 622 184 382 282 42 80 1
3 622 185 382 282 42 80 1
3 622 186 382 282 42 80 1
3 622 187 380 280 43 80 1
3 622 188 380 280 43 80 1
3 622 189 380 280 43 80 1
3 622 190 380 279 43 80 1
3 622 191 380 279 43 80 1
3 622 192 380 279 43 80 1
3 622 193 380 277 43 80 1
3 622 194 380 277 43 80 1
3 622 195 380 277 43 80 1
3 622 196 380 277 43 80 1
3 622 197 378 275 43 80 1
3 622 198 378 275 43 80 1
3 622 199 378 275 43 80 1
3 622 200 378 275 43 78 1
3 622 201 378 275 43 78 1
3 622 202 378 275 43 78 1
3 622 203 378 273 43 80 1
3 622 204 378 273 43 79 1
3 622 205 378 273 43 79 1
3 622 206 378 273 41 79 1
3 622 207 378 273 41 79 1
3 622 208 378 273 41 77 1
3 622 209 378 273 41 77 1
3 622 210 378 272 41 78 1
3 622 211 378 272 41 78 1
3 622 212 378 272 41 76 1
3 622 213 378 272 41 76 1
3 622 214 378 272 41 76 1
3 622 215 378 272 39 76 1
3 622 216 378 272 39 74 1
3 622 217 378 270 39 76 1
3 622 218 378 270 39 76 1
3 622 219 378 270 39 76 1
3 622 220 378 270 39 74 1
3 622 221 378 270 39 74 1
3 622 222 378 270 39 74 1
3 622 223 378 270 39 74 1
3 622 224 376 270 40 73 1
3 622 225 376 270 40 73 1
3 622 226 376 270 38 73 1
3 622 227 375 270 39 73 1
3 622 228 375 270 37 71 1
3 622 229 375 270 37 71 1
3 622 230 375 270 35 71 1
3 622 231 373 270 37 71 1
3 622 232 373 270 37 71 1
3 622 233 373 270 35 69 1
3 622 234 371 270 37 69 1
3 622 235 371 270 36 69 1
3 622 236 371 270 36 69 1
3 622 237 371 270 34 67 1
3 622 238 369 270 36 67 1
3 622 239 369 270 34 67 1
3 622 240 369 270 34 67 1
3 622 241 369 270 34 67 1
3 622 242 368 268 33 68 1
3 622 243 368 268 32 68 1
3 622 244 366 266 34 68 1
3 622 245 366 266 32 68 1
3 622 246 364 266 34 68 1
3 622 247 364 264 32 68 1
3 622 248 362 264 32 68 1
3 622 249 362 263 32 67 1
3 622 250 360 263 32 67 1
3 622 251 360 263 32 67 1
3 622 252 359 261 32 67 1
3 622 253 359 261 32 67 1
3 622 254 359 261 30 67 1
3 622 255 357 261 32 66 1
3 622 256 357 261 30 66 1
3 622 257 357 261 30 66 1
3 622 258 355 261 30 64 1
3 622 259 355 261 30 64 1
3 622 260 355 261 29 64 1
3 622 261 353 261 31 62 1
3 622 262 353 261 29 62 1
3 622 263 353 261 29 62 1
3 622 264 352 261 28 60 1
3 622 265 352 261 28 60 1
3 622 266 352 261 26 60 1
3 622 267 352 261 26 60 1
3 622 268 350 259 26 61 1
3 622 269 348 259 27 61 1
3 622 270 348 259 27 61 1
3 622 271 346 257 27 61 1
3 622 272 346 257 27 61 1
3 622 273 344 257 27 61 1
3 622 274 343 256 26 60 1
3 622 275 343 256 26 60 1
3 622 276 341 256 27 60 1
3 622 277 341 254 27 60 1
3 622 278 339 254 27 60 1
3 622 279 339 254 27 60 1
3 622 280 337 252 27 60 1
3 622 281 336 252 26 60 1
3 622 282 336 252 26 60 1
3 622 283 334 252 26 60 1
3 622 284 334 252 26 60 1
3 622 285 332 252 27 60 1
3 622 286 330 250 27 61 1
3 622 287 330 250 27 61 1
3 622 288 328 250 27 61 1
3 622 289 328 250 27 61 1
3 622 290 327 250 26 61 1
3 622 291 327 250 26 61 1
3 622 292 325 248 27 61 1
3 622 293 323 248 27 61 1
3 622 294 323 248 27 61 1
3 622 295 321 248 27 61 1
3 622 296 321 248 27 61 1
3 622 297 320 248 26 61 1
3 622 298 320 248 26 61 1
3 622 299 318 247 26 60 1
3 622 300 316 247 27 60 1
3 622 301 314 245 27 60 1
3 622 302 314 245 27 60 1
3 622 303 312 245 27 60 1
3 622 304 312 245 27 60 1
3 622 305 311 245 26 60 1
3 622 306 311 245 26 60 1
3 622 307 309 245 27 59 1
3 622 308 309 245 27 59 1
3 622 309 309 245 25 59 1
3 622 310 307 245 27 59 1
3 622 311 307 245 25 59 1
3 622 312 305 245 27 59 1
3 622 313 305 245 25 59 1
3 622 314 304 245 26 57 1
3 622 315 304 245 24 57 1
3 622 316 302 245 26 57 1
3 622 317 302 245 25 57 1
3 622 318 302 243 25 59 1
3 622 319 300 243 25 59 1
3 622 320 300 243 25 59 1
3 622 321 298 243 25 57 1
3 622 322 298 243 25 57 1
3 622 323 296 243 25 57 1
3 622 324 296 243 25 57 1
3 622 325 295 243 25 57 1
3 622 326 295 243 25 57 1
3 622 327 295 243 23 57 1
3 622 328 293 243 25 55 1
3 622 329 293 243 23 55 1
3 622 330 291 243 25 55 1
3 622 331 291 243 23 55 1
3 622 332 289 243 25 55 1
3 622 333 289 243 23 55 1
3 622 334 289 243 23 55 1
3 622 335 288 241 23 55 1
3 622 336 288 241 23 55 1
3 622 337 288 241 23 55 1
3 622 338 288 241 23 55 1
3 622 339 288 241 23 55 1
3 622 340 286 241 23 55 1
3 622 341 286 241 23 55 1
3 622 342 286 241 23 54 1
3 622 343 286 241 23 54 1
3 622 344 286 241 23 54 1
3 622 345 286 240 23 55 1
3 622 346 284 240 23 55 1
3 622 347 284 240 23 55 1
3 622 348 284 240 23 55 1
3 622 349 284 240 23 53 1
3 622 350 284 240 23 53 1
3 622 351 284 240 23 53 1
3 622 352 282 240 23 53 1
3 622 353 282 240 23 53 1
3 622 354 282 240 23 53 1
3 622 355 282 240 23 53 1
3 622 356 282 238 23 53 1
3 622 357 280 238 24 53 1
3 622 358 280 238 24 53 1
3 622 359 280 238 24 53 1
3 622 360 280 238 24 53 1
3 622 361 280 238 24 53 1
3 622 362 280 238 24 53 1
3 622 363 279 238 23 51 1
3 622 364 279 238 23 51 1
3 622 365 279 238 23 51 1
3 622 366 279 236 23 53 1
3 622 367 279 236 23 53 1
3 622 368 279 236 23 53 1
3 622 369 277 236 23 53 1
3 622 370 277 236 23 52 1
3 622 371 277 236 23 52 1
3 622 372 277 236 23 52 1
3 622 373 277 236 23 52 1
3 622 374 277 236 23 52 1
3 622 375 275 236 23 52 1
3 622 376 275 236 23 52 1
3 622 377 275 234 23 52 1
3 622 378 275 234 23 52 1
3 622 379 275 234 23 52 1
3 622 380 273 234 23 52 1
3 622 381 273 234 23 52 1
3 622 382 273 234 23 52 1
3 622 383 273 234 23 52 1
3 622 384 273 234 23 50 1
3 622 385 273 234 23 50 1
3 622 386 272 234 23 50 1
3 622 387 272 232 23 52 1
3 622 388 272 232 23 52 1
3 622 389 272 232 23 52 1
3 622 390 272 232 23 52 1
3 622 391 272 232 23 50 1
3 622 392 270 232 23 50 1
3 622 393 270 232 23 50 1
3 622 394 270 232 23 50 1
3 622 395 270 232 23 50 1
3 622 396 270 232 23 50 1
3 622 397 270 232 23 50 1
3 622 398 270 231 23 49 1
3 622 399 270 231 23 49 1
3 622 400 270 231 23 49 1
3 622 401 270 231 23 49 1
3 622 402 270 231 23 49 1
3 622 403 270 231 23 49 1
3 622 404 270 231 23 49 1
3 622 405 270 231 23 49 1
3 622 406 270 231 23 49 1
3 622 407 272 231 23 49 1
3 622 408 272 231 23 49 1
3 622 409 272 231 23 49 1
3 622 410 272 231 23 49 1
3 622 411 272 231 23 49 1
3 622 412 272 231 23 49 1
3 622 413 272 231 23 49 1
3 622 414 272 231 23 49 1
3 622 415 272 231 23 49 1
3 622 416 272 231 23 49 1
3 622 417 273 231 23 49 1
3 622 418 273 231 23 49 1
3 622 419 273 231 23 49 1
3 622 420 273 231 23 49 1
3 622 421 273 231 23 49 1
3 622 422 273 231 23 49 1
3 622 423 273 231 23 49 1
3 622 424 273 231 23 49 1
3 622 425 273 231 23 49 1
3 622 426 273 231 23 49 1
3 622 427 275 231 23 49 1
3 622 428 275 231 23 49 1
3 622 429 275 231 23 49 1
3 622 430 275 231 23 49 1
3 622 431 275 231 23 49 1
3 622 432 275 231 23 49 1
3 622 433 275 231 23 49 1
3 622 434 275 231 23 49 1
3 622 435 275 231 23 49 1
3 622 436 277 231 23 49 1
3 622 437 277 229 23 50 1
3 622 438 277 229 23 50 1
3 622 439 277 229 23 50 1
3 622 440 277 229 23 50 1
3 622 441 277 229 23 50 1
3 622 442 277 229 23 50 1
3 622 443 277 229 23 50 1
3 622 444 277 229 23 50 1
3 622 445 277 229 23 50 1
3 622 446 277 229 23 50 1
3 622 447 277 229 23 50 1
3 622 448 277 229 23 50 1
3 622 449 277 229 23 50 1
3 622 450 279 229 23 50 1
3 622 451 279 229 23 50 1
3 622 452 279 229 23 50 1
3 622 453 279 227 23 50 1
3 622 454 279 227 23 50 1
3 622 455 279 227 23 50 1
3 622 456 279 227 23 50 1
3 622 457 279 227 23 50 1
3 622 458 279 227 23 50 1
3 622 459 279 227 23 50 1
3 622 460 279 227 23 50 1
3 622 461 279 227 23 50 1
3 622 462 279 227 23 50 1
3 622 463 280 227 24 50 1
3 622 464 280 227 24 50 1
3 622 465 280 227 24 50 1
3 622 466 280 227 24 50 1
3 622 467 280 227 24 50 1
3 622 468 280 227 24 50 1
3 622 469 280 225 24 50 1
3 622 470 280 225 24 50 1
3 622 471 280 225 24 50 1
3 622 472 280 225 24 50 1
3 622 473 280 225 24 50 1
3 622 474 280 225 24 50 1
3 622 475 280 225 24 50 1
3 622 476 282 225 23 50 1
3 622 477 282 225 23 50 1
3 622 478 282 225 23 50 1
3 622 479 282 225 23 50 1
3 622 480 282 225 23 50 1
3 622 481 282 225 23 50 1
3 622 482 282 225 23 50 1
3 622 483 282 225 23 50 1
3 622 484 282 225 23 50 1
3 622 485 282 224 23 49 1
3 622 486 282 224 23 49 1
3 622 487 282 224 23 49 1
3 622 488 282 224 23 49 1
3 622 489 282 224 23 49 1
3 622 490 284 224 23 49 1
3 622 491 284 224 23 49 1
3 622 492 284 224 23 49 1
3 622 493 284 224 23 49 1
3 622 494 284 224 23 49 1
3 622 495 284 224 23 49 1
3 622 496 284 224 23 49 1
3 622 497 284 224 23 49 1
3 622 498 284 224 23 49 1
3 622 499 284 224 23 49 1
3 622 500 284 224 23 49 1
3 622 501 284 222 23 50 1
3 622 502 284 222 23 50 1
3 622 503 286 222 23 50 1
3 622 504 286 222 23 50 1
3 622 505 286 222 23 50 1
3 622 506 286 222 23 50 1
3 622 507 286 222 23 50 1
3 622 508 286 222 23 50 1
3 622 509 286 222 23 50 1
3 622 510 286 222 23 50 1
3 622 511 286 222 23 50 1
3 622 512 286 222 23 50 1
3 622 513 286 222 23 50 1
3 622 514 286 222 23 50 1
3 622 515 286 222 23 50 1
3 622 516 288 222 23 50 1
3 622 517 288 222 23 50 1
3 622 518 288 222 23 50 1
3 622 519 288 222 23 50 1
3 622 520 288 222 23 50 1
3 622 521 288 222 23 50 1
3 622 522 288 222 23 50 1
3 622 523 288 222 23 50 1
3 622 524 288 222 23 50 1
3 622 525 288 222 23 50 1
3 622 526 288 222 23 50 1
3 622 527 288 222 23 50 1
3 622 528 288 222 23 50 1
3 622 529 288 222 23 50 1
3 622 530 288 222 23 50 1
3 622 531 288 222 23 50 1
3 622 532 288 222 23 50 1
3 622 533 288 222 23 50 1
3 622 534 288 222 23 50 1
3 622 535 288 222 23 50 1
3 622 536 288 222 23 50 1
3 622 537 288 222 23 50 1
3 622 538 288 222 23 50 1
3 622 539 288 222 23 50 1
3 622 540 288 222 23 50 1
3 622 541 288 222 23 50 1
3 622 542 288 222 23 50 1
3 622 543 288 222 23 50 1
3 622 544 288 222 23 50 1
3 622 545 288 222 23 50 1
3 622 546 288 222 23 50 1
3 622 547 288 222 23 50 1
3 622 548 288 222 23 50 1
3 622 549 288 222 23 50 1
3 622 550 288 222 23 50 1
3 622 551 288 222 23 50 1
3 622 552 288 222 23 50 1
3 622 553 288 222 23 50 1
3 622 554 288 222 23 50 1
3 622 555 288 222 23 50 1
3 622 556 288 222 23 50 1
3 622 557 288 222 23 50 1
3 622 558 288 222 23 50 1
3 622 559 288 222 23 50 1
3 622 560 288 222 23 50 1
3 622 561 288 222 23 50 1
3 622 562 288 222 23 50 1
3 622 563 288 222 23 50 1
3 622 564 288 222 23 50 1
3 622 565 288 222 23 50 1
3 622 566 288 222 23 50 1
3 622 567 288 222 23 50 1
3 622 568 288 222 23 50 1
3 622 569 288 222 23 50 1
3 622 570 288 222 23 50 1
3 622 571 288 222 23 50 1
3 622 572 288 222 23 50 1
3 622 573 288 222 23 50 1
3 622 574 288 222 23 50 1
3 622 575 288 222 23 50 1
3 622 576 288 222 23 50 1
3 622 577 288 222 23 50 1
3 622 578 288 222 23 50 1
3 622 579 288 222 23 50 1
3 622 580 288 222 23 50 1
3 622 581 288 222 23 50 1
3 622 582 288 222 23 50 1
3 622 583 288 222 23 50 1
3 622 584 288 222 23 50 1
3 622 585 288 222 23 50 1
3 622 586 288 222 23 50 1
3 622 587 288 222 23 50 1
3 622 588 288 222 23 50 1
3 622 589 288 222 23 50 1
3 622 590 288 222 23 50 1
3 622 591 288 222 23 50 1
3 622 592 288 222 23 50 1
3 622 593 288 222 23 50 1
3 622 594 288 222 23 50 1
3 622 595 288 222 23 50 1
3 622 596 288 222 23 50 1
3 622 597 288 222 23 50 1
3 622 598 288 222 23 50 1
3 622 599 288 222 23 50 1
3 622 600 288 222 23 50 1
3 622 601 288 222 23 50 1
3 622 602 288 222 23 50 1
3 622 603 288 222 23 50 1
3 622 604 288 222 23 50 1
3 622 605 288 222 23 50 1
3 622 606 288 222 23 50 1
3 622 607 288 222 23 50 1
3 622 608 288 222 23 50 1
3 622 609 288 222 23 50 1
3 622 610 288 222 23 50 1
3 622 611 288 222 23 50 1
3 622 612 288 222 23 50 1
3 622 613 288 222 23 50 1
3 622 614 288 222 23 50 1
3 622 615 288 222 23 50 1
3 622 616 288 222 23 50 1
3 622 617 288 222 23 50 1
3 622 618 288 222 23 50 1
3 622 619 288 222 23 50 1
3 622 620 288 222 23 50 1
3 622 621 288 222 23 50 1
4 48 574 209 209 25 23 2
4 48 575 209 209 25 23 2
4 48 576 209 209 25 23 2
4 48 577 209 209 25 23 2
4 48 578 209 209 25 23 2
4 48 579 209 209 25 23 2
4 48 580 209 209 25 23 2
4 48 581 209 209 25 23 2
4 48 582 209 209 25 23 2
4 48 583 209 209 25 23 2
4 48 584 209 209 25 23 2
4 48 585 209 209 25 23 2
4 48 586 209 209 25 23 2
4 48 587 209 209 25 23 2
4 48 588 209 209 25 23 2
4 48 589 209 209 25 23 2
4 48 590 209 209 25 23 2
4 48 591 209 209 25 23 2
4 48 592 209 209 25 23 2
4 48 593 209 209 25 23 2
4 48 594 209 209 25 23 2
4 48 595 209 209 25 23 2
4 48 596 209 209 25 23 2
4 48 597 209 209 25 23 2
4 48 598 209 209 25 23 2
4 48 599 209 209 25 23 2
4 48 600 209 209 25 23 2
4 48 601 209 209 25 23 2
4 48 602 209 209 25 23 2
4 48 603 209 209 25 23 2
4 48 604 209 209 25 23 2
4 48 605 209 209 25 23 2
4 48 606 209 209 25 23 2
4 48 607 209 209 25 23 2
4 48 608 209 209 25 23 2
4 48 609 209 209 25 23 2
4 48 610 209 209 25 23 2
4 48 611 209 209 25 23 2
4 48 612 209 209 25 23 2
4 48 613 209 209 25 23 2
4 48 614 209 209 25 23 2
4 48 615 209 209 25 23 2
4 48 616 209 209 25 23 2
4 48 617 209 209 25 23 2
4 48 618 209 209 25 23 2
4 48 619 209 209 25 23 2
4 48 620 209 209 25 23 2
4 48 621 209 209 25 23 2
5 622 0 240 225 12 20 1
5 622 1 238 225 14 20 1
5 622 2 236 225 16 20 1
5 622 3 234 225 18 20 1
5 622 4 234 225 18 22 1
5 622 5 232 225 20 22 1
5 622 6 231 225 21 22 1
5 622 7 229 225 23 22 1
5 622 8 229 225 23 23 1
5 622 9 227 224 23 23 1
5 622 10 227 224 23 23 1
5 622 11 227 224 23 23 1
5 622 12 227 224 23 23 1
5 622 13 227 224 23 23 1
5 622 14 227 224 23 23 1
5 622 15 227 224 23 23 1
5 622 16 227 224 23 23 1
5 622 17 227 224 23 23 1
5 622 18 227 224 23 23 1
5 622 19 227 224 23 23 1
5 622 20 227 224 23 23 1
5 622 21 227 224 23 23 1
5 622 22 227 224 23 23 1
5 622 23 227 224 23 23 1
5 622 24 227 224 23 23 1
5 622 25 227 224 23 23 1
5 622 26 227 224 23 23 1
5 622 27 225 224 23 23 1
5 622 28 225 224 23 23 1
5 622 29 225 224 23 23 1
5 622 30 225 224 23 23 1
5 622 31 225 224 23 23 1
5 622 32 225 224 23 24 1
5 622 33 224 224 23 24 1
5 622 34 224 224 23 24 1
5 622 35 224 224 23 24 1
5 622 36 224 224 23 24 1
5 622 37 224 224 23 24 1
5 622 38 224 224 23 26 1
5 622 39 222 222 23 28 1
5 622 40 222 222 23 28 1
5 622 41 222 222 23 28 1
5 622 42 222 222 23 28 1
5 622 43 222 222 23 28 1
5 622 44 222 222 23 28 1
5 622 45 222 222 23 28 1
5 622 46 220 222 23 28 1
5 622 47 220 222 23 28 1
5 622 48 220 222 23 28 1
5 622 49 220 222 23 30 1
5 622 50 220 222 23 30 1
5 622 51 220 222 23 30 1
5 622 52 220 222 23 30 1
5 622 53 218 222 23 30 1
5 622 54 218 222 23 30 1
5 622 55 218 222 23 30 1
5 622 56 218 222 23 30 1
5 622 57 218 222 23 30 1
5 622 58 218 222 23 30 1
5 622 59 218 222 23 32 1
5 622 60 216 222 24 32 1
5 622 61 216 222 24 32 1
5 622 62 216 222 24 32 1
5 622 63 216 222 24 32 1
5 622 64 216 222 24 32 1
5 622 65 216 222 24 32 1
5 622 66 215 222 23 32 1
5 622 67 215 222 23 32 1
5 622 68 215 222 23 32 1
5 622 69 215 222 23 32 1
5 622 70 215 222 23 32 1
5 622 71 215 222 23 32 1
5 622 72 213 222 23 32 1
5 622 73 213 222 23 32 1
5 622 74 213 222 23 32 1
5 622 75 213 222 23 32 1
5 622 76 213 222 23 32 1
5 622 77 213 222 23 32 1
5 622 78 213 222 23 32 1
5 622 79 211 222 23 32 1
5 622 80 211 222 23 32 1
5 622 81 211 222 23 32 1
5 622 82 211 222 23 32 1
5 622 83 211 222 23 32 1
5 622 84 211 222 23 32 1
5 622 85 209 222 23 32 1
5 622 86 209 222 23 32 1
5 622 87 209 222 23 32 1
5 622 88 209 222 23 32 1
5 622 89 209 222 23 32 1
5 622 90 209 222 23 32 1
5 622 91 209 224 23 32 1
5 622 92 208 224 23 30 1
5 622 93 208 224 23 30 1
5 622 94 208 224 23 30 1
5 622 95 208 224 23 30 1
5 622 96 208 224 23 30 1
5 622 97 206 224 23 30 1
5 622 98 206 224 23 30 1
5 622 99 206 224 23 30 1
5 622 100 206 224 23 30 1
5 622 101 206 224 23 30 1
5 622 102 204 224 23 30 1
5 622 103 204 224 23 30 1
5 622 104 204 224 23 30 1
5 622 105 204 224 23 30 1
5 622 106 204 224 23 30 1
5 622 107 202 224 23 30 1
5 622 108 202 224 23 30 1
5 622 109 202 224 23 30 1
5 622 110 202 224 23 30 1
5 622 111 202 224 23 30 1
5 622 112 200 224 24 30 1
5 622 113 200 224 24 30 1
5 622 114 200 224 24 30 1
5 622 115 200 224 24 30 1
5 622 116 200 224 24 30 1
5 622 117 199 222 23 30 1
5 622 118 199 222 23 30 1
5 622 119 199 222 23 30 1
5 622 120 199 222 23 30 1
5 622 121 199 222 23 30 1
5 622 122 199 222 23 30 1
5 622 123 197 222 23 30 1
5 622 124 197 222 23 30 1
5 622 125 197 222 23 30 1
5 622 126 197 222 23 30 1
5 622 127 197 222 23 30 1
5 622 128 197 222 23 30 1
5 622 129 195 222 23 30 1
5 622 130 195 222 23 30 1
5 622 131 195 222 23 30 1
5 622 132 195 222 23 30 1
5 622 133 195 222 23 30 1
5 622 134 195 222 23 30 1
5 622 135 193 222 23 30 1
5 622 136 193 222 23 30 1
5 622 137 193 222 23 30 1
5 622 138 193 222 23 30 1
5 622 139 193 222 23 30 1
5 622 140 193 222 23 30 1
5 622 141 192 222 23 30 1
5 622 142 192 222 23 30 1
5 622 143 192 222 23 30 1
5 622 144 192 222 23 30 1
5 622 145 192 222 23 30 1
5 622 146 192 222 23 30 1
5 622 147 190 222 23 30 1
5 622 148 190 222 23 30 1
5 622 149 190 222 23 30 1
5 622 150 190 222 23 30 1
5 622 151 190 222 23 30 1
5 622 152 190 222 23 30 1
5 622 153 188 222 23 30 1
5 622 154 188 222 23 30 1
5 622 155 188 222 23 30 1
5 622 156 188 222 23 30 1
5 622 157 188 222 23 30 1
5 622 158 188 222 23 30 1
5 622 159 188 222 23 30 1
5 622 160 186 222 23 30 1
5 622 161 186 222 23 30 1
5 622 162 186 222 23 30 1
5 622 163 186 222 23 30 1
5 622 164 186 222 23 30 1
5 622 165 184 222 24 30 1
5 622 166 184 222 24 30 1
5 622 167 184 222 24 30 1
5 622 168 184 222 24 30 1
5 622 169 184 222 24 30 1
5 622 170 183 222 23 30 1
5 622 171 183 222 23 30 1
5 622 172 183 222 23 30 1
5 622 173 183 222 23 30 1
5 622 174 183 222 23 30 1
5 622 175 181 222 23 30 1
5 622 176 181 222 23 30 1
5 622 177 181 222 23 30 1
5 622 178 181 222 23 30 1
5 622 179 181 222 23 30 1
5 622 180 181 222 23 30 1
5 622 181 181 222 23 30 1
5 622 182 181 222 23 30 1
5 622 183 181 222 23 30 1
5 622 184 181 222 23 30 1
5 622 185 181 222 23 30 1
5 622 186 181 222 23 30 1
5 622 187 181 222 23 30 1
5 622 188 179 222 23 30 1
5 622 189 179 222 23 30 1
5 622 190 179 222 23 30 1
5 622 191 179 222 23 30 1
5 622 192 177 222 23 30 1
5 622 193 177 222 23 30 1
5 622 194 177 222 23 30 1
5 622 195 177 222 23 30 1
5 622 196 176 222 23 30 1
5 622 197 176 222 23 30 1
5 622 198 176 222 23 30 1
5 622 199 176 222 23 30 1
5 622 200 174 222 23 30 1
5 622 201 174 222 23 30 1
5 622 202 174 222 23 30 1
5 622 203 174 222 23 30 1
5 622 204 172 222 23 30 1
5 622 205 172 222 23 30 1
5 622 206 172 222 23 30 1
5 622 207 172 222 23 30 1
5 622 208 170 222 23 30 1
5 622 209 170 222 23 30 1
5 622 210 170 222 23 30 1
5 622 211 170 222 23 30 1
5 622 212 168 222 24 30 1
5 622 213 168 222 24 30 1
5 622 214 168 222 24 30 1
5 622 215 168 222 24 30 1
5 622 216 168 224 24 30 1
5 622 217 167 224 23 30 1
5 622 218 167 224 23 30 1
5 622 219 167 224 23 30 1
5 622 220 167 224 23 30 1
5 622 221 167 224 23 30 1
5 622 222 167 224 23 30 1
5 622 223 167 224 23 30 1
5 622 224 167 224 23 30 1
5 622 225 167 224 23 30 1
5 622 226 167 224 23 30 1
5 622 227 167 224 23 30 1
5 622 228 165 224 23 30 1
5 622 229 165 224 23 30 1
5 622 230 165 224 23 30 1
5 622 231 165 224 23 30 1
5 622 232 165 224 23 30 1
5 622 233 165 224 23 30 1
5 622 234 165 224 23 30 1
5 622 235 165 224 23 30 1
5 622 236 165 224 23 30 1
5 622 237 165 224 23 30 1
5 622 238 165 224 23 30 1
5 622 239 163 224 23 30 1
5 622 240 163 224 23 30 1
5 622 241 163 224 23 30 1
5 622 242 163 224 23 30 1
5 622 243 163 224 23 30 1
5 622 244 163 224 23 30 1
5 622 245 163 224 23 30 1
5 622 246 163 224 23 30 1
5 622 247 163 224 23 30 1
5 622 248 163 224 23 30 1
5 622 249 163 224 23 30 1
5 622 250 161 222 23 30 1
5 622 251 161 222 23 30 1
5 622 252 161 222 23 30 1
5 622 253 161 222 23 30 1
5 622 254 161 222 23 30 1
5 622 255 161 222 23 30 1
5 622 256 161 222 23 30 1
5 622 257 161 222 23 30 1
5 622 258 161 222 23 30 1
5 622 259 160 222 23 30 1
5 622 260 160 222 23 30 1
5 622 261 160 222 23 30 1
5 622 262 160 222 23 30 1
5 622 263 160 222 23 30 1
5 622 264 160 222 23 30 1
5 622 265 160 222 23 30 1
5 622 266 160 222 23 30 1
5 622 267 160 222 23 30 1
5 622 268 160 222 23 30 1
5 622 269 158 222 23 30 1
5 622 270 158 222 23 30 1
5 622 271 158 222 23 30 1
5 622 272 158 222 23 30 1
5 622 273 158 222 23 30 1
5 622 274 158 222 23 30 1
5 622 275 158 222 23 30 1
5 622 276 158 222 23 30 1
5 622 277 158 222 23 30 1
5 622 278 158 222 23 30 1
5 622 279 156 222 23 30 1
5 622 280 156 222 23 30 1
5 622 281 156 222 23 30 1
5 622 282 156 222 23 30 1
5 622 283 156 222 23 30 1
5 622 284 156 222 23 30 1
5 622 285 156 222 23 30 1
5 622 286 156 222 23 30 1
5 622 287 156 222 23 30 1
5 622 288 156 222 23 30 1
5 622 289 154 222 23 30 1
5 622 290 154 222 23 30 1
5 622 291 154 222 23 30 1
5 622 292 154 222 23 30 1
5 622 293 154 222 23 30 1
5 622 294 154 222 23 30 1
5 622 295 152 222 24 30 1
5 622 296 152 222 24 30 1
5 622 297 152 222 24 30 1
5 622 298 152 222 24 30 1
5 622 299 152 222 24 30 1
5 622 300 152 222 24 30 1
5 622 301 152 222 24 30 1
5 622 302 152 222 24 30 1
5 622 303 152 222 24 30 1
5 622 304 152 222 24 30 1
5 622 305 152 222 24 30 1
5 622 306 152 222 24 30 1
5 622 307 152 222 24 30 1
5 622 308 152 222 24 30 1
5 622 309 152 222 24 30 1
5 622 310 152 222 24 30 1
5 622 311 152 222 24 30 1
5 622 312 152 222 24 30 1
5 622 313 152 222 24 30 1
5 622 314 152 222 24 30 1
5 622 315 152 222 24 30 1
5 622 316 152 222 24 30 1
5 622 317 152 222 24 30 1
5 622 318 152 222 24 30 1
5 622 319 152 222 24 30 1
5 622 320 152 222 24 30 1
5 622 321 152 222 24 30 1
5 622 322 152 222 24 30 1
5 622 323 152 222 24 30 1
5 622 324 152 222 24 30 1
5 622 325 152 222 24 30 1
5 622 326 152 222 24 30 1
5 622 327 152 222 24 30 1
5 622 328 152 222 24 30 1
5 622 329 152 222 24 30 1
5 622 330 152 222 24 30 1
5 622 331 152 222 24 30 1
5 622 332 152 222 24 30 1
5 622 333 152 222 24 30 1
5 622 334 152 222 24 30 1
5 622 335 152 222 24 30 1
5 622 336 152 222 24 30 1
5 622 337 152 222 24 30 1
5 622 338 152 222 24 30 1
5 622 339 152 222 24 30 1
5 622 340 152 222 24 30 1
5 622 341 154 222 22 30 1
5 622 342 154 222 22 30 1
5 622 343 154 222 22 30 1
5 622 344 154 222 22 30 1
5 622 345 154 222 22 30 1
5 622 346 154 222 23 30 1
5 622 347 154 222 23 30 1
5 622 348 154 222 23 30 1
5 622 349 154 222 23 30 1
5 622 350 154 222 23 30 1
5 622 351 154 222 23 30 1
5 622 352 154 222 23 30 1
5 622 353 154 222 23 30 1
5 622 354 154 222 23 30 1
5 622 355 154 222 23 30 1
5 622 356 154 222 23 30 1
5 622 357 154 222 23 30 1
5 622 358 154 222 23 30 1
5 622 359 154 222 23 30 1
5 622 360 154 222 23 30 1
5 622 361 154 222 23 30 1
5 622 362 154 222 23 30 1
5 622 363 154 222 23 30 1
5 622 364 154 222 23 30 1
5 622 365 154 222 23 30 1
5 622 366 154 222 23 30 1
5 622 367 154 222 23 30 1
5 622 368 154 222 23 30 1
5 622 369 154 222 23 30 1
5 622 370 154 222 23 30 1
5 622 371 154 222 23 30 1
5 622 372 154 222 23 30 1
5 622 373 154 222 23 30 1
5 622 374 154 222 23 30 1
5 622 375 154 222 23 30 1
5 622 376 154 222 23 30 1
5 622 377 154 222 23 30 1
5 622 378 154 222 23 30 1
5 622 379 154 222 23 30 1
5 622 380 154 222 23 30 1
5 622 381 156 222 21 30 1
5 622 382 156 222 21 30 1
5 622 383 156 222 21 30 1
5 622 384 156 222 21 30 1
5 622 385 156 222 21 30 1
5 622 386 156 222 21 30 1
5 622 387 156 222 21 30 1
5 622 388 156 222 21 30 1
5 622 389 156 222 21 30 1
5 622 390 156 222 21 30 1
5 622 391 156 222 21 30 1
5 622 392 156 222 23 30 1
5 622 393 156 222 23 30 1
5 622 394 156 222 23 30 1
5 622 395 156 222 23 30 1
5 622 396 156 222 23 30 1
5 622 397 156 222 23 30 1
5 622 398 156 222 23 30 1
5 622 399 156 222 23 30 1
5 622 400 156 222 23 30 1
5 622 401 156 222 23 30 1
5 622 402 156 222 23 30 1
5 622 403 156 222 23 30 1
5 622 404 156 222 23 30 1
5 622 405 156 222 23 30 1
5 622 406 156 222 23 30 1
5 622 407 156 222 23 30 1
5 622 408 156 222 23 30 1
5 622 409 156 222 23 30 1
5 622 410 156 222 23 30 1
5 622 411 156 222 23 30 1
5 622 412 156 222 23 30 1
5 622 413 156 222 23 30 1
5 622 414 156 222 23 30 1
5 622 415 156 222 23 30 1
5 622 416 156 222 23 30 1
5 622 417 156 222 23 30 1
5 622 418 156 222 23 30 1
5 622 419 156 222 23 30 1
5 622 420 156 222 23 30 1
5 622 421 158 222 21 30 1
5 622 422 158 222 21 30 1
5 622 423 158 222 21 30 1
5 622 424 158 222 21 30 1
5 622 425 158 222 21 30 1
5 622 426 158 222 21 30 1
5 622 427 158 222 21 30 1
5 622 428 158 222 21 30 1
5 622 429 158 222 21 30 1
5 622 430 158 222 21 30 1
5 622 431 158 222 21 30 1
5 622 432 158 222 21 30 1
5 622 433 158 222 21 30 1
5 622 434 158 222 21 30 1
5 622 435 158 222 21 30 1
5 622 436 158 222 21 30 1
5 622 437 158 222 21 30 1
5 622 438 158 222 23 30 1
5 622 439 158 222 23 30 1
5 622 440 158 222 23 30 1
5 622 441 158 222 23 30 1
5 622 442 158 222 23 30 1
5 622 443 158 222 23 30 1
5 622 444 158 222 23 30 1
5 622 445 158 222 23 30 1
5 622 446 158 222 23 30 1
5 622 447 158 222 23 30 1
5 622 448 158 222 23 30 1
5 622 449 158 222 23 30 1
5 622 450 158 222 23 30 1
5 622 451 158 222 23 30 1
5 622 452 158 222 23 30 1
5 622 453 158 222 23 30 1
5 622 454 158 222 23 30 1
5 622 455 158 222 23 30 1
5 622 456 158 222 23 30 1
5 622 457 158 222 23 30 1
5 622 458 158 222 23 30 1
5 622 459 158 222 23 30 1
5 622 460 158 222 23 30 1
5 622 461 160 222 21 30 1
5 622 462 160 222 21 30 1
5 622 463 160 222 21 30 1
5 622 464 160 222 21 30 1
5 622 465 160 222 21 30 1
5 622 466 160 222 21 30 1
5 622 467 160 222 21 30 1
5 622 468 160 222 21 30 1
5 622 469 160 222 21 30 1
5 622 470 160 222 21 30 1
5 622 471 160 222 21 30 1
5 622 472 160 222 21 30 1
5 622 473 160 222 21 30 1
5 622 474 160 222 21 30 1
5 622 475 160 222 21 30 1
5 622 476 160 222 21 30 1
5 622 477 160 222 21 30 1
5 622 478 160 222 21 30 1
5 622 479 160 222 21 30 1
5 622 480 160 222 21 30 1
5 622 481 160 222 21 30 1
5 622 482 160 222 21 30 1
5 622 483 160 222 21 30 1
5 622 484 160 222 23 30 1
5 622 485 160 222 23 30 1
5 622 486 160 222 23 30 1
5 622 487 160 222 23 30 1
5 622 488 160 222 23 30 1
5 622 489 160 222 23 30 1
5 622 490 160 222 23 30 1
5 622 491 160 222 23 30 1
5 622 492 160 222 23 30 1
5 622 493 160 222 23 30 1
5 622 494 160 222 23 30 1
5 622 495 160 222 23 30 1
5 622 496 160 222 23 30 1
5 622 497 160 222 23 30 1
5 622 498 160 222 23 30 1
5 622 499 160 222 23 30 1
5 622 500 160 222 23 30 1
5 622 501 161 222 22 30 1
5 622 502 161 222 22 30 1
5 622 503 161 222 22 30 1
5 622 504 161 222 22 30 1
5 622 505 161 222 22 30 1
5 622 506 161 222 22 30 1
5 622 507 161 222 22 30 1
5 622 508 161 222 22 30 1
5 622 509 161 222 22 30 1
5 622 510 161 222 22 30 1
5 622 511 161 222 22 30 1
5 622 512 161 222 22 30 1
5 622 513 161 222 22 30 1
5 622 514 161 222 22 30 1
5 622 515 161 222 22 30 1
5 622 516 161 222 22 30 1
5 622 517 161 222 22 30 1
5 622 518 161 222 22 30 1
5 622 519 161 222 22 30 1
5 622 520 161 222 22 30 1
5 622 521 161 222 22 30 1
5 622 522 161 222 22 30 1
5 622 523 161 222 22 30 1
5 622 524 161 222 22 30 1
5 622 525 161 222 22 30 1
5 622 526 161 222 22 30 1
5 622 527 161 222 22 30 1
5 622 528 161 222 22 30 1
5 622 529 161 222 22 30 1
5 622 530 161 222 23 30 1
5 622 531 161 222 23 30 1
5 622 532 161 222 23 30 1
5 622 533 161 222 23 30 1
5 622 534 161 222 23 30 1
5 622 535 161 222 23 30 1
5 622 536 161 222 23 30 1
5 622 537 161 222 23 30 1
5 622 538 161 222 23 30 1
5 622 539 161 222 23 30 1
5 622 540 161 222 23 30 1
5 622 541 163 222 21 30 1
5 622 542 163 222 21 30 1
5 622 543 163 222 21 30 1
5 622 544 163 222 21 30 1
5 622 545 163 222 21 30 1
5 622 546 163 222 21 30 1
5 622 547 163 222 21 30 1
5 622 548 163 222 21 30 1
5 622 549 163 222 21 30 1
5 622 550 163 222 21 30 1
5 622 551 163 222 21 30 1
5 622 552 163 222 21 30 1
5 622 553 163 222 21 30 1
5 622 554 163 222 21 30 1
5 622 555 163 222 21 30 1
5 622 556 163 222 21 30 1
5 622 557 163 222 21 30 1
5 622 558 163 222 21 30 1
5 622 559 163 222 21 30 1
5 622 560 163 222 21 30 1
5 622 561 163 222 21 30 1
5 622 562 163 222 21 30 1
5 622 563 163 222 21 30 1
5 622 564 163 222 21 30 1
5 622 565 163 222 21 30 1
5 622 566 163 222 21 30 1
5 622 567 163 222 21 30 1
5 622 568 163 222 21 30 1
5 622 569 163 222 21 30 1
5 622 570 163 222 21 30 1
5 622 571 163 222 21 30 1
5 622 572 163 222 21 30 1
5 622 573 163 222 21 30 1
5 622 574 163 222 21 30 1
5 622 575 163 222 21 30 1
5 622 576 163 222 23 30 1
5 622 577 163 222 23 30 1
5 622 578 163 222 23 30 1
5 622 579 163 222 23 30 1
5 622 580 163 222 23 30 1
5 622 581 165 222 21 30 1
5 622 582 165 222 21 30 1
5 622 583 165 222 21 30 1
5 622 584 165 222 21 30 1
5 622 585 165 222 21 30 1
5 622 586 165 222 21 30 1
5 622 587 165 222 21 30 1
5 622 588 165 222 21 30 1
5 622 589 165 222 21 30 1
5 622 590 165 222 21 30 1
5 622 591 165 222 21 30 1
5 622 592 165 222 21 30 1
5 622 593 165 222 21 30 1
5 622 594 165 222 21 30 1
5 622 595 165 222 21 30 1
5 622 596 165 222 21 30 1
5 622 597 165 222 21 30 1
5 622 598 165 222 21 30 1
5 622 599 165 222 21 30 1
5 622 600 165 222 21 30 1
5 622 601 165 222 21 30 1
5 622 602 165 222 21 30 1
5 622 603 165 222 21 30 1
5 622 604 165 222 21 30 1
5 622 605 165 222 21 30 1
5 622 606 165 222 21 30 1
5 622 607 165 222 21 30 1
5 622 608 165 222 21 30 1
5 622 609 165 222 21 30 1
5 622 610 165 222 21 30 1
5 622 611 165 222 21 30 1
5 622 612 165 222 21 30 1
5 622 613 165 222 21 30 1
5 622 614 165 222 21 30 1
5 622 615 165 222 21 30 1
5 622 616 165 222 21 30 1
5 622 617 165 222 21 30 1
5 622 618 165 222 21 30 1
5 622 619 165 222 21 30 1
5 622 620 165 222 21 30 1
5 622 621 167 224 21 30 1
6 318 4 1191 636 53 82 4
6 318 5 1178 632 54 82 4
6 318 6 1166 629 53 82 4
6 318 7 1146 622 54 82 4
6 318 8 1128 615 54 81 4
6 318 9 1111 608 53 81 4
6 318 10 1093 600 53 82 4
6 318 11 1075 593 53 82 4
6 318 12 1066 588 50 75 4
6 318 13 1052 579 50 73 4
6 318 14 1038 570 50 73 4
6 318 15 1029 563 48 73 4
6 318 16 1020 558 48 71 4
6 318 17 1011 552 48 72 4
6 318 18 1004 545 46 71 4
6 318 19 995 540 46 71 4
6 318 20 986 535 46 69 4
6 318 21 979 529 45 70 4
6 318 22 965 524 44 68 4
6 318 23 956 520 44 66 4
6 318 24 949 519 44 64 4
6 318 25 938 513 45 64 4
6 318 26 929 508 45 64 4
6 318 27 920 504 45 64 4
6 318 28 915 501 45 62 4
6 318 29 910 499 44 59 4
6 318 30 904 497 45 55 4
6 318 31 896 492 44 57 4
6 318 32 888 488 45 57 4
6 318 33 881 485 45 57 4
6 318 34 872 481 45 57 4
6 318 35 865 478 45 57 4
6 318 36 858 474 45 57 4
6 318 37 851 471 45 57 4
6 318 38 842 469 43 55 4
6 318 39 833 469 43 51 4
6 318 40 826 464 41 51 4
6 318 41 819 460 41 52 4
6 318 42 814 456 39 52 4
6 318 43 807 453 39 51 4
6 318 44 801 449 38 52 4
6 318 45 794 446 38 51 4
6 318 46 787 442 37 52 4
6 318 47 780 439 37 51 4
6 318 48 773 437 37 51 4
6 318 49 766 435 37 52 4
6 318 50 760 433 38 52 4
6 318 51 757 432 35 49 4
6 318 52 753 430 36 48 4
6 318 53 750 428 35 48 4
6 318 54 744 426 36 48 4
6 318 55 739 424 36 48 4
6 318 56 732 421 36 48 4
6 318 57 725 419 35 48 4
6 318 58 720 417 35 48 4
6 318 59 714 416 36 48 4
6 318 60 709 414 35 48 4
6 318 61 705 412 36 48 4
6 318 62 700 410 36 48 4
6 318 63 695 408 35 48 4
6 318 64 691 407 36 48 4
6 318 65 686 403 35 48 4
6 318 66 680 401 36 48 4
6 318 67 677 400 35 48 4
6 318 68 672 398 35 48 4
6 318 69 668 396 36 48 4
6 318 70 664 394 36 48 4
6 318 71 661 392 35 48 4
6 318 72 657 391 36 48 4
6 318 73 654 391 35 46 4
6 318 74 650 389 34 46 4
6 318 75 647 387 33 46 4
6 318 76 643 385 34 47 4
6 318 77 640 384 33 46 4
6 318 78 636 382 34 46 4
6 318 79 632 382 34 44 4
6 318 80 629 380 34 44 4
6 318 81 625 378 34 45 4
6 318 82 622 376 34 45 4
6 318 83 618 375 34 44 4
6 318 84 616 375 32 42 4
6 318 85 611 373 32 43 4
6 318 86 608 373 32 41 4
6 318 87 604 371 32 41 4
6 318 88 600 371 32 39 4
6 318 89 595 369 32 39 4
6 318 90 592 369 32 39 4
6 318 91 586 368 32 39 4
6 318 92 583 368 32 39 4
6 318 93 577 366 32 39 4
6 318 94 574 366 32 39 4
6 318 95 570 364 32 39 4
6 318 96 568 362 32 39 4
6 318 97 567 360 32 40 4
6 318 98 563 359 30 37 4
6 318 99 560 357 30 37 4
6 318 100 556 357 30 35 4
6 318 101 552 355 31 36 4
6 318 102 549 355 30 36 4
6 318 103 545 355 31 36 4
6 318 104 544 353 30 36 4
6 318 105 538 352 30 35 4
6 318 106 535 352 30 35 4
6 318 107 531 352 30 35 4
6 318 108 528 352 30 35 4
6 318 109 524 350 30 35 4
6 318 110 522 348 30 36 4
6 318 111 519 346 30 36 4
6 318 112 517 344 30 36 4
6 318 113 515 343 30 35 4
6 318 114 510 341 30 35 4
6 318 115 504 341 31 35 4
6 318 116 503 339 30 36 4
6 318 117 499 337 30 36 4
6 318 118 496 337 30 36 4
6 318 119 494 337 30 36 4
6 318 120 490 336 30 35 4
6 318 121 487 336 30 35 4
6 318 122 483 334 30 35 4
6 318 123 481 334 31 35 4
6 318 124 480 332 30 36 4
6 318 125 478 330 30 36 4
6 318 126 476 330 30 36 4
6 318 127 472 328 31 36 4
6 318 128 471 328 30 36 4
6 318 129 467 328 30 36 4
6 318 130 465 327 31 35 4
6 318 131 462 327 30 35 4
6 318 132 460 327 30 35 4
6 318 133 458 327 30 35 4
6 318 134 455 325 30 35 4
6 318 135 453 325 30 34 4
6 318 136 451 323 30 36 4
6 318 137 449 323 29 34 4
6 318 138 448 323 28 34 4
6 318 139 446 321 28 34 4
6 318 140 444 321 28 34 4
6 318 141 442 321 27 32 4
6 318 142 440 320 27 33 4
6 318 143 439 320 26 32 4
6 318 144 437 320 27 32 4
6 318 145 435 318 27 32 4
6 318 146 433 318 27 32 4
6 318 147 432 318 26 32 4
6 318 148 432 318 26 32 4
6 318 149 430 318 26 32 4
6 318 150 428 318 27 32 4
6 318 151 426 318 27 32 4
6 318 152 426 318 27 32 4
6 318 153 424 316 27 32 4
6 318 154 423 316 26 30 4
6 318 155 423 316 26 30 4
6 318 156 421 314 27 30 4
6 318 157 421 314 27 30 4
6 318 158 419 314 27 29 4
6 318 159 419 312 27 31 4
6 318 160 417 312 27 29 4
6 318 161 417 312 27 29 4
6 318 162 416 311 26 28 4
6 318 163 414 311 26 28 4
6 318 164 412 309 27 28 4
6 318 165 412 309 27 28 4
6 318 166 410 309 27 28 4
6 318 167 408 307 27 29 4
6 318 168 408 307 27 29 4
6 318 169 407 305 26 29 4
6 318 170 405 305 27 29 4
6 318 171 405 305 27 29 4
6 318 172 403 304 27 28 4
6 318 173 401 304 27 28 4
6 318 174 401 304 27 28 4
6 318 175 400 302 26 28 4
6 318 176 400 302 24 28 4
6 318 177 398 302 25 28 4
6 318 178 398 300 25 28 4
6 318 179 396 300 25 28 4
6 318 180 396 300 23 28 4
6 318 181 394 298 25 29 4
6 318 182 394 298 23 29 4
6 318 183 392 298 24 29 4
6 318 184 392 298 24 29 4
6 318 185 391 296 23 29 4
6 318 186 391 296 23 29 4
6 318 187 391 296 23 29 4
6 318 188 391 296 23 29 4
6 318 189 391 295 23 28 4
6 318 190 391 295 23 28 4
6 318 191 391 295 23 28 4
6 318 192 389 295 23 28 4
6 318 193 389 295 23 28 4
6 318 194 389 293 23 28 4
6 318 195 389 293 23 28 4
6 318 196 389 293 23 28 4
6 318 197 389 293 23 28 4
6 318 198 389 291 23 29 4
6 318 199 389 291 23 29 4
6 318 200 387 291 23 29 4
6 318 201 387 291 23 29 4
6 318 202 387 291 23 29 4
6 318 203 387 289 23 29 4
6 318 204 387 289 23 29 4
6 318 205 387 289 23 29 4
6 318 206 387 289 23 29 4
6 318 207 387 289 23 29 4
6 318 208 387 288 23 28 4
6 318 209 387 288 23 28 4
6 318 210 387 288 23 28 4
6 318 211 387 288 23 28 4
6 318 212 387 288 23 28 4
6 318 213 387 288 23 28 4
6 318 214 387 286 23 28 4
6 318 215 387 286 23 28 4
6 318 216 387 286 23 28 4
6 318 217 387 286 23 28 4
6 318 218 387 286 23 28 4
6 318 219 387 286 23 28 4
6 318 220 385 284 23 28 4
6 318 221 385 284 23 28 4
6 318 222 385 284 23 28 4
6 318 223 384 284 23 28 4
6 318 224 384 284 23 27 4
6 318 225 384 284 23 27 4
6 318 226 384 284 23 27 4
6 318 227 382 282 23 29 4
6 318 228 382 282 23 29 4
6 318 229 382 282 23 27 4
6 318 230 380 282 23 27 4
6 318 231 380 282 23 27 4
6 318 232 380 282 23 27 4
6 318 233 380 282 23 27 4
6 318 234 378 280 23 27 4
6 318 235 378 280 23 27 4
6 318 236 376 280 24 27 4
6 318 237 376 280 24 27 4
6 318 238 375 279 23 26 4
6 318 239 375 279 23 26 4
6 318 240 375 279 23 26 4
6 318 241 373 279 23 26 4
6 318 242 373 277 23 27 4
6 318 243 371 277 23 27 4
6 318 244 371 277 23 27 4
6 318 245 371 277 23 27 4
6 318 246 369 275 23 27 4
6 318 247 369 275 23 27 4
6 318 248 369 275 23 27 4
6 318 249 368 275 23 27 4
6 318 250 368 275 23 27 4
6 318 251 368 275 23 27 4
6 318 252 366 273 23 27 4
6 318 253 366 273 23 27 4
6 318 254 366 273 23 27 4
6 318 255 364 273 23 27 4
6 318 256 364 273 23 27 4
6 318 257 364 273 23 27 4
6 318 258 362 272 23 26 4
6 318 259 360 272 24 26 4
6 318 260 360 272 24 26 4
6 318 261 359 270 23 26 4
6 318 262 359 270 23 26 4
6 318 263 357 270 23 26 4
6 318 264 357 270 23 26 4
6 318 265 355 268 23 27 4
6 318 266 353 268 23 27 4
6 318 267 353 268 23 27 4
6 318 268 352 266 23 27 4
6 318 269 352 266 23 27 4
6 318 270 350 266 23 27 4
6 318 271 350 266 23 27 4
6 318 272 348 264 23 27 4
6 318 273 348 264 23 27 4
6 318 274 346 264 23 27 4
6 318 275 346 264 23 27 4
6 318 276 344 264 24 27 4
6 318 277 344 263 24 26 4
6 318 278 343 263 23 26 4
6 318 279 343 263 23 26 4
6 318 280 341 263 23 26 4
6 318 281 341 263 23 26 4
6 318 282 339 261 23 27 4
6 318 283 337 261 23 27 4
6 318 284 337 261 23 27 4
6 318 285 336 261 23 27 4
6 318 286 336 261 23 27 4
6 318 287 334 261 23 25 4
6 318 288 332 261 23 25 4
6 318 289 332 261 23 25 4
6 318 290 330 261 23 25 4
6 318 291 330 261 23 25 4
6 318 292 328 261 24 23 4
6 318 293 327 261 23 23 4
6 318 294 327 261 23 23 4
6 318 295 325 261 23 23 4
6 318 296 325 261 23 23 4
6 318 297 323 259 23 23 4
6 318 298 321 259 23 23 4
6 318 299 321 259 23 23 4
6 318 300 320 259 23 23 4
6 318 301 318 259 23 23 4
6 318 302 318 259 23 23 4
6 318 303 316 257 23 23 4
6 318 304 316 257 23 23 4
6 318 305 314 257 23 23 4
6 318 306 314 257 23 23 4
6 318 307 312 257 24 23 4
6 318 308 312 257 24 23 4
6 318 309 311 257 23 23 4
6 318 310 311 257 23 23 4
6 318 311 309 257 23 23 4
6 318 312 309 257 23 23 4
6 318 313 307 257 23 23 4
6 318 314 307 257 23 23 4
6 318 315 307 257 23 23 4
6 318 316 305 257 23 23 4
6 318 317 304 257 23 23 4
6 318 318 304 257 23 23 4
6 318 319 302 257 23 23 4
6 318 320 300 257 23 23 4
6 318 321 300 257 23 23 4
