0 490 400 862 204 18 41 1
0 490 401 860 202 18 41 1
0 490 402 860 202 18 41 1
0 490 403 860 202 18 41 1
0 490 404 860 202 18 41 1
0 490 405 860 202 18 41 1
0 490 406 858 202 18 41 1
0 490 407 858 202 18 41 1
0 490 408 858 202 18 41 1
0 490 409 858 202 18 41 1
0 490 410 858 202 18 41 1
0 490 411 856 202 18 41 1
0 490 412 856 202 18 41 1
0 490 413 856 202 18 41 1
0 490 414 855 202 17 41 1
0 490 415 855 202 17 41 1
0 490 416 855 202 17 41 1
0 490 417 853 202 18 41 1
0 490 418 853 202 18 41 1
0 490 419 853 202 18 41 1
0 490 420 853 204 18 41 1
0 490 421 851 204 18 41 1
0 490 422 851 204 18 41 1
0 490 423 851 204 18 41 1
0 490 424 851 204 18 41 1
0 490 425 851 204 18 41 1
0 490 426 849 204 18 41 1
0 490 427 849 204 18 41 1
0 490 428 849 204 18 41 1
0 490 429 849 204 18 41 1
0 490 430 849 204 18 41 1
0 490 431 848 204 17 41 1
0 490 432 848 204 17 41 1
0 490 433 848 204 17 41 1
0 490 434 848 204 17 41 1
0 490 435 848 204 17 41 1
0 490 436 848 204 17 41 1
0 490 437 846 204 18 41 1
0 490 438 846 204 18 41 1
0 490 439 846 204 18 41 1
0 490 440 846 204 18 41 1
0 490 441 846 204 18 41 1
0 490 442 844 204 18 41 1
0 490 443 844 204 18 41 1
0 490 444 844 204 18 41 1
0 490 445 844 204 18 41 1
0 490 446 844 204 18 41 1
0 490 447 844 204 18 41 1
0 490 448 842 204 18 41 1
0 490 449 842 204 18 41 1
0 490 450 842 204 18 41 1
0 490 451 842 204 18 41 1
0 490 452 842 204 18 41 1
0 490 453 840 204 18 41 1
0 490 454 840 204 18 41 1
0 490 455 840 204 18 41 1
0 490 456 840 204 18 41 1
0 490 457 840 204 18 41 1
0 490 458 840 204 18 41 1
0 490 459 839 204 17 41 1
0 490 460 839 204 17 41 1
0 490 461 839 204 17 41 1
0 490 462 839 204 17 41 1
0 490 463 839 204 17 41 1
0 490 464 837 204 18 41 1
0 490 465 837 204 18 41 1
0 490 466 837 204 18 41 1
0 490 467 837 204 18 41 1
0 490 468 837 204 18 41 1
0 490 469 837 204 18 41 1
0 490 470 835 204 18 41 1
0 490 471 835 204 18 41 1
0 490 472 835 204 18 41 1
0 490 473 835 204 18 41 1
0 490 474 835 204 18 41 1
0 490 475 833 204 18 41 1
0 490 476 833 204 18 41 1
0 490 477 833 204 18 41 1
0 490 478 833 204 18 41 1
0 490 479 833 204 18 41 1
0 490 480 833 206 18 41 1
0 490 481 832 206 17 41 1
0 490 482 832 206 17 41 1
0 490 483 832 206 17 41 1
0 490 484 832 206 17 41 1
0 490 485 832 206 17 41 1
0 490 486 830 206 18 41 1
0 490 487 830 206 18 41 1
0 490 488 830 206 18 41 1
0 490 489 830 206 18 41 1
0 490 490 830 206 18 41 1
0 490 491 828 206 18 41 1
0 490 492 828 206 18 41 1
0 490 493 828 206 18 41 1
0 490 494 828 206 18 41 1
0 490 495 828 206 18 41 1
0 490 496 826 206 18 41 1
0 490 497 826 206 18 41 1
0 490 498 826 206 18 41 1
0 490 499 826 206 18 41 1
0 490 500 826 206 18 41 1
0 490 501 824 206 18 41 1
0 490 502 824 206 18 41 1
0 490 503 824 206 18 41 1
0 490 504 824 206 18 41 1
0 490 505 824 206 18 41 1
0 490 506 823 206 17 41 1
0 490 507 823 206 17 41 1
0 490 508 823 206 17 41 1
0 490 509 823 206 17 41 1
0 490 510 823 206 17 41 1
0 490 511 821 206 18 41 1
0 490 512 821 206 18 41 1
0 490 513 821 206 18 41 1
0 490 514 821 206 18 41 1
0 490 515 821 206 18 41 1
0 490 516 819 206 18 41 1
0 490 517 819 206 18 41 1
0 490 518 819 206 18 41 1
0 490 519 819 206 18 41 1
0 490 520 819 206 18 41 1
0 490 521 817 206 18 41 1
0 490 522 817 206 18 41 1
0 490 523 817 206 18 41 1
0 490 524 817 206 18 41 1
0 490 525 817 206 18 41 1
0 490 526 816 206 17 41 1
0 490 527 816 206 17 41 1
0 490 528 816 206 17 41 1
0 490 529 816 206 17 41 1
0 490 530 816 206 17 41 1
0 490 531 814 206 18 41 1
0 490 532 814 206 18 41 1
0 490 533 814 206 18 41 1
0 490 534 812 206 18 41 1
0 490 535 812 206 18 41 1
0 490 536 812 206 18 41 1
0 490 537 810 206 18 41 1
0 490 538 810 206 18 41 1
0 490 539 810 206 18 41 1
0 490 540 810 208 18 40 1
0 490 541 808 206 18 41 1
0 490 542 808 206 18 41 1
0 490 543 807 206 17 41 1
0 490 544 807 206 17 41 1
0 490 545 807 206 17 41 1
0 490 546 805 206 18 41 1
0 490 547 805 206 18 41 1
0 490 548 805 206 18 41 1
0 490 549 803 206 18 41 1
0 490 550 803 206 18 41 1
0 490 551 803 206 18 41 1
0 490 552 801 206 18 41 1
0 490 553 801 206 18 41 1
0 490 554 801 206 18 41 1
0 490 555 800 206 17 41 1
0 490 556 800 206 17 41 1
0 490 557 800 206 17 41 1
0 490 558 798 206 18 41 1
0 490 559 798 206 18 41 1
0 490 560 798 206 18 41 1
0 490 561 796 204 18 41 1
0 490 562 796 204 18 41 1
0 490 563 796 204 18 41 1
0 490 564 794 204 18 41 1
0 490 565 794 204 18 41 1
0 490 566 794 204 18 41 1
0 490 567 792 204 18 41 1
0 490 568 792 204 18 41 1
0 490 569 792 204 18 41 1
0 490 570 792 204 18 41 1
0 490 571 791 204 17 41 1
0 490 572 791 204 17 41 1
0 490 573 791 204 17 41 1
0 490 574 789 204 18 41 1
0 490 575 789 204 18 41 1
0 490 576 789 204 18 41 1
0 490 577 787 204 18 41 1
0 490 578 787 204 18 41 1
0 490 579 787 204 18 41 1
0 490 580 787 204 18 41 1
0 490 581 785 204 18 41 1
0 490 582 785 204 18 41 1
0 490 583 785 204 18 41 1
0 490 584 785 204 18 41 1
0 490 585 784 204 17 41 1
0 490 586 784 204 17 41 1
0 490 587 784 204 17 41 1
0 490 588 784 204 17 41 1
0 490 589 782 204 18 41 1
0 490 590 782 204 18 41 1
0 490 591 782 204 18 41 1
0 490 592 782 204 18 41 1
0 490 593 780 204 18 41 1
0 490 594 780 204 18 41 1
0 490 595 780 204 18 41 1
0 490 596 780 204 18 41 1
0 490 597 778 204 18 41 1
0 490 598 778 204 18 41 1
0 490 599 778 204 18 41 1
0 490 600 778 206 18 41 1
0 490 601 776 206 18 41 1
0 490 602 776 206 18 41 1
0 490 603 776 206 18 41 1
0 490 604 776 206 18 41 1
0 490 605 775 206 17 41 1
0 490 606 775 206 17 41 1
0 490 607 775 206 17 41 1
0 490 608 775 206 17 41 1
0 490 609 773 206 19 41 1
0 490 610 773 206 18 41 1
0 490 611 773 206 18 41 1
0 490 612 773 206 18 41 1
0 490 613 773 206 18 41 1
0 490 614 771 206 20 41 1
0 490 615 771 206 18 41 1
0 490 616 771 206 18 41 1
0 490 617 771 206 18 41 1
0 490 618 769 206 20 41 1
0 490 619 769 206 20 42 1
0 490 620 769 206 18 42 1
0 490 621 769 206 18 42 1
0 490 622 769 206 18 42 1
0 490 623 768 206 19 42 1
0 490 624 768 206 17 42 1
0 490 625 768 206 17 42 1
0 490 626 768 206 17 42 1
0 490 627 766 206 19 42 1
0 490 628 766 208 19 40 1
0 490 629 766 208 18 40 1
0 490 630 766 208 18 40 1
0 490 631 764 208 20 40 1
0 490 632 764 208 20 40 1
0 490 633 764 208 20 40 1
0 490 634 764 208 18 40 1
0 490 635 764 208 18 40 1
0 490 636 762 208 20 40 1
0 490 637 762 208 20 42 1
0 490 638 762 208 20 42 1
0 490 639 762 208 18 42 1
0 490 640 760 208 20 42 1
0 490 641 760 208 20 42 1
0 490 642 760 208 20 42 1
0 490 643 760 208 20 42 1
0 490 644 760 208 18 42 1
0 490 645 759 208 19 42 1
0 490 646 759 208 19 42 1
0 490 647 759 208 19 42 1
0 490 648 759 208 17 42 1
0 490 649 757 208 19 42 1
0 490 650 757 208 19 42 1
0 490 651 757 208 19 42 1
0 490 652 757 208 19 42 1
0 490 653 755 208 20 42 1
0 490 654 755 208 20 42 1
0 490 655 755 209 20 43 1
0 490 656 755 209 20 43 1
0 490 657 755 209 20 43 1
0 490 658 753 209 20 43 1
0 490 659 753 209 20 43 1
0 490 660 753 209 20 43 1
0 490 661 753 209 20 43 1
0 490 662 752 209 21 43 1
0 490 663 752 209 19 43 1
0 490 664 752 209 19 43 1
0 490 665 752 209 19 43 1
0 490 666 752 209 19 43 1
0 490 667 750 209 19 43 1
0 490 668 750 209 19 43 1
0 490 669 750 209 19 43 1
0 490 670 750 209 19 43 1
0 490 671 748 209 21 43 1
0 490 672 748 209 20 43 1
0 490 673 748 209 20 43 1
0 490 674 748 209 20 45 1
0 490 675 746 209 22 45 1
0 490 676 746 209 22 45 1
0 490 677 746 209 20 45 1
0 490 678 746 209 20 45 1
0 490 679 746 209 20 45 1
0 490 680 744 209 22 45 1
0 490 681 744 209 22 45 1
0 490 682 744 209 20 45 1
0 490 683 744 211 20 43 1
0 490 684 743 211 21 43 1
0 490 685 743 211 21 43 1
0 490 686 743 211 21 43 1
0 490 687 743 211 19 43 1
0 490 688 743 211 19 43 1
0 490 689 741 211 21 43 1
0 490 690 741 211 21 43 1
0 490 691 741 211 19 43 1
0 490 692 741 211 19 45 1
0 490 693 739 211 21 45 1
0 490 694 739 211 21 45 1
0 490 695 739 211 21 45 1
0 490 696 739 211 20 45 1
0 490 697 737 211 22 45 1
0 490 698 737 211 22 45 1
0 490 699 737 211 22 45 1
0 490 700 737 211 22 45 1
0 490 701 737 211 20 45 1
0 490 702 736 211 21 45 1
0 490 703 736 211 21 45 1
0 490 704 736 211 21 45 1
0 490 705 736 211 21 45 1
0 490 706 734 211 21 45 1
0 490 707 734 211 21 45 1
0 490 708 734 211 21 45 1
0 490 709 734 211 21 45 1
0 490 710 734 213 21 44 1
0 490 711 732 213 21 44 1
0 490 712 732 213 21 44 1
0 490 713 732 213 21 44 1
0 490 714 730 213 22 44 1
0 490 715 730 213 22 44 1
0 490 716 730 213 22 44 1
0 490 717 728 213 22 44 1
0 490 718 728 213 22 44 1
0 490 719 728 213 22 44 1
0 490 720 727 213 21 44 1
0 490 721 727 213 21 44 1
0 490 722 727 213 21 44 1
0 490 723 725 213 21 44 1
0 490 724 725 213 21 44 1
0 490 725 725 213 21 44 1
0 490 726 723 213 21 44 1
0 490 727 723 213 21 44 1
0 490 728 723 215 21 44 1
0 490 729 723 215 21 44 1
0 490 730 721 215 22 44 1
0 490 731 721 215 22 44 1
0 490 732 721 215 22 44 1
0 490 733 720 215 21 44 1
0 490 734 720 215 21 44 1
0 490 735 720 215 21 44 1
0 490 736 718 215 21 44 1
0 490 737 718 215 21 44 1
0 490 738 718 215 21 44 1
0 490 739 716 215 21 44 1
0 490 740 716 215 21 44 1
0 490 741 716 215 21 44 1
0 490 742 714 215 22 44 1
0 490 743 714 215 22 44 1
0 490 744 714 215 22 44 1
0 490 745 712 215 22 44 1
0 490 746 712 216 22 45 1
0 490 747 712 216 22 45 1
0 490 748 712 216 22 45 1
0 490 749 711 216 21 45 1
0 490 750 711 216 21 45 1
0 490 751 711 216 21 45 1
0 490 752 709 216 21 45 1
0 490 753 709 216 21 45 1
0 490 754 709 216 21 45 1
0 490 755 707 216 21 45 1
0 490 756 707 216 21 45 1
0 490 757 707 216 21 45 1
0 490 758 705 216 22 45 1
0 490 759 705 216 22 45 1
0 490 760 705 216 22 45 1
0 490 761 704 216 21 45 1
0 490 762 704 216 21 45 1
0 490 763 704 216 21 45 1
0 490 764 704 218 21 45 1
0 490 765 702 218 21 45 1
0 490 766 702 218 21 45 1
0 490 767 702 218 21 45 1
0 490 768 700 218 21 45 1
0 490 769 700 218 21 45 1
0 490 770 700 218 21 45 1
0 490 771 698 218 22 45 1
0 490 772 698 218 22 45 1
0 490 773 698 218 22 45 1
0 490 774 696 218 22 45 1
0 490 775 696 218 22 45 1
0 490 776 696 218 22 45 1
0 490 777 695 218 21 45 1
0 490 778 695 218 21 45 1
0 490 779 695 218 21 45 1
0 490 780 693 218 21 45 1
0 490 781 693 218 21 45 1
0 490 782 693 220 21 44 1
0 490 783 693 220 21 44 1
0 490 784 691 220 21 44 1
0 490 785 691 220 21 44 1
0 490 786 691 220 21 44 1
0 490 787 689 220 22 44 1
0 490 788 689 220 22 44 1
0 490 789 689 220 22 44 1
0 490 790 688 220 21 44 1
0 490 791 688 220 21 44 1
0 490 792 688 220 21 44 1
0 490 793 686 220 21 44 1
0 490 794 686 220 21 44 1
0 490 795 686 220 21 44 1
0 490 796 684 220 21 44 1
0 490 797 684 220 21 44 1
0 490 798 684 220 21 44 1
0 490 799 684 222 21 44 1
0 490 800 682 220 22 44 1
0 490 801 682 220 22 44 1
0 490 802 680 220 22 44 1
0 490 803 680 220 22 44 1
0 490 804 679 220 21 44 1
0 490 805 679 220 21 44 1
0 490 806 679 220 21 44 1
0 490 807 677 220 21 44 1
0 490 808 677 220 21 44 1
0 490 809 675 220 21 44 1
0 490 810 675 220 21 44 1
0 490 811 675 220 21 44 1
0 490 812 673 220 22 44 1
0 490 813 673 220 22 44 1
0 490 814 672 220 21 44 1
0 490 815 672 220 21 44 1
0 490 816 672 220 21 44 1
0 490 817 670 220 21 44 1
0 490 818 670 220 21 44 1
0 490 819 668 220 21 44 1
0 490 820 668 220 21 44 1
0 490 821 666 220 22 44 1
0 490 822 666 220 22 44 1
0 490 823 666 220 22 44 1
0 490 824 664 220 22 44 1
0 490 825 664 220 22 44 1
0 490 826 663 220 21 44 1
0 490 827 663 220 21 44 1
0 490 828 663 220 21 44 1
0 490 829 661 220 21 44 1
0 490 830 661 218 21 45 1
0 490 831 659 218 21 45 1
0 490 832 659 218 21 45 1
0 490 833 659 218 21 45 1
0 490 834 657 218 22 45 1
0 490 835 657 218 22 45 1
0 490 836 656 218 21 45 1
0 490 837 656 218 21 45 1
0 490 838 654 218 21 45 1
0 490 839 654 218 21 45 1
0 490 840 654 218 21 45 1
0 490 841 652 218 21 45 1
0 490 842 652 218 21 45 1
0 490 843 650 218 22 45 1
0 490 844 650 218 22 45 1
0 490 845 650 218 22 45 1
0 490 846 648 218 22 45 1
0 490 847 648 218 22 45 1
0 490 848 647 218 21 45 1
0 490 849 647 218 21 45 1
0 490 850 647 218 21 45 1
0 490 851 645 218 21 45 1
0 490 852 645 218 21 45 1
0 490 853 643 218 21 45 1
0 490 854 643 218 21 45 1
0 490 855 641 218 22 45 1
0 490 856 641 218 22 45 1
0 490 857 641 218 22 45 1
0 490 858 640 218 21 45 1
0 490 859 640 218 21 45 1
0 490 860 638 216 21 45 1
0 490 861 638 216 21 45 1
0 490 862 638 216 21 45 1
0 490 863 636 216 21 45 1
0 490 864 636 216 21 45 1
0 490 865 634 216 22 45 1
0 490 866 634 216 22 45 1
0 490 867 634 216 22 45 1
0 490 868 632 216 22 45 1
0 490 869 632 216 22 45 1
0 490 870 631 216 21 45 1
0 490 871 631 216 21 45 1
0 490 872 629 216 21 45 1
0 490 873 629 216 21 45 1
0 490 874 629 216 21 45 1
0 490 875 627 216 21 45 1
0 490 876 627 216 21 45 1
0 490 877 625 216 22 45 1
0 490 878 625 216 22 45 1
0 490 879 625 216 22 45 1
0 490 880 624 216 21 45 1
0 490 881 624 216 21 45 1
0 490 882 622 216 21 45 1
0 490 883 622 216 21 45 1
0 490 884 622 216 21 45 1
0 490 885 620 216 21 45 1
0 490 886 620 216 21 45 1
0 490 887 618 216 22 45 1
0 490 888 618 216 22 45 1
0 490 889 618 216 22 45 1
1 421 469 1025 199 23 48 1
1 421 470 1024 199 23 48 1
1 421 471 1024 199 23 48 1
1 421 472 1024 199 23 48 1
1 421 473 1024 199 23 48 1
1 421 474 1024 199 23 48 1
1 421 475 1022 199 23 48 1
1 421 476 1022 199 23 48 1
1 421 477 1022 199 23 48 1
1 421 478 1022 199 23 48 1
1 421 479 1022 199 23 48 1
1 421 480 1020 199 23 48 1
1 421 481 1020 199 23 48 1
1 421 482 1020 199 23 48 1
1 421 483 1018 199 23 48 1
1 421 484 1018 199 23 48 1
1 421 485 1018 199 23 48 1
1 421 486 1016 199 24 48 1
1 421 487 1016 199 24 48 1
1 421 488 1016 199 24 48 1
1 421 489 1016 199 24 48 1
1 421 490 1016 199 24 48 1
1 421 491 1016 199 24 48 1
1 421 492 1016 199 24 48 1
1 421 493 1016 199 24 48 1
1 421 494 1016 199 24 48 1
1 421 495 1016 199 24 48 1
1 421 496 1016 199 24 48 1
1 421 497 1016 199 24 48 1
1 421 498 1016 199 24 48 1
1 421 499 1016 199 24 48 1
1 421 500 1016 199 24 48 1
1 421 501 1018 199 23 48 1
1 421 502 1018 199 23 48 1
1 421 503 1020 199 23 48 1
1 421 504 1020 199 23 48 1
1 421 505 1022 199 23 48 1
1 421 506 1022 199 23 48 1
1 421 507 1024 199 23 48 1
1 421 508 1024 199 23 48 1
1 421 509 1025 199 23 48 1
1 421 510 1024 199 23 48 1
1 421 511 1024 199 23 48 1
1 421 512 1024 199 23 48 1
1 421 513 1024 199 23 48 1
1 421 514 1024 199 23 48 1
1 421 515 1024 199 23 48 1
1 421 516 1024 199 23 48 1
1 421 517 1024 199 23 48 1
1 421 518 1024 199 23 48 1
1 421 519 1024 199 23 48 1
1 421 520 1024 199 23 48 1
1 421 521 1024 199 23 48 1
1 421 522 1024 199 23 48 1
1 421 523 1024 199 23 48 1
1 421 524 1024 199 23 48 1
1 421 525 1024 199 23 48 1
1 421 526 1024 199 23 48 1
1 421 527 1024 199 23 48 1
1 421 528 1024 199 23 48 1
1 421 529 1024 199 23 48 1
1 421 530 1022 199 23 48 1
1 421 531 1022 199 23 48 1
1 421 532 1020 199 23 48 1
1 421 533 1020 199 23 48 1
1 421 534 1018 199 23 48 1
1 421 535 1018 199 23 48 1
1 421 536 1018 199 23 48 1
1 421 537 1016 199 24 48 1
1 421 538 1016 199 24 48 1
1 421 539 1016 199 24 48 1
1 421 540 1016 199 24 48 1
1 421 541 1016 199 24 48 1
1 421 542 1016 199 25 48 1
1 421 543 1016 199 25 48 1
1 421 544 1016 199 27 48 1
1 421 545 1016 199 27 48 1
1 421 546 1016 199 27 48 1
1 421 547 1016 199 29 48 1
1 421 548 1016 199 29 48 1
1 421 549 1016 199 31 48 1
1 421 550 1015 199 30 48 1
1 421 551 1015 199 30 48 1
1 421 552 1015 199 30 48 1
1 421 553 1015 199 30 48 1
1 421 554 1015 199 30 48 1
1 421 555 1013 199 30 48 1
1 421 556 1013 199 30 48 1
1 421 557 1013 199 30 48 1
1 421 558 1013 199 30 48 1
1 421 559 1013 199 30 48 1
1 421 560 1011 199 30 48 1
1 421 561 1011 199 30 48 1
1 421 562 1011 199 30 48 1
1 421 563 1011 199 30 48 1
1 421 564 1011 199 30 48 1
1 421 565 1009 199 31 48 1
1 421 566 1009 199 31 48 1
1 421 567 1009 199 31 48 1
1 421 568 1009 199 31 48 1
1 421 569 1009 199 31 48 1
1 421 570 1008 199 30 48 1
1 421 571 1008 199 30 48 1
1 421 572 1008 199 30 48 1
1 421 573 1008 199 30 48 1
1 421 574 1008 199 30 48 1
1 421 575 1006 199 30 48 1
1 421 576 1006 199 30 48 1
1 421 577 1006 199 30 48 1
1 421 578 1006 199 30 48 1
1 421 579 1006 199 30 48 1
1 421 580 1006 199 30 48 1
1 421 581 1004 199 30 48 1
1 421 582 1004 199 30 48 1
1 421 583 1004 199 30 48 1
1 421 584 1004 199 30 48 1
1 421 585 1004 199 30 48 1
1 421 586 1002 199 30 48 1
1 421 587 1002 199 30 48 1
1 421 588 1002 199 30 48 1
1 421 589 1002 199 30 48 1
1 421 590 1002 199 30 48 1
1 421 591 1002 200 30 48 1
1 421 592 1000 200 31 48 1
1 421 593 1000 200 31 48 1
1 421 594 1000 200 31 48 1
1 421 595 1000 200 31 48 1
1 421 596 1000 200 31 48 1
1 421 597 1000 200 31 48 1
1 421 598 1000 200 31 48 1
1 421 599 1000 202 31 48 1
1 421 600 999 202 30 48 1
1 421 601 997 202 30 48 1
1 421 602 995 202 30 48 1
1 421 603 995 202 30 48 1
1 421 604 993 202 31 48 1
1 421 605 993 202 31 48 1
1 421 606 992 202 30 48 1
1 421 607 992 202 30 48 1
1 421 608 990 202 30 48 1
1 421 609 990 202 28 48 1
1 421 610 988 202 30 48 1
1 421 611 988 202 28 48 1
1 421 612 986 202 30 48 1
1 421 613 986 202 29 48 1
1 421 614 984 202 31 48 1
1 421 615 984 202 29 48 1
1 421 616 983 202 28 48 1
1 421 617 983 202 28 48 1
1 421 618 981 202 28 48 1
1 421 619 981 202 28 48 1
1 421 620 979 202 29 48 1
1 421 621 979 202 29 48 1
1 421 622 977 202 29 48 1
1 421 623 977 202 29 50 1
1 421 624 976 202 28 50 1
1 421 625 976 202 26 50 1
1 421 626 974 202 28 50 1
1 421 627 974 202 26 50 1
1 421 628 972 202 28 50 1
1 421 629 972 202 27 50 1
1 421 630 970 202 29 50 1
1 421 631 970 202 27 50 1
1 421 632 968 202 27 50 1
1 421 633 968 202 27 50 1
1 421 634 967 202 26 50 1
1 421 635 967 202 26 50 1
1 421 636 965 202 27 50 1
1 421 637 965 202 27 50 1
1 421 638 963 202 27 50 1
1 421 639 963 202 25 50 1
1 421 640 961 202 27 50 1
1 421 641 961 202 25 50 1
1 421 642 960 202 26 50 1
1 421 643 960 202 24 50 1
1 421 644 958 202 26 50 1
1 421 645 958 202 25 50 1
1 421 646 956 202 27 52 1
1 421 647 956 202 25 52 1
1 421 648 954 202 25 52 1
1 421 649 954 202 25 52 1
1 421 650 952 202 25 52 1
1 421 651 952 202 25 52 1
1 421 652 951 202 25 52 1
1 421 653 951 202 25 52 1
1 421 654 949 202 25 52 1
1 421 655 949 202 23 52 1
1 421 656 947 202 25 52 1
1 421 657 947 202 23 52 1
1 421 658 945 202 25 52 1
1 421 659 945 202 23 52 1
1 421 660 944 202 24 52 1
1 421 661 944 202 23 52 1
1 421 662 942 202 23 52 1
1 421 663 942 202 23 52 1
1 421 664 940 202 23 52 1
1 421 665 940 202 23 52 1
1 421 666 938 202 23 52 1
1 421 667 938 202 23 52 1
1 421 668 936 202 24 52 1
1 421 669 936 204 24 52 1
1 421 670 935 204 23 50 1
1 421 671 933 204 23 50 1
1 421 672 933 204 23 50 1
1 421 673 931 204 23 50 1
1 421 674 929 204 23 50 1
1 421 675 929 204 23 50 1
1 421 676 928 204 23 50 1
1 421 677 928 204 23 50 1
1 421 678 926 204 23 50 1
1 421 679 924 204 23 50 1
1 421 680 924 204 23 50 1
1 421 681 922 204 23 50 1
1 421 682 920 204 24 50 1
1 421 683 920 204 24 50 1
1 421 684 919 204 23 50 1
1 421 685 919 204 23 50 1
1 421 686 917 204 23 50 1
1 421 687 915 204 23 50 1
1 421 688 915 204 23 50 1
1 421 689 913 204 23 50 1
1 421 690 912 204 23 50 1
1 421 691 912 204 23 50 1
1 421 692 910 204 23 50 1
1 421 693 910 204 23 50 1
1 421 694 908 204 23 50 1
1 421 695 906 204 23 50 1
1 421 696 906 204 23 50 1
1 421 697 904 204 24 50 1
1 421 698 903 204 23 50 1
1 421 699 903 204 23 50 1
1 421 700 901 204 23 50 1
1 421 701 901 204 23 50 1
1 421 702 899 204 23 50 1
1 421 703 897 206 23 48 1
1 421 704 897 206 23 48 1
1 421 705 896 206 23 48 1
1 421 706 894 206 23 48 1
1 421 707 894 206 23 48 1
1 421 708 892 206 23 48 1
1 421 709 892 206 23 48 1
1 421 710 890 206 23 48 1
1 421 711 888 206 24 48 1
1 421 712 888 206 24 48 1
1 421 713 887 206 23 48 1
1 421 714 885 206 23 48 1
1 421 715 885 206 23 48 1
1 421 716 883 206 23 48 1
1 421 717 883 206 23 48 1
1 421 718 881 206 23 48 1
1 421 719 880 206 23 48 1
1 421 720 880 206 23 48 1
1 421 721 878 206 23 48 1
1 421 722 876 206 23 48 1
1 421 723 876 206 23 48 1
1 421 724 874 206 23 48 1
1 421 725 874 206 23 48 1
1 421 726 872 206 24 48 1
1 421 727 871 206 23 48 1
1 421 728 871 206 23 48 1
1 421 729 869 206 23 48 1
1 421 730 867 206 23 48 1
1 421 731 867 206 23 48 1
1 421 732 865 206 23 48 1
1 421 733 865 206 23 48 1
1 421 734 864 206 23 48 1
1 421 735 862 206 23 48 1
1 421 736 862 208 23 46 1
1 421 737 860 208 23 46 1
1 421 738 858 208 23 46 1
1 421 739 858 208 23 46 1
1 421 740 856 208 24 46 1
1 421 741 856 208 24 46 1
1 421 742 855 208 23 46 1
1 421 743 853 208 23 46 1
1 421 744 853 208 23 46 1
1 421 745 851 208 23 46 1
1 421 746 849 208 23 46 1
1 421 747 849 208 23 46 1
1 421 748 848 208 23 46 1
1 421 749 848 208 23 46 1
1 421 750 846 208 23 46 1
1 421 751 844 208 23 46 1
1 421 752 844 208 23 46 1
1 421 753 842 208 23 46 1
1 421 754 840 208 24 46 1
1 421 755 840 208 24 46 1
1 421 756 839 208 23 46 1
1 421 757 839 208 23 46 1
1 421 758 837 208 23 46 1
1 421 759 835 208 23 46 1
1 421 760 835 208 23 46 1
1 421 761 833 208 23 46 1
1 421 762 832 208 23 46 1
1 421 763 832 208 23 46 1
1 421 764 830 208 23 46 1
1 421 765 830 208 23 46 1
1 421 766 828 208 23 46 1
1 421 767 826 208 23 46 1
1 421 768 826 208 23 46 1
1 421 769 824 209 24 45 1
1 421 770 823 209 23 45 1
1 421 771 823 209 23 45 1
1 421 772 821 209 23 45 1
1 421 773 821 209 23 45 1
1 421 774 819 209 23 45 1
1 421 775 817 209 23 45 1
1 421 776 817 209 23 45 1
1 421 777 816 209 23 45 1
1 421 778 814 209 23 45 1
1 421 779 814 209 23 45 1
1 421 780 812 209 23 45 1
1 421 781 812 209 23 45 1
1 421 782 810 209 23 45 1
1 421 783 808 209 24 45 1
1 421 784 808 209 24 45 1
1 421 785 807 209 23 45 1
1 421 786 805 209 23 45 1
1 421 787 805 209 23 45 1
1 421 788 803 209 23 45 1
1 421 789 803 209 23 45 1
1 421 790 801 209 23 45 1
1 421 791 800 209 23 45 1
1 421 792 800 209 23 45 1
1 421 793 798 209 23 45 1
1 421 794 796 209 23 45 1
1 421 795 796 209 23 45 1
1 421 796 794 209 23 45 1
1 421 797 794 209 23 45 1
1 421 798 792 209 24 45 1
1 421 799 791 209 23 45 1
1 421 800 791 209 23 45 1
1 421 801 789 209 23 45 1
1 421 802 789 211 23 43 1
1 421 803 787 211 23 41 1
1 421 804 787 211 23 41 1
1 421 805 787 211 23 41 1
1 421 806 787 211 23 41 1
1 421 807 787 211 23 41 1
1 421 808 787 211 23 41 1
1 421 809 787 211 23 41 1
1 421 810 787 211 23 41 1
1 421 811 785 211 23 41 1
1 421 812 785 211 23 41 1
1 421 813 785 211 23 41 1
1 421 814 785 211 23 41 1
1 421 815 785 211 23 41 1
1 421 816 785 211 23 41 1
1 421 817 785 211 23 41 1
1 421 818 785 211 23 41 1
1 421 819 784 211 23 41 1
1 421 820 784 211 23 41 1
1 421 821 784 211 23 41 1
1 421 822 784 211 23 41 1
1 421 823 784 211 23 41 1
1 421 824 784 211 23 41 1
1 421 825 784 211 23 41 1
1 421 826 784 211 23 41 1
1 421 827 784 211 23 41 1
1 421 828 782 211 23 41 1
1 421 829 782 211 23 41 1
1 421 830 782 211 23 41 1
1 421 831 782 211 23 41 1
1 421 832 782 211 23 41 1
1 421 833 782 211 23 41 1
1 421 834 782 211 23 41 1
1 421 835 782 211 23 41 1
1 421 836 780 211 23 41 1
1 421 837 780 211 23 41 1
1 421 838 780 211 23 41 1
1 421 839 780 211 23 41 1
1 421 840 780 211 23 41 1
1 421 841 780 211 23 41 1
1 421 842 780 211 23 41 1
1 421 843 780 211 23 41 1
1 421 844 780 211 23 41 1
1 421 845 778 211 23 41 1
1 421 846 778 211 23 41 1
1 421 847 778 211 23 41 1
1 421 848 778 211 23 41 1
1 421 849 778 211 23 41 1
1 421 850 778 211 23 41 1
1 421 851 778 211 23 41 1
1 421 852 778 211 23 41 1
1 421 853 776 211 24 41 1
1 421 854 776 211 24 41 1
1 421 855 776 211 24 41 1
1 421 856 776 211 24 41 1
1 421 857 776 211 24 41 1
1 421 858 776 211 24 41 1
1 421 859 776 211 24 41 1
1 421 860 776 211 24 41 1
1 421 861 776 213 24 39 1
1 421 862 776 213 24 39 1
1 421 863 776 213 24 39 1
1 421 864 776 213 24 39 1
1 421 865 776 213 24 39 1
1 421 866 776 213 24 39 1
1 421 867 776 213 24 39 1
1 421 868 776 213 24 39 1
1 421 869 776 213 24 39 1
1 421 870 776 213 24 39 1
1 421 871 776 213 24 39 1
1 421 872 776 213 24 39 1
1 421 873 776 213 24 39 1
1 421 874 776 213 24 39 1
1 421 875 776 213 24 39 1
1 421 876 776 213 24 39 1
1 421 877 776 213 24 39 1
1 421 878 776 213 24 39 1
1 421 879 776 213 24 39 1
1 421 880 776 213 24 39 1
1 421 881 776 213 24 39 1
1 421 882 776 213 24 39 1
1 421 883 776 213 24 39 1
1 421 884 776 213 24 39 1
1 421 885 776 213 24 39 1
1 421 886 776 213 24 39 1
1 421 887 776 213 24 39 1
1 421 888 776 213 24 39 1
1 421 889 776 213 24 39 1
2 354 536 1031 200 21 50 1
2 354 537 1029 200 21 50 1
2 354 538 1029 200 21 50 1
2 354 539 1029 200 21 50 1
2 354 540 1029 200 21 50 1
2 354 541 1029 200 21 50 1
2 354 542 1029 200 21 50 1
2 354 543 1029 200 21 50 1
2 354 544 1029 200 21 50 1
2 354 545 1029 200 21 50 1
2 354 546 1029 202 21 50 1
2 354 547 1027 200 21 50 1
2 354 548 1027 200 21 50 1
2 354 549 1027 200 21 50 1
2 354 550 1027 200 21 50 1
2 354 551 1027 200 21 50 1
2 354 552 1025 199 22 49 1
2 354 553 1025 199 22 49 1
2 354 554 1025 199 22 49 1
2 354 555 1025 199 22 49 1
2 354 556 1025 199 22 49 1
2 354 557 1024 199 21 49 1
2 354 558 1024 199 21 49 1
2 354 559 1022 199 21 49 1
2 354 560 1022 199 21 49 1
2 354 561 1022 199 21 49 1
2 354 562 1020 199 21 49 1
2 354 563 1020 199 21 49 1
2 354 564 1018 199 22 49 1
2 354 565 1018 199 22 49 1
2 354 566 1018 199 22 49 1
2 354 567 1016 199 22 49 1
2 354 568 1015 199 21 49 1
2 354 569 1013 199 21 49 1
2 354 570 1011 200 21 50 1
2 354 571 1009 200 22 50 1
2 354 572 1008 200 21 50 1
2 354 573 1006 202 21 50 1
2 354 574 1004 202 21 50 1
2 354 575 1002 202 22 50 1
2 354 576 1000 204 22 50 1
2 354 577 999 202 21 50 1
2 354 578 999 202 21 50 1
2 354 579 999 202 21 50 1
2 354 580 999 202 21 50 1
2 354 581 999 202 21 50 1
2 354 582 999 202 21 50 1
2 354 583 999 202 21 50 1
2 354 584 999 202 21 50 1
2 354 585 999 202 21 50 1
2 354 586 999 202 21 50 1
2 354 587 997 202 21 50 1
2 354 588 995 202 21 50 1
2 354 589 995 202 21 50 1
2 354 590 993 202 22 50 1
2 354 591 993 202 22 50 1
2 354 592 992 202 21 50 1
2 354 593 992 202 21 50 1
2 354 594 990 202 21 50 1
2 354 595 990 202 21 50 1
2 354 596 990 204 21 50 1
2 354 597 988 204 21 50 1
2 354 598 986 204 22 50 1
2 354 599 984 204 22 50 1
2 354 600 984 204 22 50 1
2 354 601 983 204 21 48 1
2 354 602 981 204 21 48 1
2 354 603 981 204 21 48 1
2 354 604 979 204 21 48 1
2 354 605 979 204 20 48 1
2 354 606 977 204 22 48 1
2 354 607 976 204 21 48 1
2 354 608 976 204 19 48 1
2 354 609 974 204 21 48 1
2 354 610 974 204 19 48 1
2 354 611 972 204 21 48 1
2 354 612 970 204 22 48 1
2 354 613 970 204 20 48 1
2 354 614 968 204 22 48 1
2 354 615 968 204 20 48 1
2 354 616 967 204 19 48 1
2 354 617 965 204 21 48 1
2 354 618 965 204 19 48 1
2 354 619 963 204 20 48 1
2 354 620 963 204 20 48 1
2 354 621 961 204 20 48 1
2 354 622 961 204 20 48 1
2 354 623 960 204 19 46 1
2 354 624 958 204 19 46 1
2 354 625 958 204 19 46 1
2 354 626 956 204 20 46 1
2 354 627 956 204 18 46 1
2 354 628 954 204 20 46 1
2 354 629 952 204 20 46 1
2 354 630 952 204 18 46 1
2 354 631 951 204 19 46 1
2 354 632 951 204 17 46 1
2 354 633 949 204 19 46 1
2 354 634 947 204 20 46 1
2 354 635 947 204 18 46 1
2 354 636 945 204 20 46 1
2 354 637 945 204 18 46 1
2 354 638 944 204 17 46 1
2 354 639 942 204 19 46 1
2 354 640 942 204 18 46 1
2 354 641 940 204 18 46 1
2 354 642 940 204 18 46 1
2 354 643 938 204 18 46 1
2 354 644 938 206 18 44 1
2 354 645 936 206 18 44 1
2 354 646 935 206 17 44 1
2 354 647 935 206 17 44 1
2 354 648 933 206 18 44 1
2 354 649 931 206 18 44 1
2 354 650 931 206 18 44 1
2 354 651 929 206 18 44 1
2 354 652 929 206 18 44 1
2 354 653 928 206 17 44 1
2 354 654 926 206 18 44 1
2 354 655 926 206 18 44 1
2 354 656 924 206 18 44 1
2 354 657 922 206 18 44 1
2 354 658 922 206 18 44 1
2 354 659 920 206 18 44 1
2 354 660 920 206 18 44 1
2 354 661 919 206 17 44 1
2 354 662 917 206 18 44 1
2 354 663 917 206 18 44 1
2 354 664 915 206 18 44 1
2 354 665 913 206 18 44 1
2 354 666 913 206 18 44 1
2 354 667 912 206 17 44 1
2 354 668 912 206 17 44 1
2 354 669 910 206 18 44 1
2 354 670 908 206 18 44 1
2 354 671 908 206 18 44 1
2 354 672 906 206 18 44 1
2 354 673 904 206 18 44 1
2 354 674 904 206 18 44 1
2 354 675 903 206 17 44 1
2 354 676 903 206 17 44 1
2 354 677 901 206 18 44 1
2 354 678 899 206 18 44 1
2 354 679 899 206 18 44 1
2 354 680 897 206 18 44 1
2 354 681 897 208 18 44 1
2 354 682 896 206 17 44 1
2 354 683 894 206 18 44 1
2 354 684 894 206 18 44 1
2 354 685 892 206 18 44 1
2 354 686 892 206 18 44 1
2 354 687 890 206 18 44 1
2 354 688 890 206 18 44 1
2 354 689 888 206 18 44 1
2 354 690 888 206 18 44 1
2 354 691 887 206 17 44 1
2 354 692 887 206 17 44 1
2 354 693 885 206 18 44 1
2 354 694 885 206 18 44 1
2 354 695 883 206 18 44 1
2 354 696 883 206 18 44 1
2 354 697 881 206 18 44 1
2 354 698 881 206 18 44 1
2 354 699 880 206 17 44 1
2 354 700 880 206 17 44 1
2 354 701 878 206 18 44 1
2 354 702 876 206 18 44 1
2 354 703 876 206 18 44 1
2 354 704 874 206 18 44 1
2 354 705 874 206 18 44 1
2 354 706 872 206 18 44 1
2 354 707 872 206 18 44 1
2 354 708 871 206 17 44 1
2 354 709 871 206 17 44 1
2 354 710 869 206 18 44 1
2 354 711 869 206 18 44 1
2 354 712 867 206 18 44 1
2 354 713 867 206 18 44 1
2 354 714 865 206 18 44 1
2 354 715 865 206 18 44 1
2 354 716 864 206 17 44 1
2 354 717 864 206 17 44 1
2 354 718 862 206 18 44 1
2 354 719 862 206 18 44 1
2 354 720 860 206 18 44 1
2 354 721 858 206 18 44 1
2 354 722 858 206 18 44 1
2 354 723 856 206 18 44 1
2 354 724 856 206 18 44 1
2 354 725 855 206 17 44 1
2 354 726 855 206 17 44 1
2 354 727 853 206 18 44 1
2 354 728 853 206 18 44 1
2 354 729 851 206 18 44 1
2 354 730 851 206 18 44 1
2 354 731 849 206 18 44 1
2 354 732 849 206 18 44 1
2 354 733 848 206 17 44 1
2 354 734 848 206 17 44 1
2 354 735 846 206 18 44 1
2 354 736 846 206 18 44 1
2 354 737 844 206 18 44 1
2 354 738 844 206 18 44 1
2 354 739 842 206 18 44 1
2 354 740 842 206 18 44 1
2 354 741 840 206 18 44 1
2 354 742 840 206 18 44 1
2 354 743 839 206 17 44 1
2 354 744 839 206 17 44 1
2 354 745 837 206 18 44 1
2 354 746 837 206 18 44 1
2 354 747 835 206 18 44 1
2 354 748 835 206 18 44 1
2 354 749 833 206 18 44 1
2 354 750 833 206 18 44 1
2 354 751 832 206 17 44 1
2 354 752 832 206 17 44 1
2 354 753 830 206 18 44 1
2 354 754 830 206 18 44 1
2 354 755 828 206 18 44 1
2 354 756 828 206 18 44 1
2 354 757 826 206 18 44 1
2 354 758 826 206 18 44 1
2 354 759 824 206 18 44 1
2 354 760 824 206 18 44 1
2 354 761 823 206 17 44 1
2 354 762 823 206 17 44 1
2 354 763 821 206 18 44 1
2 354 764 821 206 18 44 1
2 354 765 819 206 18 44 1
2 354 766 819 206 18 44 1
2 354 767 817 206 18 44 1
2 354 768 817 206 18 44 1
2 354 769 816 206 17 44 1
2 354 770 816 206 17 44 1
2 354 771 814 206 18 44 1
2 354 772 814 206 18 44 1
2 354 773 812 206 18 44 1
2 354 774 812 206 18 44 1
2 354 775 812 208 18 44 1
2 354 776 810 208 18 44 1
2 354 777 808 208 18 44 1
2 354 778 808 208 18 44 1
2 354 779 807 208 17 44 1
2 354 780 807 208 17 44 1
2 354 781 805 208 18 44 1
2 354 782 805 208 18 44 1
2 354 783 803 208 18 44 1
2 354 784 803 208 18 44 1
2 354 785 801 208 18 44 1
2 354 786 801 208 18 44 1
2 354 787 800 208 17 44 1
2 354 788 800 208 17 44 1
2 354 789 798 208 18 44 1
2 354 790 798 208 18 44 1
2 354 791 796 208 18 44 1
2 354 792 796 208 18 44 1
2 354 793 794 208 18 44 1
2 354 794 794 208 18 44 1
2 354 795 792 208 18 44 1
2 354 796 792 209 18 45 1
2 354 797 791 209 17 45 1
2 354 798 791 209 17 45 1
2 354 799 789 209 18 45 1
2 354 800 789 209 18 45 1
2 354 801 787 209 18 45 1
2 354 802 787 209 18 45 1
2 354 803 785 209 18 45 1
2 354 804 785 209 18 45 1
2 354 805 784 209 17 45 1
2 354 806 784 209 17 45 1
2 354 807 782 209 18 45 1
2 354 808 782 209 18 45 1
2 354 809 780 209 18 45 1
2 354 810 780 209 18 45 1
2 354 811 778 209 18 45 1
2 354 812 778 209 18 45 1
2 354 813 776 209 18 45 1
2 354 814 776 209 18 45 1
2 354 815 775 209 17 45 1
2 354 816 775 211 17 45 1
2 354 817 775 211 17 45 1
2 354 818 775 211 17 45 1
2 354 819 775 211 17 45 1
2 354 820 775 211 17 45 1
2 354 821 775 211 17 45 1
2 354 822 775 211 17 45 1
2 354 823 775 211 17 45 1
2 354 824 775 211 17 45 1
2 354 825 775 211 17 45 1
2 354 826 775 211 17 45 1
2 354 827 775 211 17 45 1
2 354 828 775 211 17 45 1
2 354 829 775 211 17 45 1
2 354 830 775 211 17 45 1
2 354 831 775 211 17 45 1
2 354 832 775 211 17 45 1
2 354 833 775 211 17 45 1
2 354 834 775 211 17 45 1
2 354 835 775 211 17 45 1
2 354 836 775 211 17 45 1
2 354 837 775 211 17 45 1
2 354 838 775 211 17 45 1
2 354 839 775 211 17 45 1
2 354 840 775 211 17 45 1
2 354 841 775 211 17 45 1
2 354 842 775 211 17 45 1
2 354 843 775 211 17 45 1
2 354 844 775 211 17 45 1
2 354 845 775 211 17 45 1
2 354 846 775 211 17 45 1
2 354 847 775 211 17 45 1
2 354 848 775 211 17 45 1
2 354 849 775 211 17 45 1
2 354 850 775 211 17 45 1
2 354 851 775 211 17 45 1
2 354 852 775 211 17 45 1
2 354 853 775 211 17 45 1
2 354 854 775 211 17 45 1
2 354 855 775 211 17 45 1
2 354 856 775 211 17 45 1
2 354 857 775 211 17 45 1
2 354 858 775 211 17 45 1
2 354 859 775 211 17 45 1
2 354 860 775 211 17 45 1
2 354 861 775 211 17 45 1
2 354 862 775 211 17 45 1
2 354 863 775 211 17 45 1
2 354 864 775 211 17 45 1
2 354 865 775 211 17 45 1
2 354 866 775 211 17 45 1
2 354 867 775 211 17 45 1
2 354 868 775 211 17 45 1
2 354 869 775 211 17 45 1
2 354 870 775 211 17 45 1
2 354 871 775 211 17 45 1
2 354 872 775 211 17 45 1
2 354 873 775 211 17 45 1
2 354 874 775 211 17 45 1
2 354 875 775 211 17 45 1
2 354 876 775 211 17 45 1
2 354 877 775 211 17 45 1
2 354 878 775 211 17 45 1
2 354 879 775 211 17 45 1
2 354 880 775 211 17 45 1
2 354 881 775 211 17 45 1
2 354 882 775 211 17 45 1
2 354 883 775 211 17 45 1
2 354 884 775 211 17 45 1
2 354 885 775 211 17 45 1
2 354 886 775 211 17 45 1
2 354 887 775 211 17 45 1
2 354 888 775 211 17 45 1
2 354 889 775 211 17 45 1
3 289 171 1262 197 16 46 1
3 289 172 1260 195 16 46 1
3 289 173 1258 195 18 46 1
3 289 174 1256 195 20 46 1
3 289 175 1256 195 20 46 1
3 289 176 1255 195 21 46 1
3 289 177 1253 195 21 46 1
3 289 178 1253 195 21 46 1
3 289 179 1251 195 23 46 1
3 289 180 1249 195 25 46 1
3 289 181 1249 195 25 46 1
3 289 182 1248 195 24 46 1
3 289 183 1246 195 25 46 1
3 289 184 1244 195 25 46 1
3 289 185 1244 195 25 46 1
3 289 186 1242 195 25 48 1
3 289 187 1240 195 25 48 1
3 289 188 1240 195 25 48 1
3 289 189 1239 195 25 48 1
3 289 190 1237 195 25 48 1
3 289 191 1237 197 25 48 1
3 289 192 1235 197 25 48 1
3 289 193 1233 197 25 48 1
3 289 194 1232 197 24 48 1
3 289 195 1232 197 24 48 1
3 289 196 1230 197 25 50 1
3 289 197 1228 197 25 50 1
3 289 198 1228 197 25 50 1
3 289 199 1226 197 25 50 1
3 289 200 1224 197 25 50 1
3 289 201 1224 199 25 49 1
3 289 202 1223 199 25 49 1
3 289 203 1221 199 25 49 1
3 289 204 1219 199 25 49 1
3 289 205 1217 199 25 49 1
3 289 206 1216 199 24 49 1
3 289 207 1214 199 25 49 1
3 289 208 1214 199 25 49 1
3 289 209 1212 199 25 49 1
3 289 210 1210 199 25 49 1
3 289 211 1208 199 25 49 1
3 289 212 1207 199 25 49 1
3 289 213 1205 199 25 49 1
3 289 214 1203 199 25 49 1
3 289 215 1203 199 25 49 1
3 289 216 1201 199 25 49 1
3 289 217 1200 199 24 49 1
3 289 218 1198 199 25 49 1
3 289 219 1196 199 25 49 1
3 289 220 1194 199 25 49 1
3 289 221 1194 199 25 51 1
3 289 222 1192 199 25 51 1
3 289 223 1191 199 25 51 1
3 289 224 1189 199 25 51 1
3 289 225 1187 199 25 51 1
3 289 226 1185 199 25 51 1
3 289 227 1184 199 24 51 1
3 289 228 1184 200 24 52 1
3 289 229 1182 200 25 52 1
3 289 230 1180 200 25 52 1
3 289 231 1178 200 25 52 1
3 289 232 1176 200 25 52 1
3 289 233 1175 200 25 52 1
3 289 234 1173 200 25 52 1
3 289 235 1173 202 25 52 1
3 289 236 1171 202 25 52 1
3 289 237 1169 202 25 52 1
3 289 238 1168 202 24 52 1
3 289 239 1166 202 25 52 1
3 289 240 1164 202 25 52 1
3 289 241 1164 204 25 52 1
3 289 242 1162 202 25 52 1
3 289 243 1160 202 25 52 1
3 289 244 1159 202 25 52 1
3 289 245 1157 202 25 52 1
3 289 246 1155 202 25 52 1
3 289 247 1153 202 25 52 1
3 289 248 1152 200 24 52 1
3 289 249 1150 200 25 52 1
3 289 250 1148 200 25 52 1
3 289 251 1146 200 25 52 1
3 289 252 1144 200 25 52 1
3 289 253 1143 200 25 52 1
3 289 254 1141 200 25 52 1
3 289 255 1139 199 25 51 1
3 289 256 1137 199 25 51 1
3 289 257 1136 199 24 51 1
3 289 258 1134 199 25 51 1
3 289 259 1132 199 25 51 1
3 289 260 1130 199 25 51 1
3 289 261 1130 199 25 51 1
3 289 262 1128 199 25 51 1
3 289 263 1127 199 25 51 1
3 289 264 1125 199 25 51 1
3 289 265 1123 199 25 51 1
3 289 266 1121 199 25 51 1
3 289 267 1120 199 24 51 1
3 289 268 1118 199 25 51 1
3 289 269 1116 199 25 51 1
3 289 270 1114 199 25 51 1
3 289 271 1114 199 25 51 1
3 289 272 1112 199 25 51 1
3 289 273 1111 199 25 51 1
3 289 274 1109 199 25 51 1
3 289 275 1107 199 25 51 1
3 289 276 1105 199 25 51 1
3 289 277 1104 199 24 51 1
3 289 278 1102 199 25 51 1
3 289 279 1100 199 25 51 1
3 289 280 1098 199 25 51 1
3 289 281 1098 199 25 51 1
3 289 282 1096 199 25 51 1
3 289 283 1095 199 25 51 1
3 289 284 1093 199 25 51 1
3 289 285 1093 199 25 51 1
3 289 286 1091 199 25 51 1
3 289 287 1089 199 25 51 1
3 289 288 1089 199 25 51 1
3 289 289 1088 199 24 51 1
3 289 290 1086 199 25 51 1
3 289 291 1086 199 25 51 1
3 289 292 1084 199 25 51 1
3 289 293 1082 199 25 51 1
3 289 294 1082 199 25 51 1
3 289 295 1080 199 25 51 1
3 289 296 1079 199 25 51 1
3 289 297 1079 199 25 51 1
3 289 298 1077 199 25 51 1
3 289 299 1075 199 25 51 1
3 289 300 1075 200 25 52 1
3 289 301 1073 200 25 52 1
3 289 302 1072 200 24 52 1
3 289 303 1070 200 25 52 1
3 289 304 1070 200 25 52 1
3 289 305 1068 200 25 52 1
3 289 306 1066 200 25 52 1
3 289 307 1064 200 27 52 1
3 289 308 1064 200 25 52 1
3 289 309 1063 200 25 52 1
3 289 310 1061 200 27 52 1
3 289 311 1061 200 25 52 1
3 289 312 1059 200 25 52 1
3 289 313 1057 200 27 52 1
3 289 314 1056 200 26 52 1
3 289 315 1056 200 24 52 1
3 289 316 1054 200 25 52 1
3 289 317 1052 200 27 52 1
3 289 318 1052 200 25 52 1
3 289 319 1050 200 25 52 1
3 289 320 1048 200 27 52 1
3 289 321 1047 200 26 54 1
3 289 322 1047 200 25 54 1
3 289 323 1045 200 27 54 1
3 289 324 1043 200 27 54 1
3 289 325 1041 200 27 54 1
3 289 326 1041 200 27 54 1
3 289 327 1040 200 26 54 1
3 289 328 1038 200 26 54 1
3 289 329 1038 200 26 54 1
3 289 330 1036 200 27 54 1
3 289 331 1034 200 27 54 1
3 289 332 1032 200 27 54 1
3 289 333 1032 200 27 54 1
3 289 334 1031 200 26 54 1
3 289 335 1029 200 27 54 1
3 289 336 1029 200 27 54 1
3 289 337 1027 200 27 54 1
3 289 338 1025 200 27 54 1
3 289 339 1024 200 28 54 1
3 289 340 1024 200 26 54 1
3 289 341 1022 200 26 56 1
3 289 342 1020 200 28 56 1
3 289 343 1018 200 29 56 1
3 289 344 1018 200 27 56 1
3 289 345 1016 200 29 56 1
3 289 346 1015 200 28 56 1
3 289 347 1015 200 26 56 1
3 289 348 1013 200 27 56 1
3 289 349 1011 200 29 56 1
3 289 350 1009 200 29 56 1
3 289 351 1009 200 27 56 1
3 289 352 1008 200 28 56 1
3 289 353 1006 200 28 56 1
3 289 354 1006 200 26 56 1
3 289 355 1004 200 28 56 1
3 289 356 1002 200 29 56 1
3 289 357 1000 200 29 56 1
3 289 358 1000 200 29 56 1
3 289 359 999 200 28 56 1
3 289 360 997 200 28 56 1
3 289 361 997 202 28 55 1
3 289 362 995 202 29 55 1
3 289 363 995 202 29 55 1
3 289 364 995 202 27 55 1
3 289 365 995 202 27 55 1
3 289 366 993 202 27 55 1
3 289 367 993 202 27 55 1
3 289 368 993 202 25 55 1
3 289 369 993 202 25 55 1
3 289 370 993 202 25 55 1
3 289 371 992 202 26 55 1
3 289 372 992 202 26 55 1
3 289 373 992 202 26 55 1
3 289 374 992 202 26 55 1
3 289 375 992 202 26 55 1
3 289 376 990 202 28 55 1
3 289 377 990 202 28 55 1
3 289 378 990 202 28 55 1
3 289 379 990 202 28 55 1
3 289 380 990 202 28 55 1
3 289 381 990 202 28 55 1
3 289 382 990 202 28 55 1
3 289 383 992 202 28 55 1
3 289 384 992 202 28 55 1
3 289 385 992 202 28 55 1
3 289 386 993 202 29 55 1
3 289 387 993 202 29 55 1
3 289 388 993 202 29 55 1
3 289 389 995 202 29 55 1
3 289 390 995 202 29 55 1
3 289 391 995 202 29 55 1
3 289 392 997 202 28 55 1
3 289 393 997 202 28 55 1
3 289 394 997 202 28 55 1
3 289 395 999 202 28 55 1
3 289 396 999 202 28 55 1
3 289 397 999 202 28 55 1
3 289 398 1000 202 29 55 1
3 289 399 1000 202 29 55 1
3 289 400 1002 202 29 55 1
3 289 401 1002 200 29 56 1
3 289 402 1004 200 27 56 1
3 289 403 1004 200 28 56 1
3 289 404 1006 200 26 56 1
3 289 405 1006 200 28 56 1
3 289 406 1008 200 26 54 1
3 289 407 1008 200 26 54 1
3 289 408 1009 200 27 54 1
3 289 409 1009 200 27 54 1
3 289 410 1011 200 27 54 1
3 289 411 1013 199 25 53 1
3 289 412 1013 199 25 53 1
3 289 413 1015 199 25 53 1
3 289 414 1015 199 25 53 1
3 289 415 1016 199 25 53 1
3 289 416 1016 199 25 51 1
3 289 417 1018 199 23 51 1
3 289 418 1018 199 25 51 1
3 289 419 1020 199 23 51 1
3 289 420 1022 199 23 51 1
3 289 421 1022 197 23 51 1
3 289 422 1022 197 23 51 1
3 289 423 1022 197 23 51 1
3 289 424 1022 197 23 51 1
3 289 425 1024 197 23 51 1
3 289 426 1024 197 23 51 1
3 289 427 1024 197 23 51 1
3 289 428 1024 197 23 51 1
3 289 429 1024 197 23 51 1
3 289 430 1025 197 23 51 1
3 289 431 1025 197 23 51 1
3 289 432 1025 197 23 51 1
3 289 433 1025 197 23 51 1
3 289 434 1025 197 23 51 1
3 289 435 1027 197 23 51 1
3 289 436 1027 197 23 51 1
3 289 437 1027 197 23 51 1
3 289 438 1027 197 23 51 1
3 289 439 1027 197 23 51 1
3 289 440 1029 197 23 51 1
3 289 441 1029 197 23 51 1
3 289 442 1029 197 23 51 1
3 289 443 1029 197 23 51 1
3 289 444 1031 197 23 51 1
3 289 445 1031 197 23 51 1
3 289 446 1031 197 23 51 1
3 289 447 1032 197 24 51 1
3 289 448 1032 197 24 51 1
3 289 449 1032 197 24 51 1
3 289 450 1034 197 23 51 1
3 289 451 1034 197 23 51 1
3 289 452 1034 197 23 51 1
3 289 453 1034 197 23 51 1
3 289 454 1034 197 23 51 1
3 289 455 1034 197 23 51 1
3 289 456 1034 197 23 51 1
3 289 457 1034 197 23 51 1
3 289 458 1034 197 23 51 1
3 289 459 1034 197 23 51 1
4 31 591 78 314 23 55 1
4 31 592 76 312 23 56 1
4 31 593 76 312 23 56 1
4 31 594 76 312 23 56 1
4 31 595 74 312 23 56 1
4 31 596 74 312 23 56 1
4 31 597 74 311 23 55 1
4 31 598 72 311 24 55 1
4 31 599 72 311 24 55 1
4 31 600 72 311 24 55 1
4 31 601 72 311 24 55 1
4 31 602 71 311 23 55 1
4 31 603 71 311 23 55 1
4 31 604 71 311 23 55 1
4 31 605 71 311 23 55 1
4 31 606 71 311 23 55 1
4 31 607 71 311 23 55 1
4 31 608 71 311 23 55 1
4 31 609 71 311 23 55 1
4 31 610 71 311 23 55 1
4 31 611 71 311 23 55 1
4 31 612 71 311 23 55 1
4 31 613 71 311 23 55 1
4 31 614 71 311 23 55 1
4 31 615 71 311 23 55 1
4 31 616 71 311 23 55 1
4 31 617 71 311 23 55 1
4 31 618 71 311 23 55 1
4 31 619 71 311 23 55 1
4 31 620 71 311 23 55 1
4 31 621 71 311 23 55 1
5 340 0 734 209 21 43 1
5 340 1 734 208 21 42 1
5 340 2 734 208 21 42 1
5 340 3 734 208 21 42 1
5 340 4 734 208 21 42 1
5 340 5 736 208 21 42 1
5 340 6 736 208 21 42 1
5 340 7 736 208 21 42 1
5 340 8 736 208 21 42 1
5 340 9 737 208 22 42 1
5 340 10 737 208 22 42 1
5 340 11 737 208 22 42 1
5 340 12 737 208 22 42 1
5 340 13 739 208 21 42 1
5 340 14 739 208 21 42 1
5 340 15 739 208 21 42 1
5 340 16 739 208 21 42 1
5 340 17 739 208 21 42 1
5 340 18 741 208 21 42 1
5 340 19 741 208 21 42 1
5 340 20 741 208 21 42 1
5 340 21 741 208 21 42 1
5 340 22 743 208 21 42 1
5 340 23 743 208 21 42 1
5 340 24 743 208 21 42 1
5 340 25 743 208 21 42 1
5 340 26 744 208 22 42 1
5 340 27 744 208 22 42 1
5 340 28 744 208 22 42 1
5 340 29 744 208 22 42 1
5 340 30 746 208 22 42 1
5 340 31 746 206 22 42 1
5 340 32 746 206 22 42 1
5 340 33 746 206 22 42 1
5 340 34 748 206 21 42 1
5 340 35 748 206 21 42 1
5 340 36 748 206 21 42 1
5 340 37 748 206 21 42 1
5 340 38 750 206 21 42 1
5 340 39 750 206 21 42 1
5 340 40 750 206 21 42 1
5 340 41 752 206 21 42 1
5 340 42 752 206 21 42 1
5 340 43 752 206 21 42 1
5 340 44 752 206 21 42 1
5 340 45 753 206 22 42 1
5 340 46 753 206 22 42 1
5 340 47 753 206 22 42 1
5 340 48 753 206 22 42 1
5 340 49 755 206 21 42 1
5 340 50 755 206 21 42 1
5 340 51 755 204 21 43 1
5 340 52 757 204 21 43 1
5 340 53 757 204 21 43 1
5 340 54 757 204 21 43 1
5 340 55 757 204 21 43 1
5 340 56 759 204 21 43 1
5 340 57 759 204 21 43 1
5 340 58 759 204 21 43 1
5 340 59 759 204 21 43 1
5 340 60 760 204 22 43 1
5 340 61 760 204 22 43 1
5 340 62 760 204 22 43 1
5 340 63 762 204 22 43 1
5 340 64 762 204 22 43 1
5 340 65 762 204 22 43 1
5 340 66 762 204 22 43 1
5 340 67 764 204 21 43 1
5 340 68 764 204 21 43 1
5 340 69 764 204 21 43 1
5 340 70 766 204 21 43 1
5 340 71 766 202 21 43 1
5 340 72 766 202 21 43 1
5 340 73 766 202 21 43 1
5 340 74 766 202 21 43 1
5 340 75 768 202 21 43 1
5 340 76 768 202 21 43 1
5 340 77 768 202 21 43 1
5 340 78 768 202 21 43 1
5 340 79 769 202 22 43 1
5 340 80 769 202 22 43 1
5 340 81 769 202 22 43 1
5 340 82 769 202 22 43 1
5 340 83 769 202 22 43 1
5 340 84 771 202 21 43 1
5 340 85 771 202 21 43 1
5 340 86 771 202 21 43 1
5 340 87 771 202 21 43 1
5 340 88 773 202 21 43 1
5 340 89 773 202 21 43 1
5 340 90 773 202 21 43 1
5 340 91 773 200 21 43 1
5 340 92 773 200 21 43 1
5 340 93 775 200 21 43 1
5 340 94 775 200 21 43 1
5 340 95 775 200 21 43 1
5 340 96 775 200 21 43 1
5 340 97 776 200 22 43 1
5 340 98 776 200 22 43 1
5 340 99 776 200 22 43 1
5 340 100 776 200 22 43 1
5 340 101 776 200 22 43 1
5 340 102 778 200 22 43 1
5 340 103 778 200 22 43 1
5 340 104 778 200 22 43 1
5 340 105 778 200 22 43 1
5 340 106 780 200 21 43 1
5 340 107 780 200 21 43 1
5 340 108 780 200 21 43 1
5 340 109 780 200 21 43 1
5 340 110 782 200 21 43 1
5 340 111 782 200 21 43 1
5 340 112 782 200 21 43 1
5 340 113 782 200 21 43 1
5 340 114 782 200 21 43 1
5 340 115 784 200 21 43 1
5 340 116 784 200 21 43 1
5 340 117 784 200 21 43 1
5 340 118 784 200 21 43 1
5 340 119 784 200 21 43 1
5 340 120 785 200 22 43 1
5 340 121 785 200 22 43 1
5 340 122 785 200 22 43 1
5 340 123 785 200 22 43 1
5 340 124 785 200 22 43 1
5 340 125 787 200 21 43 1
5 340 126 787 200 21 43 1
5 340 127 787 200 21 43 1
5 340 128 787 200 21 43 1
5 340 129 787 200 21 43 1
5 340 130 789 200 21 43 1
5 340 131 789 200 21 43 1
5 340 132 789 200 21 43 1
5 340 133 789 200 21 43 1
5 340 134 789 200 21 43 1
5 340 135 791 200 21 43 1
5 340 136 791 200 21 43 1
5 340 137 791 200 21 43 1
5 340 138 791 200 21 43 1
5 340 139 791 200 21 43 1
5 340 140 792 200 22 43 1
5 340 141 792 200 22 43 1
5 340 142 792 200 22 43 1
5 340 143 792 200 22 43 1
5 340 144 792 200 22 43 1
5 340 145 794 200 22 43 1
5 340 146 794 200 22 43 1
5 340 147 794 200 22 43 1
5 340 148 794 200 22 43 1
5 340 149 794 200 22 43 1
5 340 150 796 200 21 43 1
5 340 151 796 200 21 43 1
5 340 152 796 200 21 43 1
5 340 153 796 200 21 43 1
5 340 154 796 200 21 43 1
5 340 155 796 200 21 43 1
5 340 156 798 200 21 43 1
5 340 157 798 200 21 43 1
5 340 158 798 200 21 43 1
5 340 159 798 200 21 43 1
5 340 160 798 200 21 43 1
5 340 161 798 200 21 43 1
5 340 162 800 200 21 43 1
5 340 163 800 200 21 43 1
5 340 164 800 200 21 43 1
5 340 165 800 200 21 43 1
5 340 166 800 200 21 43 1
5 340 167 800 200 21 43 1
5 340 168 801 200 22 43 1
5 340 169 801 200 22 43 1
5 340 170 801 202 22 43 1
5 340 171 801 202 22 43 1
5 340 172 801 202 22 43 1
5 340 173 803 202 21 43 1
5 340 174 803 202 21 43 1
5 340 175 803 202 21 43 1
5 340 176 803 202 21 43 1
5 340 177 803 202 21 43 1
5 340 178 803 202 21 43 1
5 340 179 805 202 21 43 1
5 340 180 805 202 21 43 1
5 340 181 805 202 21 43 1
5 340 182 805 202 21 43 1
5 340 183 805 202 21 43 1
5 340 184 805 202 21 43 1
5 340 185 807 202 21 43 1
5 340 186 807 202 21 43 1
5 340 187 807 202 21 43 1
5 340 188 807 202 21 43 1
5 340 189 807 202 21 43 1
5 340 190 808 204 22 43 1
5 340 191 808 202 22 43 1
5 340 192 808 202 22 43 1
5 340 193 808 202 22 43 1
5 340 194 808 202 22 43 1
5 340 195 810 202 22 43 1
5 340 196 810 202 22 43 1
5 340 197 810 202 22 43 1
5 340 198 810 202 22 43 1
5 340 199 812 202 21 43 1
5 340 200 812 202 21 43 1
5 340 201 812 202 21 43 1
5 340 202 812 202 21 43 1
5 340 203 814 202 21 43 1
5 340 204 814 202 21 43 1
5 340 205 814 202 21 43 1
5 340 206 814 200 21 43 1
5 340 207 814 200 21 43 1
5 340 208 816 200 21 43 1
5 340 209 816 200 21 43 1
5 340 210 816 200 21 43 1
5 340 211 816 200 21 43 1
5 340 212 817 200 22 43 1
5 340 213 817 200 22 43 1
5 340 214 817 200 22 43 1
5 340 215 817 200 22 43 1
5 340 216 819 200 21 43 1
5 340 217 819 200 21 43 1
5 340 218 819 200 21 43 1
5 340 219 819 200 21 43 1
5 340 220 821 200 21 43 1
5 340 221 821 200 21 43 1
5 340 222 821 200 21 43 1
5 340 223 821 200 21 43 1
5 340 224 821 200 21 43 1
5 340 225 821 200 21 43 1
5 340 226 823 200 21 43 1
5 340 227 823 200 21 43 1
5 340 228 823 200 21 43 1
5 340 229 823 200 21 43 1
5 340 230 823 200 21 43 1
5 340 231 823 200 21 43 1
5 340 232 824 200 22 43 1
5 340 233 824 200 22 43 1
5 340 234 824 200 22 43 1
5 340 235 824 200 22 43 1
5 340 236 824 200 22 43 1
5 340 237 824 200 22 43 1
5 340 238 826 200 22 43 1
5 340 239 826 200 22 43 1
5 340 240 826 200 22 43 1
5 340 241 826 200 22 43 1
5 340 242 826 200 22 43 1
5 340 243 826 200 22 43 1
5 340 244 828 200 21 43 1
5 340 245 828 200 21 43 1
5 340 246 828 200 21 43 1
5 340 247 828 200 21 43 1
5 340 248 828 200 21 43 1
5 340 249 828 200 21 43 1
5 340 250 830 200 21 43 1
5 340 251 830 199 21 42 1
5 340 252 830 199 21 42 1
5 340 253 830 199 21 42 1
5 340 254 832 199 21 42 1
5 340 255 832 199 21 42 1
5 340 256 832 199 21 42 1
5 340 257 833 199 22 42 1
5 340 258 833 199 22 42 1
5 340 259 833 199 22 42 1
5 340 260 835 199 21 42 1
5 340 261 835 197 21 43 1
5 340 262 835 197 21 43 1
5 340 263 835 197 21 43 1
5 340 264 837 197 21 43 1
5 340 265 837 197 21 43 1
5 340 266 837 197 21 43 1
5 340 267 839 197 21 43 1
5 340 268 839 197 21 43 1
5 340 269 839 197 21 43 1
5 340 270 840 197 22 43 1
5 340 271 840 197 22 43 1
5 340 272 840 197 22 43 1
5 340 273 840 197 22 43 1
5 340 274 840 197 22 43 1
5 340 275 842 197 22 43 1
5 340 276 842 197 22 43 1
5 340 277 842 197 22 43 1
5 340 278 842 197 22 43 1
5 340 279 842 197 22 43 1
5 340 280 844 197 21 43 1
5 340 281 844 197 21 43 1
5 340 282 844 197 21 43 1
5 340 283 844 197 21 43 1
5 340 284 844 197 21 43 1
5 340 285 846 197 21 43 1
5 340 286 846 197 21 43 1
5 340 287 846 197 21 43 1
5 340 288 846 197 21 43 1
5 340 289 846 197 21 43 1
5 340 290 848 197 21 43 1
5 340 291 848 195 21 43 1
5 340 292 848 195 21 43 1
5 340 293 848 195 21 43 1
5 340 294 848 195 21 43 1
5 340 295 848 195 23 43 1
5 340 296 848 195 23 43 1
5 340 297 848 195 23 43 1
5 340 298 848 195 23 43 1
5 340 299 848 195 23 43 1
5 340 300 849 195 23 43 1
5 340 301 849 195 23 43 1
5 340 302 849 195 23 43 1
5 340 303 849 195 23 43 1
5 340 304 849 195 23 45 1
5 340 305 849 195 23 45 1
5 340 306 849 195 23 45 1
5 340 307 849 195 23 46 1
5 340 308 849 195 23 46 1
5 340 309 849 195 23 46 1
5 340 310 849 197 23 46 1
5 340 311 849 197 23 46 1
5 340 312 849 197 23 46 1
5 340 313 849 197 23 46 1
5 340 314 849 197 23 48 1
5 340 315 849 197 23 48 1
5 340 316 849 197 23 48 1
5 340 317 849 197 23 50 1
5 340 318 849 197 23 50 1
5 340 319 849 197 23 50 1
5 340 320 849 199 23 49 1
5 340 321 849 199 23 49 1
5 340 322 849 199 23 49 1
5 340 323 849 199 23 49 1
5 340 324 849 199 23 49 1
5 340 325 849 199 23 49 1
5 340 326 849 199 23 49 1
5 340 327 849 199 23 49 1
5 340 328 849 199 23 49 1
5 340 329 849 199 23 49 1
5 340 330 849 199 23 49 1
5 340 331 849 199 23 49 1
5 340 332 849 199 23 49 1
5 340 333 849 199 23 49 1
5 340 334 849 199 23 49 1
5 340 335 849 199 23 49 1
5 340 336 849 199 23 49 1
5 340 337 849 199 23 49 1
5 340 338 849 199 23 49 1
5 340 339 849 199 23 49 1
6 743 118 1027 202 21 48 1
6 743 119 1026 202 21 48 1
6 743 120 1025 202 21 48 1
6 743 121 1024 202 21 48 1
6 743 122 1024 203 21 48 1
6 743 123 1023 203 21 48 1
6 743 124 1022 203 21 48 1
6 743 125 1022 204 21 48 1
6 743 126 1021 204 21 48 1
6 743 127 1020 204 21 48 1
6 743 128 1020 205 21 48 1
6 743 129 1019 205 21 48 1
6 743 130 1018 205 21 48 1
6 743 131 1017 205 21 48 1
6 743 132 1017 206 21 48 1
6 743 133 1016 206 21 48 1
6 743 134 1015 206 21 48 1
6 743 135 1015 207 21 48 1
6 743 136 1014 207 21 48 1
6 743 137 1013 207 21 48 1
6 743 138 1013 208 21 48 1
6 743 139 1011 206 21 48 1
6 743 140 1009 206 22 48 1
6 743 141 1008 206 21 48 1
6 743 142 1006 206 21 48 1
6 743 143 1006 206 21 48 1
6 743 144 1004 206 21 48 1
6 743 145 1002 206 22 48 1
6 743 146 1000 206 22 48 1
6 743 147 999 206 21 48 1
6 743 148 999 206 21 48 1
6 743 149 997 206 21 48 1
6 743 150 995 206 21 48 1
6 743 151 993 206 22 48 1
6 743 152 992 206 21 48 1
6 743 153 992 206 21 48 1
6 743 154 990 206 21 48 1
6 743 155 988 206 21 48 1
6 743 156 986 206 22 48 1
6 743 157 984 206 22 48 1
6 743 158 984 206 22 48 1
6 743 159 983 206 21 48 1
6 743 160 981 206 21 48 1
6 743 161 979 206 21 48 1
6 743 162 977 206 22 48 1
6 743 163 977 206 22 48 1
6 743 164 976 206 21 48 1
6 743 165 974 206 21 48 1
6 743 166 972 206 21 48 1
6 743 167 970 206 22 48 1
6 743 168 970 206 22 48 1
6 743 169 968 204 22 48 1
6 743 170 967 204 21 48 1
6 743 171 965 204 21 48 1
6 743 172 963 204 21 48 1
6 743 173 961 204 22 48 1
6 743 174 960 204 21 48 1
6 743 175 958 204 21 48 1
6 743 176 956 204 21 48 1
6 743 177 954 204 22 48 1
6 743 178 952 204 22 48 1
6 743 179 951 202 21 48 1
6 743 180 949 202 21 48 1
6 743 181 947 202 21 48 1
6 743 182 945 202 22 48 1
6 743 183 944 202 21 48 1
6 743 184 942 202 21 48 1
6 743 185 940 202 21 48 1
6 743 186 938 202 22 48 1
6 743 187 936 202 22 48 1
6 743 188 936 202 22 48 1
6 743 189 935 202 21 48 1
6 743 190 933 202 21 48 1
6 743 191 931 202 21 48 1
6 743 192 929 204 22 48 1
6 743 193 928 204 21 48 1
6 743 194 926 204 21 48 1
6 743 195 924 204 21 48 1
6 743 196 922 206 22 48 1
6 743 197 920 206 22 48 1
6 743 198 919 206 21 48 1
6 743 199 917 206 21 48 1
6 743 200 915 208 21 48 1
6 743 201 913 208 22 48 1
6 743 202 912 208 21 48 1
6 743 203 910 208 21 48 1
6 743 204 908 209 21 48 1
6 743 205 906 209 22 48 1
6 743 206 904 209 22 48 1
6 743 207 903 209 21 48 1
6 743 208 901 211 21 48 1
6 743 209 899 209 21 48 1
6 743 210 897 209 22 48 1
6 743 211 896 209 21 48 1
6 743 212 896 209 21 48 1
6 743 213 894 209 21 48 1
6 743 214 892 209 21 48 1
6 743 215 890 209 22 48 1
6 743 216 890 209 22 48 1
6 743 217 888 209 22 48 1
6 743 218 887 209 21 48 1
6 743 219 885 209 21 48 1
6 743 220 885 209 21 48 1
6 743 221 883 209 21 48 1
6 743 222 881 209 22 48 1
6 743 223 880 209 21 48 1
6 743 224 880 209 21 48 1
6 743 225 878 209 21 48 1
6 743 226 876 209 21 48 1
6 743 227 874 209 22 48 1
6 743 228 874 209 22 48 1
6 743 229 871 208 21 48 1
6 743 230 869 208 21 48 1
6 743 231 867 208 21 48 1
6 743 232 865 208 22 48 1
6 743 233 862 208 21 48 1
6 743 234 860 208 21 48 1
6 743 235 858 208 22 48 1
6 743 236 856 208 22 48 1
6 743 237 853 208 21 48 1
6 743 238 851 208 21 48 1
6 743 239 849 208 22 48 1
6 743 240 848 208 21 48 1
6 743 241 844 208 21 48 1
6 743 242 842 208 22 48 1
6 743 243 840 208 22 48 1
6 743 244 839 208 21 48 1
6 743 245 835 208 21 48 1
6 743 246 833 208 22 48 1
6 743 247 832 208 21 48 1
6 743 248 830 208 21 48 1
6 743 249 828 208 21 48 1
6 743 250 826 208 22 48 1
6 743 251 824 208 22 48 1
6 743 252 824 208 22 48 1
6 743 253 823 208 21 48 1
6 743 254 821 208 21 48 1
6 743 255 819 208 21 48 1
6 743 256 819 208 21 48 1
6 743 257 817 208 22 48 1
6 743 258 816 209 21 48 1
6 743 259 814 209 21 48 1
6 743 260 814 209 21 48 1
6 743 261 812 209 21 48 1
6 743 262 810 209 22 48 1
6 743 263 808 209 22 48 1
6 743 264 808 209 22 48 1
6 743 265 807 209 21 48 1
6 743 266 805 209 21 48 1
6 743 267 803 209 21 48 1
6 743 268 803 211 21 48 1
6 743 269 801 211 22 48 1
6 743 270 800 211 21 48 1
6 743 271 798 211 21 48 1
6 743 272 796 211 21 48 1
6 743 273 794 211 22 48 1
6 743 274 792 211 22 48 1
6 743 275 791 211 21 48 1
6 743 276 789 211 21 48 1
6 743 277 787 211 21 48 1
6 743 278 787 211 21 48 1
6 743 279 785 211 22 48 1
6 743 280 784 211 21 48 1
6 743 281 782 211 21 48 1
6 743 282 780 211 21 48 1
6 743 283 778 211 22 48 1
6 743 284 776 211 22 48 1
6 743 285 775 211 21 48 1
6 743 286 773 211 21 48 1
6 743 287 771 211 21 48 1
6 743 288 771 211 21 48 1
6 743 289 769 211 22 48 1
6 743 290 768 211 21 48 1
6 743 291 766 211 21 48 1
6 743 292 764 211 21 48 1
6 743 293 762 211 22 48 1
6 743 294 760 211 22 48 1
6 743 295 759 211 21 48 1
6 743 296 757 211 21 48 1
6 743 297 755 211 21 48 1
6 743 298 753 211 22 48 1
6 743 299 752 211 21 48 1
6 743 300 752 211 21 48 1
6 743 301 750 211 21 48 1
6 743 302 748 211 21 48 1
6 743 303 746 211 22 48 1
6 743 304 744 211 22 48 1
6 743 305 743 211 21 48 1
6 743 306 741 211 23 50 1
6 743 307 739 211 23 50 1
6 743 308 737 211 23 50 1
6 743 309 736 211 23 50 1
6 743 310 734 213 23 48 1
6 743 311 732 213 23 48 1
6 743 312 730 213 25 50 1
6 743 313 728 213 25 50 1
6 743 314 727 213 25 50 1
6 743 315 725 213 25 50 1
6 743 316 723 213 25 50 1
6 743 317 721 213 25 50 1
6 743 318 720 213 26 51 1
6 743 319 718 213 26 51 1
6 743 320 716 215 27 49 1
6 743 321 714 215 27 49 1
6 743 322 712 215 27 49 1
6 743 323 711 215 26 49 1
6 743 324 709 215 28 51 1
6 743 325 707 215 29 51 1
6 743 326 705 215 29 51 1
6 743 327 704 215 28 51 1
6 743 328 702 215 28 51 1
6 743 329 700 215 28 51 1
6 743 330 700 216 28 52 1
6 743 331 698 216 29 50 1
6 743 332 696 216 29 50 1
6 743 333 695 216 28 50 1
6 743 334 693 216 28 50 1
6 743 335 691 216 29 50 1
6 743 336 689 216 29 50 1
6 743 337 688 216 28 50 1
6 743 338 686 216 28 50 1
6 743 339 684 216 28 50 1
6 743 340 682 216 29 50 1
6 743 341 680 216 29 50 1
6 743 342 679 216 28 48 1
6 743 343 677 216 28 48 1
6 743 344 675 216 29 48 1
6 743 345 673 216 29 48 1
6 743 346 672 216 28 48 1
6 743 347 670 216 28 48 1
6 743 348 668 216 28 48 1
6 743 349 666 216 29 48 1
6 743 350 664 216 29 48 1
6 743 351 663 216 28 48 1
6 743 352 661 216 28 48 1
6 743 353 661 216 28 48 1
6 743 354 659 216 29 47 1
6 743 355 657 216 29 47 1
6 743 356 656 216 28 47 1
6 743 357 654 216 28 47 1
6 743 358 652 216 28 47 1
6 743 359 650 216 29 47 1
6 743 360 648 216 29 47 1
6 743 361 647 216 28 47 1
6 743 362 645 216 28 47 1
6 743 363 643 216 29 47 1
6 743 364 641 216 29 47 1
6 743 365 640 218 28 43 1
6 743 366 638 218 28 43 1
6 743 367 636 218 28 43 1
6 743 368 634 218 29 43 1
6 743 369 632 218 29 43 1
6 743 370 631 218 28 43 1
6 743 371 629 218 28 43 1
6 743 372 627 218 29 43 1
6 743 373 625 218 29 43 1
6 743 374 624 218 28 43 1
6 743 375 622 218 28 43 1
6 743 376 622 218 28 43 1
6 743 377 620 218 28 41 1
6 743 378 618 218 29 41 1
6 743 379 616 218 29 41 1
6 743 380 615 218 28 41 1
6 743 381 613 218 28 41 1
6 743 382 611 218 29 41 1
6 743 383 609 218 29 41 1
6 743 384 608 218 28 41 1
6 743 385 606 218 28 41 1
6 743 386 604 218 28 41 1
6 743 387 602 218 29 41 1
6 743 388 600 218 29 39 1
6 743 389 599 218 28 39 1
6 743 390 597 218 28 39 1
6 743 391 595 218 29 39 1
6 743 392 593 218 29 39 1
6 743 393 592 218 28 39 1
6 743 394 590 218 28 39 1
6 743 395 588 218 28 39 1
6 743 396 586 218 29 39 1
6 743 397 584 218 29 39 1
6 743 398 583 218 28 39 1
6 743 399 583 220 28 37 1
6 743 400 581 220 28 37 1
6 743 401 579 220 29 37 1
6 743 402 577 220 29 37 1
6 743 403 576 220 28 37 1
6 743 404 574 220 28 37 1
6 743 405 572 220 28 37 1
6 743 406 570 220 29 37 1
6 743 407 568 220 29 37 1
6 743 408 567 220 28 37 1
6 743 409 565 220 28 37 1
6 743 410 563 220 29 37 1
6 743 411 561 218 29 39 1
6 743 412 560 218 28 39 1
6 743 413 558 218 28 39 1
6 743 414 556 218 28 39 1
6 743 415 554 218 29 39 1
6 743 416 552 218 29 39 1
6 743 417 551 218 28 39 1
6 743 418 549 218 28 39 1
6 743 419 547 218 29 39 1
6 743 420 545 218 29 39 1
6 743 421 544 218 28 39 1
6 743 422 542 218 28 39 1
6 743 423 540 218 28 39 1
6 743 424 538 218 29 39 1
6 743 425 536 218 29 39 1
6 743 426 535 218 28 39 1
6 743 427 533 218 28 39 1
6 743 428 531 218 29 39 1
6 743 429 529 218 29 39 1
6 743 430 528 218 28 41 1
6 743 431 526 218 28 41 1
6 743 432 524 218 28 41 1
6 743 433 522 218 29 41 1
6 743 434 520 218 29 41 1
6 743 435 519 218 28 41 1
6 743 436 517 218 28 41 1
6 743 437 515 218 29 41 1
6 743 438 513 218 29 41 1
6 743 439 512 218 28 41 1
6 743 440 510 218 28 41 1
6 743 441 508 218 28 41 1
6 743 442 506 218 29 41 1
6 743 443 504 218 29 41 1
6 743 444 503 218 28 41 1
6 743 445 501 218 28 41 1
6 743 446 499 218 29 41 1
6 743 447 497 218 29 41 1
6 743 448 496 218 28 41 1
6 743 449 494 218 28 41 1
6 743 450 494 218 28 43 1
6 743 451 492 218 28 43 1
6 743 452 490 218 29 43 1
6 743 453 488 218 29 43 1
6 743 454 487 218 28 43 1
6 743 455 485 218 28 43 1
6 743 456 483 218 29 43 1
6 743 457 481 218 29 45 1
6 743 458 480 218 30 45 1
6 743 459 478 218 30 45 1
6 743 460 478 220 28 43 1
6 743 461 476 220 28 43 1
6 743 462 474 220 29 43 1
6 743 463 472 220 29 44 1
6 743 464 471 220 28 44 1
6 743 465 469 220 30 44 1
6 743 466 467 220 30 44 1
6 743 467 465 220 31 44 1
6 743 468 464 220 30 44 1
6 743 469 462 220 30 46 1
6 743 470 462 222 28 44 1
6 743 471 460 222 28 44 1
6 743 472 458 222 30 44 1
6 743 473 456 222 31 44 1
6 743 474 455 222 30 44 1
6 743 475 453 222 30 46 1
6 743 476 451 222 30 46 1
6 743 477 449 222 31 46 1
6 743 478 448 222 30 46 1
6 743 479 446 222 32 46 1
6 743 480 446 224 30 44 1
6 743 481 444 224 30 44 1
6 743 482 442 224 30 46 1
6 743 483 440 224 31 46 1
6 743 484 439 224 30 46 1
6 743 485 437 224 30 46 1
6 743 486 435 224 32 46 1
6 743 487 433 224 32 46 1
6 743 488 432 224 32 48 1
6 743 489 430 224 32 48 1
6 743 490 430 225 30 47 1
6 743 491 428 225 30 47 1
6 743 492 426 225 30 47 1
6 743 493 424 225 32 47 1
6 743 494 423 225 32 48 1
6 743 495 421 225 32 48 1
6 743 496 419 225 32 48 1
6 743 497 417 225 32 48 1
6 743 498 416 225 32 48 1
6 743 499 414 225 32 48 1
6 743 500 414 227 32 48 1
6 743 501 412 227 32 48 1
6 743 502 412 227 32 48 1
6 743 503 412 227 32 48 1
6 743 504 410 227 32 48 1
6 743 505 410 227 32 48 1
6 743 506 410 227 32 48 1
6 743 507 408 227 32 48 1
6 743 508 408 227 32 48 1
6 743 509 408 227 32 48 1
6 743 510 408 227 32 48 1
6 743 511 407 227 32 48 1
6 743 512 405 227 32 48 1
6 743 513 405 227 32 48 1
6 743 514 403 229 32 48 1
6 743 515 403 229 32 48 1
6 743 516 401 229 32 48 1
6 743 517 401 231 32 48 1
6 743 518 400 231 32 48 1
6 743 519 400 231 32 48 1
6 743 520 398 232 32 48 1
6 743 521 396 232 32 48 1
6 743 522 396 232 32 48 1
6 743 523 394 232 32 48 1
6 743 524 394 234 32 48 1
6 743 525 392 234 32 48 1
6 743 526 392 234 32 48 1
6 743 527 391 236 32 48 1
6 743 528 391 236 32 48 1
6 743 529 389 236 32 48 1
6 743 530 389 238 32 48 1
6 743 531 387 238 32 48 1
6 743 532 387 238 32 50 1
6 743 533 385 238 32 50 1
6 743 534 385 240 32 49 1
6 743 535 384 240 32 49 1
6 743 536 384 240 32 51 1
6 743 537 382 241 32 50 1
6 743 538 382 241 32 52 1
6 743 539 380 241 32 52 1
6 743 540 380 243 32 52 1
6 743 541 378 243 32 52 1
6 743 542 378 243 32 53 1
6 743 543 376 243 32 53 1
6 743 544 376 245 32 53 1
6 743 545 375 245 32 53 1
6 743 546 375 245 32 55 1
6 743 547 373 247 32 53 1
6 743 548 373 247 32 55 1
6 743 549 371 247 32 55 1
6 743 550 371 248 32 56 1
6 743 551 369 248 32 56 1
6 743 552 369 248 32 57 1
6 743 553 368 248 32 57 1
6 743 554 368 250 32 57 1
6 743 555 366 250 32 57 1
6 743 556 366 250 32 59 1
6 743 557 364 252 32 57 1
6 743 558 364 252 32 59 1
6 743 559 362 252 32 59 1
6 743 560 362 254 32 58 1
6 743 561 360 254 32 57 1
6 743 562 359 254 32 57 1
6 743 563 359 254 32 57 1
6 743 564 357 254 32 57 1
6 743 565 355 254 32 57 1
6 743 566 355 254 32 57 1
6 743 567 353 254 32 57 1
6 743 568 352 254 32 57 1
6 743 569 352 254 32 57 1
6 743 570 350 256 32 55 1
6 743 571 348 256 32 53 1
6 743 572 348 256 32 53 1
6 743 573 346 256 32 53 1
6 743 574 344 256 32 53 1
6 743 575 344 256 32 53 1
6 743 576 343 256 32 53 1
6 743 577 341 256 32 53 1
6 743 578 341 256 32 53 1
6 743 579 339 256 32 53 1
6 743 580 339 257 32 52 1
6 743 581 337 257 32 52 1
6 743 582 336 257 32 52 1
6 743 583 336 257 32 54 1
6 743 584 334 257 32 54 1
6 743 585 334 259 32 53 1
6 743 586 332 259 32 53 1
6 743 587 330 259 32 53 1
6 743 588 330 259 32 55 1
6 743 589 328 259 32 55 1
6 743 590 328 261 32 55 1
6 743 591 327 261 32 55 1
6 743 592 325 261 32 55 1
6 743 593 325 261 32 57 1
6 743 594 323 261 32 57 1
6 743 595 323 263 32 57 1
6 743 596 321 263 32 57 1
6 743 597 320 263 32 57 1
6 743 598 320 263 32 58 1
6 743 599 318 263 32 58 1
6 743 600 318 264 32 59 1
6 743 601 316 264 32 59 1
6 743 602 316 264 30 59 1
6 743 603 314 264 32 61 1
6 743 604 314 266 30 59 1
6 743 605 312 266 31 59 1
6 743 606 312 266 31 61 1
6 743 607 311 268 30 59 1
6 743 608 311 268 30 59 1
6 743 609 309 268 30 60 1
6 743 610 309 270 28 58 1
6 743 611 307 270 30 58 1
6 743 612 307 270 29 60 1
6 743 613 305 272 31 58 1
6 743 614 305 272 29 58 1
6 743 615 304 272 28 60 1
6 743 616 304 273 28 59 1
6 743 617 302 273 28 59 1
6 743 618 302 273 28 61 1
6 743 619 300 275 28 59 1
6 743 620 300 275 27 59 1
6 743 621 298 275 29 61 1
6 743 622 298 275 27 61 1
6 743 623 296 277 27 59 1
6 743 624 296 277 27 60 1
6 743 625 295 277 26 60 1
6 743 626 295 279 26 58 1
6 743 627 293 279 27 60 1
6 743 628 293 279 25 60 1
6 743 629 291 280 27 59 1
6 743 630 291 280 25 61 1
6 743 631 289 280 27 61 1
6 743 632 289 282 25 59 1
6 743 633 288 282 24 61 1
6 743 634 288 282 24 61 1
6 743 635 286 284 25 59 1
6 743 636 286 284 25 60 1
6 743 637 284 284 25 60 1
6 743 638 284 286 23 58 1
6 743 639 282 286 25 60 1
6 743 640 282 286 23 60 1
6 743 641 282 288 23 60 1
6 743 642 280 288 24 60 1
6 743 643 279 288 23 60 1
6 743 644 277 288 23 60 1
6 743 645 275 288 23 60 1
6 743 646 275 288 23 60 1
6 743 647 273 288 23 60 1
6 743 648 272 289 23 61 1
6 743 649 270 289 23 61 1
6 743 650 268 289 23 61 1
6 743 651 268 289 23 61 1
6 743 652 266 289 23 61 1
6 743 653 264 289 24 61 1
6 743 654 263 291 23 61 1
6 743 655 263 291 23 61 1
6 743 656 261 291 23 61 1
6 743 657 259 291 23 61 1
6 743 658 257 291 23 61 1
6 743 659 256 291 23 61 1
6 743 660 256 291 23 61 1
6 743 661 254 293 23 60 1
6 743 662 252 293 23 60 1
6 743 663 250 293 23 60 1
6 743 664 250 293 23 60 1
6 743 665 248 293 24 60 1
6 743 666 247 293 23 60 1
6 743 667 245 295 23 60 1
6 743 668 243 295 23 60 1
6 743 669 243 295 23 60 1
6 743 670 241 295 23 60 1
6 743 671 240 295 23 60 1
6 743 672 238 295 23 60 1
6 743 673 238 296 23 61 1
6 743 674 236 296 23 61 1
6 743 675 236 296 23 61 1
6 743 676 234 296 23 61 1
6 743 677 234 298 23 61 1
6 743 678 232 298 24 61 1
6 743 679 232 298 24 61 1
6 743 680 231 298 23 61 1
6 743 681 231 300 23 60 1
6 743 682 229 300 23 60 1
6 743 683 229 300 23 60 1
6 743 684 229 302 23 60 1
6 743 685 227 302 23 60 1
6 743 686 227 302 23 60 1
6 743 687 225 302 23 60 1
6 743 688 225 304 23 60 1
6 743 689 224 304 23 60 1
6 743 690 224 304 23 60 1
6 743 691 222 304 23 60 1
6 743 692 222 305 23 61 1
6 743 693 220 305 23 61 1
6 743 694 220 305 23 61 1
6 743 695 220 307 23 61 1
6 743 696 218 307 23 61 1
6 743 697 216 307 24 61 1
6 743 698 216 309 24 60 1
6 743 699 215 309 23 60 1
6 743 700 215 311 23 60 1
6 743 701 213 311 23 60 1
6 743 702 213 311 23 60 1
6 743 703 211 312 23 61 1
6 743 704 211 312 23 61 1
6 743 705 209 314 23 61 1
6 743 706 208 314 23 61 1
6 743 707 208 314 23 61 1
6 743 708 206 316 23 60 1
6 743 709 206 316 23 60 1
6 743 710 204 318 23 60 1
6 743 711 204 318 23 60 1
6 743 712 202 318 23 60 1
6 743 713 202 320 23 60 1
6 743 714 200 320 24 60 1
6 743 715 199 321 23 61 1
6 743 716 199 321 23 61 1
6 743 717 197 321 23 61 1
6 743 718 197 323 23 61 1
6 743 719 195 323 23 61 1
6 743 720 195 325 23 60 1
6 743 721 193 325 23 60 1
6 743 722 193 325 23 60 1
6 743 723 192 327 23 60 1
6 743 724 190 327 23 60 1
6 743 725 190 328 23 61 1
6 743 726 188 328 23 61 1
6 743 727 188 328 23 61 1
6 743 728 186 330 23 61 1
6 743 729 186 330 23 61 1
6 743 730 184 332 24 60 1
6 743 731 184 332 24 60 1
6 743 732 183 332 23 60 1
6 743 733 181 334 23 60 1
6 743 734 181 334 23 60 1
6 743 735 179 336 23 60 1
6 743 736 179 336 23 60 1
6 743 737 177 336 23 60 1
6 743 738 177 337 23 61 1
6 743 739 176 337 23 61 1
6 743 740 176 339 23 61 1
6 743 741 174 339 23 61 1
6 743 742 172 339 23 61 1
6 743 743 170 339 23 61 1
6 743 744 168 341 24 60 1
6 743 745 168 341 24 60 1
6 743 746 167 341 23 60 1
6 743 747 165 343 23 60 1
6 743 748 163 343 23 60 1
6 743 749 161 343 23 60 1
6 743 750 161 344 23 61 1
6 743 751 160 344 23 61 1
6 743 752 158 344 23 61 1
6 743 753 156 344 23 61 1
6 743 754 154 346 23 61 1
6 743 755 154 346 23 61 1
6 743 756 152 346 24 61 1
6 743 757 151 348 23 60 1
6 743 758 149 348 23 60 1
6 743 759 147 348 23 60 1
6 743 760 147 350 23 60 1
6 743 761 145 350 23 60 1
6 743 762 144 350 23 60 1
6 743 763 142 350 23 60 1
6 743 764 140 352 23 60 1
6 743 765 140 352 23 60 1
6 743 766 138 352 23 60 1
6 743 767 136 353 24 61 1
6 743 768 135 353 23 61 1
6 743 769 133 353 23 61 1
6 743 770 133 355 23 61 1
6 743 771 131 355 23 61 1
6 743 772 129 355 23 61 1
6 743 773 128 355 23 61 1
6 743 774 126 357 23 60 1
6 743 775 126 357 23 60 1
6 743 776 124 357 23 60 1
6 743 777 122 359 23 60 1
6 743 778 120 359 24 60 1
6 743 779 119 359 23 60 1
6 743 780 119 360 23 61 1
6 743 781 117 360 23 61 1
6 743 782 115 360 23 61 1
6 743 783 113 360 23 61 1
6 743 784 112 362 23 61 1
6 743 785 112 362 23 61 1
6 743 786 110 362 23 61 1
6 743 787 108 364 23 60 1
6 743 788 106 364 23 60 1
6 743 789 104 364 24 60 1
6 743 790 104 366 24 60 1
6 743 791 103 366 23 60 1
6 743 792 101 366 23 60 1
6 743 793 101 368 23 60 1
6 743 794 99 368 23 60 1
6 743 795 99 369 23 61 1
6 743 796 97 369 23 61 1
6 743 797 97 371 23 61 1
6 743 798 96 371 23 61 1
6 743 799 94 373 23 60 1
6 743 800 94 373 23 60 1
6 743 801 92 375 23 60 1
6 743 802 92 375 23 60 1
6 743 803 90 376 23 61 1
6 743 804 90 376 23 61 1
6 743 805 88 378 24 61 1
6 743 806 88 378 24 61 1
6 743 807 87 380 23 60 1
6 743 808 85 380 23 60 1
6 743 809 85 382 23 60 1
6 743 810 83 382 23 60 1
6 743 811 83 384 23 60 1
6 743 812 81 384 23 60 1
6 743 813 81 385 23 61 1
6 743 814 80 385 23 61 1
6 743 815 80 387 23 61 1
6 743 816 76 387 23 61 1
6 743 817 74 387 23 61 1
6 743 818 72 387 24 61 1
6 743 819 71 387 23 62 1
6 743 820 69 389 23 60 1
6 743 821 67 389 23 60 1
6 743 822 65 389 23 60 1
6 743 823 64 389 23 62 1
6 743 824 62 391 23 60 1
6 743 825 60 391 23 60 1
6 743 826 58 391 23 60 1
6 743 827 56 391 24 62 1
6 743 828 55 392 23 61 1
6 743 829 53 392 23 61 1
6 743 830 51 392 23 61 1
6 743 831 49 392 23 63 1
6 743 832 48 394 23 61 1
6 743 833 44 394 23 61 1
6 743 834 42 394 23 62 1
6 743 835 40 394 24 62 1
6 743 836 39 394 23 62 1
6 743 837 37 396 23 60 1
6 743 838 35 396 23 62 1
6 743 839 33 396 23 62 1
6 743 840 32 396 23 62 1
6 743 841 30 398 23 60 1
6 743 842 28 398 23 62 1
6 743 843 26 398 23 62 1
6 743 844 24 398 24 62 1
6 743 845 23 400 23 60 1
6 743 846 21 400 23 62 1
6 743 847 19 400 23 62 1
6 743 848 17 400 23 62 1
6 743 849 16 401 23 63 1
6 743 850 14 401 21 63 1
6 743 851 12 401 21 63 1
6 743 852 10 403 22 62 1
6 743 853 8 403 22 62 1
6 743 854 7 405 21 62 1
6 743 855 7 405 19 62 1
6 743 856 5 407 19 62 1
6 743 857 3 407 20 62 1
6 743 858 1 408 20 63 1
6 743 859 0 408 19 63 1
6 743 860 0 410 17 62 1
7 590 300 1031 204 21 46 1
7 590 301 1029 204 21 46 1
7 590 302 1029 204 21 46 1
7 590 303 1029 204 21 46 1
7 590 304 1029 204 21 46 1
7 590 305 1029 204 21 46 1
7 590 306 1029 204 21 46 1
7 590 307 1029 204 21 46 1
7 590 308 1029 204 21 46 1
7 590 309 1027 204 21 46 1
7 590 310 1027 204 21 46 1
7 590 311 1027 204 21 46 1
7 590 312 1027 204 21 46 1
7 590 313 1027 204 21 46 1
7 590 314 1027 204 21 46 1
7 590 315 1027 204 21 46 1
7 590 316 1027 204 21 46 1
7 590 317 1025 204 22 46 1
7 590 318 1025 204 22 46 1
7 590 319 1025 204 22 46 1
7 590 320 1025 204 22 46 1
7 590 321 1025 204 22 46 1
7 590 322 1025 204 22 46 1
7 590 323 1025 204 22 46 1
7 590 324 1025 204 22 46 1
7 590 325 1024 204 21 46 1
7 590 326 1024 204 21 46 1
7 590 327 1024 204 21 46 1
7 590 328 1024 204 21 46 1
7 590 329 1024 204 21 46 1
7 590 330 1024 204 21 46 1
7 590 331 1024 204 21 46 1
7 590 332 1024 204 21 46 1
7 590 333 1022 204 21 46 1
7 590 334 1022 204 21 46 1
7 590 335 1022 204 21 46 1
7 590 336 1022 204 21 46 1
7 590 337 1022 204 21 46 1
7 590 338 1022 204 21 46 1
7 590 339 1022 204 21 46 1
7 590 340 1022 204 21 46 1
7 590 341 1020 204 21 46 1
7 590 342 1020 204 21 46 1
7 590 343 1020 204 21 46 1
7 590 344 1020 204 21 46 1
7 590 345 1020 204 21 46 1
7 590 346 1020 204 21 46 1
7 590 347 1020 204 21 46 1
7 590 348 1020 204 21 46 1
7 590 349 1018 204 22 46 1
7 590 350 1018 204 22 46 1
7 590 351 1018 204 22 46 1
7 590 352 1018 204 22 46 1
7 590 353 1018 204 22 46 1
7 590 354 1018 204 22 46 1
7 590 355 1018 204 22 46 1
7 590 356 1018 204 22 46 1
7 590 357 1016 204 22 46 1
7 590 358 1016 204 22 46 1
7 590 359 1016 204 22 46 1
7 590 360 1016 204 22 46 1
7 590 361 1016 204 22 46 1
7 590 362 1016 204 22 46 1
7 590 363 1016 204 22 46 1
7 590 364 1016 204 22 46 1
7 590 365 1016 204 22 46 1
7 590 366 1015 204 21 46 1
7 590 367 1015 204 21 46 1
7 590 368 1015 204 21 46 1
7 590 369 1013 204 21 46 1
7 590 370 1013 204 21 46 1
7 590 371 1013 204 21 46 1
7 590 372 1011 204 21 46 1
7 590 373 1011 204 21 46 1
7 590 374 1011 204 21 46 1
7 590 375 1009 204 22 46 1
7 590 376 1009 204 22 46 1
7 590 377 1009 204 22 46 1
7 590 378 1008 204 21 46 1
7 590 379 1008 204 21 46 1
7 590 380 1008 204 21 46 1
7 590 381 1006 204 21 46 1
7 590 382 1006 204 21 46 1
7 590 383 1006 204 21 46 1
7 590 384 1004 204 21 46 1
7 590 385 1004 204 21 46 1
7 590 386 1004 204 21 46 1
7 590 387 1002 204 22 46 1
7 590 388 1002 204 22 46 1
7 590 389 1002 204 22 46 1
7 590 390 1000 204 22 46 1
7 590 391 1000 204 22 46 1
7 590 392 1000 204 22 46 1
7 590 393 999 204 21 46 1
7 590 394 999 204 21 46 1
7 590 395 999 206 21 46 1
7 590 396 997 206 21 46 1
7 590 397 995 206 21 46 1
7 590 398 995 206 21 46 1
7 590 399 993 206 22 46 1
7 590 400 992 206 21 46 1
7 590 401 992 206 21 46 1
7 590 402 990 206 21 46 1
7 590 403 988 206 21 46 1
7 590 404 988 206 21 46 1
7 590 405 986 206 22 46 1
7 590 406 984 206 22 46 1
7 590 407 984 206 22 46 1
7 590 408 983 206 21 46 1
7 590 409 981 206 21 46 1
7 590 410 981 206 21 46 1
7 590 411 979 206 21 46 1
7 590 412 977 206 22 46 1
7 590 413 977 206 22 46 1
7 590 414 976 206 21 46 1
7 590 415 976 206 21 46 1
7 590 416 974 204 21 46 1
7 590 417 972 204 21 46 1
7 590 418 972 204 21 46 1
7 590 419 970 204 22 46 1
7 590 420 970 204 22 46 1
7 590 421 968 204 22 46 1
7 590 422 967 204 21 46 1
7 590 423 967 204 21 46 1
7 590 424 965 204 21 46 1
7 590 425 965 204 21 46 1
7 590 426 963 204 21 46 1
7 590 427 961 204 22 46 1
7 590 428 961 204 22 46 1
7 590 429 960 204 21 46 1
7 590 430 960 204 21 46 1
7 590 431 958 202 21 46 1
7 590 432 956 202 21 46 1
7 590 433 956 202 21 46 1
7 590 434 954 202 22 46 1
7 590 435 954 202 22 46 1
7 590 436 952 202 22 46 1
7 590 437 951 202 21 46 1
7 590 438 951 202 21 46 1
7 590 439 949 202 21 46 1
7 590 440 949 202 21 46 1
7 590 441 947 202 21 46 1
7 590 442 945 202 22 46 1
7 590 443 945 202 22 46 1
7 590 444 944 202 21 46 1
7 590 445 944 202 21 46 1
7 590 446 942 202 21 46 1
7 590 447 940 202 21 46 1
7 590 448 938 202 22 46 1
7 590 449 938 202 22 46 1
7 590 450 936 202 22 46 1
7 590 451 935 202 21 46 1
7 590 452 935 202 21 46 1
7 590 453 933 202 21 46 1
7 590 454 931 202 21 46 1
7 590 455 931 202 21 46 1
7 590 456 929 202 22 46 1
7 590 457 928 202 21 46 1
7 590 458 926 202 21 46 1
7 590 459 926 204 21 46 1
7 590 460 924 204 21 46 1
7 590 461 922 204 22 46 1
7 590 462 922 204 22 46 1
7 590 463 920 204 22 46 1
7 590 464 919 204 21 46 1
7 590 465 919 204 21 46 1
7 590 466 917 204 21 46 1
7 590 467 915 204 21 46 1
7 590 468 913 204 22 46 1
7 590 469 913 204 22 46 1
7 590 470 912 204 21 46 1
7 590 471 910 204 21 46 1
7 590 472 910 206 21 46 1
7 590 473 908 206 21 46 1
7 590 474 906 206 22 46 1
7 590 475 906 206 22 46 1
7 590 476 904 206 22 46 1
7 590 477 903 206 21 46 1
7 590 478 901 206 21 46 1
7 590 479 901 206 21 46 1
7 590 480 899 206 21 46 1
7 590 481 897 206 22 46 1
7 590 482 897 206 22 46 1
7 590 483 896 206 21 46 1
7 590 484 894 206 21 46 1
7 590 485 894 208 21 46 1
7 590 486 892 208 21 46 1
7 590 487 890 208 22 46 1
7 590 488 888 208 24 46 1
7 590 489 888 208 22 46 1
7 590 490 887 208 21 46 1
7 590 491 885 208 23 46 1
7 590 492 885 208 21 46 1
7 590 493 883 208 23 46 1
7 590 494 881 208 23 46 1
7 590 495 881 208 22 46 1
7 590 496 880 208 23 46 1
7 590 497 878 208 23 46 1
7 590 498 878 208 21 46 1
7 590 499 876 208 23 46 1
7 590 500 874 208 23 46 1
7 590 501 874 208 23 46 1
7 590 502 872 208 24 48 1
7 590 503 871 208 23 48 1
7 590 504 871 208 23 48 1
7 590 505 869 208 23 48 1
7 590 506 867 208 23 48 1
7 590 507 867 208 23 48 1
7 590 508 865 208 23 48 1
7 590 509 864 208 24 48 1
7 590 510 864 208 23 48 1
7 590 511 862 208 23 48 1
7 590 512 860 208 25 48 1
7 590 513 858 208 25 48 1
7 590 514 858 208 25 48 1
7 590 515 856 208 25 48 1
7 590 516 855 208 25 48 1
7 590 517 855 208 25 48 1
7 590 518 853 208 25 48 1
7 590 519 851 208 25 49 1
7 590 520 851 208 25 49 1
7 590 521 849 208 25 49 1
7 590 522 848 208 26 49 1
7 590 523 848 208 24 49 1
7 590 524 846 208 25 49 1
7 590 525 844 208 27 49 1
7 590 526 844 208 25 49 1
7 590 527 842 208 25 49 1
7 590 528 840 208 27 49 1
7 590 529 840 208 25 49 1
7 590 530 839 208 26 49 1
7 590 531 837 208 27 49 1
7 590 532 837 208 25 49 1
7 590 533 835 208 27 49 1
7 590 534 833 208 27 49 1
7 590 535 833 209 27 50 1
7 590 536 832 208 26 49 1
7 590 537 830 208 26 49 1
7 590 538 828 208 27 49 1
7 590 539 828 208 27 49 1
7 590 540 826 208 27 49 1
7 590 541 824 208 27 48 1
7 590 542 824 208 27 48 1
7 590 543 823 208 26 48 1
7 590 544 821 208 27 48 1
7 590 545 821 208 27 48 1
7 590 546 819 208 27 46 1
7 590 547 817 208 27 46 1
7 590 548 817 208 27 46 1
7 590 549 816 208 26 46 1
7 590 550 814 208 26 46 1
7 590 551 814 208 26 44 1
7 590 552 812 208 27 44 1
7 590 553 810 208 27 44 1
7 590 554 810 208 27 44 1
7 590 555 808 208 27 44 1
7 590 556 807 208 26 42 1
7 590 557 807 208 26 42 1
7 590 558 805 208 27 42 1
7 590 559 803 208 27 42 1
7 590 560 803 208 27 42 1
7 590 561 801 208 27 40 1
7 590 562 800 208 26 40 1
7 590 563 800 208 26 40 1
7 590 564 798 208 26 40 1
7 590 565 796 208 27 40 1
7 590 566 796 208 27 39 1
7 590 567 794 208 27 39 1
7 590 568 792 208 27 39 1
7 590 569 792 208 27 39 1
7 590 570 791 208 26 39 1
7 590 571 789 208 27 37 1
7 590 572 789 208 27 37 1
7 590 573 787 208 27 37 1
7 590 574 785 208 27 37 1
7 590 575 785 208 27 37 1
7 590 576 784 208 26 37 1
7 590 577 782 208 26 37 1
7 590 578 780 208 27 37 1
7 590 579 780 208 27 37 1
7 590 580 778 208 27 39 1
7 590 581 776 208 27 39 1
7 590 582 775 208 26 39 1
7 590 583 775 208 26 39 1
7 590 584 773 208 27 39 1
7 590 585 771 208 27 40 1
7 590 586 771 208 27 40 1
7 590 587 769 208 27 40 1
7 590 588 768 208 26 40 1
7 590 589 766 208 26 40 1
7 590 590 766 208 26 42 1
7 590 591 764 208 27 42 1
7 590 592 762 208 27 42 1
7 590 593 762 208 27 42 1
7 590 594 760 208 27 42 1
7 590 595 759 208 26 44 1
7 590 596 757 208 27 44 1
7 590 597 757 208 27 44 1
7 590 598 755 208 27 44 1
7 590 599 753 208 27 44 1
7 590 600 753 209 27 45 1
7 590 601 752 209 26 45 1
7 590 602 750 209 26 45 1
7 590 603 748 209 27 45 1
7 590 604 748 209 27 45 1
7 590 605 746 209 27 45 1
7 590 606 744 209 27 45 1
7 590 607 744 209 27 45 1
7 590 608 743 209 26 45 1
7 590 609 741 209 27 45 1
7 590 610 741 209 27 45 1
7 590 611 739 209 27 45 1
7 590 612 737 209 27 45 1
7 590 613 737 209 27 45 1
7 590 614 736 209 26 45 1
7 590 615 734 209 26 45 1
7 590 616 734 209 25 45 1
7 590 617 732 209 27 45 1
7 590 618 730 209 27 45 1
7 590 619 730 209 25 45 1
7 590 620 728 209 27 45 1
7 590 621 727 209 26 45 1
7 590 622 727 209 25 45 1
7 590 623 725 209 27 45 1
7 590 624 723 209 27 45 1
7 590 625 723 209 25 45 1
7 590 626 721 209 27 45 1
7 590 627 720 209 26 45 1
7 590 628 720 209 24 45 1
7 590 629 718 209 25 45 1
7 590 630 716 209 27 45 1
7 590 631 716 209 25 45 1
7 590 632 714 209 25 45 1
7 590 633 712 209 27 45 1
7 590 634 711 209 26 45 1
7 590 635 711 209 25 45 1
7 590 636 709 209 27 45 1
7 590 637 707 209 27 45 1
7 590 638 707 209 25 47 1
7 590 639 705 209 27 47 1
7 590 640 704 209 26 47 1
7 590 641 704 209 24 47 1
7 590 642 702 209 25 47 1
7 590 643 700 209 27 47 1
7 590 644 700 209 25 47 1
7 590 645 698 211 25 45 1
7 590 646 696 211 27 45 1
7 590 647 696 211 25 45 1
7 590 648 695 211 25 45 1
7 590 649 693 211 27 45 1
7 590 650 693 211 25 45 1
7 590 651 691 211 25 45 1
7 590 652 689 211 27 45 1
7 590 653 689 211 25 45 1
7 590 654 688 211 24 45 1
7 590 655 686 211 26 45 1
7 590 656 686 211 25 45 1
7 590 657 684 211 25 45 1
7 590 658 682 211 25 45 1
7 590 659 682 211 25 45 1
7 590 660 680 211 25 45 1
7 590 661 679 211 25 45 1
7 590 662 679 211 25 45 1
7 590 663 677 211 25 45 1
7 590 664 675 211 25 45 1
7 590 665 673 211 27 45 1
7 590 666 673 211 25 45 1
7 590 667 672 211 24 45 1
7 590 668 670 211 26 45 1
7 590 669 670 211 25 45 1
7 590 670 668 211 25 45 1
7 590 671 666 211 25 45 1
7 590 672 666 211 25 45 1
7 590 673 664 211 25 45 1
7 590 674 663 211 25 45 1
7 590 675 663 211 25 46 1
7 590 676 661 211 25 46 1
7 590 677 659 211 25 46 1
7 590 678 659 211 25 46 1
7 590 679 657 211 25 46 1
7 590 680 656 211 24 46 1
7 590 681 656 211 24 46 1
7 590 682 654 211 25 46 1
7 590 683 652 211 25 46 1
7 590 684 652 211 23 46 1
7 590 685 650 211 25 46 1
7 590 686 648 211 25 46 1
7 590 687 648 211 24 46 1
7 590 688 647 211 25 46 1
7 590 689 645 211 25 46 1
7 590 690 645 213 23 44 1
7 590 691 643 213 25 44 1
7 590 692 641 213 25 44 1
7 590 693 641 213 23 44 1
7 590 694 640 213 24 44 1
7 590 695 638 213 25 44 1
7 590 696 636 213 25 44 1
7 590 697 636 213 25 44 1
7 590 698 634 213 25 44 1
7 590 699 632 213 25 44 1
7 590 700 632 213 24 44 1
7 590 701 631 213 25 44 1
7 590 702 629 213 25 44 1
7 590 703 629 213 23 44 1
7 590 704 627 213 25 44 1
7 590 705 625 213 25 44 1
7 590 706 625 213 23 44 1
7 590 707 624 213 24 44 1
7 590 708 622 213 25 44 1
7 590 709 622 213 23 44 1
7 590 710 620 213 25 44 1
7 590 711 618 213 25 44 1
7 590 712 618 213 23 46 1
7 590 713 616 213 24 46 1
7 590 714 615 213 25 46 1
7 590 715 615 213 23 46 1
7 590 716 613 213 23 46 1
7 590 717 611 213 25 46 1
7 590 718 611 213 23 46 1
7 590 719 609 213 23 46 1
7 590 720 608 213 24 46 1
7 590 721 608 213 23 46 1
7 590 722 606 213 23 46 1
7 590 723 604 213 25 46 1
7 590 724 604 213 23 46 1
7 590 725 602 213 23 46 1
7 590 726 600 213 24 46 1
7 590 727 600 213 24 46 1
7 590 728 599 213 23 46 1
7 590 729 597 213 23 46 1
7 590 730 595 213 25 46 1
7 590 731 595 213 23 46 1
7 590 732 593 213 23 46 1
7 590 733 592 213 24 46 1
7 590 734 592 215 23 44 1
7 590 735 590 215 23 44 1
7 590 736 588 215 25 44 1
7 590 737 588 215 23 44 1
7 590 738 586 215 23 44 1
7 590 739 584 215 25 44 1
7 590 740 584 215 24 44 1
7 590 741 583 215 23 44 1
7 590 742 581 215 23 44 1
7 590 743 581 215 23 44 1
7 590 744 579 215 23 44 1
7 590 745 577 215 23 44 1
7 590 746 577 215 23 44 1
7 590 747 576 215 23 44 1
7 590 748 574 215 23 44 1
7 590 749 574 215 23 46 1
7 590 750 572 215 23 46 1
7 590 751 570 215 23 46 1
7 590 752 570 215 23 46 1
7 590 753 568 215 24 46 1
7 590 754 567 215 23 46 1
7 590 755 567 215 21 46 1
7 590 756 565 215 23 46 1
7 590 757 563 215 23 46 1
7 590 758 563 215 21 46 1
7 590 759 561 215 23 46 1
7 590 760 560 215 23 46 1
7 590 761 558 215 23 46 1
7 590 762 558 215 23 46 1
7 590 763 556 215 23 46 1
7 590 764 554 215 23 46 1
7 590 765 554 215 23 46 1
7 590 766 552 215 24 46 1
7 590 767 551 215 23 46 1
7 590 768 551 215 21 46 1
7 590 769 549 215 23 46 1
7 590 770 547 215 23 46 1
7 590 771 547 215 21 46 1
7 590 772 545 215 23 46 1
7 590 773 544 215 23 46 1
7 590 774 544 215 21 46 1
7 590 775 542 215 23 46 1
7 590 776 540 215 23 46 1
7 590 777 540 215 21 46 1
7 590 778 538 215 23 46 1
7 590 779 536 216 24 45 1
7 590 780 536 216 22 45 1
7 590 781 535 216 23 45 1
7 590 782 533 216 23 45 1
7 590 783 533 216 21 45 1
7 590 784 531 216 21 45 1
7 590 785 529 216 23 45 1
7 590 786 529 216 22 47 1
7 590 787 528 216 21 47 1
7 590 788 526 216 23 47 1
7 590 789 526 216 21 47 1
7 590 790 524 216 21 47 1
7 590 791 522 216 23 47 1
7 590 792 520 216 24 47 1
7 590 793 520 216 22 47 1
7 590 794 519 216 23 47 1
7 590 795 517 216 23 47 1
7 590 796 517 216 21 47 1
7 590 797 515 216 21 47 1
7 590 798 513 216 23 47 1
7 590 799 513 216 22 47 1
7 590 800 512 216 21 47 1
7 590 801 510 216 23 47 1
7 590 802 510 216 21 47 1
7 590 803 508 216 21 47 1
7 590 804 506 216 23 47 1
7 590 805 506 216 22 47 1
7 590 806 504 216 22 47 1
7 590 807 503 216 23 47 1
7 590 808 503 216 21 47 1
7 590 809 501 216 21 47 1
7 590 810 499 216 21 47 1
7 590 811 499 216 21 47 1
7 590 812 497 216 22 47 1
7 590 813 496 216 21 47 1
7 590 814 496 216 21 47 1
7 590 815 494 216 21 47 1
7 590 816 492 216 21 47 1
7 590 817 492 216 21 47 1
7 590 818 490 216 22 47 1
7 590 819 488 216 22 47 1
7 590 820 488 216 22 47 1
7 590 821 487 216 21 47 1
7 590 822 485 216 21 47 1
7 590 823 485 218 21 46 1
7 590 824 483 218 21 46 1
7 590 825 481 218 22 46 1
7 590 826 481 218 22 46 1
7 590 827 480 218 21 46 1
7 590 828 480 218 21 46 1
7 590 829 478 218 21 46 1
7 590 830 478 218 21 46 1
7 590 831 476 218 21 46 1
7 590 832 476 218 21 46 1
7 590 833 474 218 22 46 1
7 590 834 474 218 22 46 1
7 590 835 472 218 22 46 1
7 590 836 472 218 22 46 1
7 590 837 471 218 21 46 1
7 590 838 471 218 21 46 1
7 590 839 469 218 21 46 1
7 590 840 467 218 21 46 1
7 590 841 467 218 21 46 1
7 590 842 465 218 22 46 1
7 590 843 465 218 22 46 1
7 590 844 464 218 21 46 1
7 590 845 464 218 21 46 1
7 590 846 462 218 21 46 1
7 590 847 462 218 21 46 1
7 590 848 460 218 21 46 1
7 590 849 460 218 21 46 1
7 590 850 458 218 22 46 1
7 590 851 458 218 22 46 1
7 590 852 456 218 22 46 1
7 590 853 456 218 22 46 1
7 590 854 455 218 21 46 1
7 590 855 455 218 21 46 1
7 590 856 453 218 21 46 1
7 590 857 451 218 21 46 1
7 590 858 451 218 21 46 1
7 590 859 449 218 22 46 1
7 590 860 449 218 22 46 1
7 590 861 448 218 21 46 1
7 590 862 448 218 21 46 1
7 590 863 446 218 21 46 1
7 590 864 446 218 21 46 1
7 590 865 444 218 21 46 1
7 590 866 444 218 21 46 1
7 590 867 442 218 22 46 1
7 590 868 442 218 22 46 1
7 590 869 440 218 22 46 1
7 590 870 440 218 22 46 1
7 590 871 439 218 21 46 1
7 590 872 439 218 21 46 1
7 590 873 437 218 21 46 1
7 590 874 435 218 21 46 1
7 590 875 435 218 21 46 1
7 590 876 433 218 22 46 1
7 590 877 433 218 22 46 1
7 590 878 432 218 21 46 1
7 590 879 432 218 21 46 1
7 590 880 430 218 21 46 1
7 590 881 430 218 21 46 1
7 590 882 428 218 21 46 1
7 590 883 428 218 21 46 1
7 590 884 426 218 22 46 1
7 590 885 426 218 22 46 1
7 590 886 424 218 22 46 1
7 590 887 424 218 22 46 1
7 590 888 423 218 21 46 1
7 590 889 423 218 21 46 1
