0 322 0 117 318 41 87 1
0 322 1 115 318 41 87 1
0 322 2 113 318 41 87 1
0 322 3 113 318 41 87 1
0 322 4 112 318 40 87 1
0 322 5 110 318 41 87 1
0 322 6 110 320 41 87 1
0 322 7 108 320 41 87 1
0 322 8 108 320 41 87 1
0 322 9 106 320 41 87 1
0 322 10 104 320 41 87 1
0 322 11 104 320 41 87 1
0 322 12 103 321 41 87 1
0 322 13 101 321 41 87 1
0 322 14 101 321 41 87 1
0 322 15 99 321 41 87 1
0 322 16 99 321 41 87 1
0 322 17 97 323 41 87 1
0 322 18 96 323 40 87 1
0 322 19 96 323 40 87 1
0 322 20 94 323 41 87 1
0 322 21 92 323 41 87 1
0 322 22 92 323 41 87 1
0 322 23 90 325 41 87 1
0 322 24 90 325 41 87 1
0 322 25 88 325 41 87 1
0 322 26 87 325 41 87 1
0 322 27 87 325 41 87 1
0 322 28 85 325 41 87 1
0 322 29 83 327 41 87 1
0 322 30 83 327 41 87 1
0 322 31 81 327 41 87 1
0 322 32 81 327 41 87 1
0 322 33 80 327 40 87 1
0 322 34 78 328 41 88 1
0 322 35 78 328 41 88 1
0 322 36 76 328 41 88 1
0 322 37 74 328 41 88 1
0 322 38 74 328 41 88 1
0 322 39 72 328 41 88 1
0 322 40 72 330 41 87 1
0 322 41 71 330 41 87 1
0 322 42 69 330 41 87 1
0 322 43 69 330 41 87 1
0 322 44 67 330 41 87 1
0 322 45 67 332 41 87 1
0 322 46 65 332 41 87 1
0 322 47 65 332 41 87 1
0 322 48 65 334 41 87 1
0 322 49 64 334 40 87 1
0 322 50 64 334 40 87 1
0 322 51 64 336 40 87 1
0 322 52 64 336 40 87 1
0 322 53 62 336 41 87 1
0 322 54 62 337 41 87 1
0 322 55 62 337 41 87 1
0 322 56 62 337 41 87 1
0 322 57 60 339 41 87 1
0 322 58 60 339 41 87 1
0 322 59 60 339 41 87 1
0 322 60 58 341 41 87 1
0 322 61 58 341 41 87 1
0 322 62 58 343 41 87 1
0 322 63 58 343 41 87 1
0 322 64 56 343 41 87 1
0 322 65 56 344 41 88 1
0 322 66 56 344 41 88 1
0 322 67 56 344 41 88 1
0 322 68 55 346 41 87 1
0 322 69 55 346 41 87 1
0 322 70 55 346 41 87 1
0 322 71 53 348 41 87 1
0 322 72 53 348 41 87 1
0 322 73 53 348 41 87 1
0 322 74 53 350 41 87 1
0 322 75 51 350 41 87 1
0 322 76 51 350 41 87 1
0 322 77 51 352 41 87 1
0 322 78 51 352 41 87 1
0 322 79 49 353 41 87 1
0 322 80 49 353 41 87 1
0 322 81 49 353 41 87 1
0 322 82 48 355 40 87 1
0 322 83 48 355 40 87 1
0 322 84 48 355 40 87 1
0 322 85 48 357 40 87 1
0 322 86 46 357 41 87 1
0 322 87 46 357 41 87 1
0 322 88 46 359 41 87 1
0 322 89 46 359 41 87 1
0 322 90 44 359 41 87 1
0 322 91 44 360 41 88 1
0 322 92 44 360 41 88 1
0 322 93 44 362 41 87 1
0 322 94 42 362 41 87 1
0 322 95 40 362 41 87 1
0 322 96 40 362 41 87 1
0 322 97 39 364 41 87 1
0 322 98 39 364 41 87 1
0 322 99 37 364 41 87 1
0 322 100 37 364 41 87 1
0 322 101 35 366 41 87 1
0 322 102 35 366 41 87 1
0 322 103 33 366 41 87 1
0 322 104 32 368 40 87 1
0 322 105 32 368 40 87 1
0 322 106 30 368 41 87 1
0 322 107 30 368 41 87 1
0 322 108 28 369 41 87 1
0 322 109 28 369 41 87 1
0 322 110 26 369 41 87 1
0 322 111 26 371 41 87 1
0 322 112 24 371 41 87 1
0 322 113 23 371 41 87 1
0 322 114 23 371 41 87 1
0 322 115 21 373 41 87 1
0 322 116 21 373 41 87 1
0 322 117 19 373 41 87 1
0 322 118 19 373 41 87 1
0 322 119 17 375 41 87 1
0 322 120 17 375 41 87 1
0 322 121 16 375 40 87 1
0 322 122 14 376 41 88 1
0 322 123 14 376 41 88 1
0 322 124 12 376 41 88 1
0 322 125 12 376 41 88 1
0 322 126 10 378 41 87 1
0 322 127 10 378 41 87 1
0 322 128 8 378 41 87 1
0 322 129 8 380 41 87 1
0 322 130 7 380 41 87 1
0 322 131 7 380 39 87 1
0 322 132 7 380 39 87 1
0 322 133 7 382 37 87 1
0 322 134 5 382 37 87 1
0 322 135 5 382 37 87 1
0 322 136 5 384 35 87 1
0 322 137 5 384 34 87 1
0 322 138 3 384 36 87 1
0 322 139 3 385 34 87 1
0 322 140 3 385 34 87 1
0 322 141 3 385 32 87 1
0 322 142 3 387 30 87 1
0 322 143 1 387 32 87 1
0 322 144 1 387 31 87 1
0 322 145 1 389 29 87 1
0 322 146 1 389 29 87 1
0 322 147 0 389 28 87 1
0 322 148 0 391 26 87 1
0 322 149 0 391 26 87 1
0 322 150 0 391 24 87 1
0 322 151 0 392 24 88 1
0 322 152 0 392 24 88 1
0 322 153 0 392 24 88 1
0 322 154 0 392 24 88 1
0 322 155 0 392 24 88 1
0 322 156 0 392 24 88 1
0 322 157 0 392 24 88 1
0 322 321 44 362 41 87 1
1 322 0 629 216 18 45 1
1 322 1 629 215 18 44 1
1 322 2 631 215 17 44 1
1 322 3 631 215 17 44 1
1 322 4 632 215 18 44 1
1 322 5 632 215 18 44 1
1 322 6 634 215 18 44 1
1 322 7 634 215 18 44 1
1 322 8 636 215 18 44 1
1 322 9 636 215 18 44 1
1 322 10 638 215 18 44 1
1 322 11 638 215 18 44 1
1 322 12 640 215 17 44 1
1 322 13 641 215 18 44 1
1 322 14 641 215 18 44 1
1 322 15 643 215 18 44 1
1 322 16 643 215 18 44 1
1 322 17 645 215 18 44 1
1 322 18 645 215 18 44 1
1 322 19 647 215 17 44 1
1 322 20 647 215 17 44 1
1 322 21 648 215 18 44 1
1 322 22 648 215 18 44 1
1 322 23 650 215 18 44 1
1 322 24 652 215 18 44 1
1 322 25 652 215 18 44 1
1 322 26 654 215 18 44 1
1 322 27 654 215 18 44 1
1 322 28 656 215 17 44 1
1 322 29 656 215 17 44 1
1 322 30 657 213 18 44 1
1 322 31 657 213 18 44 1
1 322 32 659 213 18 44 1
1 322 33 659 213 18 44 1
1 322 34 661 213 18 44 1
1 322 35 661 213 18 44 1
1 322 36 663 213 17 44 1
1 322 37 664 213 18 44 1
1 322 38 664 213 18 44 1
1 322 39 666 213 18 44 1
1 322 40 666 213 18 44 1
1 322 41 668 213 18 44 1
1 322 42 668 213 18 44 1
1 322 43 670 213 18 44 1
1 322 44 670 213 18 44 1
1 322 45 672 213 17 44 1
1 322 46 672 213 17 44 1
1 322 47 673 213 18 44 1
1 322 48 675 213 18 44 1
1 322 49 675 213 18 44 1
1 322 50 677 213 18 44 1
1 322 51 677 213 18 44 1
1 322 52 679 213 17 44 1
1 322 53 679 213 17 44 1
1 322 54 680 213 18 44 1
1 322 55 680 213 18 44 1
1 322 56 682 213 18 44 1
1 322 57 682 213 18 44 1
1 322 58 684 213 18 44 1
1 322 59 686 213 18 44 1
1 322 60 686 213 18 44 1
1 322 61 688 213 17 44 1
1 322 62 688 213 17 44 1
1 322 63 689 213 18 44 1
1 322 64 689 213 18 44 1
1 322 65 691 213 18 44 1
1 322 66 691 213 18 44 1
1 322 67 693 213 18 44 1
1 322 68 693 213 18 44 1
1 322 69 695 213 17 44 1
1 322 70 695 213 17 44 1
1 322 71 696 213 18 44 1
1 322 72 696 213 18 44 1
1 322 73 698 213 18 44 1
1 322 74 698 213 18 44 1
1 322 75 700 213 18 44 1
1 322 76 700 213 18 44 1
1 322 77 702 213 18 44 1
1 322 78 702 213 18 44 1
1 322 79 704 213 17 44 1
1 322 80 704 213 17 44 1
1 322 81 705 213 18 44 1
1 322 82 705 213 18 44 1
1 322 83 707 213 18 44 1
1 322 84 707 213 18 44 1
1 322 85 709 213 18 44 1
1 322 86 711 213 17 44 1
1 322 87 711 211 17 45 1
1 322 88 712 211 18 45 1
1 322 89 712 211 18 45 1
1 322 90 714 211 18 45 1
1 322 91 714 211 18 45 1
1 322 92 716 211 18 45 1
1 322 93 718 211 18 45 1
1 322 94 718 211 18 45 1
1 322 95 720 211 17 45 1
1 322 96 720 211 17 45 1
1 322 97 721 211 18 45 1
1 322 98 721 211 18 45 1
1 322 99 723 211 18 45 1
1 322 100 725 211 18 45 1
1 322 101 725 211 18 45 1
1 322 102 727 209 17 45 1
1 322 103 727 209 17 45 1
1 322 104 728 209 18 45 1
1 322 105 730 209 18 45 1
1 322 106 730 209 18 45 1
1 322 107 732 209 18 45 1
1 322 108 732 209 18 45 1
1 322 109 734 209 18 45 1
1 322 110 734 209 18 45 1
1 322 111 736 209 17 45 1
1 322 112 737 209 18 45 1
1 322 113 737 209 18 45 1
1 322 114 739 209 18 45 1
1 322 115 739 209 18 45 1
1 322 116 741 209 18 45 1
1 322 117 743 209 17 45 1
1 322 118 743 209 17 45 1
1 322 119 744 209 18 45 1
1 322 120 744 209 18 45 1
1 322 121 746 209 18 45 1
1 322 122 746 209 18 45 1
1 322 123 748 209 18 45 1
1 322 124 748 209 18 45 1
1 322 125 750 209 18 45 1
1 322 126 750 209 18 45 1
1 322 127 752 209 17 45 1
1 322 128 753 209 18 45 1
1 322 129 753 209 18 45 1
1 322 130 755 209 18 45 1
1 322 131 755 209 18 45 1
1 322 132 757 209 18 45 1
1 322 133 757 209 18 45 1
1 322 134 759 209 17 45 1
1 322 135 759 209 17 45 1
1 322 136 760 209 18 45 1
1 322 137 762 209 18 45 1
1 322 138 762 209 18 45 1
1 322 139 764 209 18 45 1
1 322 140 764 209 18 45 1
1 322 141 766 209 18 45 1
1 322 142 766 209 18 45 1
1 322 143 768 209 17 45 1
1 322 144 768 209 17 45 1
1 322 145 769 209 18 45 1
1 322 146 771 209 18 45 1
1 322 147 771 209 18 45 1
1 322 148 771 209 18 45 1
1 322 149 773 209 18 45 1
1 322 150 773 209 18 45 1
1 322 151 775 209 17 45 1
1 322 152 775 209 17 45 1
1 322 153 775 209 17 45 1
1 322 154 776 209 18 45 1
1 322 155 776 209 18 45 1
1 322 156 778 209 18 45 1
1 322 157 778 209 18 45 1
1 322 158 778 209 18 45 1
1 322 159 780 209 18 45 1
1 322 160 780 209 18 45 1
1 322 161 782 211 18 45 1
1 322 162 782 209 18 45 1
1 322 163 782 209 18 45 1
1 322 164 782 209 18 45 1
1 322 165 782 209 18 45 1
1 322 166 782 209 18 45 1
1 322 167 784 209 17 45 1
1 322 168 784 209 17 45 1
1 322 169 784 209 17 45 1
1 322 170 784 209 17 45 1
1 322 171 784 209 17 45 1
1 322 172 784 209 17 45 1
1 322 173 785 209 18 45 1
1 322 174 785 209 18 45 1
1 322 175 785 209 18 45 1
1 322 176 785 209 18 45 1
1 322 177 785 209 18 45 1
1 322 178 785 209 18 45 1
1 322 179 787 209 18 45 1
1 322 180 787 208 18 44 1
1 322 181 787 208 18 44 1
1 322 182 787 208 18 44 1
1 322 183 787 208 18 44 1
1 322 184 787 208 18 44 1
1 322 185 787 208 18 44 1
1 322 186 787 208 18 44 1
1 322 187 787 208 18 44 1
1 322 188 787 208 18 44 1
1 322 189 787 208 18 44 1
1 322 190 787 208 18 44 1
1 322 191 787 208 18 44 1
1 322 192 787 208 18 44 1
1 322 193 787 208 18 44 1
1 322 194 787 208 18 44 1
1 322 195 787 208 18 44 1
1 322 196 787 208 18 44 1
1 322 197 787 208 18 44 1
1 322 198 787 208 18 44 1
1 322 199 787 208 18 44 1
1 322 200 787 208 18 44 1
1 322 201 787 208 18 44 1
1 322 202 787 208 18 44 1
1 322 203 787 208 18 44 1
1 322 204 789 206 18 44 1
1 322 205 789 206 18 44 1
1 322 206 789 206 18 44 1
1 322 207 789 206 18 44 1
1 322 208 789 206 18 44 1
1 322 209 789 206 18 44 1
1 322 210 789 206 18 44 1
1 322 211 789 206 18 44 1
1 322 212 789 206 18 44 1
1 322 213 789 206 18 44 1
1 322 214 789 206 18 44 1
1 322 215 789 206 18 44 1
1 322 216 789 206 18 44 1
1 322 217 789 206 18 44 1
1 322 218 789 206 18 44 1
1 322 219 789 206 18 44 1
1 322 220 789 206 18 44 1
1 322 221 789 206 18 44 1
1 322 222 789 206 18 44 1
1 322 223 789 206 18 44 1
1 322 224 789 206 18 44 1
1 322 225 789 206 18 44 1
1 322 226 789 206 18 44 1
1 322 227 789 206 18 44 1
1 322 228 789 206 18 44 1
1 322 229 791 204 17 44 1
1 322 230 791 204 17 44 1
1 322 231 791 204 17 44 1
1 322 232 791 204 17 44 1
1 322 233 791 204 17 44 1
1 322 234 791 204 17 44 1
1 322 235 791 204 17 44 1
1 322 236 791 204 17 44 1
1 322 237 791 204 17 44 1
1 322 238 791 204 17 44 1
1 322 239 791 204 17 44 1
1 322 240 791 204 17 44 1
1 322 241 791 204 17 44 1
1 322 242 791 204 17 44 1
1 322 243 791 204 17 44 1
1 322 244 791 204 17 44 1
1 322 245 791 204 17 44 1
1 322 246 791 204 17 44 1
1 322 247 791 204 17 44 1
1 322 248 791 204 17 44 1
1 322 249 791 204 17 44 1
1 322 250 791 204 17 44 1
1 322 251 791 204 17 44 1
1 322 252 791 204 17 44 1
1 322 253 792 204 18 44 1
1 322 254 791 204 17 44 1
1 322 255 789 204 18 44 1
1 322 256 787 204 18 44 1
1 322 257 787 204 18 44 1
1 322 258 785 204 18 44 1
1 322 259 784 204 17 44 1
1 322 260 784 204 17 44 1
1 322 261 782 204 18 44 1
1 322 262 780 204 18 44 1
1 322 263 780 204 18 44 1
1 322 264 778 204 18 44 1
1 322 265 776 204 18 44 1
1 322 266 776 204 18 44 1
1 322 267 775 206 17 44 1
1 322 268 773 206 18 44 1
1 322 269 773 206 18 44 1
1 322 270 771 206 18 44 1
1 322 271 769 206 18 44 1
1 322 272 769 206 18 44 1
1 322 273 768 206 17 44 1
1 322 274 766 206 18 44 1
1 322 275 766 206 18 44 1
1 322 276 764 206 18 44 1
1 322 277 762 206 18 44 1
1 322 278 762 206 18 44 1
1 322 279 760 206 18 44 1
1 322 280 759 206 17 44 1
1 322 281 759 208 17 44 1
1 322 282 757 208 18 44 1
1 322 283 755 208 18 44 1
1 322 284 755 208 18 44 1
1 322 285 753 208 18 44 1
1 322 286 752 208 17 44 1
1 322 287 752 208 17 44 1
1 322 288 750 208 18 44 1
1 322 289 748 208 18 44 1
1 322 290 746 208 18 44 1
1 322 291 746 208 18 44 1
1 322 292 744 208 18 44 1
1 322 293 743 208 17 44 1
1 322 294 743 209 17 45 1
1 322 295 741 209 18 45 1
1 322 296 739 209 18 45 1
1 322 297 739 209 18 45 1
1 322 298 737 209 18 45 1
1 322 299 736 209 17 45 1
1 322 300 736 209 17 45 1
1 322 301 734 209 18 45 1
1 322 302 732 209 18 45 1
1 322 303 732 209 18 45 1
1 322 304 730 209 18 45 1
1 322 305 728 209 18 45 1
1 322 306 728 209 18 45 1
1 322 307 727 209 17 45 1
1 322 308 725 211 18 45 1
1 322 309 725 211 18 45 1
1 322 310 723 211 18 45 1
1 322 311 721 211 18 45 1
1 322 312 721 211 18 45 1
1 322 313 720 211 17 45 1
1 322 314 718 211 18 45 1
1 322 315 718 211 18 45 1
1 322 316 716 211 18 45 1
1 322 317 714 211 18 45 1
1 322 318 714 211 18 45 1
1 322 319 712 211 18 45 1
1 322 320 711 211 17 45 1
1 322 321 711 213 17 44 1
2 9 0 3 231 16 44 1
2 9 1 3 231 16 44 1
2 9 2 3 231 16 44 1
2 9 3 3 231 16 44 1
2 9 4 3 231 16 44 1
2 9 5 3 231 16 44 1
2 9 6 3 231 16 44 1
2 9 7 3 231 16 44 1
2 9 8 3 231 16 44 1
3 322 0 488 224 18 21 1
3 322 1 487 224 17 21 1
3 322 2 487 224 17 21 1
3 322 3 485 224 18 21 1
3 322 4 485 224 18 21 1
3 322 5 483 224 18 21 1
3 322 6 483 224 18 21 1
3 322 7 483 224 18 21 1
3 322 8 481 224 18 21 1
3 322 9 481 224 18 21 1
3 322 10 480 224 17 21 1
3 322 11 480 224 17 21 1
3 322 12 480 224 17 21 1
3 322 13 478 224 18 21 1
3 322 14 478 224 18 21 1
3 322 15 476 224 18 21 1
3 322 16 476 224 18 21 1
3 322 17 476 224 18 21 1
3 322 18 474 224 18 21 1
3 322 19 474 224 18 21 1
3 322 20 472 224 18 21 1
3 322 21 472 224 18 21 1
3 322 22 471 224 17 21 1
3 322 23 471 224 17 21 1
3 322 24 471 224 17 21 1
3 322 25 469 224 18 21 1
3 322 26 469 224 18 21 1
3 322 27 467 224 18 21 1
3 322 28 467 224 18 21 1
3 322 29 467 224 18 21 1
3 322 30 465 224 18 21 1
3 322 31 465 224 18 21 1
3 322 32 464 224 17 21 1
3 322 33 464 224 17 21 1
3 322 34 464 224 17 21 1
3 322 35 462 224 18 21 1
3 322 36 460 224 18 21 1
3 322 37 460 224 18 21 1
3 322 38 458 224 18 23 1
3 322 39 458 224 18 23 1
3 322 40 456 224 18 23 1
3 322 41 456 224 18 23 1
3 322 42 455 224 17 24 1
3 322 43 455 224 17 24 1
3 322 44 453 224 18 24 1
3 322 45 453 224 18 26 1
3 322 46 451 224 18 26 1
3 322 47 451 224 18 26 1
3 322 48 449 224 18 26 1
3 322 49 449 225 18 27 1
3 322 50 448 225 17 27 1
3 322 51 448 225 17 27 1
3 322 52 446 225 18 27 1
3 322 53 446 225 18 29 1
3 322 54 444 225 18 29 1
3 322 55 444 225 18 29 1
3 322 56 442 225 18 31 1
3 322 57 442 225 18 31 1
3 322 58 440 225 18 31 1
3 322 59 440 225 18 31 1
3 322 60 439 225 17 32 1
3 322 61 439 225 17 32 1
3 322 62 437 225 18 32 1
3 322 63 437 227 18 32 1
3 322 64 435 227 18 32 1
3 322 65 433 227 18 32 1
3 322 66 432 227 17 32 1
3 322 67 430 227 18 32 1
3 322 68 428 227 18 32 1
3 322 69 426 227 18 32 1
3 322 70 424 227 18 32 1
3 322 71 424 227 18 32 1
3 322 72 423 227 17 32 1
3 322 73 421 229 18 32 1
3 322 74 419 229 18 32 1
3 322 75 417 229 18 32 1
3 322 76 416 229 17 32 1
3 322 77 414 229 18 32 1
3 322 78 414 229 18 32 1
3 322 79 412 229 18 32 1
3 322 80 410 229 18 32 1
3 322 81 408 229 18 32 1
3 322 82 407 229 17 32 1
3 322 83 405 231 18 32 1
3 322 84 403 231 18 32 1
3 322 85 403 231 18 32 1
3 322 86 401 231 18 32 1
3 322 87 400 231 17 32 1
3 322 88 398 231 18 32 1
3 322 89 396 231 18 32 1
3 322 90 394 231 18 32 1
3 322 91 392 231 18 32 1
3 322 92 392 232 18 32 1
3 322 93 391 231 17 32 1
3 322 94 391 231 17 32 1
3 322 95 389 231 18 32 1
3 322 96 389 231 18 32 1
3 322 97 387 231 18 32 1
3 322 98 387 231 18 32 1
3 322 99 385 231 18 32 1
3 322 100 385 231 18 32 1
3 322 101 385 229 18 32 1
3 322 102 384 229 17 32 1
3 322 103 384 229 17 32 1
3 322 104 382 229 18 32 1
3 322 105 382 229 18 32 1
3 322 106 380 229 18 32 1
3 322 107 380 229 18 32 1
3 322 108 378 229 18 32 1
3 322 109 378 229 18 32 1
3 322 110 378 227 18 32 1
3 322 111 376 227 18 32 1
3 322 112 376 227 18 32 1
3 322 113 375 227 17 32 1
3 322 114 375 227 17 32 1
3 322 115 373 227 18 32 1
3 322 116 373 227 18 32 1
3 322 117 371 227 18 32 1
3 322 118 371 225 18 32 1
3 322 119 371 225 18 32 1
3 322 120 369 225 18 32 1
3 322 121 369 225 18 32 1
3 322 122 368 225 17 32 1
3 322 123 368 225 17 32 1
3 322 124 366 225 18 32 1
3 322 125 366 225 18 32 1
3 322 126 364 225 18 32 1
3 322 127 364 224 18 32 1
3 322 128 364 224 18 32 1
3 322 129 362 224 18 32 1
3 322 130 362 224 18 32 1
3 322 131 360 224 18 32 1
3 322 132 360 224 18 32 1
3 322 133 359 224 17 32 1
3 322 134 359 224 17 32 1
3 322 135 359 224 17 32 1
3 322 136 357 224 18 32 1
3 322 137 355 224 18 32 1
3 322 138 355 224 18 32 1
3 322 139 353 224 18 32 1
3 322 140 353 224 18 32 1
3 322 141 352 224 17 32 1
3 322 142 352 224 17 32 1
3 322 143 350 224 18 32 1
3 322 144 350 224 18 32 1
3 322 145 348 224 18 32 1
3 322 146 346 224 18 32 1
3 322 147 346 224 18 32 1
3 322 148 344 224 18 32 1
3 322 149 344 224 18 32 1
3 322 150 343 224 17 32 1
3 322 151 343 224 17 32 1
3 322 152 341 224 18 32 1
3 322 153 341 224 18 32 1
3 322 154 339 224 18 32 1
3 322 155 339 224 18 32 1
3 322 156 337 224 18 32 1
3 322 157 336 224 17 32 1
3 322 158 336 224 17 32 1
3 322 159 334 224 18 32 1
3 322 160 334 224 18 32 1
3 322 161 332 224 18 32 1
3 322 162 332 224 18 32 1
3 322 163 330 224 18 32 1
3 322 164 330 224 18 32 1
3 322 165 328 224 18 32 1
3 322 166 328 225 18 32 1
3 322 167 327 225 17 32 1
3 322 168 327 225 17 32 1
3 322 169 325 225 18 32 1
3 322 170 325 225 18 32 1
3 322 171 323 225 18 32 1
3 322 172 323 225 18 32 1
3 322 173 321 225 18 32 1
3 322 174 321 225 18 32 1
3 322 175 320 225 17 32 1
3 322 176 320 225 17 32 1
3 322 177 318 225 18 32 1
3 322 178 318 225 18 32 1
3 322 179 316 225 18 32 1
3 322 180 316 225 18 32 1
3 322 181 316 225 18 32 1
3 322 182 314 225 18 32 1
3 322 183 314 225 18 32 1
3 322 184 312 225 18 32 1
3 322 185 312 225 18 32 1
3 322 186 311 225 17 32 1
3 322 187 311 225 17 32 1
3 322 188 309 225 18 32 1
3 322 189 309 225 18 32 1
3 322 190 307 225 18 32 1
3 322 191 307 225 18 32 1
3 322 192 305 225 18 32 1
3 322 193 305 225 18 32 1
3 322 194 305 225 18 32 1
3 322 195 304 225 17 32 1
3 322 196 304 225 17 32 1
3 322 197 302 225 18 32 1
3 322 198 302 225 18 32 1
3 322 199 300 225 18 32 1
3 322 200 300 225 18 32 1
3 322 201 298 225 18 32 1
3 322 202 298 225 18 32 1
3 322 203 296 225 18 32 1
3 322 204 296 225 18 32 1
3 322 205 295 225 17 32 1
3 322 206 295 225 17 32 1
3 322 207 295 227 17 32 1
3 322 208 293 227 18 32 1
3 322 209 293 227 18 32 1
3 322 210 291 227 18 32 1
3 322 211 291 227 18 32 1
3 322 212 289 227 18 32 1
3 322 213 289 227 18 32 1
3 322 214 288 227 17 32 1
3 322 215 288 227 17 32 1
3 322 216 286 227 18 32 1
3 322 217 286 229 18 32 1
3 322 218 284 229 18 32 1
3 322 219 284 229 18 32 1
3 322 220 282 229 18 32 1
3 322 221 282 229 18 32 1
3 322 222 280 229 18 32 1
3 322 223 280 229 18 32 1
3 322 224 279 229 17 32 1
3 322 225 279 229 17 32 1
3 322 226 279 231 17 32 1
3 322 227 277 231 18 32 1
3 322 228 275 231 18 32 1
3 322 229 275 231 18 32 1
3 322 230 273 232 18 32 1
3 322 231 273 232 18 32 1
3 322 232 272 232 17 32 1
3 322 233 272 234 17 32 1
3 322 234 270 234 18 32 1
3 322 235 270 234 18 32 1
3 322 236 268 236 18 32 1
3 322 237 268 236 18 32 1
3 322 238 266 236 18 32 1
3 322 239 266 238 18 32 1
3 322 240 264 238 18 32 1
3 322 241 263 238 17 32 1
3 322 242 263 238 17 32 1
3 322 243 261 238 18 32 1
3 322 244 259 238 18 32 1
3 322 245 259 238 18 32 1
3 322 246 257 238 18 32 1
3 322 247 257 238 18 32 1
3 322 248 256 238 17 32 1
3 322 249 254 238 18 32 1
3 322 250 254 238 18 32 1
3 322 251 252 238 18 32 1
3 322 252 252 238 18 32 1
3 322 253 250 238 18 32 1
3 322 254 248 238 18 32 1
3 322 255 248 238 18 32 1
3 322 256 247 238 17 32 1
3 322 257 245 238 18 32 1
3 322 258 245 238 18 32 1
3 322 259 243 238 18 32 1
3 322 260 243 238 18 32 1
3 322 261 241 238 18 32 1
3 322 262 240 238 17 32 1
3 322 263 240 238 17 32 1
3 322 264 238 238 18 32 1
3 322 265 238 238 18 32 1
3 322 266 236 238 18 32 1
3 322 267 234 238 18 32 1
3 322 268 234 238 18 32 1
3 322 269 232 238 18 32 1
3 322 270 231 238 17 32 1
3 322 271 231 238 17 32 1
3 322 272 229 238 18 32 1
3 322 273 229 238 18 32 1
3 322 274 227 238 18 32 1
3 322 275 225 238 18 32 1
3 322 276 225 238 18 32 1
3 322 277 224 238 17 32 1
3 322 278 224 238 17 32 1
3 322 279 222 238 18 32 1
3 322 280 220 238 18 32 1
3 322 281 220 238 18 32 1
3 322 282 218 238 18 32 1
3 322 283 216 238 18 32 1
3 322 284 216 238 18 32 1
3 322 285 215 238 17 32 1
3 322 286 215 238 17 32 1
3 322 287 213 238 18 32 1
3 322 288 211 238 18 32 1
3 322 289 211 238 18 32 1
3 322 290 209 238 18 32 1
3 322 291 209 238 18 32 1
3 322 292 208 238 17 32 1
3 322 293 206 238 18 32 1
3 322 294 206 238 18 32 1
3 322 295 204 238 18 32 1
3 322 296 202 238 18 32 1
3 322 297 202 238 18 32 1
3 322 298 200 238 18 32 1
3 322 299 200 238 18 32 1
3 322 300 199 238 17 32 1
3 322 301 197 238 18 32 1
3 322 302 197 238 18 32 1
3 322 303 195 238 18 32 1
3 322 304 195 240 18 32 1
3 322 305 193 238 18 32 1
3 322 306 193 238 18 32 1
3 322 307 193 238 18 32 1
3 322 308 193 238 18 32 1
3 322 309 192 238 17 32 1
3 322 310 192 238 17 32 1
3 322 311 192 238 17 32 1
3 322 312 192 238 17 32 1
3 322 313 190 238 18 32 1
3 322 314 190 238 18 32 1
3 322 315 190 238 18 32 1
3 322 316 190 238 18 32 1
3 322 317 188 238 18 32 1
3 322 318 188 238 18 32 1
3 322 319 188 238 18 32 1
3 322 320 188 238 18 32 1
3 322 321 392 232 18 32 1
4 548 0 890 682 43 36 1
4 548 1 890 682 43 36 1
4 548 2 890 682 43 36 1
4 548 3 890 682 43 36 1
4 548 4 890 682 43 36 1
4 548 5 890 682 43 36 1
4 548 6 890 682 43 36 1
4 548 7 890 682 43 36 1
4 548 8 890 682 43 36 1
4 548 9 890 682 43 36 1
4 548 10 890 682 43 36 1
4 548 11 890 682 43 36 1
4 548 12 890 682 43 36 1
4 548 13 890 682 43 36 1
4 548 14 890 682 43 36 1
4 548 15 890 682 43 36 1
4 548 16 890 682 43 36 1
4 548 17 890 682 43 36 1
4 548 18 890 682 43 36 1
4 548 19 890 682 43 36 1
4 548 20 890 682 43 36 1
4 548 21 890 682 43 36 1
4 548 22 890 682 43 36 1
4 548 23 890 682 43 36 1
4 548 24 890 682 43 36 1
4 548 25 890 682 43 36 1
4 548 26 890 682 43 36 1
4 548 27 890 682 43 36 1
4 548 28 890 682 43 36 1
4 548 29 890 682 43 36 1
4 548 30 890 682 43 36 1
4 548 31 890 682 43 36 1
4 548 32 890 682 43 36 1
4 548 33 890 682 43 36 1
4 548 34 890 682 43 36 1
4 548 35 890 682 43 36 1
4 548 36 890 682 43 36 1
4 548 37 890 682 43 36 1
4 548 38 890 682 43 36 1
4 548 39 890 682 43 36 1
4 548 40 890 682 43 36 1
4 548 41 890 682 43 36 1
4 548 42 890 682 43 36 1
4 548 43 890 682 43 36 1
4 548 44 890 682 43 36 1
4 548 45 890 682 43 36 1
4 548 46 890 682 43 36 1
4 548 47 890 682 43 36 1
4 548 48 890 682 43 36 1
4 548 49 890 682 43 36 1
4 548 50 890 682 43 36 1
4 548 51 890 682 43 36 1
4 548 52 890 682 43 36 1
4 548 53 890 682 43 36 1
4 548 54 890 682 43 36 1
4 548 55 890 682 43 36 1
4 548 56 890 682 43 36 1
4 548 57 890 682 43 36 1
4 548 58 890 682 43 36 1
4 548 59 890 682 43 36 1
4 548 60 890 682 43 36 1
4 548 61 890 682 43 36 1
4 548 62 890 682 43 36 1
4 548 63 890 682 43 36 1
4 548 64 890 682 43 36 1
4 548 65 890 682 43 36 1
4 548 66 890 682 43 36 1
4 548 67 890 682 43 36 1
4 548 68 890 682 43 36 1
4 548 69 890 682 43 36 1
4 548 70 890 682 43 36 1
4 548 71 890 682 43 36 1
4 548 72 890 682 43 36 1
4 548 73 890 682 43 36 1
4 548 74 890 682 43 36 1
4 548 75 890 682 43 36 1
4 548 76 890 682 43 36 1
4 548 77 890 682 43 36 1
4 548 78 890 682 43 36 1
4 548 79 890 682 43 36 1
4 548 80 890 682 43 36 1
4 548 81 890 682 43 36 1
4 548 82 890 682 43 36 1
4 548 83 890 682 43 36 1
4 548 84 890 682 43 36 1
4 548 85 890 682 43 36 1
4 548 86 890 682 43 36 1
4 548 87 890 682 43 36 1
4 548 88 890 682 43 36 1
4 548 89 890 682 43 36 1
4 548 90 890 682 43 36 1
4 548 91 890 682 43 36 1
4 548 92 890 682 43 36 1
4 548 93 890 682 43 36 1
4 548 94 890 682 43 36 1
4 548 95 890 682 43 36 1
4 548 96 890 682 43 36 1
4 548 97 890 682 43 36 1
4 548 98 890 682 43 36 1
4 548 99 890 682 43 36 1
4 548 100 890 682 43 36 1
4 548 101 890 682 43 36 1
4 548 102 890 682 43 36 1
4 548 103 890 682 43 36 1
4 548 104 890 682 43 36 1
4 548 105 890 682 43 36 1
4 548 106 890 682 43 36 1
4 548 107 890 682 43 36 1
4 548 108 890 682 43 36 1
4 548 109 890 682 43 36 1
4 548 110 890 682 43 36 1
4 548 111 890 682 43 36 1
4 548 112 890 682 43 36 1
4 548 113 890 682 43 36 1
4 548 114 890 682 43 36 1
4 548 115 890 682 43 36 1
4 548 116 890 682 43 36 1
4 548 117 890 682 43 36 1
4 548 118 890 682 43 36 1
4 548 119 890 682 43 36 1
4 548 120 890 682 43 36 1
4 548 121 890 682 43 36 1
4 548 122 890 682 43 36 1
4 548 123 890 682 43 36 1
4 548 124 890 682 43 36 1
4 548 125 890 682 43 36 1
4 548 126 890 682 43 36 1
4 548 127 890 682 43 36 1
4 548 128 890 682 43 36 1
4 548 129 890 682 43 36 1
4 548 130 890 682 43 36 1
4 548 131 890 682 43 36 1
4 548 132 890 682 43 36 1
4 548 133 890 682 43 36 1
4 548 134 890 682 43 36 1
4 548 135 890 682 43 36 1
4 548 136 890 682 43 36 1
4 548 137 890 682 43 36 1
4 548 138 890 682 43 36 1
4 548 139 890 682 43 36 1
4 548 140 890 682 43 36 1
4 548 141 890 682 43 36 1
4 548 142 890 682 43 36 1
4 548 143 890 682 43 36 1
4 548 144 890 682 43 36 1
4 548 145 890 682 43 36 1
4 548 146 890 682 43 36 1
4 548 147 890 682 43 36 1
4 548 148 890 682 43 36 1
4 548 149 890 682 43 36 1
4 548 150 890 682 43 36 1
4 548 151 890 682 43 36 1
4 548 152 890 682 43 36 1
4 548 153 890 682 43 36 1
4 548 154 890 682 43 36 1
4 548 155 890 682 43 36 1
4 548 156 890 682 43 36 1
4 548 157 890 682 43 36 1
4 548 158 890 682 43 36 1
4 548 159 890 682 43 36 1
4 548 160 890 682 43 36 1
4 548 161 890 682 43 36 1
4 548 162 890 682 43 36 1
4 548 163 890 682 43 36 1
4 548 164 890 682 43 36 1
4 548 165 890 682 43 36 1
4 548 166 890 682 43 36 1
4 548 167 890 682 43 36 1
4 548 168 890 682 43 36 1
4 548 169 890 682 43 36 1
4 548 170 890 682 43 36 1
4 548 171 890 682 43 36 1
4 548 172 890 682 43 36 1
4 548 173 890 682 43 36 1
4 548 174 890 682 43 36 1
4 548 175 890 682 43 36 1
4 548 176 890 682 43 36 1
4 548 177 890 682 43 36 1
4 548 178 890 682 43 36 1
4 548 179 890 682 43 36 1
4 548 180 890 682 43 36 1
4 548 181 890 682 43 36 1
4 548 182 890 682 43 36 1
4 548 183 890 682 43 36 1
4 548 184 890 682 43 36 1
4 548 185 890 682 43 36 1
4 548 186 890 682 43 36 1
4 548 187 890 682 43 36 1
4 548 188 890 682 43 36 1
4 548 189 890 682 43 36 1
4 548 190 890 682 43 36 1
4 548 191 890 682 43 36 1
4 548 192 890 682 43 36 1
4 548 193 890 682 43 36 1
4 548 194 890 682 43 36 1
4 548 195 890 682 43 36 1
4 548 196 890 682 43 36 1
4 548 197 890 682 43 36 1
4 548 198 890 682 43 36 1
4 548 199 890 682 43 36 1
4 548 200 890 682 43 36 1
4 548 201 890 682 43 36 1
4 548 202 890 682 43 36 1
4 548 203 890 682 43 36 1
4 548 204 890 682 43 36 1
4 548 205 890 682 43 36 1
4 548 206 890 682 43 36 1
4 548 207 890 682 43 36 1
4 548 208 890 682 43 36 1
4 548 209 890 682 43 36 1
4 548 210 890 682 43 36 1
4 548 211 890 682 43 36 1
4 548 212 890 682 43 36 1
4 548 213 890 682 43 36 1
4 548 214 890 682 43 36 1
4 548 215 890 682 43 36 1
4 548 216 890 682 43 36 1
4 548 217 890 682 43 36 1
4 548 218 890 682 43 36 1
4 548 219 890 682 43 36 1
4 548 220 890 682 43 36 1
4 548 221 890 682 43 36 1
4 548 222 890 682 43 36 1
4 548 223 890 682 43 36 1
4 548 224 890 682 43 36 1
4 548 225 890 682 43 36 1
4 548 226 890 682 43 36 1
4 548 227 890 682 43 36 1
4 548 228 890 682 43 36 1
4 548 229 890 682 43 36 1
4 548 230 890 682 43 36 1
4 548 231 890 682 43 36 1
4 548 232 890 682 43 36 1
4 548 233 890 682 43 36 1
4 548 234 890 682 43 36 1
4 548 235 890 682 43 36 1
4 548 236 890 682 43 36 1
4 548 237 890 682 43 36 1
4 548 238 890 682 43 36 1
4 548 239 890 682 43 36 1
4 548 240 890 682 43 36 1
4 548 241 890 682 43 36 1
4 548 242 890 682 43 36 1
4 548 243 890 682 43 36 1
4 548 244 890 682 43 36 1
4 548 245 890 682 43 36 1
4 548 246 890 682 43 36 1
4 548 247 890 682 43 36 1
4 548 248 890 682 43 36 1
4 548 249 890 682 43 36 1
4 548 250 890 682 43 36 1
4 548 251 890 682 43 36 1
4 548 252 890 682 43 36 1
4 548 253 890 682 43 36 1
4 548 254 890 682 43 36 1
4 548 255 890 682 43 36 1
4 548 256 890 682 43 36 1
4 548 257 890 682 43 36 1
4 548 258 890 682 43 36 1
4 548 259 890 682 43 36 1
4 548 260 890 682 43 36 1
4 548 261 890 682 43 36 1
4 548 262 890 682 43 36 1
4 548 263 890 682 43 36 1
4 548 264 890 682 43 36 1
4 548 265 890 682 43 36 1
4 548 266 890 682 43 36 1
4 548 267 890 682 43 36 1
4 548 268 890 682 43 36 1
4 548 269 890 682 43 36 1
4 548 270 890 682 43 36 1
4 548 271 890 682 43 36 1
4 548 272 890 682 43 36 1
4 548 273 890 682 43 36 1
4 548 274 890 682 43 36 1
4 548 275 890 682 43 36 1
4 548 276 890 682 43 36 1
4 548 277 890 682 43 36 1
4 548 278 890 682 43 36 1
4 548 279 890 682 43 36 1
4 548 280 890 682 43 36 1
4 548 281 890 682 43 36 1
4 548 282 890 682 43 36 1
4 548 283 890 682 43 36 1
4 548 284 890 682 43 36 1
4 548 285 890 682 43 36 1
4 548 286 890 682 43 36 1
4 548 287 890 682 43 36 1
4 548 288 890 682 43 36 1
4 548 289 890 682 43 36 1
4 548 290 890 682 43 36 1
4 548 291 890 682 43 36 1
4 548 292 890 682 43 36 1
4 548 293 890 682 43 36 1
4 548 294 890 682 43 36 1
4 548 295 890 682 43 36 1
4 548 296 890 682 43 36 1
4 548 297 890 682 43 36 1
4 548 298 890 682 43 36 1
4 548 299 890 682 43 36 1
4 548 300 890 682 43 36 1
4 548 301 888 682 43 36 1
4 548 302 888 682 43 36 1
4 548 303 888 682 43 36 1
4 548 304 888 682 43 36 1
4 548 305 888 682 43 36 1
4 548 306 888 682 43 36 1
4 548 307 888 682 43 36 1
4 548 308 888 682 43 36 1
4 548 309 888 682 43 36 1
4 548 310 888 682 43 36 1
4 548 311 888 682 43 36 1
4 548 312 888 682 43 36 1
4 548 313 888 682 43 36 1
4 548 314 888 682 43 36 1
4 548 315 888 682 43 36 1
4 548 316 888 682 43 36 1
4 548 317 888 682 43 36 1
4 548 318 888 682 43 36 1
4 548 319 888 682 43 36 1
4 548 320 888 682 43 36 1
4 548 321 888 682 43 36 1
4 548 322 888 682 43 36 1
4 548 323 888 682 43 36 1
4 548 324 888 682 43 36 1
4 548 325 888 682 43 36 1
4 548 326 888 682 43 36 1
4 548 327 888 682 43 36 1
4 548 328 888 682 43 36 1
4 548 329 888 682 43 36 1
4 548 330 888 682 43 36 1
4 548 331 888 682 43 36 1
4 548 332 888 682 43 36 1
4 548 333 888 682 43 36 1
4 548 334 888 682 43 36 1
4 548 335 888 682 43 36 1
4 548 336 888 682 43 36 1
4 548 337 888 682 43 36 1
4 548 338 888 682 43 36 1
4 548 339 888 682 43 36 1
4 548 340 888 682 43 36 1
4 548 341 888 682 43 36 1
4 548 342 888 682 43 36 1
4 548 343 888 682 43 36 1
4 548 344 888 682 43 36 1
4 548 345 888 682 43 36 1
4 548 346 888 682 43 36 1
4 548 347 888 682 43 36 1
4 548 348 888 682 43 36 1
4 548 349 888 682 43 36 1
4 548 350 888 682 43 36 1
4 548 351 888 682 43 36 1
4 548 352 888 682 43 36 1
4 548 353 888 682 43 36 1
4 548 354 888 682 43 36 1
4 548 355 888 682 43 36 1
4 548 356 888 682 43 36 1
4 548 357 888 682 43 36 1
4 548 358 888 682 43 36 1
4 548 359 888 682 43 36 1
4 548 360 888 682 43 36 1
4 548 361 888 682 43 36 1
4 548 362 888 682 43 36 1
4 548 363 888 682 43 36 1
4 548 364 888 682 43 36 1
4 548 365 888 682 43 36 1
4 548 366 888 682 43 36 1
4 548 367 888 682 43 36 1
4 548 368 888 682 43 36 1
4 548 369 888 682 43 36 1
4 548 370 888 682 43 36 1
4 548 371 888 682 43 36 1
4 548 372 888 682 43 36 1
4 548 373 888 682 43 36 1
4 548 374 888 682 43 36 1
4 548 375 888 682 43 36 1
4 548 376 888 682 43 36 1
4 548 377 888 682 43 36 1
4 548 378 888 682 43 36 1
4 548 379 888 682 43 36 1
4 548 380 888 682 43 36 1
4 548 381 888 682 43 36 1
4 548 382 888 682 43 36 1
4 548 383 887 684 44 34 1
4 548 384 887 684 44 34 1
4 548 385 887 684 44 34 1
4 548 386 887 684 44 34 1
4 548 387 887 684 44 34 1
4 548 388 887 684 44 34 1
4 548 389 887 684 44 34 1
4 548 390 887 684 44 34 1
4 548 391 887 684 44 34 1
4 548 392 887 684 44 34 1
4 548 393 887 684 44 34 1
4 548 394 887 684 44 34 1
4 548 395 887 684 44 34 1
4 548 396 887 684 44 34 1
4 548 397 887 684 44 34 1
4 548 398 887 684 44 34 1
4 548 399 887 684 44 34 1
4 548 400 887 684 44 34 1
4 548 401 887 684 44 34 1
4 548 402 887 684 44 34 1
4 548 403 887 684 44 34 1
4 548 404 887 684 44 34 1
4 548 405 887 684 44 34 1
4 548 406 887 684 44 34 1
4 548 407 887 684 44 34 1
4 548 408 887 684 44 34 1
4 548 409 887 684 44 34 1
4 548 410 887 684 44 34 1
4 548 411 887 684 44 34 1
4 548 412 887 684 44 34 1
4 548 413 887 684 44 34 1
4 548 414 887 684 44 34 1
4 548 415 887 684 44 34 1
4 548 416 887 684 44 34 1
4 548 417 887 684 44 34 1
4 548 418 887 684 44 34 1
4 548 419 887 684 44 34 1
4 548 420 887 684 44 34 1
4 548 421 887 684 44 34 1
4 548 422 887 684 44 34 1
4 548 423 887 684 44 34 1
4 548 424 887 684 44 34 1
4 548 425 887 684 44 34 1
4 548 426 887 684 44 34 1
4 548 427 887 684 44 34 1
4 548 428 887 684 44 34 1
4 548 429 887 684 44 34 1
4 548 430 887 684 44 34 1
4 548 431 887 684 44 34 1
4 548 432 887 684 44 34 1
4 548 433 887 684 44 34 1
4 548 434 887 684 44 34 1
4 548 435 887 684 44 34 1
4 548 436 887 684 44 34 1
4 548 437 887 684 44 34 1
4 548 438 887 684 44 34 1
4 548 439 887 684 44 34 1
4 548 440 887 684 44 34 1
4 548 441 887 684 44 34 1
4 548 442 887 684 44 34 1
4 548 443 887 684 44 34 1
4 548 444 887 684 44 34 1
4 548 445 887 684 44 34 1
4 548 446 887 684 44 34 1
4 548 447 887 684 44 34 1
4 548 448 887 684 44 34 1
4 548 449 887 684 44 34 1
4 548 450 887 684 44 34 1
4 548 451 887 684 44 34 1
4 548 452 887 684 44 34 1
4 548 453 887 684 44 34 1
4 548 454 887 684 44 34 1
4 548 455 887 684 44 34 1
4 548 456 887 684 44 34 1
4 548 457 887 684 44 34 1
4 548 458 887 684 44 34 1
4 548 459 887 684 44 34 1
4 548 460 887 684 44 34 1
4 548 461 887 684 44 34 1
4 548 462 887 684 44 34 1
4 548 463 887 684 44 34 1
4 548 464 887 684 44 34 1
4 548 465 885 686 46 32 1
4 548 466 885 686 46 32 1
4 548 467 885 686 46 32 1
4 548 468 885 686 46 32 1
4 548 469 885 686 46 32 1
4 548 470 885 686 46 32 1
4 548 471 885 686 46 32 1
4 548 472 885 686 46 32 1
4 548 473 885 686 46 32 1
4 548 474 885 686 46 32 1
4 548 475 885 686 46 32 1
4 548 476 885 686 46 32 1
4 548 477 885 686 46 32 1
4 548 478 885 686 46 32 1
4 548 479 885 686 46 32 1
4 548 480 885 686 46 32 1
4 548 481 885 686 46 32 1
4 548 482 885 686 46 32 1
4 548 483 885 686 46 32 1
4 548 484 885 686 46 32 1
4 548 485 885 686 46 32 1
4 548 486 885 686 46 32 1
4 548 487 885 686 46 32 1
4 548 488 885 686 46 32 1
4 548 489 885 686 46 32 1
4 548 490 885 686 46 32 1
4 548 491 885 686 46 32 1
4 548 492 885 686 46 32 1
4 548 493 885 686 46 32 1
4 548 494 885 686 46 32 1
4 548 495 885 686 46 32 1
4 548 496 885 686 46 32 1
4 548 497 885 686 46 32 1
4 548 498 885 686 46 32 1
4 548 499 885 686 46 32 1
4 548 500 885 686 46 32 1
4 548 501 885 686 46 32 1
4 548 502 885 686 46 32 1
4 548 503 885 686 46 32 1
4 548 504 885 686 46 32 1
4 548 505 885 686 46 32 1
4 548 506 885 686 46 32 1
4 548 507 885 686 46 32 1
4 548 508 885 686 46 32 1
4 548 509 885 686 46 32 1
4 548 510 885 686 46 32 1
4 548 511 885 686 46 32 1
4 548 512 885 686 46 32 1
4 548 513 885 686 46 32 1
4 548 514 885 686 46 32 1
4 548 515 885 686 46 32 1
4 548 516 885 686 46 32 1
4 548 517 885 686 46 32 1
4 548 518 885 686 46 32 1
4 548 519 885 686 46 32 1
4 548 520 885 686 46 32 1
4 548 521 885 686 46 32 1
4 548 522 885 686 46 32 1
4 548 523 885 686 46 32 1
4 548 524 885 686 46 32 1
4 548 525 885 686 46 32 1
4 548 526 885 686 46 32 1
4 548 527 885 686 46 32 1
4 548 528 885 686 46 32 1
4 548 529 885 686 46 32 1
4 548 530 885 686 46 32 1
4 548 531 885 686 46 32 1
4 548 532 885 686 46 32 1
4 548 533 885 686 46 32 1
4 548 534 885 686 46 32 1
4 548 535 885 686 46 32 1
4 548 536 885 686 46 32 1
4 548 537 885 686 46 32 1
4 548 538 885 686 46 32 1
4 548 539 885 686 46 32 1
4 548 540 885 686 46 32 1
4 548 541 885 686 46 32 1
4 548 542 885 686 46 32 1
4 548 543 885 686 46 32 1
4 548 544 885 686 46 32 1
4 548 545 885 686 46 32 1
4 548 546 885 686 46 32 1
4 548 547 885 688 46 30 1
5 491 0 1132 442 69 66 1
5 491 1 1130 440 70 68 1
5 491 2 1130 440 70 68 1
5 491 3 1130 440 70 68 1
5 491 4 1130 440 70 68 1
5 491 5 1130 440 70 68 1
5 491 6 1130 440 70 68 1
5 491 7 1130 440 70 68 1
5 491 8 1130 440 70 68 1
5 491 9 1130 440 70 68 1
5 491 10 1130 440 70 68 1
5 491 11 1130 440 70 68 1
5 491 12 1130 440 70 68 1
5 491 13 1130 440 70 68 1
5 491 14 1130 440 70 68 1
5 491 15 1130 440 70 68 1
5 491 16 1130 440 70 68 1
5 491 17 1130 439 68 69 1
5 491 18 1130 439 68 69 1
5 491 19 1130 439 68 69 1
5 491 20 1130 439 68 69 1
5 491 21 1130 439 68 69 1
5 491 22 1130 439 68 69 1
5 491 23 1130 439 68 69 1
5 491 24 1130 439 68 69 1
5 491 25 1130 439 68 69 1
5 491 26 1130 439 68 69 1
5 491 27 1130 439 68 69 1
5 491 28 1130 439 68 69 1
5 491 29 1130 439 68 69 1
5 491 30 1130 439 68 69 1
5 491 31 1130 439 68 69 1
5 491 32 1130 439 68 69 1
5 491 33 1130 439 68 69 1
5 491 34 1130 437 66 71 1
5 491 35 1130 437 66 71 1
5 491 36 1130 437 66 71 1
5 491 37 1130 437 66 71 1
5 491 38 1130 437 66 71 1
5 491 39 1130 437 66 73 1
5 491 40 1130 437 66 73 1
5 491 41 1130 437 66 73 1
5 491 42 1130 437 66 73 1
5 491 43 1130 437 66 73 1
5 491 44 1130 437 66 73 1
5 491 45 1130 437 66 73 1
5 491 46 1130 437 66 73 1
5 491 47 1130 437 66 73 1
5 491 48 1130 437 66 73 1
5 491 49 1130 437 66 73 1
5 491 50 1130 437 66 73 1
5 491 51 1130 435 64 75 1
5 491 52 1130 435 64 75 1
5 491 53 1130 435 64 75 1
5 491 54 1130 435 64 75 1
5 491 55 1130 435 64 75 1
5 491 56 1130 435 64 75 1
5 491 57 1130 435 64 75 1
5 491 58 1130 435 64 75 1
5 491 59 1128 435 66 75 1
5 491 60 1128 435 66 75 1
5 491 61 1128 435 66 75 1
5 491 62 1128 435 66 75 1
5 491 63 1128 435 66 75 1
5 491 64 1128 435 66 75 1
5 491 65 1128 435 66 75 1
5 491 66 1128 435 66 75 1
5 491 67 1128 433 64 77 1
5 491 68 1128 433 64 77 1
5 491 69 1128 433 64 77 1
5 491 70 1128 433 64 77 1
5 491 71 1128 433 64 77 1
5 491 72 1128 433 64 77 1
5 491 73 1128 433 64 77 1
5 491 74 1128 433 64 77 1
5 491 75 1128 433 64 77 1
5 491 76 1128 433 64 77 1
5 491 77 1128 433 64 77 1
5 491 78 1128 433 64 79 1
5 491 79 1128 433 64 79 1
5 491 80 1128 433 64 79 1
5 491 81 1128 433 64 79 1
5 491 82 1128 433 64 79 1
5 491 83 1128 433 64 79 1
5 491 84 1128 432 63 80 1
5 491 85 1128 432 63 80 1
5 491 86 1128 432 63 80 1
5 491 87 1128 432 63 80 1
5 491 88 1128 432 63 80 1
5 491 89 1128 432 63 80 1
5 491 90 1128 432 63 80 1
5 491 91 1128 432 63 80 1
5 491 92 1128 432 63 80 1
5 491 93 1128 432 63 80 1
5 491 94 1128 432 63 80 1
5 491 95 1128 432 63 80 1
5 491 96 1128 432 63 80 1
5 491 97 1128 432 63 80 1
5 491 98 1128 432 63 80 1
5 491 99 1128 432 63 80 1
5 491 100 1128 432 63 80 1
5 491 101 1128 430 61 82 1
5 491 102 1128 430 61 82 1
5 491 103 1128 430 61 82 1
5 491 104 1128 430 61 82 1
5 491 105 1128 430 61 82 1
5 491 106 1128 430 61 82 1
5 491 107 1128 430 61 82 1
5 491 108 1128 430 61 82 1
5 491 109 1128 430 61 82 1
5 491 110 1128 430 61 82 1
5 491 111 1128 430 61 82 1
5 491 112 1128 430 61 82 1
5 491 113 1128 430 61 82 1
5 491 114 1128 430 61 82 1
5 491 115 1128 430 61 82 1
5 491 116 1128 430 61 82 1
5 491 117 1128 430 61 83 1
5 491 118 1128 428 61 84 1
5 491 119 1128 428 61 84 1
5 491 120 1130 428 61 84 1
5 491 121 1130 428 61 84 1
5 491 122 1132 428 60 84 1
5 491 123 1132 426 60 86 1
5 491 124 1134 426 60 86 1
5 491 125 1134 426 60 86 1
5 491 126 1136 426 60 86 1
5 491 127 1136 426 60 84 1
5 491 128 1137 424 61 86 1
5 491 129 1137 424 61 86 1
5 491 130 1139 424 59 86 1
5 491 131 1139 424 61 86 1
5 491 132 1141 424 59 86 1
5 491 133 1141 423 60 87 1
5 491 134 1143 423 58 87 1
5 491 135 1143 423 60 87 1
5 491 136 1144 423 59 85 1
5 491 137 1144 423 61 85 1
5 491 138 1146 423 59 85 1
5 491 139 1146 421 61 87 1
5 491 140 1148 421 59 87 1
5 491 141 1148 421 60 87 1
5 491 142 1150 421 58 87 1
5 491 143 1150 421 58 87 1
5 491 144 1152 419 58 89 1
5 491 145 1152 419 58 87 1
5 491 146 1153 419 59 87 1
5 491 147 1153 419 59 87 1
5 491 148 1155 419 59 87 1
5 491 149 1155 417 59 89 1
5 491 150 1157 417 59 89 1
5 491 151 1157 417 59 89 1
5 491 152 1159 417 58 89 1
5 491 153 1159 417 58 89 1
5 491 154 1160 417 59 89 1
5 491 155 1160 416 59 88 1
5 491 156 1160 416 59 88 1
5 491 157 1160 416 59 88 1
5 491 158 1160 416 59 88 1
5 491 159 1160 416 59 88 1
5 491 160 1160 416 59 88 1
5 491 161 1160 416 59 88 1
5 491 162 1160 416 59 88 1
5 491 163 1160 416 59 88 1
5 491 164 1160 416 59 88 1
5 491 165 1160 416 59 88 1
5 491 166 1160 416 59 88 1
5 491 167 1160 416 59 88 1
5 491 168 1160 416 59 88 1
5 491 169 1160 416 59 88 1
5 491 170 1160 416 59 88 1
5 491 171 1160 416 59 88 1
5 491 172 1160 416 59 88 1
5 491 173 1160 416 59 88 1
5 491 174 1160 416 59 88 1
5 491 175 1160 416 59 88 1
5 491 176 1160 416 59 88 1
5 491 177 1160 416 59 88 1
5 491 178 1160 416 59 88 1
5 491 179 1160 416 59 88 1
5 491 180 1160 416 59 88 1
5 491 181 1160 416 59 88 1
5 491 182 1160 416 59 88 1
5 491 183 1160 416 59 88 1
5 491 184 1160 416 59 88 1
5 491 185 1160 416 59 88 1
5 491 186 1160 416 59 88 1
5 491 187 1160 416 59 88 1
5 491 188 1160 416 59 88 1
5 491 189 1160 416 59 88 1
5 491 190 1160 416 59 88 1
5 491 191 1160 416 59 88 1
5 491 192 1160 416 59 88 1
5 491 193 1160 416 59 88 1
5 491 194 1160 416 59 88 1
5 491 195 1160 416 59 88 1
5 491 196 1160 416 59 88 1
5 491 197 1160 416 59 88 1
5 491 198 1160 416 59 88 1
5 491 199 1160 416 59 88 1
5 491 200 1160 416 59 88 1
5 491 201 1160 416 59 88 1
5 491 202 1160 416 59 88 1
5 491 203 1160 416 59 88 1
5 491 204 1160 416 59 88 1
5 491 205 1159 414 60 90 1
5 491 206 1159 414 60 90 1
5 491 207 1159 414 60 90 1
5 491 208 1159 414 60 90 1
5 491 209 1159 414 60 90 1
5 491 210 1159 414 60 90 1
5 491 211 1159 414 60 90 1
5 491 212 1159 414 60 90 1
5 491 213 1159 414 60 90 1
5 491 214 1159 414 60 90 1
5 491 215 1159 414 60 90 1
5 491 216 1159 414 60 90 1
5 491 217 1159 414 60 90 1
5 491 218 1159 414 60 90 1
5 491 219 1159 414 60 90 1
5 491 220 1159 414 60 90 1
5 491 221 1159 414 60 90 1
5 491 222 1159 414 60 90 1
5 491 223 1159 414 60 90 1
5 491 224 1159 412 60 92 1
5 491 225 1159 412 60 92 1
5 491 226 1159 412 60 92 1
5 491 227 1159 412 60 92 1
5 491 228 1159 412 60 92 1
5 491 229 1159 412 60 92 1
5 491 230 1159 412 60 92 1
5 491 231 1159 412 60 92 1
5 491 232 1159 412 60 92 1
5 491 233 1159 412 60 92 1
5 491 234 1159 412 60 92 1
5 491 235 1159 412 60 92 1
5 491 236 1159 412 60 92 1
5 491 237 1159 412 60 92 1
5 491 238 1159 412 60 92 1
5 491 239 1159 412 60 92 1
5 491 240 1159 412 60 92 1
5 491 241 1159 412 60 92 1
5 491 242 1159 412 60 92 1
5 491 243 1159 410 60 94 1
5 491 244 1159 410 60 94 1
5 491 245 1159 410 60 94 1
5 491 246 1159 410 60 94 1
5 491 247 1159 410 60 94 1
5 491 248 1159 410 60 94 1
5 491 249 1159 410 60 94 1
5 491 250 1159 410 60 94 1
5 491 251 1159 410 60 94 1
5 491 252 1159 410 60 94 1
5 491 253 1159 410 60 94 1
5 491 254 1159 410 60 94 1
5 491 255 1159 410 60 94 1
5 491 256 1159 410 60 94 1
5 491 257 1159 410 60 94 1
5 491 258 1159 410 60 94 1
5 491 259 1159 410 60 94 1
5 491 260 1159 410 60 94 1
5 491 261 1159 410 60 94 1
5 491 262 1159 410 60 94 1
5 491 263 1157 410 60 94 1
5 491 264 1157 410 60 94 1
5 491 265 1157 410 60 94 1
5 491 266 1155 410 61 94 1
5 491 267 1155 410 61 94 1
5 491 268 1155 412 61 94 1
5 491 269 1153 412 61 94 1
5 491 270 1153 412 61 94 1
5 491 271 1153 412 61 94 1
5 491 272 1153 412 61 94 1
5 491 273 1152 412 60 94 1
5 491 274 1152 414 60 94 1
5 491 275 1152 414 60 94 1
5 491 276 1150 414 60 94 1
5 491 277 1150 414 60 94 1
5 491 278 1150 414 60 94 1
5 491 279 1150 416 60 94 1
5 491 280 1150 416 60 94 1
5 491 281 1150 416 60 94 1
5 491 282 1150 416 60 94 1
5 491 283 1150 416 60 94 1
5 491 284 1150 416 60 94 1
5 491 285 1150 416 60 94 1
5 491 286 1150 416 60 94 1
5 491 287 1150 416 60 94 1
5 491 288 1150 416 60 94 1
5 491 289 1150 416 60 94 1
5 491 290 1150 416 60 94 1
5 491 291 1150 416 60 94 1
5 491 292 1150 416 60 94 1
5 491 293 1150 416 60 94 1
5 491 294 1150 416 60 94 1
5 491 295 1150 416 60 94 1
5 491 296 1150 416 60 94 1
5 491 297 1150 416 60 94 1
5 491 298 1150 416 60 94 1
5 491 299 1150 416 60 94 1
5 491 300 1150 416 60 94 1
5 491 301 1148 416 62 94 1
5 491 302 1148 416 62 94 1
5 491 303 1148 416 62 94 1
5 491 304 1148 416 62 94 1
5 491 305 1148 416 62 94 1
5 491 306 1148 416 62 94 1
5 491 307 1148 416 62 94 1
5 491 308 1148 416 62 94 1
5 491 309 1148 416 62 94 1
5 491 310 1148 417 64 93 1
5 491 311 1148 417 64 93 1
5 491 312 1148 417 64 93 1
5 491 313 1148 417 64 93 1
5 491 314 1148 417 64 93 1
5 491 315 1148 417 64 93 1
5 491 316 1148 417 64 93 1
5 491 317 1148 417 64 93 1
5 491 318 1148 417 64 93 1
5 491 319 1148 417 64 93 1
5 491 320 1148 419 66 91 1
5 491 321 1148 419 66 91 1
5 491 322 1148 419 66 91 1
5 491 323 1148 419 66 91 1
5 491 324 1148 419 66 91 1
5 491 325 1148 419 66 91 1
5 491 326 1148 419 66 91 1
5 491 327 1148 419 66 91 1
5 491 328 1148 419 66 91 1
5 491 329 1148 419 66 91 1
5 491 330 1148 421 68 91 1
5 491 331 1148 419 66 93 1
5 491 332 1148 419 66 93 1
5 491 333 1148 419 66 93 1
5 491 334 1148 419 66 93 1
5 491 335 1148 419 64 93 1
5 491 336 1148 419 64 93 1
5 491 337 1148 419 64 93 1
5 491 338 1148 419 64 93 1
5 491 339 1148 419 62 93 1
5 491 340 1148 419 62 93 1
5 491 341 1148 417 62 95 1
5 491 342 1148 417 62 95 1
5 491 343 1148 417 60 95 1
5 491 344 1148 417 60 95 1
5 491 345 1148 417 60 95 1
5 491 346 1148 417 60 95 1
5 491 347 1148 417 59 95 1
5 491 348 1148 417 59 95 1
5 491 349 1148 417 59 95 1
5 491 350 1148 417 59 95 1
5 491 351 1146 416 59 94 1
5 491 352 1146 416 59 94 1
5 491 353 1146 416 59 94 1
5 491 354 1146 416 59 94 1
5 491 355 1146 416 59 94 1
5 491 356 1144 416 59 94 1
5 491 357 1144 416 59 94 1
5 491 358 1144 416 59 94 1
5 491 359 1144 416 59 94 1
5 491 360 1144 416 59 94 1
5 491 361 1143 416 58 94 1
5 491 362 1143 416 58 94 1
5 491 363 1143 416 58 94 1
5 491 364 1143 416 58 94 1
5 491 365 1143 416 58 94 1
5 491 366 1141 416 59 94 1
5 491 367 1141 416 59 94 1
5 491 368 1141 416 59 94 1
5 491 369 1141 416 59 94 1
5 491 370 1141 416 59 94 1
5 491 371 1139 416 59 94 1
5 491 372 1139 416 59 94 1
5 491 373 1139 416 59 94 1
5 491 374 1139 416 59 94 1
5 491 375 1139 416 59 94 1
5 491 376 1137 416 59 94 1
5 491 377 1137 416 59 94 1
5 491 378 1137 416 59 94 1
5 491 379 1137 416 59 94 1
5 491 380 1137 416 59 94 1
5 491 381 1136 416 56 94 1
5 491 382 1134 416 55 94 1
5 491 383 1132 416 53 94 1
5 491 384 1130 416 52 94 1
5 491 385 1128 416 52 94 1
5 491 386 1127 416 49 94 1
5 491 387 1125 416 48 94 1
5 491 388 1123 416 46 94 1
5 491 389 1121 416 45 94 1
5 491 390 1120 417 44 93 1
5 491 391 1118 417 44 93 1
5 491 392 1116 417 44 93 1
5 491 393 1114 417 45 93 1
5 491 394 1112 417 47 93 1
5 491 395 1111 419 46 91 1
5 491 396 1109 419 46 91 1
5 491 397 1109 419 46 93 1
5 491 398 1107 419 46 93 1
5 491 399 1105 419 47 93 1
5 491 400 1104 421 46 91 1
5 491 401 1102 421 48 91 1
5 491 402 1100 421 48 91 1
5 491 403 1098 421 48 91 1
5 491 404 1098 423 48 90 1
5 491 405 1098 423 48 90 1
5 491 406 1100 423 48 90 1
5 491 407 1100 423 48 90 1
5 491 408 1102 424 48 91 1
5 491 409 1102 424 48 91 1
5 491 410 1104 424 48 91 1
5 491 411 1104 424 48 91 1
5 491 412 1105 426 48 91 1
5 491 413 1105 426 48 91 1
5 491 414 1107 426 48 91 1
5 491 415 1107 426 48 91 1
5 491 416 1109 428 48 91 1
5 491 417 1109 428 48 91 1
5 491 418 1111 428 48 91 1
5 491 419 1111 428 48 91 1
5 491 420 1112 430 48 90 1
5 491 421 1112 430 48 90 1
5 491 422 1114 430 48 90 1
5 491 423 1114 430 48 90 1
5 491 424 1116 432 48 90 1
5 491 425 1116 432 48 90 1
5 491 426 1118 432 48 90 1
5 491 427 1118 432 48 90 1
5 491 428 1120 433 48 91 1
5 491 429 1121 433 48 91 1
5 491 430 1123 433 48 91 1
5 491 431 1125 435 48 91 1
5 491 432 1128 435 48 91 1
5 491 433 1130 435 48 91 1
5 491 434 1132 437 48 91 1
5 491 435 1134 437 48 91 1
5 491 436 1137 437 48 91 1
5 491 437 1139 439 48 90 1
5 491 438 1141 439 48 90 1
5 491 439 1143 439 48 90 1
5 491 440 1146 440 48 91 1
5 491 441 1148 440 48 91 1
5 491 442 1150 440 48 91 1
5 491 443 1153 442 48 91 1
5 491 444 1155 442 48 91 1
5 491 445 1157 442 48 91 1
5 491 446 1159 444 48 91 1
5 491 447 1162 444 48 91 1
5 491 448 1164 444 48 91 1
5 491 449 1166 446 48 90 1
5 491 450 1168 446 48 90 1
5 491 451 1171 446 48 90 1
5 491 452 1173 448 48 90 1
5 491 453 1175 448 48 90 1
5 491 454 1176 448 48 90 1
5 491 455 1180 449 48 91 1
5 491 456 1182 449 48 91 1
5 491 457 1184 449 48 91 1
5 491 458 1187 451 48 91 1
5 491 459 1189 451 48 91 1
5 491 460 1191 451 48 91 1
5 491 461 1194 453 48 91 1
5 491 462 1196 453 48 91 1
5 491 463 1198 455 48 90 1
5 491 464 1201 455 48 90 1
5 491 465 1203 456 48 91 1
5 491 466 1207 456 48 91 1
5 491 467 1208 456 48 91 1
5 491 468 1210 458 48 91 1
5 491 469 1214 458 48 91 1
5 491 470 1216 460 48 91 1
5 491 471 1217 460 48 91 1
5 491 472 1221 462 48 90 1
5 491 473 1223 462 48 90 1
5 491 474 1226 464 48 90 1
5 491 475 1228 464 46 90 1
5 491 476 1232 465 42 91 1
5 491 477 1235 467 39 91 1
5 491 478 1239 469 35 91 1
5 491 479 1242 471 32 90 1
5 491 480 1246 472 30 91 1
5 491 481 1249 474 27 91 1
5 491 482 1253 476 23 91 1
5 491 483 1256 478 20 90 1
5 491 484 1260 480 16 90 1
5 491 485 1264 481 12 91 1
5 491 486 1267 483 11 91 1
5 491 487 1267 483 11 91 1
5 491 488 1267 483 11 91 1
5 491 489 1267 483 11 91 1
5 491 490 1267 483 11 91 1
6 419 0 584 211 27 53 1
6 419 1 584 211 27 53 1
6 419 2 584 211 27 53 1
6 419 3 584 211 27 53 1
6 419 4 586 211 27 53 1
6 419 5 586 211 27 53 1
6 419 6 586 211 27 53 1
6 419 7 588 211 27 53 1
6 419 8 588 211 27 53 1
6 419 9 588 211 27 53 1
6 419 10 590 211 26 53 1
6 419 11 590 211 26 53 1
6 419 12 590 211 26 53 1
6 419 13 592 211 26 53 1
6 419 14 592 211 26 53 1
6 419 15 592 211 26 53 1
6 419 16 593 211 27 53 1
6 419 17 593 211 27 53 1
6 419 18 593 211 27 53 1
6 419 19 595 211 27 53 1
6 419 20 595 211 27 53 1
6 419 21 595 211 27 53 1
6 419 22 597 211 27 53 1
6 419 23 597 211 27 53 1
6 419 24 597 211 27 53 1
6 419 25 599 211 26 53 1
6 419 26 599 211 26 53 1
6 419 27 599 211 26 53 1
6 419 28 599 211 26 53 1
6 419 29 600 211 27 53 1
6 419 30 600 211 27 53 1
6 419 31 600 211 27 53 1
6 419 32 602 211 27 53 1
6 419 33 602 211 27 53 1
6 419 34 602 211 27 53 1
6 419 35 604 211 27 53 1
6 419 36 604 211 27 53 1
6 419 37 604 211 27 53 1
6 419 38 606 211 26 53 1
6 419 39 606 211 26 53 1
6 419 40 606 211 26 53 1
6 419 41 608 211 26 53 1
6 419 42 608 211 26 53 1
6 419 43 608 211 26 53 1
6 419 44 609 211 27 53 1
6 419 45 609 211 27 53 1
6 419 46 609 211 27 53 1
6 419 47 611 211 27 53 1
6 419 48 611 211 27 53 1
6 419 49 611 211 27 53 1
6 419 50 613 211 27 53 1
6 419 51 613 211 27 53 1
6 419 52 613 211 27 53 1
6 419 53 615 211 26 53 1
6 419 54 615 211 26 53 1
6 419 55 615 211 26 53 1
6 419 56 615 211 26 53 1
6 419 57 616 211 27 53 1
6 419 58 616 211 27 53 1
6 419 59 616 211 27 53 1
6 419 60 618 211 27 53 1
6 419 61 618 211 27 53 1
6 419 62 618 211 27 53 1
6 419 63 620 211 27 53 1
6 419 64 620 211 27 53 1
6 419 65 620 211 27 53 1
6 419 66 622 211 26 53 1
6 419 67 622 211 26 53 1
6 419 68 622 211 26 53 1
6 419 69 624 211 26 53 1
6 419 70 624 211 26 53 1
6 419 71 624 211 26 53 1
6 419 72 625 211 27 53 1
6 419 73 625 211 27 53 1
6 419 74 625 211 27 53 1
6 419 75 627 211 27 53 1
6 419 76 627 211 27 53 1
6 419 77 627 211 27 53 1
6 419 78 629 211 27 53 1
6 419 79 629 211 27 53 1
6 419 80 629 211 27 53 1
6 419 81 631 211 26 53 1
6 419 82 631 211 26 53 1
6 419 83 631 211 26 53 1
6 419 84 632 211 27 53 1
6 419 85 632 211 27 53 1
6 419 86 632 211 27 53 1
6 419 87 634 211 27 53 1
6 419 88 634 211 27 53 1
6 419 89 634 211 27 53 1
6 419 90 636 211 27 53 1
6 419 91 636 211 27 53 1
6 419 92 636 211 27 53 1
6 419 93 638 211 26 53 1
6 419 94 638 211 26 53 1
6 419 95 638 211 26 53 1
6 419 96 640 211 26 53 1
6 419 97 640 211 26 53 1
6 419 98 640 211 26 53 1
6 419 99 641 211 27 53 1
6 419 100 641 211 27 53 1
6 419 101 641 211 27 53 1
6 419 102 643 211 27 53 1
6 419 103 643 211 27 52 1
6 419 104 643 211 27 52 1
6 419 105 645 211 27 52 1
6 419 106 645 211 27 52 1
6 419 107 645 211 27 52 1
6 419 108 647 211 26 52 1
6 419 109 647 211 26 52 1
6 419 110 647 211 26 52 1
6 419 111 648 211 27 52 1
6 419 112 648 211 27 52 1
6 419 113 648 211 27 50 1
6 419 114 650 211 27 50 1
6 419 115 650 211 27 50 1
6 419 116 652 211 27 50 1
6 419 117 652 211 27 50 1
6 419 118 652 211 27 50 1
6 419 119 654 211 26 50 1
6 419 120 654 211 26 50 1
6 419 121 654 211 26 50 1
6 419 122 656 211 26 50 1
6 419 123 656 211 26 48 1
6 419 124 656 211 26 48 1
6 419 125 657 211 27 48 1
6 419 126 657 211 27 48 1
6 419 127 659 211 27 48 1
6 419 128 659 211 27 48 1
6 419 129 659 211 27 48 1
6 419 130 661 211 27 48 1
6 419 131 661 211 27 48 1
6 419 132 661 211 27 48 1
6 419 133 663 211 26 46 1
6 419 134 663 211 26 46 1
6 419 135 663 211 26 46 1
6 419 136 664 211 27 46 1
6 419 137 664 211 27 46 1
6 419 138 664 211 27 46 1
6 419 139 666 211 27 46 1
6 419 140 666 211 27 46 1
6 419 141 668 211 27 46 1
6 419 142 668 211 27 46 1
6 419 143 668 211 27 45 1
6 419 144 670 211 26 45 1
6 419 145 670 211 26 45 1
6 419 146 670 211 26 45 1
6 419 147 672 211 26 45 1
6 419 148 672 211 26 45 1
6 419 149 672 211 26 45 1
6 419 150 673 211 27 45 1
6 419 151 673 211 27 45 1
6 419 152 675 213 27 43 1
6 419 153 675 213 27 43 1
6 419 154 675 213 27 43 1
6 419 155 675 213 27 43 1
6 419 156 677 213 27 43 1
6 419 157 677 213 27 43 1
6 419 158 677 213 27 43 1
6 419 159 679 213 26 43 1
6 419 160 679 213 26 43 1
6 419 161 679 213 26 43 1
6 419 162 680 213 27 43 1
6 419 163 680 213 27 43 1
6 419 164 680 213 27 43 1
6 419 165 680 213 27 43 1
6 419 166 682 213 27 43 1
6 419 167 682 213 27 43 1
6 419 168 682 213 27 43 1
6 419 169 684 213 27 43 1
6 419 170 684 213 27 43 1
6 419 171 684 213 27 43 1
6 419 172 686 213 26 43 1
6 419 173 686 213 26 43 1
6 419 174 686 213 26 43 1
6 419 175 688 213 26 43 1
6 419 176 688 213 26 43 1
6 419 177 688 213 26 43 1
6 419 178 688 213 26 43 1
6 419 179 689 213 27 43 1
6 419 180 689 213 27 43 1
6 419 181 689 213 27 43 1
6 419 182 691 213 27 43 1
6 419 183 691 213 27 43 1
6 419 184 691 213 27 43 1
6 419 185 693 213 27 43 1
6 419 186 693 213 27 43 1
6 419 187 693 213 27 43 1
6 419 188 695 213 26 43 1
6 419 189 695 213 26 43 1
6 419 190 695 213 26 43 1
6 419 191 695 213 26 43 1
6 419 192 696 213 27 43 1
6 419 193 696 213 27 43 1
6 419 194 696 213 27 43 1
6 419 195 698 213 27 43 1
6 419 196 698 213 27 43 1
6 419 197 698 213 27 43 1
6 419 198 698 213 27 43 1
6 419 199 700 213 27 43 1
6 419 200 700 213 27 43 1
6 419 201 700 213 27 43 1
6 419 202 702 213 26 43 1
6 419 203 702 213 26 43 1
6 419 204 702 213 26 43 1
6 419 205 702 213 26 43 1
6 419 206 704 213 26 43 1
6 419 207 704 213 26 43 1
6 419 208 704 213 26 43 1
6 419 209 705 213 27 43 1
6 419 210 705 213 27 43 1
6 419 211 705 213 27 43 1
6 419 212 705 213 27 43 1
6 419 213 707 213 27 43 1
6 419 214 707 213 27 43 1
6 419 215 707 213 27 43 1
6 419 216 709 213 27 43 1
6 419 217 709 211 27 43 1
6 419 218 709 211 27 43 1
6 419 219 709 211 27 43 1
6 419 220 709 211 27 43 1
6 419 221 709 211 27 43 1
6 419 222 711 211 26 43 1
6 419 223 711 211 26 43 1
6 419 224 711 211 26 43 1
6 419 225 711 211 26 43 1
6 419 226 711 211 26 43 1
6 419 227 712 211 27 43 1
6 419 228 712 211 27 43 1
6 419 229 712 211 27 43 1
6 419 230 712 211 27 43 1
6 419 231 712 211 27 43 1
6 419 232 714 211 27 43 1
6 419 233 714 211 27 43 1
6 419 234 714 211 27 43 1
6 419 235 714 209 27 43 1
6 419 236 714 209 27 43 1
6 419 237 714 209 27 43 1
6 419 238 716 209 27 43 1
6 419 239 716 209 27 43 1
6 419 240 716 209 27 43 1
6 419 241 716 209 27 43 1
6 419 242 716 209 27 43 1
6 419 243 718 209 26 43 1
6 419 244 718 209 26 43 1
6 419 245 718 209 26 43 1
6 419 246 718 209 26 43 1
6 419 247 718 209 26 43 1
6 419 248 720 209 26 43 1
6 419 249 720 209 26 43 1
6 419 250 720 209 26 43 1
6 419 251 720 209 26 43 1
6 419 252 720 209 26 43 1
6 419 253 721 209 27 43 1
6 419 254 721 209 27 43 1
6 419 255 721 209 27 43 1
6 419 256 723 209 27 43 1
6 419 257 723 209 27 43 1
6 419 258 725 209 27 43 1
6 419 259 725 209 27 43 1
6 419 260 727 209 26 43 1
6 419 261 727 209 26 43 1
6 419 262 727 209 26 43 1
6 419 263 728 209 27 43 1
6 419 264 728 209 27 43 1
6 419 265 730 209 27 43 1
6 419 266 730 209 27 43 1
6 419 267 732 209 27 43 1
6 419 268 732 209 27 43 1
6 419 269 734 209 26 43 1
6 419 270 734 209 26 43 1
6 419 271 734 209 26 43 1
6 419 272 736 209 26 43 1
6 419 273 736 209 26 43 1
6 419 274 737 209 27 43 1
6 419 275 737 209 27 43 1
6 419 276 739 209 27 43 1
6 419 277 739 209 27 43 1
6 419 278 741 209 27 43 1
6 419 279 741 208 27 42 1
6 419 280 741 208 27 42 1
6 419 281 743 208 26 42 1
6 419 282 743 208 26 42 1
6 419 283 743 208 26 42 1
6 419 284 744 208 27 42 1
6 419 285 744 208 27 42 1
6 419 286 744 208 27 42 1
6 419 287 746 208 27 42 1
6 419 288 746 208 27 42 1
6 419 289 748 208 27 42 1
6 419 290 748 208 27 42 1
6 419 291 748 208 27 42 1
6 419 292 750 208 26 42 1
6 419 293 750 208 26 42 1
6 419 294 750 208 26 42 1
6 419 295 752 208 26 42 1
6 419 296 752 208 26 42 1
6 419 297 752 208 26 42 1
6 419 298 753 208 27 42 1
6 419 299 753 208 27 42 1
6 419 300 755 208 27 42 1
6 419 301 755 208 27 40 1
6 419 302 755 208 27 40 1
6 419 303 757 208 25 40 1
6 419 304 757 208 25 40 1
6 419 305 757 208 25 40 1
6 419 306 759 208 25 40 1
6 419 307 759 208 25 40 1
6 419 308 759 208 25 40 1
6 419 309 760 208 24 40 1
6 419 310 760 208 24 40 1
6 419 311 760 208 24 40 1
6 419 312 762 208 23 40 1
6 419 313 762 208 23 40 1
6 419 314 762 208 23 40 1
6 419 315 764 208 21 40 1
6 419 316 764 208 21 39 1
6 419 317 764 208 21 39 1
6 419 318 766 208 21 39 1
6 419 319 766 208 21 39 1
6 419 320 766 208 21 39 1
6 419 321 768 208 19 39 1
6 419 322 768 208 19 39 1
6 419 323 768 208 19 39 1
6 419 324 769 208 20 39 1
6 419 325 769 208 20 39 1
6 419 326 769 208 20 39 1
6 419 327 771 208 18 39 1
6 419 328 771 208 18 39 1
6 419 329 771 208 18 39 1
6 419 330 773 209 18 38 1
6 419 331 773 208 18 37 1
6 419 332 773 208 18 37 1
6 419 333 773 208 18 37 1
6 419 334 773 208 18 37 1
6 419 335 773 208 18 37 1
6 419 336 773 208 18 37 1
6 419 337 775 208 17 37 1
6 419 338 775 208 17 37 1
6 419 339 775 208 17 37 1
6 419 340 775 208 17 37 1
6 419 341 775 208 17 37 1
6 419 342 775 208 17 37 1
6 419 343 776 208 18 37 1
6 419 344 776 208 18 37 1
6 419 345 776 208 18 37 1
6 419 346 776 208 18 37 1
6 419 347 776 208 18 37 1
6 419 348 776 208 18 37 1
6 419 349 776 208 18 37 1
6 419 350 778 208 18 37 1
6 419 351 778 208 18 37 1
6 419 352 778 208 18 37 1
6 419 353 778 208 18 37 1
6 419 354 778 208 18 37 1
6 419 355 778 208 18 37 1
6 419 356 780 208 18 37 1
6 419 357 780 206 18 37 1
6 419 358 780 206 18 37 1
6 419 359 780 206 18 37 1
6 419 360 780 206 18 37 1
6 419 361 780 206 18 37 1
6 419 362 780 206 18 37 1
6 419 363 782 206 18 37 1
6 419 364 782 206 18 37 1
6 419 365 782 206 18 37 1
6 419 366 782 206 18 37 1
6 419 367 782 206 18 37 1
6 419 368 782 206 18 37 1
6 419 369 784 206 17 37 1
6 419 370 784 206 17 37 1
6 419 371 784 206 17 37 1
6 419 372 784 206 17 37 1
6 419 373 784 206 17 37 1
6 419 374 784 206 17 37 1
6 419 375 784 206 17 37 1
6 419 376 785 206 18 37 1
6 419 377 785 206 18 37 1
6 419 378 785 206 18 37 1
6 419 379 785 206 18 37 1
6 419 380 785 206 18 37 1
6 419 381 785 206 18 37 1
6 419 382 787 206 18 37 1
6 419 383 787 206 18 37 1
6 419 384 787 206 18 37 1
6 419 385 787 206 18 37 1
6 419 386 787 206 18 37 1
6 419 387 787 206 18 37 1
6 419 388 787 206 18 37 1
6 419 389 787 206 18 37 1
6 419 390 787 206 18 37 1
6 419 391 787 206 18 37 1
6 419 392 787 206 18 37 1
6 419 393 787 206 18 37 1
6 419 394 787 206 18 37 1
6 419 395 787 206 18 37 1
6 419 396 787 206 18 37 1
6 419 397 787 206 18 37 1
6 419 398 789 206 18 37 1
6 419 399 789 206 18 37 1
6 419 400 789 206 18 37 1
6 419 401 789 206 18 37 1
6 419 402 789 206 18 37 1
6 419 403 789 206 18 37 1
6 419 404 789 206 18 37 1
6 419 405 789 206 18 37 1
6 419 406 789 206 18 37 1
6 419 407 789 206 18 37 1
6 419 408 789 206 18 37 1
6 419 409 789 206 18 37 1
6 419 410 789 206 18 37 1
6 419 411 789 206 18 37 1
6 419 412 789 206 18 37 1
6 419 413 789 206 18 37 1
6 419 414 791 206 17 37 1
6 419 415 791 206 17 37 1
6 419 416 791 206 17 37 1
6 419 417 791 206 17 37 1
6 419 418 791 206 17 37 1
7 177 300 200 234 18 46 1
7 177 301 199 232 17 47 1
7 177 302 197 232 18 47 1
7 177 303 195 232 20 47 1
7 177 304 195 232 18 47 1
7 177 305 193 232 18 47 1
7 177 306 192 232 19 47 1
7 177 307 192 232 17 47 1
7 177 308 190 232 19 47 1
7 177 309 188 232 20 47 1
7 177 310 188 232 18 47 1
7 177 311 186 232 20 47 1
7 177 312 184 232 20 47 1
7 177 313 184 232 18 47 1
7 177 314 183 232 19 47 1
7 177 315 181 232 19 47 1
7 177 316 181 232 19 47 1
7 177 317 179 232 20 47 1
7 177 318 177 232 20 47 1
7 177 319 177 232 20 47 1
7 177 320 176 232 19 47 1
7 177 321 174 232 21 47 1
7 177 322 172 232 21 47 1
7 177 323 172 232 20 47 1
7 177 324 170 232 22 47 1
7 177 325 168 232 22 47 1
7 177 326 168 232 20 47 1
7 177 327 167 232 21 47 1
7 177 328 165 232 21 47 1
7 177 329 165 232 21 47 1
7 177 330 163 232 21 47 1
7 177 331 161 231 22 46 1
7 177 332 161 231 22 46 1
7 177 333 160 231 21 46 1
7 177 334 158 231 23 46 1
7 177 335 158 231 21 46 1
7 177 336 156 231 21 46 1
7 177 337 154 231 23 46 1
7 177 338 154 231 22 46 1
7 177 339 152 231 22 46 1
7 177 340 151 231 23 46 1
7 177 341 149 231 23 46 1
7 177 342 149 231 23 46 1
7 177 343 147 231 23 46 1
7 177 344 145 231 23 46 1
7 177 345 145 231 23 46 1
7 177 346 144 231 23 46 1
7 177 347 142 231 25 46 1
7 177 348 142 231 23 46 1
7 177 349 140 231 23 46 1
7 177 350 138 231 25 46 1
7 177 351 138 231 23 46 1
7 177 352 136 231 24 46 1
7 177 353 135 231 25 46 1
7 177 354 135 231 23 46 1
7 177 355 133 231 25 46 1
7 177 356 131 231 25 46 1
7 177 357 131 231 23 46 1
7 177 358 129 231 25 46 1
7 177 359 128 231 24 46 1
7 177 360 128 231 24 46 1
7 177 361 126 229 25 48 1
7 177 362 124 229 25 48 1
7 177 363 122 229 25 48 1
7 177 364 120 229 25 48 1
7 177 365 120 229 25 48 1
7 177 366 119 229 25 48 1
7 177 367 117 229 25 48 1
7 177 368 115 229 25 48 1
7 177 369 115 229 25 48 1
7 177 370 113 229 25 48 1
7 177 371 112 229 24 48 1
7 177 372 110 229 25 48 1
7 177 373 110 229 25 50 1
7 177 374 108 229 25 50 1
7 177 375 106 229 25 50 1
7 177 376 104 229 25 50 1
7 177 377 104 229 25 50 1
7 177 378 103 229 25 50 1
7 177 379 101 229 25 50 1
7 177 380 99 229 25 50 1
7 177 381 99 229 25 50 1
7 177 382 97 229 25 50 1
7 177 383 96 229 24 50 1
7 177 384 94 229 25 50 1
7 177 385 94 229 25 51 1
7 177 386 92 227 25 53 1
7 177 387 90 227 25 53 1
7 177 388 88 227 25 53 1
7 177 389 87 227 25 53 1
7 177 390 87 227 25 53 1
7 177 391 85 227 25 53 1
7 177 392 83 227 25 53 1
7 177 393 81 227 25 53 1
7 177 394 81 227 25 53 1
7 177 395 80 227 24 53 1
7 177 396 78 227 25 53 1
7 177 397 76 227 25 53 1
7 177 398 76 227 25 55 1
7 177 399 74 227 25 55 1
7 177 400 72 227 25 55 1
7 177 401 71 227 25 55 1
7 177 402 71 227 25 55 1
7 177 403 69 227 25 55 1
7 177 404 67 227 25 55 1
7 177 405 65 227 25 55 1
7 177 406 65 227 25 55 1
7 177 407 64 227 24 55 1
7 177 408 62 227 25 55 1
7 177 409 60 227 25 55 1
7 177 410 60 227 25 57 1
7 177 411 58 225 25 57 1
7 177 412 56 225 25 57 1
7 177 413 55 225 25 57 1
7 177 414 55 225 25 57 1
7 177 415 53 225 25 57 1
7 177 416 51 225 25 57 1
7 177 417 51 225 25 57 1
7 177 418 49 225 25 57 1
7 177 419 48 225 24 57 1
7 177 420 48 225 24 57 1
7 177 421 46 225 25 57 1
7 177 422 44 225 25 57 1
7 177 423 44 225 25 57 1
7 177 424 42 225 25 57 1
7 177 425 40 225 25 57 1
7 177 426 40 225 25 57 1
7 177 427 39 225 25 57 1
7 177 428 37 225 25 57 1
7 177 429 37 225 25 57 1
7 177 430 35 225 25 57 1
7 177 431 33 225 25 55 1
7 177 432 33 225 25 55 1
7 177 433 32 225 24 55 1
7 177 434 30 225 25 55 1
7 177 435 30 225 25 55 1
7 177 436 28 225 25 55 1
7 177 437 26 225 25 55 1
7 177 438 26 225 25 55 1
7 177 439 24 225 25 55 1
7 177 440 23 225 25 55 1
7 177 441 23 225 25 55 1
7 177 442 21 225 25 55 1
7 177 443 19 225 25 55 1
7 177 444 19 225 25 55 1
7 177 445 17 225 25 55 1
7 177 446 16 225 24 55 1
7 177 447 16 225 24 55 1
7 177 448 14 225 25 55 1
7 177 449 12 225 25 55 1
7 177 450 12 225 25 55 1
7 177 451 10 224 25 55 1
7 177 452 8 224 25 55 1
7 177 453 7 224 25 55 1
7 177 454 5 224 25 55 1
7 177 455 5 224 25 55 1
7 177 456 3 224 25 55 1
7 177 457 1 224 25 55 1
7 177 458 0 224 24 55 1
7 177 459 0 224 24 55 1
7 177 460 0 224 23 55 1
7 177 461 0 224 23 55 1
7 177 462 0 224 21 55 1
7 177 463 0 224 21 55 1
7 177 464 0 225 19 55 1
7 177 465 0 225 19 55 1
7 177 466 0 225 17 55 1
7 177 467 0 225 17 55 1
7 177 468 0 227 16 55 1
7 177 469 0 227 16 55 1
7 177 470 0 227 14 55 1
7 177 471 0 227 14 55 1
7 177 472 0 229 14 55 1
7 177 473 0 229 14 55 1
7 177 474 0 229 14 55 1
7 177 475 0 229 14 55 1
7 177 476 0 229 14 55 1
8 305 243 940 206 27 53 1
8 305 244 938 206 27 53 1
8 305 245 938 206 27 53 1
8 305 246 936 206 27 53 1
8 305 247 936 206 27 53 1
8 305 248 936 206 27 53 1
8 305 249 935 206 26 53 1
8 305 250 935 206 26 53 1
8 305 251 935 208 26 53 1
8 305 252 933 208 27 53 1
8 305 253 933 208 27 53 1
8 305 254 933 208 27 53 1
8 305 255 931 208 27 53 1
8 305 256 931 208 27 53 1
8 305 257 931 208 27 53 1
8 305 258 929 209 27 54 1
8 305 259 929 209 27 54 1
8 305 260 929 209 27 54 1
8 305 261 928 209 26 54 1
8 305 262 928 209 26 54 1
8 305 263 926 209 26 54 1
8 305 264 926 209 26 54 1
8 305 265 926 209 26 54 1
8 305 266 924 211 27 53 1
8 305 267 924 211 27 53 1
8 305 268 924 211 27 53 1
8 305 269 922 211 27 53 1
8 305 270 922 211 27 53 1
8 305 271 922 211 27 53 1
8 305 272 920 211 27 53 1
8 305 273 920 213 27 53 1
8 305 274 920 213 27 53 1
8 305 275 919 213 26 53 1
8 305 276 919 213 26 53 1
8 305 277 919 213 26 53 1
8 305 278 917 213 27 53 1
8 305 279 917 213 27 53 1
8 305 280 917 215 27 53 1
8 305 281 915 213 27 53 1
8 305 282 913 213 27 53 1
8 305 283 912 213 26 53 1
8 305 284 910 213 26 53 1
8 305 285 908 213 27 53 1
8 305 286 906 213 27 53 1
8 305 287 904 213 27 53 1
8 305 288 903 213 26 53 1
8 305 289 901 213 27 53 1
8 305 290 899 213 27 53 1
8 305 291 897 213 27 53 1
8 305 292 896 213 26 53 1
8 305 293 894 213 26 53 1
8 305 294 892 213 27 53 1
8 305 295 890 213 27 53 1
8 305 296 888 213 27 53 1
8 305 297 887 213 26 53 1
8 305 298 885 213 27 53 1
8 305 299 883 213 27 53 1
8 305 300 883 213 27 53 1
8 305 301 881 213 27 51 1
8 305 302 880 213 26 51 1
8 305 303 878 213 26 51 1
8 305 304 876 213 27 51 1
8 305 305 874 213 27 51 1
8 305 306 872 215 27 49 1
8 305 307 871 215 26 49 1
8 305 308 871 215 25 49 1
8 305 309 869 215 25 49 1
8 305 310 867 215 25 49 1
8 305 311 865 215 25 49 1
8 305 312 864 216 24 48 1
8 305 313 862 216 25 48 1
8 305 314 860 216 27 47 1
8 305 315 858 216 27 47 1
8 305 316 858 216 25 47 1
8 305 317 856 216 25 47 1
8 305 318 855 218 25 45 1
8 305 319 853 218 25 45 1
8 305 320 851 218 25 45 1
8 305 321 849 218 25 45 1
8 305 322 848 218 24 45 1
8 305 323 846 220 25 43 1
8 305 324 846 220 23 43 1
8 305 325 844 220 23 43 1
8 305 326 842 220 23 43 1
8 305 327 840 220 25 41 1
8 305 328 839 220 25 41 1
8 305 329 837 222 25 39 1
8 305 330 835 222 25 39 1
8 305 331 833 222 25 39 1
8 305 332 833 222 23 39 1
8 305 333 832 222 23 39 1
8 305 334 830 222 23 39 1
8 305 335 828 224 23 37 1
8 305 336 826 224 23 37 1
8 305 337 824 224 24 37 1
8 305 338 823 224 23 37 1
8 305 339 821 224 23 37 1
8 305 340 821 225 23 36 1
8 305 341 819 225 23 36 1
8 305 342 817 225 23 36 1
8 305 343 816 225 23 36 1
8 305 344 814 225 23 36 1
8 305 345 812 225 23 36 1
8 305 346 810 225 23 36 1
8 305 347 808 225 24 36 1
8 305 348 807 225 23 36 1
8 305 349 805 225 23 36 1
8 305 350 805 225 23 36 1
8 305 351 803 225 23 36 1
8 305 352 801 225 23 36 1
8 305 353 800 225 23 36 1
8 305 354 798 225 23 36 1
8 305 355 796 225 23 36 1
8 305 356 794 225 23 36 1
8 305 357 792 227 24 36 1
8 305 358 791 227 23 36 1
8 305 359 789 227 23 36 1
8 305 360 789 227 23 36 1
8 305 361 787 227 23 36 1
8 305 362 785 227 23 36 1
8 305 363 784 227 23 36 1
8 305 364 782 227 23 36 1
8 305 365 780 227 23 36 1
8 305 366 778 227 23 36 1
8 305 367 776 227 24 36 1
8 305 368 775 227 23 36 1
8 305 369 773 227 23 36 1
8 305 370 773 227 23 36 1
8 305 371 771 227 23 36 1
8 305 372 769 227 23 36 1
8 305 373 768 227 23 36 1
8 305 374 766 229 23 35 1
8 305 375 764 229 23 35 1
8 305 376 762 229 23 35 1
8 305 377 760 229 24 35 1
8 305 378 759 229 23 35 1
8 305 379 757 229 23 35 1
8 305 380 757 229 23 35 1
8 305 381 755 229 23 35 1
8 305 382 753 229 23 35 1
8 305 383 752 229 23 35 1
8 305 384 750 229 23 35 1
8 305 385 748 229 23 35 1
8 305 386 746 229 23 35 1
8 305 387 744 229 24 35 1
8 305 388 743 229 23 35 1
8 305 389 741 229 23 35 1
8 305 390 741 231 23 35 1
8 305 391 739 229 23 35 1
8 305 392 737 229 23 35 1
8 305 393 736 229 23 35 1
8 305 394 734 229 23 35 1
8 305 395 732 229 23 35 1
8 305 396 730 227 23 37 1
8 305 397 728 227 24 37 1
8 305 398 727 227 23 37 1
8 305 399 725 227 23 37 1
8 305 400 725 227 23 37 1
8 305 401 723 225 23 39 1
8 305 402 721 225 23 39 1
8 305 403 720 225 23 39 1
8 305 404 718 225 23 39 1
8 305 405 716 225 23 39 1
8 305 406 714 224 23 40 1
8 305 407 712 224 24 40 1
8 305 408 711 224 23 40 1
8 305 409 709 224 23 40 1
8 305 410 709 224 23 40 1
8 305 411 707 224 23 40 1
8 305 412 705 224 23 40 1
8 305 413 704 224 23 40 1
8 305 414 702 224 23 40 1
8 305 415 700 224 23 40 1
8 305 416 698 224 23 40 1
8 305 417 696 224 24 40 1
8 305 418 695 224 23 40 1
8 305 419 693 224 23 40 1
8 305 420 693 224 23 40 1
8 305 421 691 224 23 40 1
8 305 422 689 224 23 40 1
8 305 423 688 224 23 40 1
8 305 424 686 224 23 40 1
8 305 425 684 224 23 40 1
8 305 426 682 224 23 40 1
8 305 427 680 224 24 40 1
8 305 428 679 224 23 40 1
8 305 429 677 224 23 40 1
8 305 430 677 224 23 40 1
8 305 431 675 224 23 40 1
8 305 432 673 224 23 40 1
8 305 433 672 224 23 40 1
8 305 434 670 224 23 40 1
8 305 435 668 224 23 40 1
8 305 436 666 224 23 40 1
8 305 437 664 224 24 40 1
8 305 438 663 224 23 40 1
8 305 439 661 224 23 40 1
8 305 440 661 224 23 40 1
8 305 441 659 224 23 40 1
8 305 442 657 224 23 40 1
8 305 443 656 224 23 40 1
8 305 444 654 224 23 40 1
8 305 445 652 224 23 40 1
8 305 446 650 224 23 40 1
8 305 447 648 224 24 40 1
8 305 448 647 224 23 40 1
8 305 449 645 224 23 40 1
8 305 450 645 224 23 40 1
8 305 451 643 224 23 40 1
8 305 452 641 224 23 40 1
8 305 453 640 224 23 40 1
8 305 454 638 224 23 40 1
8 305 455 636 224 23 40 1
8 305 456 634 224 23 40 1
8 305 457 632 224 24 40 1
8 305 458 631 224 23 40 1
8 305 459 629 224 23 40 1
8 305 460 629 224 23 40 1
8 305 461 627 224 23 40 1
8 305 462 625 224 23 40 1
8 305 463 624 224 23 40 1
8 305 464 622 224 23 40 1
8 305 465 620 224 23 40 1
8 305 466 618 224 23 40 1
8 305 467 616 224 24 40 1
8 305 468 615 224 23 40 1
8 305 469 613 224 23 40 1
8 305 470 613 225 23 41 1
8 305 471 611 225 23 41 1
8 305 472 609 225 23 41 1
8 305 473 608 225 23 41 1
8 305 474 606 225 23 41 1
8 305 475 604 225 23 41 1
8 305 476 604 225 23 41 1
8 305 477 602 225 23 41 1
8 305 478 600 225 24 41 1
8 305 479 599 225 23 41 1
8 305 480 597 225 23 41 1
8 305 481 597 225 23 41 1
8 305 482 595 225 23 41 1
8 305 483 593 225 23 41 1
8 305 484 592 225 23 41 1
8 305 485 590 225 23 41 1
8 305 486 588 225 23 41 1
8 305 487 588 225 23 41 1
8 305 488 586 225 23 41 1
8 305 489 584 225 24 41 1
8 305 490 583 225 23 41 1
8 305 491 581 225 23 41 1
8 305 492 581 225 23 41 1
8 305 493 579 225 23 41 1
8 305 494 577 225 23 41 1
8 305 495 576 225 23 41 1
8 305 496 574 225 23 41 1
8 305 497 572 225 23 41 1
8 305 498 572 225 23 41 1
8 305 499 570 225 23 41 1
8 305 500 568 225 24 41 1
8 305 501 567 225 23 41 1
8 305 502 565 225 23 41 1
8 305 503 565 225 23 41 1
8 305 504 563 225 23 41 1
8 305 505 561 225 23 41 1
8 305 506 560 225 23 41 1
8 305 507 558 225 23 41 1
8 305 508 556 225 23 41 1
8 305 509 556 225 23 41 1
8 305 510 554 225 23 41 1
8 305 511 552 225 24 41 1
8 305 512 551 225 23 41 1
8 305 513 549 225 23 41 1
8 305 514 549 225 23 41 1
8 305 515 547 225 23 41 1
8 305 516 545 225 23 41 1
8 305 517 544 225 23 41 1
8 305 518 542 225 23 41 1
8 305 519 540 225 23 41 1
8 305 520 540 225 23 41 1
8 305 521 538 225 23 41 1
8 305 522 536 225 24 41 1
8 305 523 535 225 23 41 1
8 305 524 533 225 23 41 1
8 305 525 533 225 23 41 1
8 305 526 531 225 23 41 1
8 305 527 529 225 23 41 1
8 305 528 528 225 23 41 1
8 305 529 526 225 23 41 1
8 305 530 526 225 23 41 1
8 305 531 522 225 23 41 1
8 305 532 520 225 24 41 1
8 305 533 519 225 23 41 1
8 305 534 517 225 23 41 1
8 305 535 515 225 23 41 1
8 305 536 513 225 23 41 1
8 305 537 512 225 23 41 1
8 305 538 510 225 23 41 1
8 305 539 508 225 23 41 1
8 305 540 506 225 23 41 1
8 305 541 504 225 24 41 1
8 305 542 503 225 23 41 1
8 305 543 501 225 23 41 1
8 305 544 499 225 23 41 1
8 305 545 497 225 23 41 1
8 305 546 496 225 23 41 1
8 305 547 494 225 23 41 1
