0 322 0 919 375 49 110 1
0 322 1 917 373 50 110 1
0 322 2 915 373 50 110 1
0 322 3 913 373 50 108 1
0 322 4 912 371 49 110 1
0 322 5 910 371 50 110 1
0 322 6 908 371 50 109 1
0 322 7 906 371 50 109 1
0 322 8 904 369 50 111 1
0 322 9 903 369 49 109 1
0 322 10 901 369 50 109 1
0 322 11 899 369 50 109 1
0 322 12 897 368 50 108 1
0 322 13 896 368 49 108 1
0 322 14 894 368 50 106 1
0 322 15 892 368 50 106 1
0 322 16 892 366 48 108 1
0 322 17 890 366 48 106 1
0 322 18 888 366 48 106 1
0 322 19 887 366 48 106 1
0 322 20 885 364 48 107 1
0 322 21 883 364 48 107 1
0 322 22 881 364 48 107 1
0 322 23 880 364 48 105 1
0 322 24 878 362 48 107 1
0 322 25 876 362 48 105 1
0 322 26 874 362 48 105 1
0 322 27 872 360 48 107 1
0 322 28 871 360 48 105 1
0 322 29 869 360 48 105 1
0 322 30 867 360 48 105 1
0 322 31 867 359 46 105 1
0 322 32 865 359 47 105 1
0 322 33 864 359 46 105 1
0 322 34 862 359 46 103 1
0 322 35 860 357 46 105 1
0 322 36 858 357 46 103 1
0 322 37 856 357 47 103 1
0 322 38 855 357 46 103 1
0 322 39 853 355 46 103 1
0 322 40 851 355 46 103 1
0 322 41 849 355 47 103 1
0 322 42 848 355 46 101 1
0 322 43 846 353 46 103 1
0 322 44 844 353 46 103 1
0 322 45 842 353 46 102 1
0 322 46 840 353 47 102 1
0 322 47 840 352 45 101 1
0 322 48 839 352 44 101 1
0 322 49 837 352 44 101 1
0 322 50 835 352 45 99 1
0 322 51 833 350 45 101 1
0 322 52 832 350 44 101 1
0 322 53 830 350 44 99 1
0 322 54 828 348 44 101 1
0 322 55 826 348 45 101 1
0 322 56 824 348 45 100 1
0 322 57 823 348 44 100 1
0 322 58 821 346 44 100 1
0 322 59 819 346 45 100 1
0 322 60 817 346 45 100 1
0 322 61 816 346 44 98 1
0 322 62 816 344 42 100 1
0 322 63 814 344 42 100 1
0 322 64 812 344 43 98 1
0 322 65 810 344 43 98 1
0 322 66 808 343 43 99 1
0 322 67 807 343 42 97 1
0 322 68 805 343 43 97 1
0 322 69 803 343 43 96 1
0 322 70 801 341 43 98 1
0 322 71 800 341 42 98 1
0 322 72 798 341 42 96 1
0 322 73 796 341 43 96 1
0 322 74 794 339 43 98 1
0 322 75 792 339 43 96 1
0 322 76 791 339 42 96 1
0 322 77 791 339 42 96 1
0 322 78 789 337 43 96 1
0 322 79 787 337 43 96 1
0 322 80 787 337 43 96 1
0 322 81 785 337 43 95 1
0 322 82 784 337 42 95 1
0 322 83 784 337 42 95 1
0 322 84 782 336 42 94 1
0 322 85 782 336 42 94 1
0 322 86 780 336 43 94 1
0 322 87 778 336 43 92 1
0 322 88 778 336 43 92 1
0 322 89 776 336 43 92 1
0 322 90 776 336 43 92 1
0 322 91 775 334 42 92 1
0 322 92 773 334 43 92 1
0 322 93 773 334 43 92 1
0 322 94 771 334 43 90 1
0 322 95 771 334 43 90 1
0 322 96 769 334 43 90 1
0 322 97 768 332 42 91 1
0 322 98 768 332 42 91 1
0 322 99 766 332 42 91 1
0 322 100 766 332 42 91 1
0 322 101 764 332 43 89 1
0 322 102 762 332 43 89 1
0 322 103 762 332 43 89 1
0 322 104 760 330 43 89 1
0 322 105 759 330 42 89 1
0 322 106 759 330 42 89 1
0 322 107 757 330 43 87 1
0 322 108 757 330 43 87 1
0 322 109 755 330 43 87 1
0 322 110 753 328 43 88 1
0 322 111 753 328 43 88 1
0 322 112 752 328 42 88 1
0 322 113 752 328 42 88 1
0 322 114 750 328 42 86 1
0 322 115 748 328 43 86 1
0 322 116 748 328 43 86 1
0 322 117 746 327 43 85 1
0 322 118 746 327 43 85 1
0 322 119 744 327 43 85 1
0 322 120 743 327 42 83 1
0 322 121 743 327 42 83 1
0 322 122 741 327 43 83 1
0 322 123 741 327 43 83 1
0 322 124 739 325 43 83 1
0 322 125 737 325 43 83 1
0 322 126 736 325 42 83 1
0 322 127 736 325 42 83 1
0 322 128 734 325 42 83 1
0 322 129 732 325 43 83 1
0 322 130 732 323 43 84 1
0 322 131 730 323 43 84 1
0 322 132 728 323 43 84 1
0 322 133 728 323 43 84 1
0 322 134 727 323 42 84 1
0 322 135 725 323 43 84 1
0 322 136 725 321 43 84 1
0 322 137 723 321 43 84 1
0 322 138 721 321 43 84 1
0 322 139 721 321 43 84 1
0 322 140 720 321 42 84 1
0 322 141 718 321 42 84 1
0 322 142 718 321 42 84 1
0 322 143 716 320 43 83 1
0 322 144 716 320 43 83 1
0 322 145 714 320 43 83 1
0 322 146 714 320 43 83 1
0 322 147 712 318 43 83 1
0 322 148 712 318 43 83 1
0 322 149 711 318 42 83 1
0 322 150 711 318 42 83 1
0 322 151 709 318 43 83 1
0 322 152 709 316 43 84 1
0 322 153 707 316 43 84 1
0 322 154 707 316 43 84 1
0 322 155 705 316 43 84 1
0 322 156 705 316 43 84 1
0 322 157 704 314 42 84 1
0 322 158 704 314 42 84 1
0 322 159 702 314 42 84 1
0 322 160 702 314 42 84 1
0 322 161 700 314 43 84 1
0 322 162 700 312 43 84 1
0 322 163 698 312 43 84 1
0 322 164 698 312 43 84 1
0 322 165 696 312 43 84 1
0 322 166 696 312 43 84 1
0 322 167 695 312 42 84 1
0 322 168 695 312 42 84 1
0 322 169 695 312 42 84 1
0 322 170 695 312 42 84 1
0 322 171 695 312 42 84 1
0 322 172 695 314 42 84 1
0 322 173 695 314 42 84 1
0 322 174 695 314 42 84 1
0 322 175 695 314 42 84 1
0 322 176 695 314 42 84 1
0 322 177 695 314 42 84 1
0 322 178 695 316 42 84 1
0 322 179 695 316 42 84 1
0 322 180 695 316 42 84 1
0 322 181 695 316 42 84 1
0 322 182 695 316 42 84 1
0 322 183 695 316 42 84 1
0 322 184 695 318 42 83 1
0 322 185 695 318 42 83 1
0 322 186 695 318 42 83 1
0 322 187 695 318 42 83 1
0 322 188 696 318 41 83 1
0 322 189 696 318 41 83 1
0 322 190 696 318 41 83 1
0 322 191 698 318 39 83 1
0 322 192 698 318 39 83 1
0 322 193 698 318 39 83 1
0 322 194 700 320 37 83 1
0 322 195 700 320 37 83 1
0 322 196 700 320 37 83 1
0 322 197 700 320 37 83 1
0 322 198 702 320 35 83 1
0 322 199 702 320 35 83 1
0 322 200 702 320 35 83 1
0 322 201 704 320 33 83 1
0 322 202 704 320 33 83 1
0 322 203 704 320 33 83 1
0 322 204 705 321 32 84 1
0 322 205 705 321 32 84 1
0 322 206 705 321 32 84 1
0 322 207 707 321 32 84 1
0 322 208 707 321 32 84 1
0 322 209 709 321 32 84 1
0 322 210 709 321 32 84 1
0 322 211 711 321 32 84 1
0 322 212 711 321 32 84 1
0 322 213 711 321 32 84 1
0 322 214 712 321 32 84 1
0 322 215 712 321 32 84 1
0 322 216 714 321 32 84 1
0 322 217 714 321 32 84 1
0 322 218 716 321 32 84 1
0 322 219 716 321 32 84 1
0 322 220 716 321 32 84 1
0 322 221 716 321 32 84 1
0 322 222 716 321 32 84 1
0 322 223 716 321 32 84 1
0 322 224 716 321 32 84 1
0 322 225 716 321 32 84 1
0 322 226 716 321 32 84 1
0 322 227 718 321 30 84 1
0 322 228 718 321 30 84 1
0 322 229 718 321 30 84 1
0 322 230 718 321 30 84 1
0 322 231 718 321 30 84 1
0 322 232 718 321 30 84 1
0 322 233 718 321 30 84 1
0 322 234 718 321 30 84 1
0 322 235 718 321 30 84 1
0 322 236 720 321 28 84 1
0 322 237 720 321 28 84 1
0 322 238 720 321 28 84 1
0 322 239 720 321 28 84 1
0 322 240 720 321 28 84 1
0 322 241 720 321 28 84 1
0 322 242 720 321 28 84 1
0 322 243 720 321 28 84 1
0 322 244 721 321 27 84 1
0 322 245 721 321 27 84 1
0 322 246 721 321 27 84 1
0 322 247 721 321 27 84 1
0 322 248 721 321 27 84 1
0 322 249 721 321 27 84 1
0 322 250 721 321 27 84 1
0 322 251 721 321 27 84 1
0 322 252 721 321 27 84 1
0 322 253 723 321 25 84 1
0 322 254 723 321 25 84 1
0 322 255 723 321 25 84 1
0 322 256 723 321 25 84 1
0 322 257 723 321 25 84 1
0 322 258 723 321 25 84 1
0 322 259 723 321 25 84 1
0 322 260 723 321 25 84 1
0 322 261 725 321 23 84 1
0 322 262 725 321 23 84 1
0 322 263 725 321 23 84 1
0 322 264 725 321 23 84 1
0 322 265 725 321 23 84 1
0 322 266 725 321 23 84 1
0 322 267 725 321 23 84 1
0 322 268 725 321 23 84 1
0 322 269 725 321 23 84 1
0 322 270 725 321 23 84 1
0 322 271 725 321 23 84 1
0 322 272 725 321 23 84 1
0 322 321 791 339 42 96 1
1 577 161 3 289 29 57 1
1 577 162 5 288 28 56 1
1 577 163 7 288 28 56 1
1 577 164 8 288 29 56 1
1 577 165 10 288 29 56 1
1 577 166 12 288 28 56 1
1 577 167 14 288 28 56 1
1 577 168 16 288 28 56 1
1 577 169 17 288 29 56 1
1 577 170 19 288 29 56 1
1 577 171 21 288 28 56 1
1 577 172 23 288 28 56 1
1 577 173 24 288 29 56 1
1 577 174 26 288 29 56 1
1 577 175 28 288 28 56 1
1 577 176 30 288 28 56 1
1 577 177 32 288 28 56 1
1 577 178 33 288 29 56 1
1 577 179 37 288 28 56 1
1 577 180 39 288 28 56 1
1 577 181 40 286 29 57 1
1 577 182 42 286 29 57 1
1 577 183 44 286 28 57 1
1 577 184 46 286 28 57 1
1 577 185 48 286 28 57 1
1 577 186 49 286 29 57 1
1 577 187 51 286 29 57 1
1 577 188 53 286 28 57 1
1 577 189 55 286 28 57 1
1 577 190 56 286 29 57 1
1 577 191 58 286 29 57 1
1 577 192 60 286 28 57 1
1 577 193 62 286 28 57 1
1 577 194 64 286 28 57 1
1 577 195 65 286 29 57 1
1 577 196 69 286 28 57 1
1 577 197 71 286 28 57 1
1 577 198 72 286 29 57 1
1 577 199 74 286 29 57 1
1 577 200 76 286 28 57 1
1 577 201 78 284 28 57 1
1 577 202 80 284 28 57 1
1 577 203 81 284 29 57 1
1 577 204 83 284 29 57 1
1 577 205 85 284 28 57 1
1 577 206 87 284 28 57 1
1 577 207 88 284 29 57 1
1 577 208 90 284 29 57 1
1 577 209 92 284 28 57 1
1 577 210 94 284 28 57 1
1 577 211 96 284 28 57 1
1 577 212 97 284 29 57 1
1 577 213 99 284 29 57 1
1 577 214 103 284 28 57 1
1 577 215 104 284 29 57 1
1 577 216 106 284 29 57 1
1 577 217 108 284 28 57 1
1 577 218 110 284 28 57 1
1 577 219 112 284 28 57 1
1 577 220 113 284 29 57 1
1 577 221 115 282 29 57 1
1 577 222 117 282 28 57 1
1 577 223 119 282 28 57 1
1 577 224 120 282 29 57 1
1 577 225 122 282 29 57 1
1 577 226 124 282 28 57 1
1 577 227 126 282 28 57 1
1 577 228 128 282 28 57 1
1 577 229 129 282 29 57 1
1 577 230 131 282 29 57 1
1 577 231 135 282 28 57 1
1 577 232 136 282 29 57 1
1 577 233 138 282 29 57 1
1 577 234 140 282 28 57 1
1 577 235 142 282 28 57 1
1 577 236 144 282 28 57 1
1 577 237 145 282 29 57 1
1 577 238 147 282 29 57 1
1 577 239 149 282 28 57 1
1 577 240 151 282 28 57 1
1 577 241 152 280 29 57 1
1 577 242 154 280 29 57 1
1 577 243 156 280 28 57 1
1 577 244 158 280 28 57 1
1 577 245 160 280 28 57 1
1 577 246 161 280 29 57 1
1 577 247 163 280 29 57 1
1 577 248 167 280 28 57 1
1 577 249 168 280 29 57 1
1 577 250 170 280 29 57 1
1 577 251 172 280 28 57 1
1 577 252 174 280 28 57 1
1 577 253 176 280 28 57 1
1 577 254 177 280 29 57 1
1 577 255 179 280 29 57 1
1 577 256 181 280 28 57 1
1 577 257 183 280 28 57 1
1 577 258 184 280 29 57 1
1 577 259 186 280 29 57 1
1 577 260 188 280 28 57 1
1 577 261 190 279 28 57 1
1 577 262 192 279 28 57 1
1 577 263 193 279 29 57 1
1 577 264 195 279 29 57 1
1 577 265 197 279 28 57 1
1 577 266 200 279 29 57 1
1 577 267 202 279 29 57 1
1 577 268 204 279 28 57 1
1 577 269 206 279 28 57 1
1 577 270 208 279 28 57 1
1 577 271 209 279 29 57 1
1 577 272 211 279 29 57 1
1 577 273 213 279 28 57 1
1 577 274 215 279 28 57 1
1 577 275 216 279 29 57 1
1 577 276 218 279 29 57 1
1 577 277 220 279 28 57 1
1 577 278 222 279 28 57 1
1 577 279 224 279 28 57 1
1 577 280 225 279 29 57 1
1 577 281 227 277 29 57 1
1 577 282 229 277 28 57 1
1 577 283 232 277 29 57 1
1 577 284 234 277 29 57 1
1 577 285 236 277 28 57 1
1 577 286 238 277 28 57 1
1 577 287 240 277 28 57 1
1 577 288 241 277 29 57 1
1 577 289 243 277 29 57 1
1 577 290 245 277 28 57 1
1 577 291 247 277 28 57 1
1 577 292 248 277 29 57 1
1 577 293 250 277 29 57 1
1 577 294 252 277 28 57 1
1 577 295 254 277 28 57 1
1 577 296 256 277 28 57 1
1 577 297 257 277 29 57 1
1 577 298 259 277 29 57 1
1 577 299 261 277 28 57 1
1 577 300 264 277 29 57 1
1 577 301 264 275 29 59 1
1 577 302 266 275 29 59 1
1 577 303 268 275 28 59 1
1 577 304 270 275 28 59 1
1 577 305 272 275 28 59 1
1 577 306 273 275 27 59 1
1 577 307 275 275 27 59 1
1 577 308 277 275 27 59 1
1 577 309 277 275 28 59 1
1 577 310 279 275 28 59 1
1 577 311 280 273 27 61 1
1 577 312 282 273 27 61 1
1 577 313 284 273 27 61 1
1 577 314 286 273 26 61 1
1 577 315 288 273 26 61 1
1 577 316 289 273 25 61 1
1 577 317 291 273 25 61 1
1 577 318 291 273 27 63 1
1 577 319 293 273 27 63 1
1 577 320 295 273 26 63 1
1 577 321 296 272 25 64 1
1 577 322 298 272 25 64 1
1 577 323 300 272 25 64 1
1 577 324 302 272 25 64 1
1 577 325 304 272 24 64 1
1 577 326 305 272 25 64 1
1 577 327 305 272 25 64 1
1 577 328 307 272 25 64 1
1 577 329 309 272 25 64 1
1 577 330 311 272 25 64 1
1 577 331 312 272 25 64 1
1 577 332 314 270 23 66 1
1 577 333 316 270 23 66 1
1 577 334 318 270 23 66 1
1 577 335 318 270 25 67 1
1 577 336 320 270 24 67 1
1 577 337 321 270 23 67 1
1 577 338 323 270 23 67 1
1 577 339 325 270 23 67 1
1 577 340 327 270 23 67 1
1 577 341 328 270 24 67 1
1 577 342 330 268 22 69 1
1 577 343 332 268 21 69 1
1 577 344 332 268 23 69 1
1 577 345 334 268 23 69 1
1 577 346 336 268 23 69 1
1 577 347 337 268 22 69 1
1 577 348 339 268 21 69 1
1 577 349 341 268 21 69 1
1 577 350 343 268 21 69 1
1 577 351 344 268 22 69 1
1 577 352 346 268 22 71 1
1 577 353 346 266 22 71 1
1 577 354 346 266 22 71 1
1 577 355 346 266 22 71 1
1 577 356 346 266 22 71 1
1 577 357 348 266 21 71 1
1 577 358 348 266 21 71 1
1 577 359 348 266 21 71 1
1 577 360 348 266 21 71 1
1 577 361 350 264 21 72 1
1 577 362 350 264 21 72 1
1 577 363 350 264 21 72 1
1 577 364 350 264 21 72 1
1 577 365 352 264 21 72 1
1 577 366 352 264 21 72 1
1 577 367 352 264 21 72 1
1 577 368 352 264 21 72 1
1 577 369 353 264 22 72 1
1 577 370 353 263 22 71 1
1 577 371 353 263 22 71 1
1 577 372 353 263 22 71 1
1 577 373 353 263 22 71 1
1 577 374 353 263 22 71 1
1 577 375 353 263 22 71 1
1 577 376 353 263 22 71 1
1 577 377 353 263 23 69 1
1 577 378 353 263 23 69 1
1 577 379 353 263 23 69 1
1 577 380 353 263 23 69 1
1 577 381 355 263 21 69 1
1 577 382 355 263 21 69 1
1 577 383 355 263 21 69 1
1 577 384 355 263 21 69 1
1 577 385 355 263 23 67 1
1 577 386 355 263 23 67 1
1 577 387 355 263 23 67 1
1 577 388 355 263 23 67 1
1 577 389 355 263 23 67 1
1 577 390 355 263 23 67 1
1 577 391 355 263 23 67 1
1 577 392 357 263 23 67 1
1 577 393 355 261 23 67 1
1 577 394 355 261 23 67 1
1 577 395 355 261 23 67 1
1 577 396 355 261 23 67 1
1 577 397 355 261 23 67 1
1 577 398 355 261 23 67 1
1 577 399 355 261 23 67 1
1 577 400 355 261 23 67 1
1 577 401 355 261 23 67 1
1 577 402 355 261 23 66 1
1 577 403 355 261 23 66 1
1 577 404 355 261 23 66 1
1 577 405 355 261 23 66 1
1 577 406 355 261 23 66 1
1 577 407 355 261 23 66 1
1 577 408 355 261 23 66 1
1 577 409 355 261 23 66 1
1 577 410 355 261 23 66 1
1 577 411 355 261 23 66 1
1 577 412 355 261 23 64 1
1 577 413 355 261 23 64 1
1 577 414 355 261 23 64 1
1 577 415 355 261 23 64 1
1 577 416 355 261 23 64 1
1 577 417 355 261 23 64 1
1 577 418 355 261 23 64 1
1 577 419 355 261 23 64 1
1 577 420 355 261 23 64 1
1 577 421 355 261 23 64 1
1 577 422 355 259 21 64 1
1 577 423 355 259 21 64 1
1 577 424 355 259 21 64 1
1 577 425 355 259 21 64 1
1 577 426 355 259 21 64 1
1 577 427 355 259 21 64 1
1 577 428 355 259 21 64 1
1 577 429 355 259 21 64 1
1 577 430 355 259 21 64 1
1 577 431 353 259 23 62 1
1 577 432 353 259 23 62 1
1 577 433 353 259 23 62 1
1 577 434 353 259 23 62 1
1 577 435 353 259 23 62 1
1 577 436 353 259 23 62 1
1 577 437 353 259 23 62 1
1 577 438 353 259 23 62 1
1 577 439 353 259 23 62 1
1 577 440 353 259 23 62 1
1 577 441 353 259 23 61 1
1 577 442 353 259 23 61 1
1 577 443 353 259 23 61 1
1 577 444 353 259 23 61 1
1 577 445 353 259 23 61 1
1 577 446 353 259 23 61 1
1 577 447 353 259 23 61 1
1 577 448 353 259 23 61 1
1 577 449 353 259 23 61 1
1 577 450 353 259 23 61 1
1 577 451 353 257 22 61 1
1 577 452 353 257 22 61 1
1 577 453 353 257 22 61 1
1 577 454 353 257 22 61 1
1 577 455 353 257 22 61 1
1 577 456 353 257 22 61 1
1 577 457 353 257 22 61 1
1 577 458 353 257 22 61 1
1 577 459 353 257 22 61 1
1 577 460 353 257 22 59 1
1 577 461 353 257 22 59 1
1 577 462 353 257 22 59 1
1 577 463 353 257 22 59 1
1 577 464 353 257 22 59 1
1 577 465 353 257 22 59 1
1 577 466 353 257 22 59 1
1 577 467 353 257 22 59 1
1 577 468 353 257 22 59 1
1 577 469 353 257 22 59 1
1 577 470 352 257 23 57 1
1 577 471 352 257 23 57 1
1 577 472 352 257 23 57 1
1 577 473 352 257 23 57 1
1 577 474 352 257 23 57 1
1 577 475 352 257 23 57 1
1 577 476 352 257 23 57 1
1 577 477 352 257 23 57 1
1 577 478 352 257 23 57 1
1 577 479 352 257 23 57 1
1 577 480 352 256 21 56 1
1 577 481 352 256 21 56 1
1 577 482 352 256 21 56 1
1 577 483 352 256 21 56 1
1 577 484 352 256 21 56 1
1 577 485 352 256 21 56 1
1 577 486 352 256 21 56 1
1 577 487 352 256 21 56 1
1 577 488 352 256 21 56 1
1 577 489 352 256 21 55 1
1 577 490 352 256 21 55 1
1 577 491 352 256 21 55 1
1 577 492 352 256 21 55 1
1 577 493 352 256 21 55 1
1 577 494 352 256 21 55 1
1 577 495 352 256 21 55 1
1 577 496 352 256 21 55 1
1 577 497 352 256 21 55 1
1 577 498 352 256 21 55 1
1 577 499 352 256 21 53 1
1 577 500 352 256 21 53 1
1 577 501 352 256 21 53 1
1 577 502 352 256 21 53 1
1 577 503 352 256 21 53 1
1 577 504 352 256 21 53 1
1 577 505 352 256 21 53 1
1 577 506 352 256 21 53 1
1 577 507 352 256 21 53 1
1 577 508 352 256 21 53 1
1 577 509 352 254 21 53 1
1 577 510 352 254 21 53 1
1 577 511 352 254 21 53 1
1 577 512 352 254 21 53 1
1 577 513 352 254 21 53 1
1 577 514 352 254 21 53 1
1 577 515 352 254 21 53 1
1 577 516 352 254 21 53 1
1 577 517 352 254 21 53 1
1 577 518 352 254 21 53 1
1 577 519 352 254 21 53 1
1 577 520 352 254 21 53 1
1 577 521 352 254 21 53 1
1 577 522 352 254 21 53 1
1 577 523 352 254 21 53 1
1 577 524 352 254 21 53 1
1 577 525 352 254 21 53 1
1 577 526 352 254 21 53 1
1 577 527 352 252 21 53 1
1 577 528 352 252 21 53 1
1 577 529 352 252 21 53 1
1 577 530 352 252 21 53 1
1 577 531 352 252 21 53 1
1 577 532 352 252 21 53 1
1 577 533 352 252 21 53 1
1 577 534 352 252 21 53 1
1 577 535 352 252 21 53 1
1 577 536 352 252 21 53 1
1 577 537 352 252 21 53 1
1 577 538 352 252 21 53 1
1 577 539 352 252 21 53 1
1 577 540 352 252 21 53 1
1 577 541 352 252 21 53 1
1 577 542 352 252 21 53 1
1 577 543 352 252 21 53 1
1 577 544 352 252 21 53 1
1 577 545 352 250 21 54 1
1 577 546 352 250 21 54 1
1 577 547 352 250 21 54 1
1 577 548 352 250 21 54 1
1 577 549 352 250 21 54 1
1 577 550 352 250 21 54 1
1 577 551 352 250 21 54 1
1 577 552 352 250 21 54 1
1 577 553 352 250 21 54 1
1 577 554 352 250 21 54 1
1 577 555 352 250 21 54 1
1 577 556 352 250 21 54 1
1 577 557 352 250 21 54 1
1 577 558 352 250 21 54 1
1 577 559 352 250 21 54 1
1 577 560 352 250 21 54 1
1 577 561 352 250 21 54 1
1 577 562 352 250 21 54 1
1 577 563 352 250 21 54 1
1 577 564 352 248 21 54 1
1 577 565 352 248 21 54 1
1 577 566 352 248 21 54 1
1 577 567 352 248 21 54 1
1 577 568 352 248 21 54 1
1 577 569 352 248 21 54 1
1 577 570 352 248 21 54 1
1 577 571 352 248 21 54 1
1 577 572 352 248 21 54 1
1 577 573 352 248 21 54 1
1 577 574 352 248 21 54 1
1 577 575 352 248 21 54 1
1 577 576 352 248 21 54 1
1 577 577 352 248 21 54 1
1 577 578 352 248 21 54 1
1 577 579 352 248 21 54 1
1 577 580 352 248 21 54 1
1 577 581 352 248 21 54 1
1 577 582 352 247 21 53 1
1 577 583 352 247 21 53 1
1 577 584 352 247 21 53 1
1 577 585 352 247 21 53 1
1 577 586 352 247 21 53 1
1 577 587 352 247 21 53 1
1 577 588 352 247 21 53 1
1 577 589 352 247 21 53 1
1 577 590 352 247 21 53 1
1 577 591 352 247 21 53 1
1 577 592 352 247 21 53 1
1 577 593 352 247 21 53 1
1 577 594 352 247 21 53 1
1 577 595 352 247 21 53 1
1 577 596 352 247 21 53 1
1 577 597 352 247 21 53 1
1 577 598 352 247 21 53 1
1 577 599 352 247 21 53 1
1 577 600 352 247 21 53 1
1 577 601 350 245 21 53 1
1 577 602 350 245 21 53 1
1 577 603 350 245 21 53 1
1 577 604 350 245 21 53 1
1 577 605 350 245 21 53 1
1 577 606 350 245 21 53 1
1 577 607 350 245 21 53 1
1 577 608 350 245 21 53 1
1 577 609 350 245 21 53 1
1 577 610 350 245 21 53 1
1 577 611 350 245 21 53 1
1 577 612 350 245 21 53 1
1 577 613 350 245 21 53 1
1 577 614 350 245 21 53 1
1 577 615 350 245 21 53 1
1 577 616 350 245 21 53 1
1 577 617 350 245 21 53 1
1 577 618 350 245 21 53 1
1 577 619 350 245 21 53 1
1 577 620 348 245 23 53 1
1 577 621 348 245 23 53 1
1 577 622 348 245 23 53 1
1 577 623 348 245 21 53 1
1 577 624 348 245 21 53 1
1 577 625 348 245 21 53 1
1 577 626 348 245 21 53 1
1 577 627 348 245 21 53 1
1 577 628 348 245 21 53 1
1 577 629 348 245 21 53 1
1 577 630 348 245 21 53 1
1 577 631 348 245 21 53 1
1 577 632 348 245 21 53 1
1 577 633 348 245 21 53 1
1 577 634 348 245 21 53 1
1 577 635 348 245 21 53 1
1 577 636 348 245 21 53 1
1 577 637 348 245 21 53 1
1 577 638 348 245 21 53 1
1 577 639 348 245 21 53 1
1 577 640 346 245 23 53 1
1 577 641 346 245 23 53 1
1 577 642 346 245 23 53 1
1 577 643 346 245 23 53 1
1 577 644 346 245 23 53 1
1 577 645 346 245 23 53 1
1 577 646 346 243 22 53 1
1 577 647 346 243 22 53 1
1 577 648 346 243 22 53 1
1 577 649 346 243 22 53 1
1 577 650 346 243 22 53 1
1 577 651 346 243 22 53 1
1 577 652 346 243 22 53 1
1 577 653 346 243 22 53 1
1 577 654 346 243 22 53 1
1 577 655 346 243 22 53 1
1 577 656 346 243 22 53 1
1 577 657 346 243 22 53 1
1 577 658 346 243 22 53 1
1 577 659 344 243 24 53 1
1 577 660 344 243 24 53 1
1 577 661 344 243 24 53 1
1 577 662 344 243 24 53 1
1 577 663 344 243 24 53 1
1 577 664 344 243 24 53 1
1 577 665 344 243 24 53 1
1 577 666 344 243 24 53 1
1 577 667 344 243 24 53 1
1 577 668 344 243 24 53 1
1 577 669 344 243 22 53 1
1 577 670 344 243 22 53 1
1 577 671 344 243 22 53 1
1 577 672 344 243 22 53 1
1 577 673 344 243 22 53 1
1 577 674 344 243 22 53 1
1 577 675 344 243 22 53 1
1 577 676 344 243 22 53 1
1 577 677 344 243 22 53 1
1 577 678 344 243 22 53 1
1 577 679 343 243 23 53 1
1 577 680 343 243 23 53 1
1 577 681 343 243 23 53 1
1 577 682 343 243 23 53 1
1 577 683 343 243 23 53 1
1 577 684 343 243 23 53 1
1 577 685 343 243 23 53 1
1 577 686 343 243 23 53 1
1 577 687 343 243 23 53 1
1 577 688 343 243 23 53 1
1 577 689 343 243 23 53 1
1 577 690 343 243 23 53 1
1 577 691 343 243 23 53 1
1 577 692 343 241 21 54 1
1 577 693 343 241 21 54 1
1 577 694 343 241 21 54 1
1 577 695 343 241 21 54 1
1 577 696 343 241 21 54 1
1 577 697 343 241 21 54 1
1 577 698 341 241 23 54 1
1 577 699 341 241 23 54 1
1 577 700 341 241 23 54 1
1 577 701 341 241 23 54 1
1 577 702 341 241 23 54 1
1 577 703 341 241 23 54 1
1 577 704 341 241 23 54 1
1 577 705 341 241 23 54 1
1 577 706 341 241 23 54 1
1 577 707 341 241 23 54 1
1 577 708 341 241 23 54 1
1 577 709 341 241 23 54 1
1 577 710 341 241 23 54 1
1 577 711 341 241 23 54 1
1 577 712 341 241 23 54 1
1 577 713 341 241 23 54 1
1 577 714 341 241 23 54 1
1 577 715 341 241 21 54 1
1 577 716 341 241 21 54 1
1 577 717 341 241 21 54 1
1 577 718 339 241 23 54 1
1 577 719 339 241 23 54 1
1 577 720 339 241 23 54 1
1 577 721 339 241 23 54 1
1 577 722 339 241 23 54 1
1 577 723 339 241 23 54 1
1 577 724 339 241 23 54 1
1 577 725 339 241 23 54 1
1 577 726 339 241 23 54 1
1 577 727 339 241 23 54 1
1 577 728 339 241 23 54 1
1 577 729 339 241 23 54 1
1 577 730 339 241 23 54 1
1 577 731 339 241 23 54 1
1 577 732 339 241 23 54 1
1 577 733 339 241 23 54 1
1 577 734 339 241 23 54 1
1 577 735 339 241 23 54 1
1 577 736 339 241 23 54 1
1 577 737 339 241 23 54 1
2 738 0 547 350 43 101 1
2 738 1 545 348 43 101 1
2 738 2 545 348 43 101 1
2 738 3 544 348 42 101 1
2 738 4 544 346 42 102 1
2 738 5 542 346 42 102 1
2 738 6 542 346 42 102 1
2 738 7 540 346 43 100 1
2 738 8 540 344 43 102 1
2 738 9 540 344 43 102 1
2 738 10 538 344 43 100 1
2 738 11 538 343 43 101 1
2 738 12 536 343 43 101 1
2 738 13 536 343 43 99 1
2 738 14 535 343 42 99 1
2 738 15 535 341 42 101 1
2 738 16 533 341 43 99 1
2 738 17 533 341 43 99 1
2 738 18 533 339 43 101 1
2 738 19 531 339 43 100 1
2 738 20 531 339 43 100 1
2 738 21 529 339 43 100 1
2 738 22 529 337 43 100 1
2 738 23 528 337 42 100 1
2 738 24 528 337 42 100 1
2 738 25 526 336 42 99 1
2 738 26 526 336 42 99 1
2 738 27 526 336 42 99 1
2 738 28 524 336 43 97 1
2 738 29 524 334 43 99 1
2 738 30 522 334 43 99 1
2 738 31 522 334 43 98 1
2 738 32 520 332 43 100 1
2 738 33 520 332 43 100 1
2 738 34 519 332 42 98 1
2 738 35 519 332 42 98 1
2 738 36 519 330 42 100 1
2 738 37 517 330 43 98 1
2 738 38 517 330 43 98 1
2 738 39 515 328 43 100 1
2 738 40 515 328 43 100 1
2 738 41 513 328 43 98 1
2 738 42 513 328 43 98 1
2 738 43 513 327 43 99 1
2 738 44 512 327 42 97 1
2 738 45 512 327 42 97 1
2 738 46 510 325 42 99 1
2 738 47 510 325 42 98 1
2 738 48 508 325 43 98 1
2 738 49 508 325 43 98 1
2 738 50 506 323 43 98 1
2 738 51 506 323 43 98 1
2 738 52 506 323 43 98 1
2 738 53 504 321 43 98 1
2 738 54 504 321 43 98 1
2 738 55 503 321 42 98 1
2 738 56 503 321 42 96 1
2 738 57 501 320 43 97 1
2 738 58 501 320 43 97 1
2 738 59 499 320 43 96 1
2 738 60 499 318 43 98 1
2 738 61 499 318 43 98 1
2 738 62 497 318 43 96 1
2 738 63 497 318 43 96 1
2 738 64 496 316 42 98 1
2 738 65 496 316 42 96 1
2 738 66 494 316 42 96 1
2 738 67 494 314 42 98 1
2 738 68 492 314 43 96 1
2 738 69 492 314 43 96 1
2 738 70 492 314 43 96 1
2 738 71 490 312 43 96 1
2 738 72 490 312 43 96 1
2 738 73 488 312 43 96 1
2 738 74 488 311 43 96 1
2 738 75 487 311 42 96 1
2 738 76 487 311 42 96 1
2 738 77 487 311 42 96 1
2 738 78 485 309 43 96 1
2 738 79 485 309 43 96 1
2 738 80 485 309 43 96 1
2 738 81 485 309 41 96 1
2 738 82 485 309 41 94 1
2 738 83 483 309 43 94 1
2 738 84 483 309 43 94 1
2 738 85 483 309 41 94 1
2 738 86 483 309 41 92 1
2 738 87 483 309 41 92 1
2 738 88 483 309 39 92 1
2 738 89 481 309 41 92 1
2 738 90 481 309 41 91 1
2 738 91 481 309 41 91 1
2 738 92 481 309 39 91 1
2 738 93 481 307 39 93 1
2 738 94 481 307 39 91 1
2 738 95 480 307 39 91 1
2 738 96 480 307 39 91 1
2 738 97 480 307 39 91 1
2 738 98 480 307 39 89 1
2 738 99 480 307 37 89 1
2 738 100 480 307 37 89 1
2 738 101 478 307 39 89 1
2 738 102 478 307 37 89 1
2 738 103 478 307 37 87 1
2 738 104 478 307 37 87 1
2 738 105 478 307 37 87 1
2 738 106 476 307 37 87 1
2 738 107 476 307 37 85 1
2 738 108 476 305 37 87 1
2 738 109 476 305 36 87 1
2 738 110 476 305 36 87 1
2 738 111 476 305 36 86 1
2 738 112 474 305 38 86 1
2 738 113 474 305 36 86 1
2 738 114 474 305 36 86 1
2 738 115 474 305 36 84 1
2 738 116 474 305 34 84 1
2 738 117 474 305 34 84 1
2 738 118 472 305 36 84 1
2 738 119 472 305 36 82 1
2 738 120 472 305 34 82 1
2 738 121 472 305 34 82 1
2 738 122 472 305 34 82 1
2 738 123 472 305 34 82 1
2 738 124 471 304 33 81 1
2 738 125 471 304 33 81 1
2 738 126 469 304 34 81 1
2 738 127 469 304 34 81 1
2 738 128 467 304 34 81 1
2 738 129 467 304 34 81 1
2 738 130 467 302 34 82 1
2 738 131 465 302 34 82 1
2 738 132 465 302 34 82 1
2 738 133 464 302 33 82 1
2 738 134 464 302 33 82 1
2 738 135 462 302 34 82 1
2 738 136 462 300 34 82 1
2 738 137 462 300 34 82 1
2 738 138 460 300 34 82 1
2 738 139 460 300 34 82 1
2 738 140 458 300 34 82 1
2 738 141 458 300 34 82 1
2 738 142 458 300 34 82 1
2 738 143 456 298 34 82 1
2 738 144 456 298 34 82 1
2 738 145 455 298 33 82 1
2 738 146 455 298 33 80 1
2 738 147 455 296 33 82 1
2 738 148 453 296 34 82 1
2 738 149 453 296 34 80 1
2 738 150 451 296 34 80 1
2 738 151 451 295 34 81 1
2 738 152 451 295 34 80 1
2 738 153 449 295 34 80 1
2 738 154 449 295 34 80 1
2 738 155 449 295 34 80 1
2 738 156 448 293 33 80 1
2 738 157 448 293 33 80 1
2 738 158 448 293 33 80 1
2 738 159 448 293 33 80 1
2 738 160 448 293 33 80 1
2 738 161 446 293 34 78 1
2 738 162 446 293 34 78 1
2 738 163 446 293 34 78 1
2 738 164 446 291 34 80 1
2 738 165 446 291 34 80 1
2 738 166 446 291 34 80 1
2 738 167 444 291 34 78 1
2 738 168 444 291 34 78 1
2 738 169 444 291 34 78 1
2 738 170 444 291 34 78 1
2 738 171 444 291 34 78 1
2 738 172 444 291 34 78 1
2 738 173 442 289 34 79 1
2 738 174 442 289 34 79 1
2 738 175 442 289 34 79 1
2 738 176 442 289 34 79 1
2 738 177 442 289 34 79 1
2 738 178 440 289 34 77 1
2 738 179 440 289 34 77 1
2 738 180 440 289 34 77 1
2 738 181 440 289 34 77 1
2 738 182 440 288 34 78 1
2 738 183 440 288 34 78 1
2 738 184 439 288 33 76 1
2 738 185 439 288 33 76 1
2 738 186 439 288 33 76 1
2 738 187 439 288 33 76 1
2 738 188 439 288 33 76 1
2 738 189 439 288 33 76 1
2 738 190 437 288 34 74 1
2 738 191 437 286 34 76 1
2 738 192 437 286 34 76 1
2 738 193 437 286 34 76 1
2 738 194 437 286 34 76 1
2 738 195 437 286 34 76 1
2 738 196 435 286 34 74 1
2 738 197 435 286 34 74 1
2 738 198 435 286 34 74 1
2 738 199 435 286 34 74 1
2 738 200 435 284 34 76 1
2 738 201 433 284 34 75 1
2 738 202 433 284 34 75 1
2 738 203 433 284 34 75 1
2 738 204 433 284 34 75 1
2 738 205 433 284 34 75 1
2 738 206 433 284 34 75 1
2 738 207 432 284 33 73 1
2 738 208 432 284 33 73 1
2 738 209 432 282 33 75 1
2 738 210 432 282 33 75 1
2 738 211 432 282 33 75 1
2 738 212 432 282 33 75 1
2 738 213 430 282 34 73 1
2 738 214 430 282 34 73 1
2 738 215 430 282 34 73 1
2 738 216 430 282 34 73 1
2 738 217 430 282 34 73 1
2 738 218 428 280 34 73 1
2 738 219 428 280 34 73 1
2 738 220 428 280 34 73 1
2 738 221 428 280 34 73 1
2 738 222 428 280 34 73 1
2 738 223 428 280 34 73 1
2 738 224 426 280 34 72 1
2 738 225 426 280 34 72 1
2 738 226 426 280 34 72 1
2 738 227 426 279 34 73 1
2 738 228 426 279 34 73 1
2 738 229 426 279 34 73 1
2 738 230 424 279 34 71 1
2 738 231 424 279 34 71 1
2 738 232 424 279 34 71 1
2 738 233 424 279 34 71 1
2 738 234 424 279 34 71 1
2 738 235 424 279 34 71 1
2 738 236 423 277 33 71 1
2 738 237 423 277 33 71 1
2 738 238 423 277 33 71 1
2 738 239 423 277 33 71 1
2 738 240 423 277 33 71 1
2 738 241 423 277 33 71 1
2 738 242 423 277 33 69 1
2 738 243 423 277 33 69 1
2 738 244 423 277 33 69 1
2 738 245 423 277 33 69 1
2 738 246 423 275 32 71 1
2 738 247 423 275 32 71 1
2 738 248 423 275 32 71 1
2 738 249 423 275 32 69 1
2 738 250 423 275 32 69 1
2 738 251 423 275 32 69 1
2 738 252 421 275 34 69 1
2 738 253 421 275 34 69 1
2 738 254 421 275 34 69 1
2 738 255 421 275 34 68 1
2 738 256 421 275 34 68 1
2 738 257 421 273 32 70 1
2 738 258 421 273 32 70 1
2 738 259 421 273 32 70 1
2 738 260 421 273 32 70 1
2 738 261 421 273 32 70 1
2 738 262 421 273 32 68 1
2 738 263 421 273 32 68 1
2 738 264 421 273 32 68 1
2 738 265 421 273 32 68 1
2 738 266 421 273 32 68 1
2 738 267 421 273 32 68 1
2 738 268 419 272 32 67 1
2 738 269 419 272 32 67 1
2 738 270 419 272 32 67 1
2 738 271 419 272 32 67 1
2 738 272 419 272 32 67 1
2 738 273 419 272 32 67 1
2 738 274 419 272 32 67 1
2 738 275 419 272 32 65 1
2 738 276 419 272 32 65 1
2 738 277 419 272 32 65 1
2 738 278 419 272 32 65 1
2 738 279 419 270 30 67 1
2 738 280 419 270 30 67 1
2 738 281 419 270 30 66 1
2 738 282 419 270 30 66 1
2 738 283 419 270 30 66 1
2 738 284 417 270 32 66 1
2 738 285 417 270 32 66 1
2 738 286 417 270 32 66 1
2 738 287 417 270 32 66 1
2 738 288 417 270 32 64 1
2 738 289 417 270 32 64 1
2 738 290 417 268 31 66 1
2 738 291 417 268 31 66 1
2 738 292 417 268 31 66 1
2 738 293 417 268 31 66 1
2 738 294 417 268 31 64 1
2 738 295 417 268 31 64 1
2 738 296 417 268 31 64 1
2 738 297 417 268 31 64 1
2 738 298 417 268 31 64 1
2 738 299 417 268 31 64 1
2 738 300 417 268 31 64 1
2 738 301 416 266 30 64 1
2 738 302 416 266 30 64 1
2 738 303 416 266 30 64 1
2 738 304 416 266 30 64 1
2 738 305 416 266 30 64 1
2 738 306 416 266 28 64 1
2 738 307 416 266 28 64 1
2 738 308 416 266 28 64 1
2 738 309 414 266 30 64 1
2 738 310 414 266 30 64 1
2 738 311 414 266 28 64 1
2 738 312 414 266 28 64 1
2 738 313 414 266 28 64 1
2 738 314 414 264 28 66 1
2 738 315 414 264 28 66 1
2 738 316 414 264 26 66 1
2 738 317 414 264 26 66 1
2 738 318 412 264 28 66 1
2 738 319 412 264 28 66 1
2 738 320 412 264 28 66 1
2 738 321 412 264 27 66 1
2 738 322 412 264 27 66 1
2 738 323 412 264 27 66 1
2 738 324 412 264 27 66 1
2 738 325 412 264 27 66 1
2 738 326 412 264 27 66 1
2 738 327 410 263 27 67 1
2 738 328 410 263 27 67 1
2 738 329 410 263 27 67 1
2 738 330 410 263 27 67 1
2 738 331 410 263 27 67 1
2 738 332 410 263 25 67 1
2 738 333 410 263 25 67 1
2 738 334 410 263 25 67 1
2 738 335 408 263 27 67 1
2 738 336 408 263 27 67 1
2 738 337 408 263 25 67 1
2 738 338 408 263 25 67 1
2 738 339 408 263 25 67 1
2 738 340 408 261 25 69 1
2 738 341 408 261 25 69 1
2 738 342 408 261 24 69 1
2 738 343 408 261 24 69 1
2 738 344 407 261 25 69 1
2 738 345 407 261 25 69 1
2 738 346 407 261 25 69 1
2 738 347 407 261 23 69 1
2 738 348 407 261 23 69 1
2 738 349 407 261 23 69 1
2 738 350 407 261 23 69 1
2 738 351 407 261 23 69 1
2 738 352 407 261 23 69 1
2 738 353 405 259 23 69 1
2 738 354 405 259 23 69 1
2 738 355 405 259 23 69 1
2 738 356 405 259 23 69 1
2 738 357 405 259 21 69 1
2 738 358 403 259 23 69 1
2 738 359 403 259 23 69 1
2 738 360 403 259 23 69 1
2 738 361 403 257 21 70 1
2 738 362 403 257 21 70 1
2 738 363 403 257 21 70 1
2 738 364 401 257 23 70 1
2 738 365 401 257 22 70 1
2 738 366 401 257 22 70 1
2 738 367 401 257 22 70 1
2 738 368 401 257 22 70 1
2 738 369 401 257 22 70 1
2 738 370 400 256 21 69 1
2 738 371 400 256 21 69 1
2 738 372 400 256 21 69 1
2 738 373 398 256 21 69 1
2 738 374 398 256 21 69 1
2 738 375 398 256 21 69 1
2 738 376 398 256 21 69 1
2 738 377 396 256 21 69 1
2 738 378 396 256 21 67 1
2 738 379 396 256 21 67 1
2 738 380 396 256 21 67 1
2 738 381 394 256 22 67 1
2 738 382 394 256 22 67 1
2 738 383 394 256 22 67 1
2 738 384 394 256 22 67 1
2 738 385 392 254 22 69 1
2 738 386 392 254 22 69 1
2 738 387 392 254 22 67 1
2 738 388 392 254 22 67 1
2 738 389 391 254 21 67 1
2 738 390 391 254 21 67 1
2 738 391 391 254 21 67 1
2 738 392 391 254 21 67 1
2 738 393 389 254 21 67 1
2 738 394 389 254 21 67 1
2 738 395 389 254 21 67 1
2 738 396 389 254 21 66 1
2 738 397 387 254 21 66 1
2 738 398 387 254 21 66 1
2 738 399 387 254 21 66 1
2 738 400 387 252 21 68 1
2 738 401 385 252 22 68 1
2 738 402 385 252 22 68 1
2 738 403 385 252 22 68 1
2 738 404 385 252 22 66 1
2 738 405 384 252 21 66 1
2 738 406 384 252 21 66 1
2 738 407 384 252 21 66 1
2 738 408 384 252 21 66 1
2 738 409 382 252 21 66 1
2 738 410 382 252 21 66 1
2 738 411 382 252 21 66 1
2 738 412 382 252 21 66 1
2 738 413 380 252 21 64 1
2 738 414 380 252 21 64 1
2 738 415 380 252 21 64 1
2 738 416 380 250 21 66 1
2 738 417 378 250 22 66 1
2 738 418 378 250 22 66 1
2 738 419 378 250 22 66 1
2 738 420 378 250 22 66 1
2 738 421 376 250 22 66 1
2 738 422 376 250 22 64 1
2 738 423 376 250 22 64 1
2 738 424 376 250 22 64 1
2 738 425 375 250 21 64 1
2 738 426 375 250 21 64 1
2 738 427 375 250 21 64 1
2 738 428 375 250 21 64 1
2 738 429 373 250 21 64 1
2 738 430 373 250 21 62 1
2 738 431 373 248 21 64 1
2 738 432 373 248 21 64 1
2 738 433 371 248 21 64 1
2 738 434 371 248 21 64 1
2 738 435 371 248 21 64 1
2 738 436 371 248 21 64 1
2 738 437 369 248 22 64 1
2 738 438 369 248 22 64 1
2 738 439 369 248 22 63 1
2 738 440 369 248 22 63 1
2 738 441 368 248 21 63 1
2 738 442 368 248 21 63 1
2 738 443 368 248 21 63 1
2 738 444 368 248 21 63 1
2 738 445 366 248 21 63 1
2 738 446 366 248 21 63 1
2 738 447 366 247 21 64 1
2 738 448 366 247 21 62 1
2 738 449 364 247 21 62 1
2 738 450 364 247 21 62 1
2 738 451 364 247 21 62 1
2 738 452 364 247 21 62 1
2 738 453 362 247 22 62 1
2 738 454 362 247 22 62 1
2 738 455 362 247 22 62 1
2 738 456 362 247 22 60 1
2 738 457 360 247 22 60 1
2 738 458 360 247 22 60 1
2 738 459 360 247 22 60 1
2 738 460 360 247 22 60 1
2 738 461 359 247 21 60 1
2 738 462 359 245 21 62 1
2 738 463 359 245 21 62 1
2 738 464 359 245 21 62 1
2 738 465 357 245 21 60 1
2 738 466 357 245 21 60 1
2 738 467 357 245 21 60 1
2 738 468 357 245 21 60 1
2 738 469 355 245 21 60 1
2 738 470 355 245 21 60 1
2 738 471 355 245 21 60 1
2 738 472 355 245 21 60 1
2 738 473 353 245 22 60 1
2 738 474 353 245 22 59 1
2 738 475 353 245 22 59 1
2 738 476 353 245 22 59 1
2 738 477 352 245 21 59 1
2 738 478 352 243 21 61 1
2 738 479 352 243 21 61 1
2 738 480 352 243 21 61 1
2 738 481 350 243 21 61 1
2 738 482 350 243 21 59 1
2 738 483 350 243 21 59 1
2 738 484 350 243 21 59 1
2 738 485 348 243 21 59 1
2 738 486 348 243 21 59 1
2 738 487 348 243 21 59 1
2 738 488 348 243 21 59 1
2 738 489 346 243 22 59 1
2 738 490 346 243 22 59 1
2 738 491 346 243 22 57 1
2 738 492 346 243 22 57 1
2 738 493 344 241 22 59 1
2 738 494 344 241 22 59 1
2 738 495 344 241 22 59 1
2 738 496 344 241 22 59 1
2 738 497 343 241 21 59 1
2 738 498 343 241 21 59 1
2 738 499 343 241 21 59 1
2 738 500 343 241 21 57 1
2 738 501 341 241 21 57 1
2 738 502 341 241 21 57 1
2 738 503 341 241 21 57 1
2 738 504 341 241 21 57 1
2 738 505 339 241 21 57 1
2 738 506 339 241 21 57 1
2 738 507 339 241 21 57 1
2 738 508 339 241 21 57 1
2 738 509 337 240 22 56 1
2 738 510 337 240 22 56 1
2 738 511 337 240 22 56 1
2 738 512 337 240 22 56 1
2 738 513 337 240 22 56 1
2 738 514 337 240 22 56 1
2 738 515 337 240 22 56 1
2 738 516 337 240 22 56 1
2 738 517 337 240 22 56 1
2 738 518 337 240 22 56 1
2 738 519 336 240 21 56 1
2 738 520 336 240 21 56 1
2 738 521 336 240 21 56 1
2 738 522 336 240 21 56 1
2 738 523 336 240 21 56 1
2 738 524 336 240 21 56 1
2 738 525 336 240 21 56 1
2 738 526 336 240 21 56 1
2 738 527 336 240 21 56 1
2 738 528 336 240 21 56 1
2 738 529 334 240 21 56 1
2 738 530 334 240 21 56 1
2 738 531 334 240 21 56 1
2 738 532 334 238 21 57 1
2 738 533 334 238 21 57 1
2 738 534 334 238 21 57 1
2 738 535 334 238 21 57 1
2 738 536 334 238 21 57 1
2 738 537 334 238 21 57 1
2 738 538 334 238 21 57 1
2 738 539 332 238 21 57 1
2 738 540 332 238 21 57 1
2 738 541 332 238 21 57 1
2 738 542 332 238 21 57 1
2 738 543 332 238 21 57 1
2 738 544 332 238 21 57 1
2 738 545 332 238 21 57 1
2 738 546 332 238 21 57 1
2 738 547 332 238 21 57 1
2 738 548 332 238 21 57 1
2 738 549 330 238 22 57 1
2 738 550 330 238 22 57 1
2 738 551 330 238 22 57 1
2 738 552 330 238 22 57 1
2 738 553 330 238 22 57 1
2 738 554 330 238 22 57 1
2 738 555 330 236 22 57 1
2 738 556 330 236 22 57 1
2 738 557 330 236 22 57 1
2 738 558 330 236 22 57 1
2 738 559 330 236 22 57 1
2 738 560 328 236 22 57 1
2 738 561 328 236 22 57 1
2 738 562 328 236 22 57 1
2 738 563 328 236 22 57 1
2 738 564 328 236 22 57 1
2 738 565 328 236 22 57 1
2 738 566 328 236 22 57 1
2 738 567 328 236 22 57 1
2 738 568 328 236 22 57 1
2 738 569 328 236 22 57 1
2 738 570 327 236 21 57 1
2 738 571 327 236 21 57 1
2 738 572 327 236 21 57 1
2 738 573 327 236 21 57 1
2 738 574 327 236 21 57 1
2 738 575 327 236 21 57 1
2 738 576 327 236 21 57 1
2 738 577 327 236 21 57 1
2 738 578 327 234 21 57 1
2 738 579 327 234 21 57 1
2 738 580 325 234 21 57 1
2 738 581 325 234 21 57 1
2 738 582 325 234 21 57 1
2 738 583 325 234 21 57 1
2 738 584 325 234 21 57 1
2 738 585 325 234 21 57 1
2 738 586 325 234 21 57 1
2 738 587 325 234 21 57 1
2 738 588 325 234 21 57 1
2 738 589 325 234 21 57 1
2 738 590 323 234 21 57 1
2 738 591 323 234 21 57 1
2 738 592 323 234 21 57 1
2 738 593 323 234 21 57 1
2 738 594 323 234 21 57 1
2 738 595 323 234 21 57 1
2 738 596 323 234 21 57 1
2 738 597 323 234 21 57 1
2 738 598 323 234 21 57 1
2 738 599 323 234 21 57 1
2 738 600 323 234 21 57 1
2 738 601 321 232 22 57 1
2 738 602 321 232 22 57 1
2 738 603 321 232 22 57 1
2 738 604 321 232 22 57 1
2 738 605 321 232 22 57 1
2 738 606 321 232 22 57 1
2 738 607 321 232 22 57 1
2 738 608 321 232 22 57 1
2 738 609 321 232 22 57 1
2 738 610 321 232 22 57 1
2 738 611 321 232 22 57 1
2 738 612 320 232 21 57 1
2 738 613 320 232 21 57 1
2 738 614 320 232 21 57 1
2 738 615 320 232 21 57 1
2 738 616 320 232 21 57 1
2 738 617 320 232 21 57 1
2 738 618 320 232 21 56 1
2 738 619 320 232 21 56 1
2 738 620 320 232 21 56 1
2 738 621 320 232 21 56 1
2 738 622 320 232 21 56 1
2 738 623 318 232 21 56 1
2 738 624 318 232 21 56 1
2 738 625 318 232 21 56 1
2 738 626 318 232 21 56 1
2 738 627 318 232 21 56 1
2 738 628 318 232 21 56 1
2 738 629 318 232 21 56 1
2 738 630 318 232 21 56 1
2 738 631 318 232 21 56 1
2 738 632 318 232 21 56 1
2 738 633 318 232 21 56 1
2 738 634 318 232 21 56 1
2 738 635 316 232 21 54 1
2 738 636 316 232 21 54 1
2 738 637 316 232 21 54 1
2 738 638 316 232 21 54 1
2 738 639 316 232 21 54 1
2 738 640 316 232 21 54 1
2 738 641 316 232 21 54 1
2 738 642 316 232 21 54 1
2 738 643 316 232 21 54 1
2 738 644 316 232 21 54 1
2 738 645 316 232 21 54 1
2 738 646 314 232 22 54 1
2 738 647 314 232 22 54 1
2 738 648 314 232 22 54 1
2 738 649 314 232 22 54 1
2 738 650 314 232 22 54 1
2 738 651 314 232 22 54 1
2 738 652 314 232 22 52 1
2 738 653 314 232 22 52 1
2 738 654 314 232 22 52 1
2 738 655 314 232 22 52 1
2 738 656 314 232 22 52 1
2 738 657 314 232 22 52 1
2 738 658 312 232 22 52 1
2 738 659 312 232 22 52 1
2 738 660 312 232 22 52 1
2 738 661 312 232 22 52 1
2 738 662 312 232 22 52 1
2 738 663 312 232 22 52 1
2 738 664 312 232 22 52 1
2 738 665 312 232 22 52 1
2 738 666 312 232 22 52 1
2 738 667 312 232 22 52 1
2 738 668 312 232 22 52 1
2 738 669 311 232 21 50 1
2 738 670 311 232 21 50 1
2 738 671 311 232 21 50 1
2 738 672 311 232 21 50 1
2 738 673 311 232 21 50 1
2 738 674 311 232 21 50 1
2 738 675 311 232 21 50 1
2 738 676 311 232 21 50 1
2 738 677 311 232 21 50 1
2 738 678 311 232 21 50 1
2 738 679 311 232 21 50 1
2 738 680 309 232 21 50 1
2 738 681 309 232 21 50 1
2 738 682 309 232 21 50 1
2 738 683 309 232 21 50 1
2 738 684 309 232 21 50 1
2 738 685 309 232 21 50 1
2 738 686 309 232 21 48 1
2 738 687 309 232 21 48 1
2 738 688 309 232 21 48 1
2 738 689 309 232 21 48 1
2 738 690 309 232 21 48 1
2 738 691 309 232 21 48 1
2 738 692 307 232 21 48 1
2 738 693 307 232 21 48 1
2 738 694 307 232 21 48 1
2 738 695 307 232 21 48 1
2 738 696 307 232 21 48 1
2 738 697 307 232 21 48 1
2 738 698 307 232 21 48 1
2 738 699 307 232 21 48 1
2 738 700 307 232 21 48 1
2 738 701 307 232 21 48 1
2 738 702 307 232 21 48 1
2 738 703 305 232 22 47 1
2 738 704 305 232 22 47 1
2 738 705 305 232 22 47 1
2 738 706 305 232 22 47 1
2 738 707 305 232 22 47 1
2 738 708 305 232 22 47 1
2 738 709 305 232 22 47 1
2 738 710 305 232 22 47 1
2 738 711 305 232 22 47 1
2 738 712 305 232 22 47 1
2 738 713 305 232 22 47 1
2 738 714 305 232 22 47 1
2 738 715 304 232 21 47 1
2 738 716 304 232 21 47 1
2 738 717 304 232 21 47 1
2 738 718 304 232 21 47 1
2 738 719 304 232 21 47 1
2 738 720 304 232 21 45 1
2 738 721 304 232 21 45 1
2 738 722 304 232 21 45 1
2 738 723 304 232 21 45 1
2 738 724 304 232 21 45 1
2 738 725 304 232 21 45 1
2 738 726 302 232 21 45 1
2 738 727 302 232 21 45 1
2 738 728 302 232 21 45 1
2 738 729 302 232 21 45 1
2 738 730 302 232 21 45 1
2 738 731 302 232 21 45 1
2 738 732 302 232 21 45 1
2 738 733 302 232 21 45 1
2 738 734 302 232 21 45 1
2 738 735 302 232 21 45 1
2 738 736 302 232 21 45 1
2 738 737 302 232 21 45 1
3 369 0 560 311 28 60 1
3 369 1 560 311 28 60 1
3 369 2 560 311 28 60 1
3 369 3 561 311 29 62 1
3 369 4 561 311 29 62 1
3 369 5 561 311 29 64 1
3 369 6 563 311 29 64 1
3 369 7 563 311 29 64 1
3 369 8 563 311 29 65 1
3 369 9 565 311 28 65 1
3 369 10 565 312 28 66 1
3 369 11 565 312 28 66 1
3 369 12 567 312 28 66 1
3 369 13 567 312 28 68 1
3 369 14 567 312 28 68 1
3 369 15 568 312 29 70 1
3 369 16 568 312 29 70 1
3 369 17 568 312 29 70 1
3 369 18 570 312 29 72 1
3 369 19 570 312 29 72 1
3 369 20 570 314 29 71 1
3 369 21 572 314 28 71 1
3 369 22 572 314 28 71 1
3 369 23 572 314 28 73 1
3 369 24 574 314 28 73 1
3 369 25 574 314 28 75 1
3 369 26 574 314 28 75 1
3 369 27 576 314 28 75 1
3 369 28 576 314 28 77 1
3 369 29 576 316 28 75 1
3 369 30 577 316 29 76 1
3 369 31 577 316 29 76 1
3 369 32 577 316 29 76 1
3 369 33 579 316 29 78 1
3 369 34 579 316 29 78 1
3 369 35 579 316 29 80 1
3 369 36 581 316 28 80 1
3 369 37 581 316 28 80 1
3 369 38 581 316 28 82 1
3 369 39 583 318 28 80 1
3 369 40 583 318 28 82 1
3 369 41 583 318 28 82 1
3 369 42 584 318 29 82 1
3 369 43 584 318 29 83 1
3 369 44 584 318 29 83 1
3 369 45 586 318 29 85 1
3 369 46 586 318 29 85 1
3 369 47 586 318 29 85 1
3 369 48 588 318 28 87 1
3 369 49 588 320 28 85 1
3 369 50 588 320 28 87 1
3 369 51 590 320 28 87 1
3 369 52 590 320 28 87 1
3 369 53 590 320 28 88 1
3 369 54 592 320 28 88 1
3 369 55 592 320 28 90 1
3 369 56 592 320 28 90 1
3 369 57 593 320 29 90 1
3 369 58 593 321 29 91 1
3 369 59 593 321 29 91 1
3 369 60 595 321 29 93 1
3 369 61 595 321 29 93 1
3 369 62 595 321 29 93 1
3 369 63 597 321 28 95 1
3 369 64 597 321 28 95 1
3 369 65 597 321 28 96 1
3 369 66 599 321 28 96 1
3 369 67 599 321 28 96 1
3 369 68 599 323 28 96 1
3 369 69 600 323 29 96 1
3 369 70 600 323 29 98 1
3 369 71 600 323 29 98 1
3 369 72 602 323 29 98 1
3 369 73 602 323 29 100 1
3 369 74 602 323 29 100 1
3 369 75 604 323 28 101 1
3 369 76 604 323 28 101 1
3 369 77 606 325 28 101 1
3 369 78 606 325 28 101 1
3 369 79 608 325 28 101 1
3 369 80 608 325 30 101 1
3 369 81 609 325 29 101 1
3 369 82 609 325 31 101 1
3 369 83 611 327 30 101 1
3 369 84 611 327 32 101 1
3 369 85 613 327 30 101 1
3 369 86 613 327 32 101 1
3 369 87 615 327 32 101 1
3 369 88 615 327 32 101 1
3 369 89 616 328 32 102 1
3 369 90 618 328 32 102 1
3 369 91 618 328 34 102 1
3 369 92 620 328 32 102 1
3 369 93 620 328 34 102 1
3 369 94 622 328 34 102 1
3 369 95 622 330 34 102 1
3 369 96 624 330 33 102 1
3 369 97 624 330 35 102 1
3 369 98 625 330 36 102 1
3 369 99 625 330 36 102 1
3 369 100 627 332 36 101 1
3 369 101 629 332 35 101 1
3 369 102 629 332 35 101 1
3 369 103 631 332 35 101 1
3 369 104 631 332 37 101 1
3 369 105 632 332 38 101 1
3 369 106 632 334 38 101 1
3 369 107 634 334 38 101 1
3 369 108 634 334 39 101 1
3 369 109 636 334 37 101 1
3 369 110 636 334 39 101 1
3 369 111 638 334 39 101 1
3 369 112 640 336 39 101 1
3 369 113 640 336 39 101 1
3 369 114 641 336 39 101 1
3 369 115 641 336 41 101 1
3 369 116 643 336 39 101 1
3 369 117 643 336 41 101 1
3 369 118 645 337 41 102 1
3 369 119 645 337 43 102 1
3 369 120 647 337 41 102 1
3 369 121 647 337 42 102 1
3 369 122 648 337 43 102 1
3 369 123 650 339 43 101 1
3 369 124 650 339 43 101 1
3 369 125 652 339 43 101 1
3 369 126 652 341 43 101 1
3 369 127 654 341 42 101 1
3 369 128 654 343 42 101 1
3 369 129 656 343 42 101 1
3 369 130 656 343 42 101 1
3 369 131 657 344 43 102 1
3 369 132 657 344 43 102 1
3 369 133 659 346 43 102 1
3 369 134 659 346 43 102 1
3 369 135 661 348 43 101 1
3 369 136 661 348 43 101 1
3 369 137 663 348 42 101 1
3 369 138 663 350 42 101 1
3 369 139 664 350 43 101 1
3 369 140 664 352 43 101 1
3 369 141 666 352 43 101 1
3 369 142 668 353 43 102 1
3 369 143 668 353 43 102 1
3 369 144 670 353 42 103 1
3 369 145 672 353 42 103 1
3 369 146 673 355 43 103 1
3 369 147 675 355 43 103 1
3 369 148 675 355 45 105 1
3 369 149 677 355 44 105 1
3 369 150 679 357 44 105 1
3 369 151 680 357 45 105 1
3 369 152 682 357 43 107 1
3 369 153 682 357 45 107 1
3 369 154 684 359 44 106 1
3 369 155 686 359 44 106 1
3 369 156 688 359 44 108 1
3 369 157 689 359 45 110 1
3 369 158 689 360 47 109 1
3 369 159 691 360 46 111 1
3 369 160 693 360 46 111 1
3 369 161 695 360 46 112 1
3 369 162 696 362 45 110 1
3 369 163 698 362 45 112 1
3 369 164 698 362 46 112 1
3 369 165 700 364 46 112 1
3 369 166 702 364 46 112 1
3 369 167 704 364 46 114 1
3 369 168 705 364 47 114 1
3 369 169 705 366 48 114 1
3 369 170 707 366 48 115 1
3 369 171 709 366 48 115 1
3 369 172 711 366 46 117 1
3 369 173 712 368 47 115 1
3 369 174 712 368 48 117 1
3 369 175 714 368 48 117 1
3 369 176 716 368 48 119 1
3 369 177 718 369 48 118 1
3 369 178 720 369 48 119 1
3 369 179 721 369 48 119 1
3 369 180 721 369 50 121 1
3 369 181 723 371 50 119 1
3 369 182 725 371 48 121 1
3 369 183 727 371 48 121 1
3 369 184 728 371 48 123 1
3 369 185 728 373 50 123 1
3 369 186 730 373 50 123 1
3 369 187 732 373 50 124 1
3 369 188 734 375 50 122 1
3 369 189 736 375 49 124 1
3 369 190 736 375 51 124 1
3 369 191 737 375 52 126 1
3 369 192 739 376 50 125 1
3 369 193 741 376 50 127 1
3 369 194 743 376 49 127 1
3 369 195 744 376 50 128 1
3 369 196 744 378 52 126 1
3 369 197 746 378 52 128 1
3 369 198 748 378 52 130 1
3 369 199 750 378 51 130 1
3 369 200 752 380 51 130 1
3 369 201 752 380 53 130 1
3 369 202 753 380 52 132 1
3 369 203 755 380 52 132 1
3 369 204 757 382 51 131 1
3 369 205 759 382 51 131 1
3 369 206 759 382 53 133 1
3 369 207 760 382 54 133 1
3 369 208 762 384 54 133 1
3 369 209 764 384 53 133 1
3 369 210 766 384 53 135 1
3 369 211 768 385 53 135 1
3 369 212 769 385 54 135 1
3 369 213 771 385 53 137 1
3 369 214 773 387 53 137 1
3 369 215 775 387 55 137 1
3 369 216 776 389 56 137 1
3 369 217 780 389 53 139 1
3 369 218 782 391 55 138 1
3 369 219 784 391 55 138 1
3 369 220 785 392 55 139 1
3 369 221 787 392 55 141 1
3 369 222 791 392 55 141 1
3 369 223 792 394 56 141 1
3 369 224 794 394 55 142 1
3 369 225 796 396 57 142 1
3 369 226 798 396 57 142 1
3 369 227 801 398 55 142 1
3 369 228 803 398 55 144 1
3 369 229 805 400 57 142 1
3 369 230 807 400 57 144 1
3 369 231 808 400 57 145 1
3 369 232 812 401 57 146 1
3 369 233 814 401 57 146 1
3 369 234 816 403 56 146 1
3 369 235 817 403 57 148 1
3 369 236 819 405 59 146 1
3 369 237 823 405 57 147 1
3 369 238 824 407 57 147 1
3 369 239 826 407 59 149 1
3 369 240 828 407 59 149 1
3 369 241 830 408 58 150 1
3 369 242 833 408 57 152 1
3 369 243 835 410 59 150 1
3 369 244 837 410 59 151 1
3 369 245 839 412 58 151 1
3 369 246 840 412 61 153 1
3 369 247 844 414 59 151 1
3 369 248 846 414 58 153 1
3 369 249 848 414 58 154 1
3 369 250 849 416 61 152 1
3 369 251 851 416 61 154 1
3 369 252 855 417 58 155 1
3 369 253 856 417 61 157 1
3 369 254 858 419 61 155 1
3 369 255 860 419 60 157 1
3 369 256 862 421 60 156 1
3 369 257 865 421 61 156 1
3 369 258 867 421 61 158 1
3 369 259 869 423 60 158 1
3 369 260 871 423 62 160 1
3 369 261 872 424 63 159 1
3 369 262 876 424 60 160 1
3 369 263 878 426 60 160 1
3 369 264 880 426 62 160 1
3 369 265 881 428 63 160 1
3 369 266 883 428 62 162 1
3 369 267 887 430 62 162 1
3 369 268 888 430 63 163 1
3 369 269 890 432 62 163 1
3 369 270 894 433 62 164 1
3 369 271 896 435 62 164 1
3 369 272 897 435 64 165 1
3 369 273 901 437 62 167 1
3 369 274 903 439 62 167 1
3 369 275 904 440 64 168 1
3 369 276 908 440 62 169 1
3 369 277 910 442 64 169 1
3 369 278 912 444 64 169 1
3 369 279 915 446 62 170 1
3 369 280 917 446 64 172 1
3 369 281 919 448 64 172 1
3 369 282 922 449 64 173 1
3 369 283 924 451 64 173 1
3 369 284 926 451 66 174 1
3 369 285 929 453 64 176 1
3 369 286 931 455 64 176 1
3 369 287 933 456 66 176 1
3 369 288 936 456 64 178 1
3 369 289 938 458 66 178 1
3 369 290 940 460 66 178 1
3 369 291 944 462 64 179 1
3 369 292 945 462 66 181 1
3 369 293 947 464 66 181 1
3 369 294 951 465 65 182 1
3 369 295 952 467 66 181 1
3 369 296 956 469 66 183 1
3 369 297 958 469 67 185 1
3 369 298 961 471 68 185 1
3 369 299 965 472 67 185 1
3 369 300 968 474 68 185 1
3 369 301 972 474 68 185 1
3 369 302 977 476 68 185 1
3 369 303 981 478 67 183 1
3 369 304 986 480 68 183 1
3 369 305 990 481 67 183 1
3 369 306 995 483 68 181 1
3 369 307 999 485 67 181 1
3 369 308 1004 487 68 181 1
3 369 309 1009 488 66 180 1
3 369 310 1013 490 67 180 1
3 369 311 1018 492 66 178 1
3 369 312 1022 494 67 178 1
3 369 313 1027 496 66 177 1
3 369 314 1031 497 67 176 1
3 369 315 1036 499 66 176 1
3 369 316 1040 501 67 176 1
3 369 317 1045 503 66 174 1
3 369 318 1050 503 66 176 1
3 369 319 1054 504 66 176 1
3 369 320 1059 506 66 174 1
3 369 321 1063 508 65 174 1
3 369 322 1068 510 66 172 1
3 369 323 1072 512 65 172 1
3 369 324 1077 513 66 173 1
3 369 325 1080 515 66 171 1
3 369 326 1086 517 66 171 1
3 369 327 1091 519 66 170 1
3 369 328 1095 520 65 169 1
3 369 329 1100 522 66 169 1
3 369 330 1104 524 65 169 1
3 369 331 1109 526 66 167 1
3 369 332 1112 528 66 167 1
3 369 333 1118 529 66 166 1
3 369 334 1121 531 66 165 1
3 369 335 1127 531 65 167 1
3 369 336 1132 533 64 165 1
3 369 337 1136 535 65 165 1
3 369 338 1141 536 64 166 1
3 369 339 1144 538 66 164 1
3 369 340 1150 540 64 164 1
3 369 341 1153 542 66 163 1
3 369 342 1159 544 64 161 1
3 369 343 1162 545 66 162 1
3 369 344 1168 547 64 160 1
3 369 345 1173 549 64 160 1
3 369 346 1176 551 64 160 1
3 369 347 1182 552 64 159 1
3 369 348 1185 554 64 158 1
3 369 349 1191 556 64 158 1
3 369 350 1194 558 64 156 1
3 369 351 1200 560 64 156 1
3 369 352 1205 561 64 157 1
3 369 353 1208 565 61 153 1
3 369 354 1214 568 55 150 1
3 369 355 1219 572 52 146 1
3 369 356 1224 576 47 142 1
3 369 357 1230 581 42 137 1
3 369 358 1233 584 39 134 1
3 369 359 1239 588 33 130 1
3 369 360 1244 592 30 126 1
3 369 361 1249 595 25 123 1
3 369 362 1255 600 21 118 1
3 369 363 1258 600 18 118 1
3 369 364 1262 600 14 118 1
3 369 365 1265 600 11 118 1
3 369 366 1269 600 7 118 1
3 369 367 1269 600 7 118 1
3 369 368 1269 600 7 118 1
4 289 333 716 311 39 96 1
4 289 334 716 309 39 96 1
4 289 335 716 309 39 96 1
4 289 336 716 309 39 96 1
4 289 337 716 309 39 96 1
4 289 338 716 309 39 96 1
4 289 339 716 309 39 96 1
4 289 340 718 309 39 96 1
4 289 341 718 309 39 96 1
4 289 342 718 307 39 96 1
4 289 343 718 307 39 96 1
4 289 344 718 307 39 96 1
4 289 345 718 307 39 96 1
4 289 346 718 307 39 96 1
4 289 347 720 307 39 96 1
4 289 348 720 307 39 96 1
4 289 349 720 307 39 96 1
4 289 350 720 305 39 96 1
4 289 351 720 305 39 96 1
4 289 352 720 305 39 96 1
4 289 353 721 305 39 96 1
4 289 354 721 305 39 96 1
4 289 355 721 305 39 96 1
4 289 356 721 305 39 96 1
4 289 357 721 305 39 96 1
4 289 358 721 305 39 96 1
4 289 359 721 304 39 96 1
4 289 360 723 304 39 96 1
4 289 361 723 304 39 96 1
4 289 362 723 304 39 96 1
4 289 363 723 304 39 96 1
4 289 364 723 304 39 96 1
4 289 365 723 304 39 96 1
4 289 366 725 304 39 96 1
4 289 367 725 302 39 96 1
4 289 368 725 302 39 96 1
4 289 369 725 302 39 96 1
4 289 370 725 302 39 96 1
4 289 371 725 302 39 96 1
4 289 372 725 302 39 96 1
4 289 373 727 302 39 96 1
4 289 374 727 302 39 96 1
4 289 375 727 302 39 96 1
4 289 376 727 300 39 96 1
4 289 377 727 300 39 96 1
4 289 378 727 300 39 96 1
4 289 379 728 300 40 96 1
4 289 380 728 300 40 96 1
4 289 381 728 300 40 96 1
4 289 382 728 300 40 96 1
4 289 383 728 300 40 96 1
4 289 384 728 298 40 96 1
4 289 385 728 298 40 96 1
4 289 386 730 298 39 96 1
4 289 387 730 298 39 96 1
4 289 388 730 298 39 96 1
4 289 389 730 298 39 96 1
4 289 390 730 298 39 96 1
4 289 391 730 298 39 96 1
4 289 392 732 298 39 96 1
4 289 393 732 298 39 96 1
4 289 394 732 298 39 96 1
4 289 395 732 298 39 96 1
4 289 396 732 298 39 96 1
4 289 397 732 298 39 96 1
4 289 398 732 298 39 96 1
4 289 399 732 298 39 96 1
4 289 400 732 298 39 96 1
4 289 401 732 298 39 96 1
4 289 402 732 298 39 96 1
4 289 403 732 298 39 96 1
4 289 404 732 298 39 96 1
4 289 405 732 298 39 96 1
4 289 406 732 298 39 96 1
4 289 407 732 298 39 96 1
4 289 408 732 298 39 96 1
4 289 409 732 298 39 96 1
4 289 410 732 298 39 96 1
4 289 411 732 298 39 96 1
4 289 412 732 298 39 96 1
4 289 413 732 298 39 96 1
4 289 414 732 298 39 96 1
4 289 415 732 298 39 96 1
4 289 416 732 298 39 96 1
4 289 417 732 298 39 96 1
4 289 418 732 298 39 96 1
4 289 419 732 298 39 96 1
4 289 420 732 298 39 96 1
4 289 421 732 298 39 96 1
4 289 422 732 298 39 96 1
4 289 423 732 298 39 96 1
4 289 424 732 298 39 96 1
4 289 425 732 298 39 96 1
4 289 426 732 298 39 96 1
4 289 427 732 298 39 96 1
4 289 428 732 298 39 96 1
4 289 429 732 298 39 96 1
4 289 430 732 298 39 96 1
4 289 431 732 298 39 96 1
4 289 432 732 298 39 96 1
4 289 433 732 298 39 96 1
4 289 434 732 298 39 96 1
4 289 435 732 298 39 96 1
4 289 436 732 298 39 96 1
4 289 437 732 298 39 96 1
4 289 438 732 298 39 96 1
4 289 439 732 298 39 96 1
4 289 440 732 298 39 96 1
4 289 441 732 298 39 96 1
4 289 442 732 298 39 96 1
4 289 443 732 298 39 96 1
4 289 444 732 298 39 96 1
4 289 445 732 298 39 96 1
4 289 446 732 298 39 96 1
4 289 447 732 298 39 96 1
4 289 448 732 298 39 96 1
4 289 449 732 298 39 96 1
4 289 450 732 298 39 96 1
4 289 451 732 298 39 96 1
4 289 452 732 298 39 96 1
4 289 453 732 298 39 96 1
4 289 454 732 298 39 96 1
4 289 455 732 298 39 96 1
4 289 456 732 298 39 96 1
4 289 457 732 298 39 96 1
4 289 458 732 298 39 96 1
4 289 459 732 298 39 96 1
4 289 460 732 298 39 96 1
4 289 461 732 298 39 96 1
4 289 462 732 298 39 96 1
4 289 463 732 298 39 96 1
4 289 464 732 298 39 96 1
4 289 465 732 298 39 96 1
4 289 466 732 298 39 96 1
4 289 467 732 298 39 96 1
4 289 468 732 298 39 96 1
4 289 469 732 298 39 96 1
4 289 470 732 298 39 96 1
4 289 471 732 298 39 96 1
4 289 472 732 298 39 96 1
4 289 473 732 298 39 96 1
4 289 474 732 298 39 96 1
4 289 475 732 298 39 96 1
4 289 476 732 298 39 96 1
4 289 477 732 298 39 96 1
4 289 478 732 298 39 96 1
4 289 479 732 298 39 96 1
4 289 480 732 298 39 96 1
4 289 481 732 298 39 96 1
4 289 482 732 298 39 96 1
4 289 483 732 298 39 96 1
4 289 484 732 298 39 96 1
4 289 485 732 298 39 96 1
4 289 486 732 298 39 96 1
4 289 487 732 298 39 96 1
4 289 488 732 298 39 96 1
4 289 489 732 298 39 96 1
4 289 490 732 298 39 96 1
4 289 491 732 298 39 96 1
4 289 492 732 298 39 96 1
4 289 493 732 298 39 96 1
4 289 494 732 298 39 96 1
4 289 495 732 298 39 96 1
4 289 496 732 298 39 96 1
4 289 497 732 298 39 96 1
4 289 498 732 298 39 96 1
4 289 499 732 298 39 96 1
4 289 500 732 298 39 96 1
4 289 501 732 298 39 96 1
4 289 502 732 298 39 96 1
4 289 503 732 298 39 96 1
4 289 504 732 298 39 96 1
4 289 505 732 298 39 96 1
4 289 506 732 298 39 96 1
4 289 507 732 298 39 96 1
4 289 508 732 298 39 96 1
4 289 509 732 298 39 96 1
4 289 510 732 298 39 96 1
4 289 511 732 298 39 96 1
4 289 512 732 298 39 96 1
4 289 513 732 298 39 96 1
4 289 514 732 298 39 96 1
4 289 515 732 298 39 96 1
4 289 516 732 298 39 96 1
4 289 517 732 298 39 96 1
4 289 518 732 298 39 96 1
4 289 519 732 298 39 96 1
4 289 520 732 298 39 96 1
4 289 521 732 298 39 96 1
4 289 522 732 298 39 96 1
4 289 523 732 298 39 96 1
4 289 524 732 298 39 96 1
4 289 525 732 298 39 96 1
4 289 526 732 298 39 96 1
4 289 527 732 298 39 96 1
4 289 528 732 298 39 96 1
4 289 529 732 298 39 96 1
4 289 530 732 298 39 96 1
4 289 531 732 298 39 96 1
4 289 532 732 298 39 96 1
4 289 533 732 298 39 96 1
4 289 534 732 298 39 96 1
4 289 535 732 298 39 96 1
4 289 536 732 298 39 96 1
4 289 537 732 298 39 96 1
4 289 538 732 298 39 96 1
4 289 539 732 298 39 96 1
4 289 540 732 298 39 96 1
4 289 541 732 298 39 96 1
4 289 542 732 298 39 96 1
4 289 543 732 298 39 96 1
4 289 544 732 298 39 96 1
4 289 545 732 298 39 96 1
4 289 546 732 298 39 96 1
4 289 547 732 298 39 96 1
4 289 548 732 298 39 96 1
4 289 549 732 298 39 96 1
4 289 550 732 298 39 96 1
4 289 551 732 298 39 96 1
4 289 552 732 298 39 96 1
4 289 553 732 298 39 96 1
4 289 554 732 298 39 96 1
4 289 555 732 298 39 96 1
4 289 556 732 298 39 96 1
4 289 557 732 298 39 96 1
4 289 558 732 298 39 96 1
4 289 559 732 298 39 96 1
4 289 560 732 298 39 96 1
4 289 561 732 298 39 96 1
4 289 562 732 298 39 96 1
4 289 563 732 298 39 96 1
4 289 564 732 298 39 96 1
4 289 565 732 298 39 96 1
4 289 566 732 298 39 96 1
4 289 567 732 298 39 96 1
4 289 568 732 298 39 96 1
4 289 569 732 298 39 96 1
4 289 570 732 298 39 96 1
4 289 571 732 298 39 96 1
4 289 572 732 298 39 96 1
4 289 573 732 298 39 96 1
4 289 574 732 298 39 96 1
4 289 575 732 298 39 96 1
4 289 576 732 298 39 96 1
4 289 577 732 298 39 96 1
4 289 578 732 298 39 96 1
4 289 579 732 298 39 96 1
4 289 580 732 298 39 96 1
4 289 581 732 298 39 96 1
4 289 582 732 298 39 96 1
4 289 583 732 298 39 96 1
4 289 584 732 298 39 96 1
4 289 585 732 298 39 96 1
4 289 586 732 298 39 96 1
4 289 587 732 298 39 96 1
4 289 588 732 298 39 96 1
4 289 589 732 298 39 96 1
4 289 590 732 298 39 96 1
4 289 591 732 298 39 96 1
4 289 592 732 298 39 96 1
4 289 593 732 298 39 96 1
4 289 594 732 298 39 96 1
4 289 595 732 298 39 96 1
4 289 596 732 298 39 96 1
4 289 597 732 298 39 96 1
4 289 598 732 298 39 96 1
4 289 599 732 298 39 96 1
4 289 600 732 298 39 96 1
4 289 601 732 298 39 96 1
4 289 602 732 298 39 96 1
4 289 603 732 298 39 96 1
4 289 604 732 298 39 96 1
4 289 605 732 298 39 96 1
4 289 606 732 298 39 96 1
4 289 607 732 298 39 96 1
4 289 608 732 298 39 96 1
4 289 609 732 298 39 96 1
4 289 610 732 298 39 96 1
4 289 611 732 298 39 96 1
4 289 612 732 298 39 96 1
4 289 613 732 298 39 96 1
4 289 614 732 298 39 96 1
4 289 615 732 298 39 96 1
4 289 616 732 298 39 96 1
4 289 617 732 298 39 96 1
4 289 618 732 298 39 96 1
4 289 619 732 298 39 96 1
4 289 620 732 298 39 96 1
4 289 621 732 298 39 96 1
5 159 463 122 202 41 27 2
5 159 464 124 202 41 27 2
5 159 465 126 202 41 27 2
5 159 466 128 202 40 27 2
5 159 467 129 202 41 27 2
5 159 468 133 202 39 27 2
5 159 469 135 202 41 27 2
5 159 470 136 202 41 27 2
5 159 471 138 202 41 27 2
5 159 472 142 204 39 27 2
5 159 473 144 204 39 27 2
5 159 474 145 204 39 27 2
5 159 475 147 204 41 27 2
5 159 476 151 204 39 27 2
5 159 477 152 204 40 27 2
5 159 478 154 204 39 27 2
5 159 479 156 204 39 27 2
5 159 480 160 206 39 26 2
5 159 481 160 206 39 26 2
5 159 482 160 206 39 26 2
5 159 483 161 206 39 26 2
5 159 484 161 206 39 26 2
5 159 485 161 206 39 26 2
5 159 486 163 206 39 26 2
5 159 487 163 206 39 26 2
5 159 488 163 206 39 26 2
5 159 489 165 206 39 26 2
5 159 490 165 206 39 26 2
5 159 491 167 206 39 26 2
5 159 492 167 206 39 26 2
5 159 493 167 206 39 26 2
5 159 494 168 206 40 26 2
5 159 495 168 206 40 26 2
5 159 496 168 206 40 26 2
5 159 497 170 206 39 26 2
5 159 498 170 206 39 26 2
5 159 499 172 206 39 26 2
5 159 500 172 206 39 26 2
5 159 501 172 206 39 26 2
5 159 502 172 206 39 26 2
5 159 503 172 206 39 26 2
5 159 504 172 206 39 26 2
5 159 505 172 206 39 26 2
5 159 506 172 206 39 26 2
5 159 507 172 206 39 26 2
5 159 508 172 206 39 26 2
5 159 509 172 206 39 26 2
5 159 510 172 206 39 26 2
5 159 511 172 206 39 26 2
5 159 512 172 206 39 26 2
5 159 513 172 206 39 26 2
5 159 514 172 206 39 26 2
5 159 515 172 206 39 26 2
5 159 516 172 206 39 26 2
5 159 517 172 206 39 26 2
5 159 518 172 206 39 26 2
5 159 519 172 206 39 26 2
5 159 520 172 206 39 26 2
5 159 521 172 206 39 26 2
5 159 522 172 206 39 26 2
5 159 523 172 206 39 26 2
5 159 524 172 206 39 26 2
5 159 525 172 206 39 26 2
5 159 526 172 206 39 26 2
5 159 527 172 206 39 26 2
5 159 528 172 206 39 26 2
5 159 529 172 206 39 26 2
5 159 530 172 206 39 26 2
5 159 531 172 206 39 26 2
5 159 532 172 206 39 26 2
5 159 533 172 206 39 26 2
5 159 534 172 206 39 26 2
5 159 535 172 206 39 26 2
5 159 536 172 206 39 26 2
5 159 537 172 206 39 26 2
5 159 538 172 206 39 26 2
5 159 539 172 206 39 26 2
5 159 540 172 206 39 26 2
5 159 541 172 206 39 26 2
5 159 542 172 206 39 26 2
5 159 543 172 206 39 26 2
5 159 544 172 206 39 26 2
5 159 545 172 206 39 26 2
5 159 546 172 206 39 26 2
5 159 547 172 206 39 26 2
5 159 548 172 206 39 26 2
5 159 549 172 206 39 26 2
5 159 550 172 206 39 26 2
5 159 551 172 206 39 26 2
5 159 552 172 206 39 26 2
5 159 553 172 206 39 26 2
5 159 554 172 206 39 26 2
5 159 555 172 206 39 26 2
5 159 556 172 206 39 26 2
5 159 557 172 206 39 26 2
5 159 558 172 206 39 26 2
5 159 559 172 206 39 26 2
5 159 560 172 206 39 26 2
5 159 561 172 206 39 26 2
5 159 562 172 206 39 26 2
5 159 563 172 206 39 26 2
5 159 564 172 206 39 26 2
5 159 565 172 206 39 26 2
5 159 566 172 206 39 26 2
5 159 567 172 206 39 26 2
5 159 568 172 206 39 26 2
5 159 569 172 206 39 26 2
5 159 570 172 206 39 26 2
5 159 571 172 206 39 26 2
5 159 572 172 206 39 26 2
5 159 573 172 206 39 26 2
5 159 574 172 206 39 26 2
5 159 575 172 206 39 26 2
5 159 576 172 206 39 26 2
5 159 577 172 206 39 26 2
5 159 578 172 206 39 26 2
5 159 579 172 206 39 26 2
5 159 580 172 206 39 26 2
5 159 581 172 206 39 26 2
5 159 582 172 206 39 26 2
5 159 583 172 206 39 26 2
5 159 584 172 206 39 26 2
5 159 585 172 206 39 26 2
5 159 586 172 206 39 26 2
5 159 587 172 206 39 26 2
5 159 588 172 206 39 26 2
5 159 589 172 206 39 26 2
5 159 590 172 206 39 26 2
5 159 591 172 206 39 26 2
5 159 592 172 206 39 26 2
5 159 593 172 206 39 26 2
5 159 594 172 206 39 26 2
5 159 595 172 206 39 26 2
5 159 596 172 206 39 26 2
5 159 597 172 206 39 26 2
5 159 598 172 206 39 26 2
5 159 599 172 206 39 26 2
5 159 600 172 206 39 26 2
5 159 601 172 206 39 26 2
5 159 602 172 206 39 26 2
5 159 603 172 206 39 26 2
5 159 604 172 206 39 26 2
5 159 605 172 206 39 26 2
5 159 606 172 206 39 26 2
5 159 607 172 206 39 26 2
5 159 608 172 206 39 26 2
5 159 609 172 206 39 26 2
5 159 610 172 206 39 26 2
5 159 611 172 206 39 26 2
5 159 612 172 206 39 26 2
5 159 613 172 206 39 26 2
5 159 614 172 206 39 26 2
5 159 615 172 206 39 26 2
5 159 616 172 206 39 26 2
5 159 617 172 206 39 26 2
5 159 618 172 206 39 26 2
5 159 619 172 206 39 26 2
5 159 620 172 206 39 26 2
5 159 621 172 206 39 26 2
