0 292 168 1262 428 16 96 1
0 292 169 1260 426 18 98 1
0 292 170 1258 426 20 100 1
0 292 171 1256 426 22 100 1
0 292 172 1255 424 23 104 1
0 292 173 1253 424 25 104 1
0 292 174 1251 424 27 105 1
0 292 175 1249 424 29 105 1
0 292 176 1248 423 30 108 1
0 292 177 1246 423 32 108 1
0 292 178 1244 423 34 110 1
0 292 179 1244 423 34 112 1
0 292 180 1242 423 34 112 1
0 292 181 1240 423 36 112 1
0 292 182 1239 423 35 112 1
0 292 183 1237 423 37 112 1
0 292 184 1235 423 39 112 1
0 292 185 1232 423 40 112 1
0 292 186 1230 423 41 112 1
0 292 187 1228 424 41 112 1
0 292 188 1226 424 41 112 1
0 292 189 1224 424 41 112 1
0 292 190 1223 426 41 112 1
0 292 191 1221 426 41 112 1
0 292 192 1219 426 41 112 1
0 292 193 1217 428 41 112 1
0 292 194 1214 428 42 112 1
0 292 195 1212 428 43 112 1
0 292 196 1210 430 43 112 1
0 292 197 1208 430 43 112 1
0 292 198 1207 430 42 112 1
0 292 199 1205 432 43 112 1
0 292 200 1203 432 43 112 1
0 292 201 1201 432 43 112 1
0 292 202 1200 433 44 112 1
0 292 203 1196 433 44 112 1
0 292 204 1194 433 45 114 1
0 292 205 1192 435 45 114 1
0 292 206 1191 435 44 114 1
0 292 207 1189 437 44 114 1
0 292 208 1187 437 45 115 1
0 292 209 1184 437 46 115 1
0 292 210 1182 439 46 115 1
0 292 211 1180 439 46 117 1
0 292 212 1178 440 46 116 1
0 292 213 1176 440 45 118 1
0 292 214 1175 442 44 118 1
0 292 215 1173 442 44 118 1
0 292 216 1169 442 47 119 1
0 292 217 1168 444 46 119 1
0 292 218 1166 444 46 119 1
0 292 219 1164 446 46 119 1
0 292 220 1162 446 46 121 1
0 292 221 1160 448 47 120 1
0 292 222 1159 448 46 120 1
0 292 223 1155 448 48 122 1
0 292 224 1153 449 47 123 1
0 292 225 1152 449 46 123 1
0 292 226 1150 451 46 123 1
0 292 227 1148 451 46 125 1
0 292 228 1146 453 46 123 1
0 292 229 1144 453 47 124 1
0 292 230 1141 453 48 126 1
0 292 231 1139 455 48 124 1
0 292 232 1137 455 48 126 1
0 292 233 1136 456 48 127 1
0 292 234 1134 456 48 127 1
0 292 235 1132 458 46 126 1
0 292 236 1128 458 48 128 1
0 292 237 1127 458 48 128 1
0 292 238 1125 460 48 128 1
0 292 239 1123 460 48 130 1
0 292 240 1121 462 48 130 1
0 292 241 1120 462 48 130 1
0 292 242 1118 464 48 129 1
0 292 243 1114 464 50 131 1
0 292 244 1112 464 50 131 1
0 292 245 1111 465 49 132 1
0 292 246 1109 465 48 134 1
0 292 247 1107 467 48 132 1
0 292 248 1105 467 48 133 1
0 292 249 1104 469 48 133 1
0 292 250 1100 469 50 133 1
0 292 251 1098 469 50 135 1
0 292 252 1096 471 50 135 1
0 292 253 1095 471 49 135 1
0 292 254 1093 472 50 136 1
0 292 255 1091 472 50 137 1
0 292 256 1089 474 50 137 1
0 292 257 1086 474 50 137 1
0 292 258 1084 474 50 137 1
0 292 259 1082 476 50 137 1
0 292 260 1080 476 50 137 1
0 292 261 1079 478 49 135 1
0 292 262 1077 478 50 137 1
0 292 263 1075 480 50 135 1
0 292 264 1072 480 51 135 1
0 292 265 1070 480 51 136 1
0 292 266 1068 481 52 135 1
0 292 267 1066 481 50 135 1
0 292 268 1064 483 50 135 1
0 292 269 1063 483 49 135 1
0 292 270 1061 485 50 133 1
0 292 271 1057 485 52 135 1
0 292 272 1056 485 51 135 1
0 292 273 1054 487 51 133 1
0 292 274 1052 487 52 135 1
0 292 275 1050 488 52 134 1
0 292 276 1048 488 52 134 1
0 292 277 1047 490 51 134 1
0 292 278 1043 490 52 134 1
0 292 279 1041 490 52 135 1
0 292 280 1038 492 51 135 1
0 292 281 1036 492 52 135 1
0 292 282 1034 492 52 137 1
0 292 283 1031 494 51 137 1
0 292 284 1029 494 51 138 1
0 292 285 1025 496 54 136 1
0 292 286 1024 496 51 138 1
0 292 287 1022 496 51 140 1
0 292 288 1018 497 54 141 1
0 292 289 1016 497 52 141 1
0 292 290 1013 499 53 141 1
0 292 291 1011 499 53 142 1
0 292 292 1009 499 52 144 1
0 292 293 1006 501 53 142 1
0 292 294 1004 501 53 144 1
0 292 295 1000 503 54 144 1
0 292 296 999 503 53 145 1
0 292 297 997 503 53 145 1
0 292 298 993 504 54 146 1
0 292 299 992 504 53 148 1
0 292 300 990 506 53 148 1
0 292 301 986 506 54 144 1
0 292 302 983 506 55 141 1
0 292 303 979 506 57 137 1
0 292 304 976 508 58 133 1
0 292 305 972 508 60 130 1
0 292 306 968 508 63 126 1
0 292 307 965 510 64 122 1
0 292 308 961 510 66 119 1
0 292 309 958 510 67 115 1
0 292 310 956 512 68 112 1
0 292 311 952 512 68 117 1
0 292 312 949 513 67 121 1
0 292 313 947 515 68 125 1
0 292 314 944 515 67 132 1
0 292 315 942 517 67 135 1
0 292 316 938 519 68 138 1
0 292 317 935 519 67 145 1
0 292 318 933 520 67 150 1
0 292 319 929 522 68 153 1
0 292 320 928 524 67 158 1
0 292 321 924 524 68 160 1
0 292 322 920 526 68 160 1
0 292 323 919 526 67 162 1
0 292 324 915 528 68 161 1
0 292 325 913 529 68 162 1
0 292 326 910 529 67 164 1
0 292 327 906 531 68 164 1
0 292 328 904 531 68 165 1
0 292 329 901 533 67 165 1
0 292 330 899 535 68 167 1
0 292 331 896 535 67 167 1
0 292 332 892 535 69 167 1
0 292 333 890 536 68 168 1
0 292 334 887 536 69 168 1
0 292 335 885 538 67 167 1
0 292 336 881 538 70 167 1
0 292 337 880 540 67 167 1
0 292 338 876 540 69 167 1
0 292 339 874 542 68 167 1
0 292 340 871 542 69 167 1
0 292 341 867 542 69 167 1
0 292 342 865 544 70 167 1
0 292 343 862 544 69 167 1
0 292 344 860 545 69 167 1
0 292 345 856 545 70 167 1
0 292 346 855 547 69 167 1
0 292 347 851 547 69 167 1
0 292 348 849 549 70 167 1
0 292 349 846 549 69 167 1
0 292 350 844 551 69 167 1
0 292 351 840 551 70 165 1
0 292 352 837 552 71 164 1
0 292 353 835 554 71 162 1
0 292 354 832 556 72 160 1
0 292 355 830 558 73 158 1
0 292 356 826 558 73 158 1
0 292 357 823 560 74 156 1
0 292 358 821 561 75 155 1
0 292 359 817 563 77 153 1
0 292 360 816 565 76 151 1
0 292 361 812 565 76 151 1
0 292 362 808 567 77 149 1
0 292 363 805 568 78 148 1
0 292 364 803 570 77 146 1
0 292 365 800 572 78 144 1
0 292 366 796 572 78 144 1
0 292 367 794 574 77 142 1
0 292 368 791 576 78 140 1
0 292 369 787 577 78 139 1
0 292 370 785 579 79 139 1
0 292 371 782 579 78 137 1
0 292 372 778 581 78 135 1
0 292 373 776 581 77 135 1
0 292 374 773 583 76 133 1
0 292 375 771 583 75 133 1
0 292 376 768 584 74 132 1
0 292 377 764 584 75 132 1
0 292 378 762 586 73 130 1
0 292 379 759 586 73 130 1
0 292 380 757 588 73 128 1
0 292 381 753 590 73 126 1
0 292 382 750 590 73 126 1
0 292 383 748 592 71 124 1
0 292 384 744 592 72 124 1
0 292 385 743 593 69 123 1
0 292 386 739 593 69 123 1
0 292 387 736 595 69 121 1
0 292 388 734 595 67 121 1
0 292 389 730 597 68 119 1
0 292 390 728 599 68 117 1
0 292 391 723 599 68 117 1
0 292 392 720 600 67 116 1
0 292 393 716 602 68 114 1
0 292 394 712 602 68 114 1
0 292 395 709 604 67 112 1
0 292 396 704 606 67 110 1
0 292 397 700 606 68 110 1
0 292 398 696 608 68 108 1
0 292 399 693 609 67 107 1
0 292 400 689 611 68 105 1
0 292 401 684 611 68 103 1
0 292 402 680 613 68 101 1
0 292 403 677 615 67 99 1
0 292 404 673 616 68 98 1
0 292 405 670 618 67 96 1
0 292 406 664 618 70 94 1
0 292 407 661 620 69 92 1
0 292 408 657 622 70 90 1
0 292 409 654 624 69 88 1
0 292 410 650 625 70 87 1
0 292 411 645 627 69 85 1
0 292 412 641 629 70 83 1
0 292 413 638 631 69 81 1
0 292 414 632 632 70 80 1
0 292 415 629 634 69 80 1
0 292 416 625 636 70 78 1
0 292 417 620 638 69 76 1
0 292 418 616 640 70 74 1
0 292 419 613 641 69 73 1
0 292 420 609 643 70 73 1
0 292 421 602 643 70 73 1
0 292 422 597 645 69 71 1
0 292 423 592 647 69 69 1
0 292 424 586 648 70 68 1
0 292 425 581 650 69 66 1
0 292 426 574 650 69 66 1
0 292 427 568 652 70 64 1
0 292 428 563 654 69 62 1
0 292 429 558 656 69 60 1
0 292 430 552 657 70 61 1
0 292 431 547 659 69 57 1
0 292 432 542 661 69 55 1
0 292 433 536 663 70 53 1
0 292 434 533 666 69 50 1
0 292 435 528 668 69 48 1
0 292 436 522 670 70 46 1
0 292 437 519 673 69 43 1
0 292 438 513 675 70 41 1
0 292 439 508 677 69 39 1
0 292 440 504 680 70 36 1
0 292 441 497 682 70 34 1
0 292 442 492 686 69 30 1
0 292 443 485 689 69 27 1
0 292 444 480 691 69 25 1
0 292 445 472 695 70 21 1
0 292 446 467 698 69 18 1
0 292 447 460 700 69 16 1
0 292 448 455 704 69 12 1
0 292 449 448 707 69 9 1
0 292 450 442 711 70 7 1
0 292 451 442 711 70 7 1
0 292 452 442 711 70 7 1
0 292 453 442 711 70 7 1
0 292 454 442 711 70 7 1
0 292 455 442 711 70 7 1
0 292 456 442 711 70 7 1
0 292 457 442 711 70 7 1
0 292 458 442 711 70 7 1
0 292 459 442 711 70 7 1
1 370 0 558 501 37 64 1
1 370 1 558 499 37 64 1
1 370 2 558 499 37 64 1
1 370 3 558 499 37 64 1
1 370 4 558 499 37 64 1
1 370 5 558 499 37 64 1
1 370 6 558 499 37 64 1
1 370 7 558 499 37 64 1
1 370 8 558 499 37 64 1
1 370 9 558 499 37 64 1
1 370 10 558 499 37 64 1
1 370 11 558 499 37 64 1
1 370 12 558 499 37 64 1
1 370 13 558 499 37 64 1
1 370 14 558 499 37 64 1
1 370 15 558 499 37 64 1
1 370 16 558 499 37 64 1
1 370 17 558 499 37 64 1
1 370 18 558 499 37 64 1
1 370 19 558 499 37 64 1
1 370 20 558 499 37 64 1
1 370 21 558 499 37 64 1
1 370 22 558 499 37 64 1
1 370 23 558 499 37 64 1
1 370 24 560 499 37 64 1
1 370 25 560 499 37 64 1
1 370 26 560 499 37 64 1
1 370 27 560 499 37 64 1
1 370 28 560 499 37 64 1
1 370 29 560 499 37 64 1
1 370 30 560 499 37 64 1
1 370 31 560 499 37 64 1
1 370 32 560 499 37 64 1
1 370 33 560 499 37 64 1
1 370 34 560 499 37 64 1
1 370 35 560 499 37 64 1
1 370 36 560 499 37 64 1
1 370 37 560 499 37 64 1
1 370 38 560 499 37 64 1
1 370 39 560 499 37 64 1
1 370 40 560 497 37 64 1
1 370 41 560 497 37 64 1
1 370 42 560 497 37 64 1
1 370 43 560 497 37 64 1
1 370 44 560 497 37 64 1
1 370 45 560 497 37 64 1
1 370 46 560 497 37 64 1
1 370 47 560 497 37 64 1
1 370 48 561 497 38 64 1
1 370 49 561 497 38 64 1
1 370 50 561 497 38 64 1
1 370 51 561 497 38 64 1
1 370 52 561 497 38 64 1
1 370 53 561 497 38 64 1
1 370 54 561 497 38 64 1
1 370 55 561 497 38 64 1
1 370 56 561 497 38 64 1
1 370 57 561 497 38 64 1
1 370 58 561 497 38 64 1
1 370 59 561 497 38 64 1
1 370 60 561 497 38 64 1
1 370 61 561 497 38 64 1
1 370 62 561 497 38 64 1
1 370 63 561 497 38 64 1
1 370 64 561 497 38 64 1
1 370 65 561 497 38 64 1
1 370 66 561 497 38 64 1
1 370 67 561 497 38 64 1
1 370 68 561 497 38 64 1
1 370 69 561 497 38 64 1
1 370 70 561 497 38 64 1
1 370 71 563 497 37 64 1
1 370 72 563 497 37 64 1
1 370 73 563 497 37 64 1
1 370 74 563 497 37 64 1
1 370 75 563 497 37 64 1
1 370 76 563 497 37 64 1
1 370 77 563 497 37 64 1
1 370 78 563 497 37 64 1
1 370 79 563 496 37 64 1
1 370 80 563 496 37 64 1
1 370 81 563 496 37 64 1
1 370 82 563 496 37 64 1
1 370 83 563 496 37 64 1
1 370 84 563 496 37 64 1
1 370 85 563 496 37 64 1
1 370 86 563 496 37 64 1
1 370 87 563 496 37 64 1
1 370 88 563 496 37 64 1
1 370 89 563 496 37 64 1
1 370 90 563 496 37 64 1
1 370 91 563 496 37 64 1
1 370 92 563 496 37 64 1
1 370 93 563 496 37 64 1
1 370 94 563 496 37 64 1
1 370 95 565 496 37 64 1
1 370 96 565 496 37 64 1
1 370 97 565 496 37 64 1
1 370 98 565 496 37 64 1
1 370 99 565 496 37 64 1
1 370 100 565 496 37 64 1
1 370 101 565 496 37 64 1
1 370 102 565 496 37 64 1
1 370 103 565 496 37 64 1
1 370 104 565 496 37 64 1
1 370 105 565 496 37 64 1
1 370 106 565 496 37 64 1
1 370 107 565 496 37 64 1
1 370 108 565 496 37 64 1
1 370 109 565 496 37 64 1
1 370 110 565 496 37 64 1
1 370 111 565 496 37 64 1
1 370 112 565 496 37 64 1
1 370 113 565 496 37 64 1
1 370 114 565 496 37 64 1
1 370 115 565 496 37 64 1
1 370 116 565 496 37 64 1
1 370 117 565 496 37 64 1
1 370 118 567 496 37 64 1
1 370 119 567 496 37 64 1
1 370 120 567 496 37 64 1
1 370 121 567 496 37 64 1
1 370 122 567 496 37 64 1
1 370 123 567 496 37 64 1
1 370 124 568 496 38 64 1
1 370 125 568 496 38 64 1
1 370 126 568 496 38 64 1
1 370 127 568 496 38 64 1
1 370 128 568 496 38 64 1
1 370 129 568 496 38 64 1
1 370 130 570 496 38 64 1
1 370 131 570 496 38 64 1
1 370 132 570 496 38 64 1
1 370 133 570 496 38 64 1
1 370 134 570 496 38 64 1
1 370 135 570 496 38 64 1
1 370 136 572 496 37 64 1
1 370 137 574 494 37 64 1
1 370 138 576 494 37 64 1
1 370 139 577 494 38 64 1
1 370 140 579 494 37 64 1
1 370 141 581 494 37 64 1
1 370 142 583 494 37 64 1
1 370 143 584 492 38 64 1
1 370 144 586 492 38 64 1
1 370 145 588 492 37 64 1
1 370 146 590 492 37 64 1
1 370 147 592 492 37 64 1
1 370 148 593 492 38 64 1
1 370 149 595 492 37 64 1
1 370 150 597 490 37 64 1
1 370 151 599 490 37 64 1
1 370 152 600 490 38 64 1
1 370 153 602 490 38 64 1
1 370 154 604 490 37 64 1
1 370 155 606 490 37 64 1
1 370 156 608 488 37 64 1
1 370 157 609 488 38 64 1
1 370 158 611 488 37 64 1
1 370 159 613 488 37 64 1
1 370 160 615 488 37 64 1
1 370 161 616 488 38 64 1
1 370 162 620 488 37 64 1
1 370 163 622 488 37 64 1
1 370 164 624 488 37 66 1
1 370 165 627 488 37 66 1
1 370 166 629 488 37 68 1
1 370 167 632 488 38 68 1
1 370 168 634 488 38 70 1
1 370 169 638 488 37 70 1
1 370 170 640 488 37 72 1
1 370 171 643 488 37 72 1
1 370 172 645 488 37 73 1
1 370 173 648 488 38 73 1
1 370 174 650 488 38 75 1
1 370 175 652 488 37 75 1
1 370 176 656 488 37 77 1
1 370 177 657 488 38 77 1
1 370 178 661 488 37 79 1
1 370 179 663 488 37 79 1
1 370 180 666 488 38 80 1
1 370 181 668 488 37 80 1
1 370 182 672 488 37 82 1
1 370 183 673 488 38 82 1
1 370 184 677 488 37 84 1
1 370 185 679 488 37 84 1
1 370 186 682 488 38 86 1
1 370 187 684 488 37 86 1
1 370 188 688 488 37 88 1
1 370 189 689 490 38 87 1
1 370 190 693 490 37 87 1
1 370 191 696 490 38 89 1
1 370 192 698 492 38 89 1
1 370 193 702 492 37 89 1
1 370 194 704 492 37 91 1
1 370 195 707 494 37 90 1
1 370 196 711 494 37 90 1
1 370 197 712 494 38 92 1
1 370 198 716 496 37 92 1
1 370 199 718 496 37 92 1
1 370 200 721 496 38 94 1
1 370 201 725 497 37 95 1
1 370 202 728 496 38 94 1
1 370 203 732 494 37 94 1
1 370 204 737 492 38 94 1
1 370 205 741 490 37 94 1
1 370 206 744 488 38 95 1
1 370 207 750 488 37 95 1
1 370 208 752 488 37 95 1
1 370 209 753 488 38 95 1
1 370 210 757 488 37 95 1
1 370 211 759 488 37 95 1
1 370 212 762 490 38 94 1
1 370 213 764 490 37 94 1
1 370 214 766 490 37 94 1
1 370 215 769 490 38 94 1
1 370 216 771 490 37 94 1
1 370 217 775 492 37 94 1
1 370 218 776 490 38 94 1
1 370 219 780 490 37 94 1
1 370 220 784 490 37 94 1
1 370 221 787 490 37 94 1
1 370 222 789 488 37 95 1
1 370 223 792 488 38 95 1
1 370 224 796 488 37 95 1
1 370 225 800 488 37 95 1
1 370 226 803 488 37 95 1
1 370 227 805 487 37 94 1
1 370 228 808 487 38 94 1
1 370 229 812 487 37 94 1
1 370 230 816 487 37 94 1
1 370 231 819 487 37 94 1
1 370 232 821 485 37 94 1
1 370 233 824 485 38 94 1
1 370 234 828 485 37 94 1
1 370 235 832 485 37 94 1
1 370 236 835 485 37 94 1
1 370 237 837 483 37 94 1
1 370 238 840 483 38 94 1
1 370 239 844 483 37 94 1
1 370 240 848 483 37 94 1
1 370 241 851 483 37 94 1
1 370 242 853 481 37 95 1
1 370 243 856 481 38 95 1
1 370 244 860 481 37 95 1
1 370 245 864 481 37 95 1
1 370 246 867 481 37 95 1
1 370 247 869 480 37 94 1
1 370 248 872 480 38 94 1
1 370 249 876 480 37 94 1
1 370 250 880 480 37 94 1
1 370 251 881 478 38 94 1
1 370 252 885 478 37 94 1
1 370 253 888 478 38 94 1
1 370 254 892 478 37 94 1
1 370 255 896 478 37 94 1
1 370 256 897 476 38 94 1
1 370 257 901 476 37 94 1
1 370 258 904 476 38 94 1
1 370 259 908 476 37 94 1
1 370 260 912 476 37 94 1
1 370 261 913 474 38 94 1
1 370 262 917 474 37 94 1
1 370 263 920 474 38 94 1
1 370 264 924 474 37 94 1
1 370 265 928 474 37 94 1
1 370 266 929 472 38 95 1
1 370 267 933 472 37 95 1
1 370 268 936 472 38 95 1
1 370 269 940 472 37 95 1
1 370 270 944 472 37 95 1
1 370 271 945 471 38 94 1
1 370 272 949 471 37 94 1
1 370 273 952 471 38 94 1
1 370 274 956 471 37 94 1
1 370 275 960 471 37 94 1
1 370 276 961 469 38 94 1
1 370 277 965 469 37 94 1
1 370 278 968 469 38 94 1
1 370 279 972 469 37 94 1
1 370 280 976 469 37 94 1
1 370 281 979 469 37 94 1
1 370 282 981 469 37 94 1
1 370 283 984 469 38 94 1
1 370 284 988 469 37 94 1
1 370 285 992 469 37 94 1
1 370 286 995 469 37 94 1
1 370 287 999 469 37 94 1
1 370 288 1000 467 38 94 1
1 370 289 1004 467 37 94 1
1 370 290 1008 467 37 94 1
1 370 291 1011 467 37 94 1
1 370 292 1015 467 37 94 1
1 370 293 1018 467 38 94 1
1 370 294 1020 467 37 94 1
1 370 295 1024 467 37 94 1
1 370 296 1027 467 37 94 1
1 370 297 1031 467 37 94 1
1 370 298 1034 467 38 94 1
1 370 299 1038 467 37 94 1
1 370 300 1041 467 38 94 1
1 370 301 1043 467 39 93 1
1 370 302 1047 467 39 93 1
1 370 303 1048 467 41 93 1
1 370 304 1052 467 41 93 1
1 370 305 1054 469 44 91 1
1 370 306 1057 469 45 91 1
1 370 307 1059 469 46 91 1
1 370 308 1063 469 46 91 1
1 370 309 1064 469 48 91 1
1 370 310 1068 471 50 89 1
1 370 311 1070 471 50 87 1
1 370 312 1073 471 50 87 1
1 370 313 1075 471 50 87 1
1 370 314 1079 471 49 87 1
1 370 315 1082 471 50 87 1
1 370 316 1084 471 50 87 1
1 370 317 1088 471 49 87 1
1 370 318 1089 471 50 87 1
1 370 319 1093 471 50 87 1
1 370 320 1096 471 50 87 1
1 370 321 1098 469 50 87 1
1 370 322 1102 469 50 87 1
1 370 323 1105 469 50 87 1
1 370 324 1109 469 50 87 1
1 370 325 1112 469 50 87 1
1 370 326 1116 469 50 87 1
1 370 327 1120 469 49 87 1
1 370 328 1123 469 50 87 1
1 370 329 1127 469 49 87 1
1 370 330 1130 469 50 87 1
1 370 331 1134 467 50 87 1
1 370 332 1137 467 50 87 1
1 370 333 1141 467 50 87 1
1 370 334 1146 467 50 87 1
1 370 335 1150 467 50 87 1
1 370 336 1153 467 50 87 1
1 370 337 1159 467 49 87 1
1 370 338 1162 467 50 87 1
1 370 339 1166 467 50 87 1
1 370 340 1171 467 50 87 1
1 370 341 1175 467 49 87 1
1 370 342 1178 467 50 87 1
1 370 343 1182 467 50 87 1
1 370 344 1185 467 50 87 1
1 370 345 1189 467 50 87 1
1 370 346 1192 467 50 87 1
1 370 347 1196 467 50 87 1
1 370 348 1200 467 49 87 1
1 370 349 1203 467 50 87 1
1 370 350 1207 467 49 87 1
1 370 351 1208 467 50 87 1
1 370 352 1212 467 48 87 1
1 370 353 1216 467 46 87 1
1 370 354 1219 467 45 87 1
1 370 355 1223 467 42 87 1
1 370 356 1226 467 41 87 1
1 370 357 1230 467 39 87 1
1 370 358 1233 467 38 87 1
1 370 359 1237 467 35 87 1
1 370 360 1240 467 36 87 1
1 370 361 1240 467 36 87 1
1 370 362 1240 467 36 87 1
1 370 363 1240 467 36 87 1
1 370 364 1240 467 36 87 1
1 370 365 1240 467 36 87 1
1 370 366 1240 467 36 87 1
1 370 367 1240 467 36 87 1
1 370 368 1240 467 36 87 1
1 370 369 1240 467 36 87 1
4 341 0 1240 225 29 66 1
4 341 1 1239 224 28 65 1
4 341 2 1237 224 28 65 1
4 341 3 1237 224 28 64 1
4 341 4 1235 222 29 66 1
4 341 5 1233 222 29 66 1
4 341 6 1233 222 29 64 1
4 341 7 1232 222 28 64 1
4 341 8 1232 220 28 66 1
4 341 9 1230 220 28 64 1
4 341 10 1228 220 28 64 1
4 341 11 1228 218 28 66 1
4 341 12 1226 218 29 64 1
4 341 13 1224 218 29 64 1
4 341 14 1224 218 29 64 1
4 341 15 1223 216 28 64 1
4 341 16 1223 216 28 64 1
4 341 17 1221 216 28 63 1
4 341 18 1219 215 29 64 1
4 341 19 1219 215 29 64 1
4 341 20 1217 215 29 62 1
4 341 21 1217 215 29 62 1
4 341 22 1216 213 28 64 1
4 341 23 1214 213 28 62 1
4 341 24 1214 213 28 62 1
4 341 25 1212 211 28 64 1
4 341 26 1210 211 29 62 1
4 341 27 1210 211 29 62 1
4 341 28 1208 211 29 62 1
4 341 29 1208 209 29 63 1
4 341 30 1207 209 28 63 1
4 341 31 1205 209 28 61 1
4 341 32 1205 208 28 62 1
4 341 33 1203 208 29 62 1
4 341 34 1201 208 29 60 1
4 341 35 1201 208 29 60 1
4 341 36 1200 206 28 62 1
4 341 37 1200 206 28 60 1
4 341 38 1198 206 28 60 1
4 341 39 1196 204 28 62 1
4 341 40 1196 204 28 60 1
4 341 41 1194 204 29 60 1
4 341 42 1194 204 29 60 1
4 341 43 1192 204 29 60 1
4 341 44 1191 204 28 60 1
4 341 45 1189 204 28 60 1
4 341 46 1189 204 28 60 1
4 341 47 1187 204 29 60 1
4 341 48 1185 204 29 60 1
4 341 49 1184 204 28 62 1
4 341 50 1184 204 28 62 1
4 341 51 1182 206 28 60 1
4 341 52 1180 206 28 60 1
4 341 53 1178 206 29 60 1
4 341 54 1178 206 29 60 1
4 341 55 1176 206 29 60 1
4 341 56 1175 206 28 62 1
4 341 57 1173 206 28 62 1
4 341 58 1173 206 28 62 1
4 341 59 1171 206 29 62 1
4 341 60 1169 208 29 60 1
4 341 61 1168 208 28 60 1
4 341 62 1168 208 28 60 1
4 341 63 1166 208 28 62 1
4 341 64 1164 208 28 62 1
4 341 65 1162 208 29 62 1
4 341 66 1162 208 29 62 1
4 341 67 1160 208 29 62 1
4 341 68 1159 208 28 62 1
4 341 69 1159 209 28 63 1
4 341 70 1157 209 28 63 1
4 341 71 1155 209 29 63 1
4 341 72 1153 209 29 63 1
4 341 73 1152 209 28 63 1
4 341 74 1152 209 28 63 1
4 341 75 1150 209 28 63 1
4 341 76 1148 211 28 61 1
4 341 77 1146 211 29 61 1
4 341 78 1144 211 29 61 1
4 341 79 1144 211 29 61 1
4 341 80 1143 211 28 61 1
4 341 81 1141 211 28 61 1
4 341 82 1139 211 29 61 1
4 341 83 1137 213 29 59 1
4 341 84 1137 213 29 59 1
4 341 85 1136 213 28 59 1
4 341 86 1134 213 28 59 1
4 341 87 1132 213 28 59 1
4 341 88 1130 213 29 59 1
4 341 89 1130 215 29 57 1
4 341 90 1128 213 29 57 1
4 341 91 1127 213 28 57 1
4 341 92 1125 213 28 57 1
4 341 93 1123 213 29 57 1
4 341 94 1123 213 29 57 1
4 341 95 1121 213 29 57 1
4 341 96 1120 213 28 57 1
4 341 97 1118 213 28 57 1
4 341 98 1118 213 28 57 1
4 341 99 1116 213 28 57 1
4 341 100 1114 213 29 57 1
4 341 101 1112 213 29 57 1
4 341 102 1112 213 29 57 1
4 341 103 1111 213 28 57 1
4 341 104 1109 213 28 57 1
4 341 105 1107 213 29 57 1
4 341 106 1107 213 29 57 1
4 341 107 1105 213 29 57 1
4 341 108 1104 213 28 57 1
4 341 109 1102 211 28 57 1
4 341 110 1102 211 28 57 1
4 341 111 1100 211 28 57 1
4 341 112 1098 211 29 57 1
4 341 113 1096 211 29 57 1
4 341 114 1096 211 29 57 1
4 341 115 1095 211 28 57 1
4 341 116 1093 211 28 57 1
4 341 117 1091 211 29 57 1
4 341 118 1091 211 29 57 1
4 341 119 1089 211 29 57 1
4 341 120 1088 211 28 57 1
4 341 121 1086 211 28 57 1
4 341 122 1086 211 28 57 1
4 341 123 1084 211 28 57 1
4 341 124 1082 211 29 57 1
4 341 125 1080 211 29 57 1
4 341 126 1080 211 29 57 1
4 341 127 1079 211 28 57 1
4 341 128 1077 209 28 57 1
4 341 129 1075 209 29 57 1
4 341 130 1075 209 29 57 1
4 341 131 1073 209 29 57 1
4 341 132 1072 209 28 57 1
4 341 133 1070 209 28 57 1
4 341 134 1070 209 28 57 1
4 341 135 1068 209 28 57 1
4 341 136 1066 209 29 57 1
4 341 137 1064 209 29 57 1
4 341 138 1064 209 29 57 1
4 341 139 1063 209 28 57 1
4 341 140 1061 209 28 57 1
4 341 141 1059 209 29 57 1
4 341 142 1059 209 29 57 1
4 341 143 1057 209 29 57 1
4 341 144 1056 209 28 57 1
4 341 145 1054 209 28 57 1
4 341 146 1054 209 28 57 1
4 341 147 1052 209 27 57 1
4 341 148 1050 209 27 57 1
4 341 149 1048 209 27 57 1
4 341 150 1047 209 26 57 1
4 341 151 1045 209 27 57 1
4 341 152 1043 209 27 57 1
4 341 153 1043 209 25 57 1
4 341 154 1041 209 25 57 1
4 341 155 1040 209 24 57 1
4 341 156 1038 209 25 57 1
4 341 157 1036 209 25 57 1
4 341 158 1034 209 25 57 1
4 341 159 1032 209 25 57 1
4 341 160 1032 209 24 57 1
4 341 161 1031 209 23 57 1
4 341 162 1029 209 23 57 1
4 341 163 1029 209 23 57 1
4 341 164 1027 209 23 57 1
4 341 165 1025 209 23 57 1
4 341 166 1025 209 23 57 1
4 341 167 1024 209 23 57 1
4 341 168 1022 209 23 57 1
4 341 169 1022 209 23 57 1
4 341 170 1020 209 23 57 1
4 341 171 1020 209 23 57 1
4 341 172 1018 209 23 57 1
4 341 173 1016 209 24 57 1
4 341 174 1016 209 24 57 1
4 341 175 1015 209 23 57 1
4 341 176 1013 209 23 57 1
4 341 177 1013 209 23 57 1
4 341 178 1011 209 23 57 1
4 341 179 1009 209 23 57 1
4 341 180 1009 209 23 57 1
4 341 181 1008 209 23 57 1
4 341 182 1008 209 23 57 1
4 341 183 1006 209 23 57 1
4 341 184 1004 209 23 57 1
4 341 185 1004 211 23 57 1
4 341 186 1002 211 23 57 1
4 341 187 1000 211 24 57 1
4 341 188 1000 211 24 57 1
4 341 189 999 211 23 57 1
4 341 190 999 211 23 57 1
4 341 191 997 211 23 57 1
4 341 192 995 211 23 57 1
4 341 193 995 211 23 57 1
4 341 194 993 211 23 57 1
4 341 195 992 211 23 57 1
4 341 196 992 211 23 57 1
4 341 197 990 211 23 57 1
4 341 198 988 211 23 57 1
4 341 199 988 211 23 57 1
4 341 200 986 211 23 57 1
4 341 201 986 211 23 57 1
4 341 202 984 211 24 57 1
4 341 203 983 211 23 57 1
4 341 204 983 211 23 57 1
4 341 205 981 211 23 57 1
4 341 206 979 211 23 57 1
4 341 207 979 211 23 57 1
4 341 208 977 211 23 57 1
4 341 209 977 213 23 57 1
4 341 210 976 211 23 57 1
4 341 211 974 211 23 57 1
4 341 212 974 211 23 57 1
4 341 213 972 211 23 57 1
4 341 214 972 211 23 57 1
4 341 215 970 211 23 57 1
4 341 216 970 211 23 57 1
4 341 217 968 211 24 57 1
4 341 218 968 211 24 57 1
4 341 219 967 211 23 57 1
4 341 220 967 211 23 57 1
4 341 221 965 211 23 57 1
4 341 222 963 211 23 57 1
4 341 223 963 211 23 57 1
4 341 224 961 211 23 57 1
4 341 225 961 211 23 57 1
4 341 226 960 209 23 57 1
4 341 227 960 209 23 57 1
4 341 228 958 209 23 57 1
4 341 229 958 209 23 57 1
4 341 230 956 209 23 57 1
4 341 231 956 209 23 57 1
4 341 232 954 209 23 57 1
4 341 233 952 209 24 57 1
4 341 234 952 209 24 57 1
4 341 235 951 209 23 57 1
4 341 236 951 209 23 57 1
4 341 237 949 209 23 57 1
4 341 238 949 209 23 57 1
4 341 239 947 209 23 57 1
4 341 240 947 209 23 57 1
4 341 241 945 209 23 57 1
4 341 242 945 209 23 57 1
4 341 243 944 209 23 57 1
4 341 244 944 209 23 57 1
4 341 245 944 209 23 57 1
4 341 246 944 209 23 57 1
4 341 247 942 209 23 57 1
4 341 248 942 209 23 57 1
4 341 249 942 209 23 57 1
4 341 250 942 209 23 57 1
4 341 251 941 208 23 57 1
4 341 252 941 208 23 57 1
4 341 253 941 208 23 57 1
4 341 254 941 208 23 57 1
4 341 255 941 208 23 57 1
4 341 256 941 208 23 57 1
4 341 257 941 208 23 57 1
4 341 258 941 208 23 57 1
4 341 259 941 208 23 57 1
4 341 260 941 208 23 57 1
4 341 261 941 208 23 57 1
4 341 262 941 208 23 57 1
4 341 263 941 208 23 57 1
4 341 264 941 208 23 57 1
4 341 265 941 208 23 57 1
4 341 266 941 208 23 57 1
4 341 267 941 208 23 57 1
4 341 268 941 208 23 57 1
4 341 269 941 208 23 57 1
4 341 270 941 208 23 57 1
4 341 271 940 208 24 56 1
4 341 272 940 208 24 56 1
4 341 273 940 208 24 56 1
4 341 274 940 208 24 56 1
4 341 275 940 208 24 56 1
4 341 276 940 208 24 56 1
4 341 277 940 208 24 56 1
4 341 278 940 208 24 56 1
4 341 279 940 208 24 56 1
4 341 280 940 208 24 56 1
4 341 281 940 208 24 56 1
4 341 282 940 208 24 56 1
4 341 283 940 208 24 56 1
4 341 284 940 208 24 56 1
4 341 285 940 208 24 56 1
4 341 286 940 208 24 56 1
4 341 287 940 208 24 56 1
4 341 288 940 208 24 56 1
4 341 289 940 208 24 56 1
4 341 290 940 208 24 56 1
4 341 291 940 208 24 56 1
4 341 292 939 208 25 55 1
4 341 293 939 208 25 55 1
4 341 294 939 208 25 55 1
4 341 295 939 208 25 55 1
4 341 296 939 208 25 55 1
4 341 297 939 208 25 55 1
4 341 298 939 208 25 55 1
4 341 299 939 208 25 55 1
4 341 300 939 208 25 55 1
4 341 301 939 208 25 55 1
4 341 302 939 208 25 55 1
4 341 303 939 208 25 55 1
4 341 304 939 208 25 55 1
4 341 305 939 208 25 55 1
4 341 306 939 208 25 55 1
4 341 307 939 208 25 55 1
4 341 308 939 208 25 55 1
4 341 309 939 208 25 55 1
4 341 310 939 208 25 55 1
4 341 311 939 208 25 55 1
4 341 312 939 208 25 55 1
4 341 313 939 208 25 55 1
4 341 314 940 209 24 55 1
4 341 315 940 209 24 56 1
4 341 316 941 210 23 56 1
4 341 317 941 210 23 57 1
4 341 318 942 211 23 57 1
4 341 319 936 208 23 56 1
4 341 320 931 206 24 55 1
4 341 321 1129 214 29 57 1
4 341 322 936 210 26 52 1
4 341 323 936 210 26 53 1
4 341 324 936 209 26 55 1
4 341 325 937 208 26 55 1
4 341 326 937 207 25 55 1
4 341 327 937 207 25 54 1
4 341 328 937 206 24 55 1
4 341 329 937 206 24 54 1
4 341 330 937 206 24 54 1
4 341 331 936 206 24 53 1
4 341 332 936 206 24 53 1
4 341 333 935 206 24 53 1
4 341 334 935 206 24 53 1
4 341 335 935 206 23 53 1
4 341 336 934 206 24 52 1
4 341 337 934 206 23 52 1
4 341 338 933 206 24 52 1
4 341 339 933 206 23 52 1
4 341 340 933 207 23 51 1
5 626 0 192 311 26 78 1
5 626 1 192 309 26 76 1
5 626 2 192 307 26 77 1
5 626 3 192 305 26 77 1
5 626 4 192 304 26 76 1
5 626 5 192 302 26 76 1
5 626 6 192 300 26 76 1
5 626 7 192 298 26 77 1
5 626 8 192 298 26 75 1
5 626 9 192 296 26 75 1
5 626 10 193 296 27 75 1
5 626 11 195 296 27 75 1
5 626 12 197 296 27 73 1
5 626 13 197 296 27 73 1
5 626 14 199 296 26 73 1
5 626 15 200 295 27 73 1
5 626 16 202 295 27 73 1
5 626 17 204 295 27 73 1
5 626 18 204 295 27 71 1
5 626 19 206 295 26 71 1
5 626 20 208 295 26 71 1
5 626 21 209 293 27 71 1
5 626 22 209 293 27 71 1
5 626 23 211 293 27 71 1
5 626 24 213 293 27 69 1
5 626 25 215 293 26 69 1
5 626 26 216 293 27 69 1
5 626 27 216 291 27 69 1
5 626 28 218 291 27 69 1
5 626 29 220 291 27 69 1
5 626 30 222 291 26 69 1
5 626 31 224 291 26 69 1
5 626 32 225 291 27 69 1
5 626 33 227 289 27 70 1
5 626 34 229 289 27 70 1
5 626 35 231 289 26 70 1
5 626 36 232 289 27 70 1
5 626 37 234 289 27 70 1
5 626 38 234 289 27 70 1
5 626 39 236 289 27 70 1
5 626 40 238 288 26 69 1
5 626 41 240 288 26 69 1
5 626 42 241 288 27 69 1
5 626 43 243 288 27 69 1
5 626 44 245 288 27 69 1
5 626 45 247 288 26 69 1
5 626 46 248 288 27 69 1
5 626 47 250 286 27 69 1
5 626 48 252 286 27 69 1
5 626 49 252 286 27 69 1
5 626 50 254 286 26 69 1
5 626 51 256 286 26 69 1
5 626 52 257 286 27 69 1
5 626 53 259 286 27 69 1
5 626 54 261 284 27 69 1
5 626 55 263 284 26 69 1
5 626 56 264 284 27 69 1
5 626 57 266 284 27 69 1
5 626 58 268 284 27 69 1
5 626 59 270 284 26 69 1
5 626 60 272 284 26 69 1
5 626 61 272 282 26 70 1
5 626 62 273 282 27 68 1
5 626 63 275 280 27 70 1
5 626 64 275 280 27 68 1
5 626 65 277 280 27 68 1
5 626 66 279 279 26 67 1
5 626 67 279 279 26 65 1
5 626 68 280 279 27 65 1
5 626 69 282 277 27 66 1
5 626 70 284 277 27 66 1
5 626 71 284 277 27 64 1
5 626 72 286 275 26 64 1
5 626 73 288 275 26 64 1
5 626 74 288 275 26 62 1
5 626 75 289 273 27 64 1
5 626 76 291 273 27 63 1
5 626 77 291 273 27 61 1
5 626 78 293 272 27 62 1
5 626 79 295 272 26 60 1
5 626 80 296 272 27 60 1
5 626 81 296 268 27 60 1
5 626 82 298 264 27 61 1
5 626 83 298 263 27 60 1
5 626 84 300 263 27 60 1
5 626 85 300 263 27 60 1
5 626 86 302 263 26 60 1
5 626 87 302 263 26 60 1
5 626 88 304 263 26 60 1
5 626 89 304 263 26 60 1
5 626 90 305 263 27 60 1
5 626 91 305 263 27 60 1
5 626 92 307 263 27 60 1
5 626 93 309 263 27 60 1
5 626 94 309 261 27 60 1
5 626 95 311 261 26 60 1
5 626 96 311 261 26 60 1
5 626 97 312 261 27 60 1
5 626 98 312 261 27 60 1
5 626 99 314 261 27 60 1
5 626 100 314 261 27 60 1
5 626 101 316 261 27 60 1
5 626 102 316 261 27 60 1
5 626 103 318 261 26 60 1
5 626 104 320 261 26 60 1
5 626 105 320 259 26 61 1
5 626 106 321 259 27 61 1
5 626 107 321 259 27 61 1
5 626 108 323 259 27 61 1
5 626 109 323 259 27 61 1
5 626 110 325 259 27 61 1
5 626 111 325 259 27 61 1
5 626 112 327 259 26 61 1
5 626 113 327 259 26 61 1
5 626 114 328 259 27 61 1
5 626 115 330 259 27 61 1
5 626 116 330 257 27 61 1
5 626 117 332 257 27 61 1
5 626 118 334 257 26 61 1
5 626 119 334 257 26 61 1
5 626 120 336 256 26 60 1
5 626 121 337 256 27 60 1
5 626 122 339 256 27 60 1
5 626 123 339 256 27 60 1
5 626 124 341 256 27 60 1
5 626 125 343 254 26 60 1
5 626 126 344 254 27 60 1
5 626 127 344 254 27 60 1
5 626 128 346 254 27 60 1
5 626 129 348 254 27 60 1
5 626 130 350 252 26 60 1
5 626 131 350 252 26 60 1
5 626 132 352 252 26 60 1
5 626 133 353 252 27 60 1
5 626 134 355 252 27 60 1
5 626 135 355 250 27 61 1
5 626 136 357 248 27 61 1
5 626 137 357 247 27 60 1
5 626 138 359 245 26 60 1
5 626 139 359 243 26 61 1
5 626 140 360 243 27 61 1
5 626 141 360 241 27 61 1
5 626 142 362 241 27 61 1
5 626 143 362 240 27 60 1
5 626 144 364 240 27 60 1
5 626 145 364 240 27 60 1
5 626 146 366 238 26 60 1
5 626 147 368 238 26 60 1
5 626 148 368 238 26 60 1
5 626 149 369 236 27 60 1
5 626 150 369 236 27 60 1
5 626 151 371 234 27 61 1
5 626 152 373 234 27 61 1
5 626 153 373 234 27 61 1
5 626 154 375 232 26 61 1
5 626 155 375 232 26 61 1
5 626 156 376 232 27 61 1
5 626 157 378 231 27 60 1
5 626 158 378 231 27 60 1
5 626 159 380 229 27 60 1
5 626 160 380 229 27 60 1
5 626 161 382 229 26 60 1
5 626 162 384 227 26 61 1
5 626 163 384 227 26 61 1
5 626 164 385 227 27 61 1
5 626 165 385 225 27 61 1
5 626 166 387 225 27 61 1
5 626 167 389 225 27 61 1
5 626 168 389 224 27 60 1
5 626 169 391 224 26 60 1
5 626 170 392 224 27 60 1
5 626 171 394 224 27 60 1
5 626 172 396 224 27 60 1
5 626 173 396 224 27 60 1
5 626 174 398 224 26 60 1
5 626 175 400 224 26 60 1
5 626 176 401 224 27 60 1
5 626 177 403 224 27 60 1
5 626 178 403 224 27 60 1
5 626 179 405 224 27 60 1
5 626 180 407 222 26 60 1
5 626 181 408 222 27 60 1
5 626 182 410 222 27 60 1
5 626 183 410 222 27 60 1
5 626 184 412 222 27 60 1
5 626 185 414 222 26 60 1
5 626 186 416 222 26 60 1
5 626 187 417 222 27 60 1
5 626 188 417 222 27 60 1
5 626 189 419 222 27 60 1
5 626 190 421 222 27 60 1
5 626 191 423 222 26 60 1
5 626 192 424 220 27 60 1
5 626 193 424 220 27 60 1
5 626 194 426 220 27 60 1
5 626 195 428 220 27 60 1
5 626 196 430 220 26 60 1
5 626 197 432 220 26 60 1
5 626 198 432 220 26 60 1
5 626 199 433 220 27 60 1
5 626 200 435 220 27 60 1
5 626 201 437 220 27 60 1
5 626 202 439 220 26 60 1
5 626 203 440 220 27 60 1
5 626 204 442 220 27 60 1
5 626 205 444 220 27 60 1
5 626 206 446 220 26 60 1
5 626 207 448 220 26 60 1
5 626 208 449 220 27 60 1
5 626 209 451 220 27 60 1
5 626 210 453 220 27 60 1
5 626 211 455 220 26 60 1
5 626 212 456 220 27 60 1
5 626 213 458 220 27 60 1
5 626 214 460 220 27 60 1
5 626 215 462 220 26 60 1
5 626 216 464 220 26 60 1
5 626 217 465 220 27 60 1
5 626 218 469 220 27 60 1
5 626 219 471 220 26 60 1
5 626 220 472 220 27 60 1
5 626 221 474 220 27 60 1
5 626 222 476 220 27 60 1
5 626 223 478 220 26 60 1
5 626 224 480 220 26 60 1
5 626 225 481 220 27 60 1
5 626 226 483 220 27 60 1
5 626 227 485 220 27 60 1
5 626 228 487 220 26 60 1
5 626 229 488 220 27 60 1
5 626 230 490 220 27 60 1
5 626 231 492 220 27 60 1
5 626 232 496 222 26 60 1
5 626 233 497 220 27 60 1
5 626 234 499 220 27 60 1
5 626 235 501 220 27 60 1
5 626 236 503 220 26 60 1
5 626 237 504 220 27 60 1
5 626 238 506 220 27 60 1
5 626 239 508 220 27 60 1
5 626 240 510 220 26 60 1
5 626 241 512 220 26 60 1
5 626 242 513 220 27 60 1
5 626 243 515 220 27 60 1
5 626 244 517 220 27 60 1
5 626 245 519 220 26 60 1
5 626 246 520 220 27 60 1
5 626 247 522 220 27 60 1
5 626 248 524 220 27 60 1
5 626 249 526 220 26 60 1
5 626 250 528 220 26 59 1
5 626 251 529 220 27 59 1
5 626 252 531 220 27 59 1
5 626 253 533 220 27 59 1
5 626 254 535 220 26 59 1
5 626 255 536 220 27 59 1
5 626 256 538 220 27 59 1
5 626 257 540 220 27 59 1
5 626 258 542 220 26 59 1
5 626 259 544 220 26 59 1
5 626 260 545 220 27 59 1
5 626 261 547 220 27 59 1
5 626 262 549 220 27 59 1
5 626 263 551 220 26 59 1
5 626 264 552 220 27 59 1
5 626 265 554 220 27 59 1
5 626 266 556 220 27 59 1
5 626 267 558 218 26 59 1
5 626 268 560 218 26 59 1
5 626 269 561 218 27 59 1
5 626 270 563 218 27 59 1
5 626 271 565 218 27 59 1
5 626 272 567 218 26 59 1
5 626 273 568 218 27 59 1
5 626 274 570 218 27 59 1
5 626 275 572 218 27 59 1
5 626 276 574 218 26 59 1
5 626 277 576 218 26 59 1
5 626 278 577 218 27 59 1
5 626 279 579 218 27 59 1
5 626 280 581 218 27 59 1
5 626 281 583 218 26 59 1
5 626 282 584 218 27 59 1
5 626 283 586 218 27 59 1
5 626 284 588 218 27 57 1
5 626 285 590 218 26 57 1
5 626 286 592 218 26 57 1
5 626 287 593 218 27 57 1
5 626 288 595 218 27 57 1
5 626 289 597 218 27 57 1
5 626 290 599 218 26 57 1
5 626 291 600 218 27 57 1
5 626 292 602 218 27 57 1
5 626 293 604 218 27 57 1
5 626 294 606 218 26 57 1
5 626 295 608 218 26 57 1
5 626 296 609 218 27 57 1
5 626 297 611 218 27 57 1
5 626 298 613 218 27 57 1
5 626 299 615 218 26 57 1
5 626 300 616 218 27 57 1
5 626 301 618 218 27 55 1
5 626 302 620 218 27 55 1
5 626 303 622 218 26 55 1
5 626 304 624 218 26 55 1
5 626 305 625 218 27 55 1
5 626 306 627 218 27 55 1
5 626 307 629 218 27 55 1
5 626 308 631 218 26 55 1
5 626 309 632 218 27 55 1
5 626 310 634 218 27 55 1
5 626 311 636 218 27 55 1
5 626 312 638 218 26 55 1
5 626 313 640 218 26 55 1
5 626 314 643 218 25 54 1
5 626 315 645 218 25 54 1
5 626 316 647 218 25 54 1
5 626 317 648 218 25 54 1
5 626 318 650 218 25 54 1
5 626 319 652 218 25 54 1
5 626 320 654 218 26 54 1
5 626 321 656 218 26 54 1
5 626 322 657 218 27 54 1
5 626 323 659 218 27 54 1
5 626 324 661 218 27 54 1
5 626 325 663 218 26 54 1
5 626 326 664 218 27 54 1
5 626 327 668 218 25 52 1
5 626 328 670 218 25 52 1
5 626 329 672 218 24 52 1
5 626 330 673 218 25 52 1
5 626 331 675 218 25 52 1
5 626 332 677 218 25 52 1
5 626 333 679 218 25 52 1
5 626 334 680 218 25 52 1
5 626 335 682 218 25 52 1
5 626 336 684 218 25 52 1
5 626 337 686 218 25 52 1
5 626 338 688 218 24 52 1
5 626 339 689 218 25 52 1
5 626 340 693 218 25 52 1
5 626 341 695 218 25 52 1
5 626 342 696 218 25 52 1
5 626 343 698 218 25 52 1
5 626 344 700 218 25 52 1
5 626 345 702 218 25 52 1
5 626 346 704 218 24 52 1
5 626 347 705 218 25 52 1
5 626 348 707 218 25 52 1
5 626 349 709 218 25 52 1
5 626 350 711 218 25 52 1
5 626 351 712 216 25 52 1
5 626 352 714 216 25 52 1
5 626 353 716 216 25 52 1
5 626 354 718 216 25 52 1
5 626 355 720 216 24 52 1
5 626 356 721 216 25 52 1
5 626 357 723 216 25 52 1
5 626 358 725 216 25 52 1
5 626 359 727 216 25 52 1
5 626 360 728 216 25 52 1
5 626 361 730 216 25 52 1
5 626 362 732 216 25 52 1
5 626 363 736 216 24 52 1
5 626 364 737 216 25 52 1
5 626 365 739 216 25 52 1
5 626 366 741 216 25 52 1
5 626 367 743 216 25 52 1
5 626 368 744 216 25 52 1
5 626 369 746 216 25 52 1
5 626 370 748 216 25 52 1
5 626 371 750 216 25 52 1
5 626 372 752 216 24 52 1
5 626 373 753 216 25 52 1
5 626 374 755 216 25 52 1
5 626 375 757 216 25 52 1
5 626 376 760 216 25 52 1
5 626 377 762 216 25 52 1
5 626 378 764 216 25 52 1
5 626 379 766 216 25 52 1
5 626 380 768 216 24 52 1
5 626 381 769 216 25 52 1
5 626 382 771 216 25 52 1
5 626 383 773 216 25 52 1
5 626 384 775 216 25 52 1
5 626 385 776 216 25 52 1
5 626 386 778 216 25 52 1
5 626 387 780 216 25 52 1
5 626 388 782 216 25 52 1
5 626 389 785 216 25 52 1
5 626 390 787 216 25 52 1
5 626 391 789 216 25 52 1
5 626 392 791 216 25 52 1
5 626 393 792 216 25 52 1
5 626 394 794 216 25 52 1
5 626 395 796 216 25 52 1
5 626 396 798 216 25 52 1
5 626 397 800 216 24 52 1
5 626 398 801 216 25 52 1
5 626 399 803 216 25 52 1
5 626 400 805 216 25 52 1
5 626 401 807 216 25 52 1
5 626 402 810 216 25 52 1
5 626 403 812 216 25 52 1
5 626 404 814 216 25 52 1
5 626 405 816 216 24 52 1
5 626 406 817 216 25 52 1
5 626 407 819 216 25 52 1
5 626 408 821 216 25 52 1
5 626 409 823 216 25 52 1
5 626 410 824 216 25 52 1
5 626 411 826 216 25 52 1
5 626 412 828 216 25 52 1
5 626 413 830 216 25 52 1
5 626 414 832 216 24 52 1
5 626 415 835 216 25 52 1
5 626 416 837 216 25 52 1
5 626 417 839 216 25 52 1
5 626 418 840 216 25 52 1
5 626 419 842 216 25 52 1
5 626 420 844 216 25 52 1
5 626 421 846 216 25 52 1
5 626 422 848 216 24 52 1
5 626 423 849 216 25 52 1
5 626 424 851 216 25 52 1
5 626 425 853 216 25 52 1
5 626 426 855 216 25 52 1
5 626 427 856 216 25 52 1
5 626 428 860 216 25 52 1
5 626 429 862 216 25 52 1
5 626 430 864 216 24 52 1
5 626 431 865 216 25 52 1
5 626 432 867 216 25 52 1
5 626 433 869 216 25 52 1
5 626 434 871 216 25 52 1
5 626 435 872 216 25 52 1
5 626 436 874 216 25 52 1
5 626 437 876 216 25 52 1
5 626 438 878 216 25 52 1
5 626 439 880 216 24 52 1
5 626 440 883 216 25 52 1
5 626 441 885 216 25 52 1
5 626 442 887 216 25 52 1
5 626 443 888 216 25 52 1
5 626 444 890 216 25 52 1
5 626 445 892 216 25 52 1
5 626 446 894 216 25 52 1
5 626 447 896 216 24 52 1
5 626 448 897 216 25 52 1
5 626 449 899 216 25 52 1
5 626 450 903 216 25 52 1
5 626 451 904 216 25 52 1
5 626 452 906 216 25 52 1
5 626 453 908 216 25 52 1
5 626 454 910 216 25 52 1
5 626 455 912 216 24 52 1
5 626 456 913 216 25 52 1
5 626 457 915 216 25 52 1
5 626 458 917 216 25 52 1
5 626 459 919 216 25 52 1
5 626 460 922 216 25 52 1
5 626 461 924 215 25 51 1
5 626 462 926 215 25 51 1
5 626 463 928 215 24 51 1
5 626 464 929 215 25 51 1
5 626 465 931 215 25 51 1
5 626 466 933 215 25 51 1
5 626 467 936 215 25 51 1
5 626 468 938 215 25 51 1
5 626 469 940 215 25 51 1
5 626 470 942 215 25 51 1
5 626 471 944 215 24 51 1
5 626 472 945 215 25 51 1
5 626 473 947 215 25 51 1
5 626 474 951 215 25 51 1
5 626 475 952 215 25 51 1
5 626 476 954 215 25 51 1
5 626 477 956 215 25 51 1
5 626 478 958 215 25 51 1
5 626 479 960 215 24 51 1
5 626 480 961 215 25 51 1
5 626 481 965 215 25 51 1
5 626 482 967 215 25 51 1
5 626 483 968 215 25 51 1
5 626 484 970 213 25 51 1
5 626 485 972 213 25 51 1
5 626 486 974 213 25 51 1
5 626 487 976 213 24 51 1
5 626 488 979 213 25 51 1
5 626 489 981 213 25 51 1
5 626 490 983 213 25 51 1
5 626 491 984 213 25 51 1
5 626 492 986 213 25 51 1
5 626 493 988 213 25 51 1
5 626 494 990 213 25 51 1
5 626 495 993 213 25 51 1
5 626 496 995 213 25 51 1
5 626 497 997 213 25 51 1
5 626 498 999 213 25 51 1
5 626 499 1000 213 25 51 1
5 626 500 1002 213 25 51 1
5 626 501 1004 213 25 51 1
5 626 502 1008 213 24 51 1
5 626 503 1009 213 25 51 1
5 626 504 1011 213 25 51 1
5 626 505 1013 213 25 51 1
5 626 506 1015 213 25 51 1
5 626 507 1016 211 25 52 1
5 626 508 1018 211 25 52 1
5 626 509 1022 211 25 52 1
5 626 510 1024 211 24 52 1
5 626 511 1025 211 25 52 1
5 626 512 1027 211 25 52 1
5 626 513 1029 211 25 52 1
5 626 514 1031 211 25 52 1
5 626 515 1032 211 25 52 1
5 626 516 1036 211 25 52 1
5 626 517 1038 211 25 52 1
5 626 518 1040 211 24 52 1
5 626 519 1041 211 25 52 1
5 626 520 1043 211 25 52 1
5 626 521 1045 211 25 52 1
5 626 522 1047 211 25 52 1
5 626 523 1050 211 25 52 1
5 626 524 1052 211 25 52 1
5 626 525 1054 211 25 52 1
5 626 526 1056 211 24 52 1
5 626 527 1057 211 25 52 1
5 626 528 1059 211 25 52 1
5 626 529 1061 211 25 52 1
5 626 530 1064 211 25 52 1
5 626 531 1066 211 25 52 1
5 626 532 1068 211 25 52 1
5 626 533 1070 211 25 52 1
5 626 534 1072 211 26 52 1
5 626 535 1073 211 27 52 1
5 626 536 1075 211 27 52 1
5 626 537 1079 211 25 52 1
5 626 538 1080 211 27 52 1
5 626 539 1082 211 27 52 1
5 626 540 1084 211 27 52 1
5 626 541 1086 211 26 52 1
5 626 542 1088 211 28 52 1
5 626 543 1089 211 29 52 1
5 626 544 1093 211 27 52 1
5 626 545 1095 211 26 52 1
5 626 546 1096 211 29 52 1
5 626 547 1098 211 29 52 1
5 626 548 1100 211 28 52 1
5 626 549 1102 211 28 52 1
5 626 550 1105 211 29 52 1
5 626 551 1107 211 29 52 1
5 626 552 1109 211 28 52 1
5 626 553 1111 211 28 52 1
5 626 554 1112 211 31 52 1
5 626 555 1114 211 30 52 1
5 626 556 1116 211 30 52 1
5 626 557 1120 211 28 52 1
5 626 558 1121 211 31 52 1
5 626 559 1123 211 30 52 1
5 626 560 1125 211 30 52 1
5 626 561 1127 211 30 52 1
5 626 562 1128 211 32 52 1
5 626 563 1130 211 32 52 1
5 626 564 1134 211 30 52 1
5 626 565 1136 211 30 52 1
5 626 566 1137 211 32 52 1
5 626 567 1139 211 32 52 1
5 626 568 1141 211 32 52 1
5 626 569 1143 211 32 52 1
5 626 570 1146 211 32 52 1
5 626 571 1148 209 32 52 1
5 626 572 1150 209 32 52 1
5 626 573 1152 209 32 52 1
5 626 574 1155 209 32 52 1
5 626 575 1157 209 32 52 1
5 626 576 1159 209 32 52 1
5 626 577 1160 208 32 51 1
5 626 578 1164 208 32 51 1
5 626 579 1166 208 32 51 1
5 626 580 1168 208 32 51 1
5 626 581 1169 208 32 51 1
5 626 582 1173 208 32 51 1
5 626 583 1175 208 32 51 1
5 626 584 1176 206 32 51 1
5 626 585 1178 206 32 51 1
5 626 586 1182 206 32 51 1
5 626 587 1184 206 32 51 1
5 626 588 1185 206 32 51 1
5 626 589 1187 206 32 51 1
5 626 590 1191 206 32 51 1
5 626 591 1192 206 32 51 1
5 626 592 1194 206 32 51 1
5 626 593 1196 206 32 51 1
5 626 594 1198 206 32 51 1
5 626 595 1201 206 32 51 1
5 626 596 1203 206 32 51 1
5 626 597 1205 206 32 51 1
5 626 598 1207 206 32 51 1
5 626 599 1208 206 32 51 1
5 626 600 1212 208 32 51 1
5 626 601 1214 206 32 51 1
5 626 602 1216 206 32 51 1
5 626 603 1219 206 30 51 1
5 626 604 1221 204 30 53 1
5 626 605 1224 204 29 53 1
5 626 606 1226 204 29 53 1
5 626 607 1230 202 26 55 1
5 626 608 1232 202 26 55 1
5 626 609 1235 202 25 55 1
5 626 610 1237 200 25 57 1
5 626 611 1239 200 25 57 1
5 626 612 1242 200 23 57 1
5 626 613 1244 199 23 58 1
5 626 614 1248 199 21 58 1
5 626 615 1249 199 22 58 1
5 626 616 1253 197 19 60 1
5 626 617 1255 197 19 60 1
5 626 618 1258 197 20 60 1
5 626 619 1258 197 20 60 1
5 626 620 1258 197 20 60 1
5 626 621 1258 197 20 60 1
5 626 622 1258 197 20 60 1
5 626 623 1258 197 20 60 1
5 626 624 1258 197 20 60 1
5 626 625 1258 197 20 60 1
6 752 138 0 414 17 39 1
6 752 139 0 412 17 50 1
6 752 140 0 412 19 59 1
6 752 141 0 410 19 70 1
6 752 142 0 410 21 78 1
6 752 143 0 408 21 79 1
6 752 144 0 408 23 79 1
6 752 145 0 408 24 77 1
6 752 146 0 407 24 78 1
6 752 147 0 407 26 78 1
6 752 148 0 407 28 76 1
6 752 149 0 407 30 76 1
6 752 150 0 405 30 78 1
6 752 151 0 405 32 76 1
6 752 152 0 405 33 76 1
6 752 153 1 405 34 76 1
6 752 154 3 403 32 77 1
6 752 155 5 403 32 77 1
6 752 156 8 403 31 77 1
6 752 157 10 403 29 77 1
6 752 158 12 403 28 77 1
6 752 159 16 403 26 77 1
6 752 160 16 401 26 77 1
6 752 161 17 401 27 77 1
6 752 162 17 400 27 76 1
6 752 163 19 400 27 76 1
6 752 164 19 398 27 76 1
6 752 165 21 398 27 76 1
6 752 166 21 398 27 74 1
6 752 167 23 396 26 76 1
6 752 168 23 396 26 75 1
6 752 169 24 394 27 77 1
6 752 170 24 394 27 77 1
6 752 171 26 394 27 75 1
6 752 172 26 392 27 77 1
6 752 173 28 392 27 75 1
6 752 174 28 391 27 76 1
6 752 175 30 391 26 74 1
6 752 176 30 391 26 74 1
6 752 177 32 389 26 75 1
6 752 178 32 389 26 75 1
6 752 179 33 387 27 77 1
6 752 180 33 387 27 75 1
6 752 181 35 387 27 75 1
6 752 182 35 385 27 75 1
6 752 183 37 385 27 75 1
6 752 184 37 384 27 74 1
6 752 185 39 384 26 74 1
6 752 186 39 384 26 72 1
6 752 187 40 382 27 74 1
6 752 188 40 382 27 74 1
6 752 189 42 380 27 75 1
6 752 190 42 380 27 75 1
6 752 191 44 380 27 73 1
6 752 192 44 378 27 75 1
6 752 193 46 378 26 73 1
6 752 194 46 376 26 75 1
6 752 195 48 376 26 73 1
6 752 196 49 376 27 73 1
6 752 197 49 375 27 74 1
6 752 198 51 375 27 73 1
6 752 199 51 373 27 75 1
6 752 200 53 373 27 73 1
6 752 201 53 371 27 75 1
6 752 202 55 371 26 73 1
6 752 203 55 371 26 73 1
6 752 204 56 369 27 73 1
6 752 205 56 369 27 73 1
6 752 206 58 368 27 74 1
6 752 207 58 368 27 72 1
6 752 208 60 368 27 72 1
6 752 209 60 366 27 73 1
6 752 210 62 366 26 73 1
6 752 211 62 364 26 73 1
6 752 212 64 364 26 73 1
6 752 213 64 364 26 71 1
6 752 214 65 362 27 73 1
6 752 215 65 362 27 73 1
6 752 216 67 360 27 73 1
6 752 217 67 360 27 73 1
6 752 218 69 360 27 72 1
6 752 219 69 359 27 73 1
6 752 220 71 359 26 71 1
6 752 221 71 357 26 73 1
6 752 222 72 357 27 71 1
6 752 223 72 357 27 71 1
6 752 224 74 355 27 73 1
6 752 225 74 355 27 71 1
6 752 226 76 353 27 73 1
6 752 227 76 353 27 71 1
6 752 228 78 353 26 71 1
6 752 229 78 352 26 71 1
6 752 230 80 352 26 71 1
6 752 231 80 350 26 71 1
6 752 232 81 350 27 71 1
6 752 233 83 350 27 71 1
6 752 234 83 348 27 71 1
6 752 235 85 348 27 71 1
6 752 236 87 348 26 69 1
6 752 237 87 346 26 71 1
6 752 238 88 346 27 71 1
6 752 239 90 346 27 70 1
6 752 240 92 344 27 72 1
6 752 241 92 344 27 70 1
6 752 242 94 344 26 70 1
6 752 243 96 343 26 71 1
6 752 244 96 343 26 69 1
6 752 245 97 343 27 69 1
6 752 246 99 341 27 71 1
6 752 247 101 341 27 69 1
6 752 248 101 341 27 69 1
6 752 249 103 339 26 69 1
6 752 250 104 339 27 69 1
6 752 251 104 339 27 69 1
6 752 252 106 337 27 70 1
6 752 253 108 337 27 70 1
6 752 254 110 337 26 68 1
6 752 255 110 336 26 69 1
6 752 256 112 336 26 69 1
6 752 257 113 336 27 67 1
6 752 258 113 334 27 69 1
6 752 259 115 334 27 69 1
6 752 260 117 334 27 67 1
6 752 261 119 332 26 69 1
6 752 262 119 332 26 68 1
6 752 263 120 332 27 68 1
6 752 264 122 330 27 70 1
6 752 265 122 330 27 68 1
6 752 266 124 330 27 68 1
6 752 267 126 328 26 68 1
6 752 268 128 328 26 68 1
6 752 269 128 328 26 68 1
6 752 270 129 327 27 67 1
6 752 271 131 327 27 67 1
6 752 272 133 327 27 67 1
6 752 273 133 325 27 67 1
6 752 274 135 325 26 67 1
6 752 275 135 323 26 68 1
6 752 276 136 323 27 68 1
6 752 277 136 321 27 68 1
6 752 278 138 321 27 68 1
6 752 279 138 321 27 66 1
6 752 280 140 320 27 67 1
6 752 281 140 320 27 65 1
6 752 282 142 318 26 67 1
6 752 283 142 318 26 66 1
6 752 284 144 316 26 68 1
6 752 285 144 316 26 66 1
6 752 286 145 316 27 66 1
6 752 287 145 314 27 66 1
6 752 288 147 314 27 66 1
6 752 289 147 312 27 66 1
6 752 290 149 312 27 66 1
6 752 291 151 312 26 66 1
6 752 292 151 311 26 65 1
6 752 293 152 311 27 65 1
6 752 294 154 311 27 65 1
6 752 295 154 309 27 66 1
6 752 296 156 309 27 66 1
6 752 297 158 309 26 66 1
6 752 298 158 307 26 66 1
6 752 299 160 307 26 66 1
6 752 300 161 307 27 66 1
6 752 301 161 305 27 66 1
6 752 302 163 305 27 66 1
6 752 303 165 305 27 64 1
6 752 304 167 305 26 64 1
6 752 305 168 305 27 64 1
6 752 306 170 305 27 63 1
6 752 307 172 305 27 63 1
6 752 308 174 304 25 62 1
6 752 309 176 304 24 62 1
6 752 310 177 304 25 62 1
6 752 311 177 304 27 60 1
6 752 312 179 304 27 60 1
6 752 313 181 304 27 58 1
6 752 314 183 304 26 58 1
6 752 315 184 304 27 58 1
6 752 316 186 302 25 58 1
6 752 317 188 302 25 58 1
6 752 318 190 302 25 57 1
6 752 319 192 302 24 57 1
6 752 320 193 302 25 57 1
6 752 321 193 302 27 55 1
6 752 322 195 302 27 55 1
6 752 323 197 300 25 55 1
6 752 324 199 300 25 55 1
6 752 325 200 300 25 55 1
6 752 326 202 300 25 53 1
6 752 327 204 300 25 53 1
6 752 328 206 300 25 52 1
6 752 329 208 300 24 52 1
6 752 330 209 300 25 52 1
6 752 331 209 298 25 52 1
6 752 332 211 298 25 52 1
6 752 333 213 296 25 52 1
6 752 334 213 296 25 52 1
6 752 335 215 295 25 51 1
6 752 336 216 295 25 51 1
6 752 337 218 293 25 51 1
6 752 338 218 293 25 51 1
6 752 339 220 291 25 52 1
6 752 340 222 291 25 52 1
6 752 341 224 289 24 52 1
6 752 342 224 289 24 52 1
6 752 343 225 288 25 51 1
6 752 344 227 288 25 51 1
6 752 345 229 286 25 51 1
6 752 346 229 286 25 51 1
6 752 347 231 284 25 52 1
6 752 348 232 284 25 52 1
6 752 349 232 282 25 52 1
6 752 350 234 282 25 52 1
6 752 351 236 280 25 52 1
6 752 352 238 280 25 52 1
6 752 353 238 279 25 51 1
6 752 354 240 279 24 51 1
6 752 355 241 277 25 51 1
6 752 356 243 277 25 51 1
6 752 357 243 275 25 52 1
6 752 358 245 275 25 52 1
6 752 359 247 273 25 52 1
6 752 360 248 273 25 52 1
6 752 361 248 272 25 51 1
6 752 362 250 272 25 51 1
6 752 363 252 272 25 51 1
6 752 364 254 272 25 51 1
6 752 365 254 272 25 51 1
6 752 366 256 272 24 51 1
6 752 367 257 270 25 51 1
6 752 368 259 270 25 51 1
6 752 369 259 270 25 51 1
6 752 370 261 270 25 51 1
6 752 371 263 270 25 51 1
6 752 372 264 270 25 51 1
6 752 373 266 270 25 51 1
6 752 374 266 268 25 52 1
6 752 375 268 268 25 52 1
6 752 376 270 268 25 52 1
6 752 377 272 268 24 52 1
6 752 378 272 268 24 52 1
6 752 379 273 268 25 52 1
6 752 380 275 268 25 52 1
6 752 381 277 266 25 52 1
6 752 382 279 266 25 52 1
6 752 383 279 266 25 52 1
6 752 384 280 266 25 52 1
6 752 385 282 266 25 52 1
6 752 386 284 266 25 52 1
6 752 387 284 264 25 52 1
6 752 388 286 264 25 52 1
6 752 389 288 264 24 52 1
6 752 390 289 264 25 52 1
6 752 391 291 264 25 52 1
6 752 392 291 264 25 52 1
6 752 393 293 264 25 52 1
6 752 394 295 263 25 51 1
6 752 395 296 263 25 51 1
6 752 396 296 263 25 51 1
6 752 397 298 263 25 51 1
6 752 398 300 263 25 51 1
6 752 399 302 263 25 51 1
6 752 400 304 263 24 51 1
6 752 401 304 261 24 51 1
6 752 402 305 261 25 51 1
6 752 403 305 261 25 51 1
6 752 404 307 259 25 52 1
6 752 405 309 259 25 52 1
6 752 406 309 259 25 52 1
6 752 407 311 257 25 52 1
6 752 408 312 257 25 52 1
6 752 409 312 257 25 52 1
6 752 410 314 257 25 52 1
6 752 411 314 256 25 51 1
6 752 412 316 256 25 51 1
6 752 413 318 256 25 51 1
6 752 414 318 254 25 51 1
6 752 415 320 254 24 51 1
6 752 416 321 254 25 51 1
6 752 417 321 252 25 52 1
6 752 418 323 252 25 52 1
6 752 419 325 252 25 52 1
6 752 420 325 252 25 52 1
6 752 421 327 250 25 52 1
6 752 422 327 250 25 52 1
6 752 423 328 250 25 52 1
6 752 424 330 248 25 52 1
6 752 425 330 248 25 52 1
6 752 426 332 248 25 52 1
6 752 427 334 247 25 51 1
6 752 428 334 247 25 51 1
6 752 429 336 247 24 51 1
6 752 430 337 247 25 51 1
6 752 431 337 245 25 51 1
6 752 432 339 245 25 51 1
6 752 433 341 245 25 51 1
6 752 434 341 245 25 51 1
6 752 435 343 245 25 51 1
6 752 436 344 243 25 52 1
6 752 437 344 243 25 52 1
6 752 438 346 243 25 52 1
6 752 439 348 243 25 52 1
6 752 440 348 243 25 52 1
6 752 441 350 241 25 52 1
6 752 442 352 241 24 52 1
6 752 443 352 241 24 52 1
6 752 444 353 241 25 52 1
6 752 445 355 241 25 52 1
6 752 446 355 240 25 51 1
6 752 447 357 240 25 51 1
6 752 448 359 240 25 51 1
6 752 449 359 240 25 51 1
6 752 450 360 240 25 51 1
6 752 451 362 238 25 51 1
6 752 452 362 238 25 51 1
6 752 453 364 238 25 51 1
6 752 454 366 238 25 51 1
6 752 455 366 238 25 51 1
6 752 456 368 236 24 52 1
6 752 457 369 236 25 52 1
6 752 458 369 236 25 52 1
6 752 459 371 236 25 52 1
6 752 460 373 236 25 52 1
6 752 461 373 234 25 52 1
6 752 462 375 234 25 52 1
6 752 463 376 234 25 52 1
6 752 464 376 234 25 52 1
6 752 465 378 234 25 52 1
6 752 466 380 234 25 52 1
6 752 467 382 234 25 52 1
6 752 468 382 234 25 52 1
6 752 469 384 234 24 52 1
6 752 470 385 234 25 52 1
6 752 471 387 234 25 52 1
6 752 472 387 234 25 52 1
6 752 473 389 234 25 52 1
6 752 474 391 234 25 52 1
6 752 475 392 234 25 52 1
6 752 476 392 232 25 52 1
6 752 477 394 232 25 52 1
6 752 478 396 232 25 52 1
6 752 479 396 232 25 52 1
6 752 480 398 232 25 52 1
6 752 481 400 232 24 52 1
6 752 482 401 232 25 52 1
6 752 483 401 232 25 52 1
6 752 484 403 232 25 52 1
6 752 485 405 232 25 52 1
6 752 486 407 232 25 52 1
6 752 487 407 232 25 52 1
6 752 488 408 232 25 52 1
6 752 489 410 232 25 52 1
6 752 490 412 232 25 52 1
6 752 491 412 232 25 52 1
6 752 492 414 232 25 52 1
6 752 493 414 232 25 52 1
6 752 494 416 232 24 52 1
6 752 495 416 232 24 52 1
6 752 496 417 232 25 52 1
6 752 497 417 232 25 52 1
6 752 498 419 232 25 52 1
6 752 499 419 232 25 52 1
6 752 500 421 232 25 52 1
6 752 501 421 232 25 52 1
6 752 502 423 232 25 52 1
6 752 503 423 232 25 52 1
6 752 504 424 232 25 52 1
6 752 505 424 232 25 52 1
6 752 506 426 232 25 52 1
6 752 507 426 232 25 52 1
6 752 508 428 232 25 52 1
6 752 509 428 232 25 52 1
6 752 510 430 232 25 52 1
6 752 511 430 232 25 52 1
6 752 512 432 232 24 52 1
6 752 513 432 232 24 52 1
6 752 514 433 232 25 52 1
6 752 515 433 232 25 52 1
6 752 516 435 232 25 52 1
6 752 517 435 232 25 52 1
6 752 518 437 232 25 52 1
6 752 519 437 232 25 52 1
6 752 520 439 232 25 52 1
6 752 521 439 232 25 52 1
6 752 522 440 232 25 52 1
6 752 523 440 232 25 52 1
6 752 524 442 232 25 52 1
6 752 525 442 232 25 52 1
6 752 526 444 232 25 52 1
6 752 527 444 232 25 52 1
6 752 528 446 232 25 52 1
6 752 529 446 232 25 52 1
6 752 530 448 232 24 52 1
6 752 531 448 231 24 51 1
6 752 532 449 231 25 51 1
6 752 533 449 231 25 51 1
6 752 534 451 231 25 51 1
6 752 535 453 231 25 49 1
6 752 536 453 231 25 49 1
6 752 537 455 231 25 49 1
6 752 538 456 231 25 49 1
6 752 539 456 231 25 49 1
6 752 540 458 231 25 48 1
6 752 541 460 231 25 48 1
6 752 542 460 231 25 48 1
6 752 543 462 231 25 48 1
6 752 544 462 231 25 46 1
6 752 545 464 231 24 46 1
6 752 546 465 231 25 46 1
6 752 547 465 231 25 46 1
6 752 548 467 231 25 46 1
6 752 549 469 231 25 44 1
6 752 550 469 231 25 44 1
6 752 551 471 231 25 44 1
6 752 552 472 231 25 44 1
6 752 553 472 231 25 42 1
6 752 554 474 231 25 42 1
6 752 555 476 231 25 42 1
6 752 556 476 231 25 42 1
6 752 557 478 231 25 42 1
6 752 558 478 231 25 41 1
6 752 559 480 231 24 41 1
6 752 560 481 231 25 41 1
6 752 561 481 231 25 41 1
6 752 562 483 231 25 39 1
6 752 563 485 231 25 39 1
6 752 564 485 231 25 39 1
6 752 565 487 231 25 39 1
6 752 566 488 231 25 39 1
6 752 567 488 231 25 37 1
6 752 568 490 231 25 37 1
6 752 569 490 231 25 37 1
6 752 570 492 231 25 37 1
6 752 571 494 231 25 35 1
6 752 572 494 231 25 35 1
6 752 573 496 231 24 35 1
6 752 574 497 231 25 35 1
6 752 575 497 231 25 35 1
6 752 576 499 231 25 33 1
6 752 577 501 231 25 33 1
6 752 578 501 231 25 33 1
6 752 579 503 231 25 33 1
6 752 580 504 231 25 33 1
6 752 581 504 231 25 33 1
6 752 582 504 231 25 33 1
6 752 583 506 231 25 33 1
6 752 584 506 231 25 33 1
6 752 585 508 231 25 33 1
6 752 586 508 231 25 33 1
6 752 587 510 231 25 33 1
6 752 588 510 231 25 33 1
6 752 589 512 231 24 33 1
6 752 590 512 231 24 33 1
6 752 591 512 231 24 33 1
6 752 592 513 231 25 33 1
6 752 593 513 231 25 33 1
6 752 594 515 231 25 33 1
6 752 595 515 231 25 33 1
6 752 596 517 231 25 33 1
6 752 597 517 231 25 33 1
6 752 598 519 231 25 33 1
6 752 599 519 231 25 33 1
6 752 600 520 231 25 33 1
6 752 601 520 229 25 35 1
6 752 602 520 229 25 35 1
6 752 603 522 229 25 35 1
6 752 604 522 229 25 35 1
6 752 605 524 229 25 35 1
6 752 606 524 229 25 35 1
6 752 607 526 229 25 35 1
6 752 608 526 229 25 35 1
6 752 609 528 229 24 35 1
6 752 610 528 229 24 35 1
6 752 611 529 229 25 35 1
6 752 612 529 229 25 35 1
6 752 613 531 227 23 37 1
6 752 614 531 227 25 37 1
6 752 615 533 227 23 37 1
6 752 616 533 227 25 37 1
6 752 617 535 227 23 39 1
6 752 618 535 227 25 39 1
6 752 619 536 227 24 39 1
6 752 620 536 227 25 39 1
6 752 621 538 227 23 39 1
6 752 622 538 227 25 39 1
6 752 623 540 227 23 39 1
6 752 624 540 227 25 39 1
6 752 625 542 227 23 39 1
6 752 626 542 225 23 41 1
6 752 627 542 225 25 41 1
6 752 628 544 225 23 41 1
6 752 629 544 225 24 41 1
6 752 630 545 225 23 41 1
6 752 631 545 225 25 41 1
6 752 632 547 225 23 41 1
6 752 633 547 225 25 41 1
6 752 634 549 225 23 43 1
6 752 635 549 225 25 43 1
6 752 636 551 225 23 43 1
6 752 637 551 225 25 43 1
6 752 638 552 224 24 44 1
6 752 639 552 224 24 44 1
6 752 640 554 224 23 44 1
6 752 641 554 224 23 44 1
6 752 642 556 224 23 44 1
6 752 643 556 224 23 44 1
6 752 644 558 224 23 44 1
6 752 645 558 224 23 44 1
6 752 646 560 224 23 44 1
6 752 647 560 224 23 44 1
6 752 648 561 224 23 44 1
6 752 649 561 224 23 44 1
6 752 650 563 224 23 46 1
6 752 651 563 222 23 46 1
6 752 652 563 222 23 46 1
6 752 653 563 222 23 46 1
6 752 654 563 222 23 46 1
6 752 655 563 222 23 46 1
6 752 656 565 222 23 46 1
6 752 657 565 222 23 46 1
6 752 658 565 222 23 46 1
6 752 659 565 222 23 46 1
6 752 660 565 222 23 46 1
6 752 661 567 222 23 46 1
6 752 662 567 222 23 46 1
6 752 663 567 222 23 46 1
6 752 664 567 222 23 46 1
6 752 665 567 222 23 46 1
6 752 666 567 222 23 46 1
6 752 667 568 222 24 46 1
6 752 668 568 222 24 46 1
6 752 669 568 222 24 46 1
6 752 670 568 222 24 46 1
6 752 671 568 222 24 46 1
6 752 672 570 222 23 46 1
6 752 673 570 222 23 46 1
6 752 674 570 222 23 46 1
6 752 675 570 222 23 46 1
6 752 676 570 222 23 46 1
6 752 677 572 222 23 46 1
6 752 678 572 222 23 46 1
6 752 679 572 222 23 46 1
6 752 680 572 222 23 46 1
6 752 681 572 222 23 46 1
6 752 682 572 222 23 46 1
6 752 683 574 222 23 46 1
6 752 684 574 222 23 46 1
6 752 685 574 222 23 46 1
6 752 686 574 222 23 46 1
6 752 687 574 222 23 46 1
6 752 688 576 222 23 46 1
6 752 689 576 222 23 46 1
6 752 690 576 222 23 46 1
6 752 691 576 222 23 46 1
6 752 692 576 222 23 46 1
6 752 693 576 222 23 46 1
6 752 694 577 222 23 46 1
6 752 695 577 222 23 46 1
6 752 696 577 222 23 46 1
6 752 697 577 222 23 46 1
6 752 698 577 222 23 46 1
6 752 699 579 222 23 46 1
6 752 700 579 222 23 46 1
6 752 701 579 222 23 46 1
6 752 702 579 222 23 46 1
6 752 703 579 222 23 46 1
6 752 704 581 222 23 46 1
6 752 705 581 222 23 46 1
6 752 706 581 222 23 46 1
6 752 707 581 222 23 46 1
6 752 708 581 222 23 46 1
6 752 709 581 222 23 46 1
6 752 710 583 222 23 46 1
6 752 711 583 222 23 46 1
6 752 712 583 222 23 46 1
6 752 713 583 222 23 46 1
6 752 714 583 222 23 46 1
6 752 715 584 222 24 46 1
6 752 716 584 222 24 46 1
6 752 717 584 222 24 46 1
6 752 718 584 222 24 46 1
6 752 719 584 222 24 46 1
6 752 720 584 222 24 46 1
6 752 721 586 222 23 46 1
6 752 722 586 222 23 46 1
6 752 723 586 222 23 46 1
6 752 724 586 222 23 46 1
6 752 725 586 222 23 46 1
6 752 726 588 222 23 46 1
6 752 727 588 222 23 46 1
6 752 728 588 222 23 46 1
6 752 729 588 222 23 46 1
6 752 730 588 222 23 46 1
6 752 731 590 222 23 46 1
6 752 732 590 222 23 46 1
6 752 733 590 222 23 46 1
6 752 734 590 222 23 46 1
6 752 735 590 222 23 46 1
6 752 736 590 222 23 46 1
6 752 737 592 222 23 46 1
6 752 738 592 222 23 46 1
6 752 739 592 222 23 46 1
6 752 740 592 222 23 46 1
6 752 741 592 222 23 46 1
6 752 742 593 222 23 46 1
6 752 743 593 222 23 46 1
6 752 744 593 222 23 46 1
6 752 745 593 222 23 46 1
6 752 746 593 222 23 46 1
6 752 747 595 222 23 46 1
6 752 748 595 220 23 46 1
6 752 749 595 220 23 46 1
6 752 750 595 220 23 46 1
6 752 751 595 220 23 46 1
6 752 752 595 220 23 46 1
6 752 753 595 220 23 46 1
6 752 754 595 220 23 46 1
6 752 755 595 220 23 46 1
6 752 756 595 220 23 46 1
6 752 757 595 220 23 46 1
6 752 758 595 220 23 46 1
6 752 759 595 220 23 46 1
6 752 760 595 220 23 46 1
6 752 761 595 220 23 46 1
6 752 762 597 220 23 46 1
6 752 763 597 220 23 46 1
6 752 764 597 220 23 46 1
6 752 765 597 220 23 46 1
6 752 766 597 220 23 46 1
6 752 767 597 220 23 46 1
6 752 768 597 220 23 46 1
6 752 769 597 220 23 46 1
6 752 770 597 220 23 46 1
6 752 771 597 220 23 46 1
6 752 772 597 220 23 46 1
6 752 773 597 220 23 46 1
6 752 774 597 220 23 46 1
6 752 775 597 220 23 46 1
6 752 776 599 220 23 46 1
6 752 777 599 220 23 46 1
6 752 778 599 220 23 46 1
6 752 779 599 220 23 46 1
6 752 780 599 220 23 46 1
6 752 781 599 220 23 46 1
6 752 782 599 220 23 46 1
6 752 783 599 220 23 46 1
6 752 784 599 220 23 46 1
6 752 785 599 220 23 46 1
6 752 786 599 220 23 46 1
6 752 787 599 220 23 46 1
6 752 788 599 220 23 46 1
6 752 789 599 220 23 46 1
6 752 790 600 220 24 46 1
6 752 791 600 220 24 46 1
6 752 792 600 220 24 46 1
6 752 793 600 220 24 46 1
6 752 794 600 220 24 46 1
6 752 795 600 220 24 46 1
6 752 796 600 220 24 46 1
6 752 797 600 220 24 46 1
6 752 798 600 220 24 46 1
6 752 799 600 220 24 46 1
6 752 800 600 220 24 46 1
6 752 801 600 220 24 46 1
6 752 802 600 220 24 46 1
6 752 803 600 220 24 46 1
6 752 804 600 220 24 46 1
6 752 805 600 220 24 46 1
6 752 806 600 220 24 46 1
6 752 807 600 220 24 46 1
6 752 808 600 220 24 46 1
6 752 809 600 220 24 46 1
6 752 810 600 220 24 46 1
6 752 811 600 220 24 46 1
6 752 812 600 220 24 46 1
6 752 813 600 220 24 46 1
6 752 814 600 220 24 46 1
6 752 815 600 220 24 46 1
6 752 816 600 220 24 46 1
6 752 817 600 220 24 46 1
6 752 818 600 220 24 46 1
6 752 819 600 220 24 46 1
6 752 820 600 220 24 46 1
6 752 821 600 220 24 46 1
6 752 822 600 220 24 46 1
6 752 823 600 220 24 46 1
6 752 824 600 220 24 46 1
6 752 825 600 220 24 46 1
6 752 826 600 220 24 46 1
6 752 827 600 220 24 46 1
6 752 828 600 220 24 46 1
6 752 829 600 220 24 46 1
6 752 830 600 220 24 46 1
6 752 831 600 220 24 46 1
6 752 832 600 220 24 46 1
6 752 833 600 220 24 46 1
6 752 834 600 220 24 46 1
6 752 835 600 220 24 46 1
6 752 836 600 220 24 46 1
6 752 837 600 220 24 46 1
6 752 838 602 220 23 46 1
6 752 839 602 220 23 46 1
6 752 840 602 220 23 46 1
6 752 841 602 220 23 46 1
6 752 842 602 220 23 46 1
6 752 843 602 220 23 46 1
6 752 844 602 220 23 46 1
6 752 845 602 220 23 46 1
6 752 846 602 220 23 46 1
6 752 847 602 220 23 46 1
6 752 848 602 220 23 46 1
6 752 849 602 220 23 46 1
6 752 850 602 220 23 46 1
6 752 851 602 220 23 46 1
6 752 852 602 220 23 46 1
6 752 853 602 220 23 46 1
6 752 854 602 220 23 46 1
6 752 855 602 220 23 46 1
6 752 856 602 220 23 46 1
6 752 857 602 220 23 46 1
6 752 858 602 220 23 46 1
6 752 859 602 220 23 46 1
6 752 860 602 220 23 46 1
6 752 861 602 220 23 46 1
6 752 862 602 220 23 46 1
6 752 863 602 220 23 46 1
6 752 864 602 220 23 46 1
6 752 865 602 220 23 46 1
6 752 866 602 220 23 46 1
6 752 867 602 220 23 46 1
6 752 868 602 220 23 46 1
6 752 869 602 220 23 46 1
6 752 870 602 220 23 46 1
6 752 871 602 220 23 46 1
6 752 872 602 220 23 46 1
6 752 873 602 220 23 46 1
6 752 874 602 220 23 46 1
6 752 875 602 220 23 46 1
6 752 876 602 220 23 46 1
6 752 877 602 220 23 46 1
6 752 878 602 220 23 46 1
6 752 879 602 220 23 46 1
6 752 880 602 220 23 46 1
6 752 881 602 220 23 46 1
6 752 882 602 220 23 46 1
6 752 883 602 220 23 46 1
6 752 884 602 220 23 46 1
6 752 885 602 220 23 46 1
6 752 886 602 220 23 46 1
6 752 887 602 220 23 46 1
6 752 888 602 220 23 46 1
6 752 889 602 220 23 46 1
7 307 583 946 208 25 48 1
7 307 584 945 208 25 48 1
7 307 585 945 208 25 48 1
7 307 586 945 208 25 49 1
7 307 587 945 208 25 49 1
7 307 588 945 208 25 50 1
7 307 589 945 208 25 50 1
7 307 590 945 208 25 51 1
7 307 591 945 208 25 51 1
7 307 592 944 208 26 52 1
7 307 593 944 208 26 52 1
7 307 594 944 208 26 53 1
7 307 595 944 207 26 54 1
7 307 596 944 207 26 55 1
7 307 597 944 207 26 55 1
7 307 598 944 207 26 55 1
7 307 599 944 207 25 56 1
7 307 600 943 207 26 56 1
7 307 601 942 208 26 56 1
7 307 602 940 208 27 56 1
7 307 603 940 208 27 56 1
7 307 604 938 208 27 56 1
7 307 605 938 208 27 56 1
7 307 606 936 208 27 56 1
7 307 607 935 208 26 56 1
7 307 608 935 208 26 56 1
7 307 609 933 208 27 56 1
7 307 610 933 208 27 56 1
7 307 611 931 208 27 56 1
7 307 612 929 208 27 56 1
7 307 613 929 209 27 57 1
7 307 614 928 209 26 57 1
7 307 615 928 209 26 57 1
7 307 616 926 209 26 57 1
7 307 617 924 209 27 57 1
7 307 618 924 209 27 57 1
7 307 619 922 209 27 57 1
7 307 620 922 209 27 57 1
7 307 621 920 209 27 57 1
7 307 622 919 209 26 57 1
7 307 623 919 209 26 57 1
7 307 624 917 209 27 57 1
7 307 625 917 211 27 57 1
7 307 626 915 211 27 57 1
7 307 627 913 211 27 57 1
7 307 628 913 211 27 57 1
7 307 629 912 211 26 57 1
7 307 630 912 211 26 57 1
7 307 631 910 211 26 57 1
7 307 632 908 211 27 57 1
7 307 633 908 211 27 57 1
7 307 634 906 211 27 57 1
7 307 635 906 211 27 57 1
7 307 636 904 211 27 57 1
7 307 637 903 211 26 57 1
7 307 638 903 213 26 57 1
7 307 639 901 213 27 57 1
7 307 640 901 213 27 57 1
7 307 641 899 213 27 57 1
7 307 642 897 213 27 57 1
7 307 643 897 213 27 57 1
7 307 644 896 213 26 57 1
7 307 645 896 213 26 57 1
7 307 646 894 213 26 57 1
7 307 647 892 213 27 57 1
7 307 648 892 213 27 57 1
7 307 649 890 213 27 57 1
7 307 650 890 215 27 57 1
7 307 651 888 213 27 57 1
7 307 652 887 213 26 57 1
7 307 653 885 213 27 57 1
7 307 654 885 213 27 57 1
7 307 655 883 213 27 57 1
7 307 656 881 213 27 57 1
7 307 657 880 213 26 57 1
7 307 658 880 213 26 57 1
7 307 659 878 213 26 57 1
7 307 660 876 213 27 57 1
7 307 661 874 213 27 57 1
7 307 662 874 213 27 57 1
7 307 663 872 213 27 57 1
7 307 664 871 213 26 57 1
7 307 665 871 213 26 57 1
7 307 666 869 213 27 57 1
7 307 667 867 213 27 57 1
7 307 668 865 213 27 57 1
7 307 669 865 213 27 57 1
7 307 670 864 213 26 57 1
7 307 671 862 213 26 57 1
7 307 672 860 213 27 57 1
7 307 673 860 213 27 57 1
7 307 674 858 213 27 57 1
7 307 675 856 213 27 57 1
7 307 676 855 213 26 57 1
7 307 677 855 213 26 57 1
7 307 678 853 213 27 57 1
7 307 679 851 213 27 57 1
7 307 680 851 213 27 57 1
7 307 681 849 213 27 57 1
7 307 682 848 213 26 57 1
7 307 683 846 213 26 57 1
7 307 684 846 213 26 57 1
7 307 685 844 213 27 57 1
7 307 686 842 213 27 57 1
7 307 687 840 213 27 57 1
7 307 688 840 213 27 57 1
7 307 689 839 213 26 57 1
7 307 690 837 213 27 57 1
7 307 691 835 213 27 57 1
7 307 692 835 213 27 57 1
7 307 693 833 213 27 57 1
7 307 694 832 213 26 57 1
7 307 695 832 213 26 57 1
7 307 696 830 213 26 57 1
7 307 697 828 213 27 57 1
7 307 698 826 213 27 57 1
7 307 699 826 213 27 57 1
7 307 700 824 213 27 57 1
7 307 701 823 213 26 57 1
7 307 702 821 213 27 57 1
7 307 703 821 213 27 57 1
7 307 704 819 213 27 57 1
7 307 705 817 213 27 57 1
7 307 706 817 213 27 57 1
7 307 707 816 213 26 57 1
7 307 708 814 213 26 57 1
7 307 709 812 213 27 57 1
7 307 710 812 213 27 57 1
7 307 711 810 213 27 57 1
7 307 712 808 213 27 57 1
7 307 713 807 213 26 57 1
7 307 714 807 213 26 57 1
7 307 715 805 213 27 57 1
7 307 716 803 213 27 57 1
7 307 717 801 213 27 57 1
7 307 718 801 213 27 57 1
7 307 719 800 213 26 57 1
7 307 720 798 213 26 57 1
7 307 721 798 213 26 57 1
7 307 722 796 213 27 57 1
7 307 723 794 213 27 57 1
7 307 724 792 213 27 57 1
7 307 725 792 213 27 57 1
7 307 726 791 213 26 57 1
7 307 727 789 213 27 57 1
7 307 728 787 213 27 57 1
7 307 729 787 213 27 57 1
7 307 730 785 213 27 57 1
7 307 731 784 213 26 57 1
7 307 732 782 213 26 57 1
7 307 733 782 213 26 57 1
7 307 734 780 213 27 57 1
7 307 735 778 213 27 57 1
7 307 736 778 213 27 57 1
7 307 737 776 213 27 57 1
7 307 738 775 213 26 57 1
7 307 739 773 213 27 57 1
7 307 740 773 213 27 57 1
7 307 741 771 213 27 57 1
7 307 742 769 213 27 57 1
7 307 743 768 213 26 57 1
7 307 744 768 213 26 57 1
7 307 745 766 213 26 57 1
7 307 746 764 213 27 57 1
7 307 747 764 213 27 57 1
7 307 748 762 213 27 57 1
7 307 749 760 213 27 57 1
7 307 750 760 213 25 57 1
7 307 751 759 213 26 57 1
7 307 752 757 213 27 57 1
7 307 753 757 213 25 57 1
7 307 754 755 213 27 57 1
7 307 755 753 213 27 57 1
7 307 756 753 213 25 57 1
7 307 757 752 213 26 57 1
7 307 758 750 213 26 57 1
7 307 759 750 213 25 57 1
7 307 760 748 213 25 57 1
7 307 761 746 213 27 57 1
7 307 762 746 213 25 57 1
7 307 763 744 213 25 57 1
7 307 764 743 213 26 57 1
7 307 765 743 213 25 57 1
7 307 766 741 213 25 57 1
7 307 767 739 213 27 57 1
7 307 768 739 213 25 57 1
7 307 769 737 213 25 57 1
7 307 770 737 213 23 57 1
7 307 771 736 213 24 57 1
7 307 772 734 213 25 57 1
7 307 773 734 213 23 57 1
7 307 774 732 213 25 57 1
7 307 775 730 213 25 57 1
7 307 776 730 213 23 57 1
7 307 777 728 213 25 57 1
7 307 778 727 213 25 57 1
7 307 779 727 213 23 57 1
7 307 780 725 213 23 57 1
7 307 781 723 213 25 57 1
7 307 782 723 213 23 57 1
7 307 783 721 213 23 57 1
7 307 784 720 213 24 57 1
7 307 785 720 213 23 57 1
7 307 786 718 213 23 57 1
7 307 787 716 213 25 57 1
7 307 788 716 213 23 57 1
7 307 789 714 213 23 57 1
7 307 790 714 215 23 57 1
7 307 791 712 215 24 57 1
7 307 792 711 215 23 57 1
7 307 793 711 215 23 57 1
7 307 794 709 215 23 57 1
7 307 795 707 215 23 57 1
7 307 796 707 215 23 57 1
7 307 797 705 215 23 57 1
7 307 798 704 215 23 57 1
7 307 799 704 215 23 57 1
7 307 800 702 215 23 57 1
7 307 801 700 215 23 57 1
7 307 802 700 215 23 57 1
7 307 803 698 215 23 57 1
7 307 804 696 215 24 57 1
7 307 805 696 215 24 57 1
7 307 806 695 215 23 57 1
7 307 807 693 215 23 57 1
7 307 808 693 215 23 57 1
7 307 809 691 215 23 57 1
7 307 810 689 215 23 57 1
7 307 811 689 215 23 57 1
7 307 812 688 215 23 57 1
7 307 813 686 215 23 57 1
7 307 814 686 215 23 57 1
7 307 815 684 215 23 57 1
7 307 816 682 215 23 57 1
7 307 817 682 215 23 57 1
7 307 818 680 215 24 57 1
7 307 819 679 215 23 57 1
7 307 820 679 215 23 57 1
7 307 821 677 215 23 57 1
7 307 822 675 215 23 57 1
7 307 823 675 215 23 57 1
7 307 824 673 215 23 57 1
7 307 825 672 215 23 57 1
7 307 826 672 215 23 57 1
7 307 827 670 215 23 57 1
7 307 828 668 215 23 57 1
7 307 829 668 215 23 57 1
7 307 830 666 215 23 57 1
7 307 831 664 215 24 57 1
7 307 832 664 215 24 57 1
7 307 833 663 215 23 57 1
7 307 834 661 215 23 57 1
7 307 835 661 215 23 57 1
7 307 836 659 215 23 57 1
7 307 837 657 215 23 57 1
7 307 838 657 215 23 57 1
7 307 839 656 215 23 57 1
7 307 840 654 215 23 57 1
7 307 841 654 215 23 57 1
7 307 842 652 215 23 57 1
7 307 843 650 215 23 57 1
7 307 844 650 215 23 57 1
7 307 845 648 215 24 57 1
7 307 846 647 215 23 57 1
7 307 847 647 215 23 57 1
7 307 848 645 215 23 57 1
7 307 849 643 215 23 57 1
7 307 850 643 215 23 57 1
7 307 851 641 215 23 57 1
7 307 852 640 215 23 57 1
7 307 853 640 215 23 57 1
7 307 854 638 215 23 57 1
7 307 855 636 215 23 57 1
7 307 856 636 215 23 57 1
7 307 857 634 215 23 57 1
7 307 858 632 215 24 57 1
7 307 859 632 215 24 57 1
7 307 860 631 215 23 57 1
7 307 861 629 215 23 57 1
7 307 862 629 215 23 57 1
7 307 863 627 215 23 57 1
7 307 864 625 215 23 57 1
7 307 865 625 215 23 57 1
7 307 866 624 215 23 57 1
7 307 867 622 215 23 57 1
7 307 868 622 215 23 57 1
7 307 869 620 215 23 57 1
7 307 870 618 215 23 57 1
7 307 871 618 215 23 57 1
7 307 872 616 215 24 57 1
7 307 873 615 215 23 57 1
7 307 874 615 215 23 57 1
7 307 875 613 215 23 57 1
7 307 876 611 215 23 57 1
7 307 877 611 215 23 57 1
7 307 878 609 215 23 57 1
7 307 879 608 215 23 57 1
7 307 880 608 215 23 57 1
7 307 881 606 215 23 57 1
7 307 882 604 215 23 57 1
7 307 883 604 215 23 57 1
7 307 884 602 215 23 57 1
7 307 885 600 215 24 57 1
7 307 886 600 215 24 57 1
7 307 887 599 215 23 57 1
7 307 888 597 215 23 57 1
7 307 889 597 216 23 57 1
8 290 600 926 702 34 16 1
8 290 601 924 700 34 18 1
8 290 602 924 700 34 18 1
8 290 603 924 700 34 18 1
8 290 604 924 700 34 18 1
8 290 605 924 700 34 18 1
8 290 606 924 700 34 18 1
8 290 607 924 700 34 18 1
8 290 608 924 700 34 18 1
8 290 609 924 700 34 18 1
8 290 610 924 700 34 18 1
8 290 611 924 700 34 18 1
8 290 612 924 700 34 18 1
8 290 613 924 700 34 18 1
8 290 614 924 700 34 18 1
8 290 615 924 700 34 18 1
8 290 616 924 700 34 18 1
8 290 617 924 700 34 18 1
8 290 618 924 700 34 18 1
8 290 619 924 700 34 18 1
8 290 620 924 700 34 18 1
8 290 621 924 700 34 18 1
8 290 622 924 700 34 18 1
8 290 623 924 700 34 18 1
8 290 624 924 700 34 18 1
8 290 625 924 700 34 18 1
8 290 626 924 700 34 18 1
8 290 627 924 700 34 18 1
8 290 628 924 700 34 18 1
8 290 629 924 700 34 18 1
8 290 630 924 700 34 18 1
8 290 631 924 700 34 18 1
8 290 632 924 700 34 18 1
8 290 633 924 700 34 18 1
8 290 634 924 700 34 18 1
8 290 635 924 700 34 18 1
8 290 636 924 700 34 18 1
8 290 637 924 700 34 18 1
8 290 638 924 700 34 18 1
8 290 639 924 700 34 18 1
8 290 640 924 700 34 18 1
8 290 641 924 700 34 18 1
8 290 642 924 700 34 18 1
8 290 643 924 700 34 18 1
8 290 644 924 700 34 18 1
8 290 645 924 700 34 18 1
8 290 646 924 700 34 18 1
8 290 647 924 700 34 18 1
8 290 648 924 700 34 18 1
8 290 649 924 700 34 18 1
8 290 650 924 700 34 18 1
8 290 651 924 700 34 18 1
8 290 652 924 700 34 18 1
8 290 653 924 700 34 18 1
8 290 654 924 700 34 18 1
8 290 655 922 700 34 18 1
8 290 656 922 700 34 18 1
8 290 657 922 700 34 18 1
8 290 658 922 700 34 18 1
8 290 659 920 700 34 18 1
8 290 660 920 700 34 18 1
8 290 661 920 700 34 18 1
8 290 662 920 700 34 18 1
8 290 663 920 700 34 18 1
8 290 664 919 700 33 18 1
8 290 665 919 700 33 18 1
8 290 666 919 700 33 18 1
8 290 667 919 700 33 18 1
8 290 668 917 700 34 18 1
8 290 669 917 700 34 18 1
8 290 670 917 700 34 18 1
8 290 671 917 700 34 18 1
8 290 672 917 700 34 18 1
8 290 673 915 700 34 18 1
8 290 674 915 702 34 16 1
8 290 675 915 702 34 16 1
8 290 676 915 702 34 16 1
8 290 677 915 702 34 16 1
8 290 678 913 702 34 16 1
8 290 679 913 702 34 16 1
8 290 680 913 702 34 16 1
8 290 681 913 702 34 16 1
8 290 682 912 702 33 16 1
8 290 683 912 702 33 16 1
8 290 684 912 702 33 16 1
8 290 685 912 702 33 16 1
8 290 686 912 702 33 16 1
8 290 687 910 702 34 16 1
8 290 688 910 702 34 16 1
8 290 689 910 702 34 16 1
8 290 690 910 702 34 16 1
8 290 691 908 702 34 16 1
8 290 692 908 702 34 16 1
8 290 693 908 702 34 16 1
8 290 694 908 704 34 14 1
8 290 695 908 704 34 14 1
8 290 696 906 704 34 14 1
8 290 697 906 704 34 14 1
8 290 698 906 704 34 14 1
8 290 699 906 704 34 14 1
8 290 700 906 704 34 14 1
8 290 701 904 704 34 14 1
8 290 702 904 704 34 14 1
8 290 703 904 704 34 14 1
8 290 704 904 704 34 14 1
8 290 705 903 704 33 14 1
8 290 706 903 704 33 14 1
8 290 707 903 704 33 14 1
8 290 708 903 704 33 14 1
8 290 709 903 704 33 14 1
8 290 710 901 704 34 14 1
8 290 711 901 704 34 14 1
8 290 712 901 704 34 14 1
8 290 713 901 704 34 14 1
8 290 714 901 705 34 13 1
8 290 715 901 704 34 14 1
8 290 716 901 704 34 14 1
8 290 717 901 704 34 14 1
8 290 718 901 704 34 14 1
8 290 719 903 704 33 14 1
8 290 720 903 704 33 14 1
8 290 721 903 704 33 14 1
8 290 722 903 704 33 14 1
8 290 723 903 704 33 14 1
8 290 724 904 704 34 14 1
8 290 725 904 704 34 14 1
8 290 726 904 704 34 14 1
8 290 727 904 704 34 14 1
8 290 728 904 704 34 14 1
8 290 729 906 704 34 14 1
8 290 730 906 704 34 14 1
8 290 731 906 704 34 14 1
8 290 732 906 704 34 14 1
8 290 733 908 704 34 14 1
8 290 734 908 704 34 14 1
8 290 735 908 704 34 14 1
8 290 736 908 704 34 14 1
8 290 737 908 704 34 14 1
8 290 738 910 704 34 14 1
8 290 739 910 704 34 14 1
8 290 740 910 704 34 14 1
8 290 741 910 702 34 16 1
8 290 742 910 702 34 16 1
8 290 743 912 702 33 16 1
8 290 744 912 702 33 16 1
8 290 745 912 702 33 16 1
8 290 746 912 702 33 16 1
8 290 747 912 702 33 16 1
8 290 748 913 702 34 16 1
8 290 749 913 702 34 16 1
8 290 750 913 702 34 16 1
8 290 751 913 702 34 16 1
8 290 752 915 702 34 16 1
8 290 753 915 702 34 16 1
8 290 754 915 702 34 16 1
8 290 755 915 702 34 16 1
8 290 756 915 702 34 16 1
8 290 757 917 702 34 16 1
8 290 758 917 702 34 16 1
8 290 759 917 702 34 16 1
8 290 760 917 702 34 16 1
8 290 761 917 702 34 16 1
8 290 762 919 702 33 16 1
8 290 763 919 702 33 16 1
8 290 764 919 702 33 16 1
8 290 765 919 702 33 16 1
8 290 766 920 702 34 16 1
8 290 767 919 702 33 16 1
8 290 768 919 702 33 16 1
8 290 769 919 702 33 16 1
8 290 770 919 702 33 16 1
8 290 771 919 702 33 16 1
8 290 772 919 702 33 16 1
8 290 773 919 702 33 16 1
8 290 774 919 702 33 16 1
8 290 775 919 702 33 16 1
8 290 776 919 702 33 16 1
8 290 777 919 702 33 16 1
8 290 778 919 702 33 16 1
8 290 779 919 702 33 16 1
8 290 780 919 702 33 16 1
8 290 781 919 702 33 16 1
8 290 782 917 702 34 16 1
8 290 783 917 702 34 16 1
8 290 784 917 702 34 16 1
8 290 785 917 702 34 16 1
8 290 786 917 702 34 16 1
8 290 787 917 702 34 16 1
8 290 788 917 702 34 16 1
8 290 789 917 702 34 16 1
8 290 790 917 702 34 16 1
8 290 791 917 702 34 16 1
8 290 792 917 702 34 16 1
8 290 793 917 702 34 16 1
8 290 794 917 702 34 16 1
8 290 795 917 702 34 16 1
8 290 796 917 702 34 16 1
8 290 797 915 702 34 16 1
8 290 798 915 702 34 16 1
8 290 799 915 702 34 16 1
8 290 800 915 702 34 16 1
8 290 801 915 702 34 16 1
8 290 802 915 702 34 16 1
8 290 803 915 702 34 16 1
8 290 804 915 702 34 16 1
8 290 805 915 702 34 16 1
8 290 806 915 702 34 16 1
8 290 807 915 702 34 16 1
8 290 808 915 702 34 16 1
8 290 809 915 702 34 16 1
8 290 810 915 702 34 16 1
8 290 811 915 702 34 16 1
8 290 812 915 704 34 14 1
8 290 813 913 704 34 14 1
8 290 814 913 704 34 14 1
8 290 815 913 704 34 14 1
8 290 816 913 704 34 14 1
8 290 817 913 704 34 14 1
8 290 818 913 704 34 14 1
8 290 819 913 704 34 14 1
8 290 820 913 704 34 14 1
8 290 821 913 704 34 14 1
8 290 822 913 704 34 14 1
8 290 823 913 704 34 14 1
8 290 824 913 704 34 14 1
8 290 825 913 704 34 14 1
8 290 826 913 704 34 14 1
8 290 827 913 704 34 14 1
8 290 828 912 704 33 14 1
8 290 829 912 704 33 14 1
8 290 830 912 704 33 14 1
8 290 831 912 704 33 14 1
8 290 832 912 704 33 14 1
8 290 833 912 704 33 14 1
8 290 834 912 704 33 14 1
8 290 835 912 704 33 14 1
8 290 836 912 704 33 14 1
8 290 837 912 704 33 14 1
8 290 838 912 704 33 14 1
8 290 839 912 704 33 14 1
8 290 840 912 704 33 14 1
8 290 841 912 704 33 14 1
8 290 842 912 704 33 14 1
8 290 843 910 704 34 14 1
8 290 844 910 704 34 14 1
8 290 845 910 704 34 14 1
8 290 846 910 704 34 14 1
8 290 847 910 704 34 14 1
8 290 848 910 704 34 14 1
8 290 849 910 704 34 14 1
8 290 850 910 704 34 14 1
8 290 851 910 704 34 14 1
8 290 852 910 704 34 14 1
8 290 853 910 704 34 14 1
8 290 854 910 704 34 14 1
8 290 855 910 704 34 14 1
8 290 856 910 704 34 14 1
8 290 857 910 704 34 14 1
8 290 858 910 705 34 13 1
8 290 859 910 705 34 13 1
8 290 860 910 705 34 13 1
8 290 861 910 705 34 13 1
8 290 862 910 705 34 13 1
8 290 863 910 705 34 13 1
8 290 864 910 705 34 13 1
8 290 865 910 705 34 13 1
8 290 866 910 705 34 13 1
8 290 867 910 705 34 13 1
8 290 868 910 705 34 13 1
8 290 869 910 705 34 13 1
8 290 870 910 705 34 13 1
8 290 871 910 705 34 13 1
8 290 872 910 705 34 13 1
8 290 873 910 705 34 13 1
8 290 874 910 705 34 13 1
8 290 875 910 705 34 13 1
8 290 876 910 705 34 13 1
8 290 877 910 705 34 13 1
8 290 878 910 705 34 13 1
8 290 879 910 705 34 13 1
8 290 880 910 705 34 13 1
8 290 881 910 705 34 13 1
8 290 882 910 705 34 13 1
8 290 883 910 705 34 13 1
8 290 884 910 705 34 13 1
8 290 885 910 705 34 13 1
8 290 886 910 705 34 13 1
8 290 887 910 705 34 13 1
8 290 888 910 705 34 13 1
8 290 889 910 705 34 13 1
