0 286 36 1244 346 34 132 1
0 286 37 1242 348 36 132 1
0 286 38 1240 350 38 131 1
0 286 39 1239 352 39 131 1
0 286 40 1237 353 41 132 1
0 286 41 1235 355 43 132 1
0 286 42 1235 359 43 129 1
0 286 43 1233 360 45 130 1
0 286 44 1232 362 46 132 1
0 286 45 1230 364 48 132 1
0 286 46 1228 366 50 131 1
0 286 47 1228 369 50 130 1
0 286 48 1226 371 52 130 1
0 286 49 1224 373 54 130 1
0 286 50 1223 375 55 129 1
0 286 51 1221 376 57 130 1
0 286 52 1221 380 57 130 1
0 286 53 1217 380 57 128 1
0 286 54 1216 382 56 126 1
0 286 55 1212 384 57 124 1
0 286 56 1210 385 57 123 1
0 286 57 1207 387 57 121 1
0 286 58 1205 389 57 119 1
0 286 59 1201 391 57 117 1
0 286 60 1200 392 56 116 1
0 286 61 1198 394 55 114 1
0 286 62 1194 394 57 114 1
0 286 63 1192 396 56 112 1
0 286 64 1189 398 57 110 1
0 286 65 1187 400 55 108 1
0 286 66 1184 401 56 107 1
0 286 67 1182 403 55 105 1
0 286 68 1178 405 57 103 1
0 286 69 1176 407 56 101 1
0 286 70 1175 408 55 100 1
0 286 71 1173 408 53 100 1
0 286 72 1171 408 53 102 1
0 286 73 1169 408 54 104 1
0 286 74 1168 408 53 105 1
0 286 75 1166 410 53 105 1
0 286 76 1164 410 52 107 1
0 286 77 1162 410 52 109 1
0 286 78 1160 410 52 110 1
0 286 79 1159 410 51 112 1
0 286 80 1157 412 51 112 1
0 286 81 1157 412 44 112 1
0 286 82 1157 412 39 112 1
0 286 83 1157 412 34 112 1
0 286 84 1157 412 28 112 1
0 286 85 1143 412 42 119 1
0 286 86 1130 412 55 126 1
0 286 87 1125 412 55 126 1
0 286 88 1121 412 55 126 1
0 286 89 1118 412 53 128 1
0 286 90 1112 412 56 128 1
0 286 91 1109 412 53 130 1
0 286 92 1105 414 54 128 1
0 286 93 1102 414 51 130 1
0 286 94 1096 414 54 130 1
0 286 95 1093 414 51 131 1
0 286 96 1089 414 52 131 1
0 286 97 1086 416 50 131 1
0 286 98 1080 416 52 131 1
0 286 99 1077 416 50 133 1
0 286 100 1073 416 50 133 1
0 286 101 1068 416 50 133 1
0 286 102 1064 417 50 134 1
0 286 103 1061 417 48 134 1
0 286 104 1057 417 48 135 1
0 286 105 1052 417 48 135 1
0 286 106 1048 417 48 137 1
0 286 107 1045 419 46 135 1
0 286 108 1041 419 47 137 1
0 286 109 1036 419 46 137 1
0 286 110 1032 419 47 139 1
0 286 111 1029 419 44 139 1
0 286 112 1025 421 45 139 1
0 286 113 1022 421 46 139 1
0 286 114 1018 421 48 139 1
0 286 115 1015 421 49 140 1
0 286 116 1011 421 52 140 1
0 286 117 1009 421 52 140 1
0 286 118 1006 421 53 142 1
0 286 119 1002 421 55 142 1
0 286 120 999 421 57 142 1
0 286 121 995 421 59 144 1
0 286 122 993 421 59 144 1
0 286 123 990 421 60 144 1
0 286 124 986 421 62 146 1
0 286 125 983 421 64 146 1
0 286 126 981 421 66 147 1
0 286 127 977 421 66 147 1
0 286 128 976 421 65 149 1
0 286 129 972 423 66 147 1
0 286 130 970 423 66 149 1
0 286 131 967 424 65 150 1
0 286 132 965 424 66 150 1
0 286 133 963 424 66 152 1
0 286 134 960 426 65 151 1
0 286 135 958 426 66 151 1
0 286 136 954 428 66 151 1
0 286 137 952 428 66 151 1
0 286 138 949 430 66 151 1
0 286 139 947 430 66 153 1
0 286 140 945 430 66 153 1
0 286 141 942 432 66 152 1
0 286 142 940 432 66 154 1
0 286 143 936 433 66 153 1
0 286 144 935 433 65 155 1
0 286 145 933 435 66 155 1
0 286 146 931 435 68 155 1
0 286 147 931 435 68 157 1
0 286 148 931 437 68 155 1
0 286 149 929 437 70 156 1
0 286 150 929 439 70 156 1
0 286 151 929 439 70 156 1
0 286 152 929 439 71 158 1
0 286 153 928 440 72 159 1
0 286 154 928 440 72 159 1
0 286 155 928 442 72 158 1
0 286 156 928 442 72 158 1
0 286 157 926 444 74 158 1
0 286 158 926 444 76 160 1
0 286 159 926 444 76 160 1
0 286 160 926 446 76 160 1
0 286 161 924 446 78 162 1
0 286 162 924 448 78 160 1
0 286 163 924 448 78 161 1
0 286 164 924 449 80 162 1
0 286 165 924 449 80 164 1
0 286 166 924 451 80 164 1
0 286 167 924 453 80 163 1
0 286 168 926 455 78 163 1
0 286 169 926 456 78 166 1
0 286 170 926 458 78 166 1
0 286 171 928 458 76 167 1
0 286 172 928 460 76 167 1
0 286 173 928 462 76 167 1
0 286 174 929 464 75 168 1
0 286 175 929 465 75 169 1
0 286 176 929 467 75 169 1
0 286 177 931 467 73 171 1
0 286 178 931 469 73 171 1
0 286 179 931 471 73 172 1
0 286 180 933 472 71 173 1
0 286 181 933 474 71 173 1
0 286 182 933 476 71 172 1
0 286 183 935 478 69 174 1
0 286 184 935 478 69 176 1
0 286 185 935 480 71 176 1
0 286 186 936 481 70 176 1
0 286 187 936 481 72 178 1
0 286 188 938 483 70 178 1
0 286 189 938 485 71 179 1
0 286 190 938 485 71 181 1
0 286 191 940 487 71 181 1
0 286 192 940 488 71 182 1
0 286 193 942 488 71 184 1
0 286 194 942 490 71 185 1
0 286 195 942 492 73 185 1
0 286 196 944 492 71 187 1
0 286 197 944 494 72 186 1
0 286 198 945 496 71 186 1
0 286 199 945 496 73 188 1
0 286 200 945 497 73 191 1
0 286 201 947 499 73 190 1
0 286 202 947 499 73 192 1
0 286 203 949 501 73 192 1
0 286 204 949 503 73 192 1
0 286 205 951 504 73 194 1
0 286 206 952 504 75 194 1
0 286 207 954 506 77 194 1
0 286 208 958 508 76 194 1
0 286 209 960 510 78 194 1
0 286 210 963 510 78 195 1
0 286 211 965 512 80 195 1
0 286 212 967 513 81 196 1
0 286 213 970 515 82 196 1
0 286 214 972 515 84 197 1
0 286 215 976 517 83 197 1
0 286 216 977 519 86 197 1
0 286 217 981 520 87 198 1
0 286 218 981 522 87 196 1
0 286 219 983 524 85 194 1
0 286 220 984 526 84 192 1
0 286 221 986 528 82 190 1
0 286 222 988 529 82 189 1
0 286 223 990 531 80 187 1
0 286 224 992 533 78 185 1
0 286 225 993 535 77 183 1
0 286 226 995 536 77 182 1
0 286 227 997 538 75 180 1
0 286 228 999 540 73 178 1
0 286 229 1000 542 72 176 1
0 286 230 1002 545 71 173 1
0 286 231 1006 547 73 171 1
0 286 232 1009 549 75 169 1
0 286 233 1013 551 76 167 1
0 286 234 1016 554 79 164 1
0 286 235 1020 556 80 162 1
0 286 236 1024 558 81 160 1
0 286 237 1027 561 84 157 1
0 286 238 1031 563 85 155 1
0 286 239 1034 565 87 153 1
0 286 240 1038 567 89 151 1
0 286 241 1041 570 91 148 1
0 286 242 1045 572 92 146 1
0 286 243 1048 574 95 144 1
0 286 244 1052 577 98 141 1
0 286 245 1054 579 98 139 1
0 286 246 1057 581 98 137 1
0 286 247 1061 583 96 135 1
0 286 248 1063 584 97 134 1
0 286 249 1066 588 98 130 1
0 286 250 1070 590 96 128 1
0 286 251 1072 592 97 126 1
0 286 252 1075 593 96 125 1
0 286 253 1079 595 96 123 1
0 286 254 1082 599 96 119 1
0 286 255 1084 600 96 118 1
0 286 256 1088 602 96 116 1
0 286 257 1091 604 94 114 1
0 286 258 1093 606 96 112 1
0 286 259 1096 609 96 109 1
0 286 260 1100 611 94 107 1
0 286 261 1102 613 96 105 1
0 286 262 1105 615 95 103 1
0 286 263 1109 616 94 102 1
0 286 264 1112 620 95 98 1
0 286 265 1116 622 92 96 1
0 286 266 1121 625 91 93 1
0 286 267 1125 629 89 89 1
0 286 268 1130 631 87 87 1
0 286 269 1134 634 85 84 1
0 286 270 1139 638 84 80 1
0 286 271 1143 640 81 78 1
0 286 272 1148 643 80 75 1
0 286 273 1152 647 78 71 1
0 286 274 1157 648 76 70 1
0 286 275 1160 652 75 66 1
0 286 276 1166 656 73 62 1
0 286 277 1169 657 71 61 1
0 286 278 1175 661 69 57 1
0 286 279 1180 664 68 54 1
0 286 280 1187 668 64 50 1
0 286 281 1194 672 62 46 1
0 286 282 1203 675 59 43 1
0 286 283 1210 679 57 39 1
0 286 284 1219 682 53 36 1
0 286 285 1226 682 48 36 1
0 286 286 1233 684 45 34 1
0 286 321 1130 412 55 126 1
1 557 0 39 277 37 80 1
1 557 1 40 275 38 80 1
1 557 2 42 275 38 80 1
1 557 3 44 275 37 80 1
1 557 4 46 275 37 80 1
1 557 5 48 275 37 80 1
1 557 6 51 275 36 80 1
1 557 7 53 275 35 80 1
1 557 8 55 275 35 80 1
1 557 9 56 275 36 80 1
1 557 10 58 275 36 80 1
1 557 11 60 275 36 80 1
1 557 12 64 275 33 80 1
1 557 13 65 275 34 80 1
1 557 14 67 275 34 80 1
1 557 15 69 275 34 80 1
1 557 16 71 275 33 80 1
1 557 17 72 275 34 80 1
1 557 18 76 275 32 80 1
1 557 19 78 275 32 78 1
1 557 20 80 275 32 78 1
1 557 21 81 275 32 78 1
1 557 22 83 275 32 78 1
1 557 23 87 275 32 78 1
1 557 24 88 275 32 77 1
1 557 25 90 275 32 77 1
1 557 26 92 275 32 77 1
1 557 27 96 275 32 77 1
1 557 28 97 275 32 77 1
1 557 29 99 275 32 75 1
1 557 30 101 275 32 75 1
1 557 31 104 275 32 75 1
1 557 32 106 275 32 75 1
1 557 33 108 275 32 75 1
1 557 34 110 275 32 73 1
1 557 35 113 275 32 73 1
1 557 36 115 275 32 73 1
1 557 37 117 275 32 73 1
1 557 38 119 275 32 73 1
1 557 39 122 275 32 71 1
1 557 40 124 275 32 71 1
1 557 41 126 275 32 71 1
1 557 42 128 275 32 71 1
1 557 43 131 277 32 69 1
1 557 44 133 275 32 69 1
1 557 45 135 275 32 69 1
1 557 46 136 275 32 69 1
1 557 47 138 275 32 69 1
1 557 48 140 275 32 69 1
1 557 49 142 275 32 69 1
1 557 50 144 275 32 69 1
1 557 51 145 275 32 69 1
1 557 52 147 275 32 69 1
1 557 53 149 275 32 69 1
1 557 54 151 275 32 69 1
1 557 55 152 275 32 69 1
1 557 56 154 275 32 69 1
1 557 57 156 275 34 69 1
1 557 58 158 275 34 68 1
1 557 59 160 275 33 68 1
1 557 60 161 275 34 68 1
1 557 61 163 275 34 68 1
1 557 62 165 275 34 68 1
1 557 63 167 275 33 68 1
1 557 64 168 275 34 68 1
1 557 65 170 275 34 68 1
1 557 66 172 275 34 68 1
1 557 67 174 275 34 68 1
1 557 68 176 275 33 68 1
1 557 69 177 275 34 68 1
1 557 70 179 275 34 68 1
1 557 71 181 275 35 68 1
1 557 72 183 275 35 66 1
1 557 73 184 275 36 66 1
1 557 74 186 275 36 66 1
1 557 75 188 275 36 66 1
1 557 76 190 275 35 66 1
1 557 77 192 275 35 66 1
1 557 78 193 275 36 66 1
1 557 79 195 275 36 66 1
1 557 80 197 275 35 66 1
1 557 81 199 275 35 66 1
1 557 82 200 275 36 66 1
1 557 83 202 275 36 66 1
1 557 84 204 275 36 66 1
1 557 85 208 275 35 66 1
1 557 86 209 275 36 66 1
1 557 87 211 275 36 66 1
1 557 88 213 275 35 66 1
1 557 89 215 275 35 66 1
1 557 90 216 275 36 66 1
1 557 91 218 275 36 66 1
1 557 92 220 275 36 66 1
1 557 93 222 275 35 66 1
1 557 94 224 275 35 66 1
1 557 95 225 275 36 66 1
1 557 96 229 275 34 66 1
1 557 97 231 275 33 66 1
1 557 98 232 275 34 66 1
1 557 99 234 275 34 66 1
1 557 100 236 275 34 66 1
1 557 101 238 275 34 66 1
1 557 102 240 275 33 66 1
1 557 103 241 275 34 66 1
1 557 104 243 275 34 66 1
1 557 105 245 275 34 66 1
1 557 106 247 275 33 66 1
1 557 107 250 275 32 66 1
1 557 108 250 273 32 66 1
1 557 109 252 273 32 66 1
1 557 110 254 273 32 66 1
1 557 111 256 273 32 66 1
1 557 112 257 273 32 66 1
1 557 113 259 273 32 66 1
1 557 114 261 273 32 66 1
1 557 115 263 273 32 66 1
1 557 116 264 273 31 66 1
1 557 117 266 273 30 66 1
1 557 118 268 273 30 66 1
1 557 119 270 273 30 66 1
1 557 120 272 273 30 66 1
1 557 121 273 273 31 64 1
1 557 122 275 273 30 64 1
1 557 123 277 273 30 64 1
1 557 124 279 273 30 64 1
1 557 125 280 273 29 64 1
1 557 126 282 273 29 64 1
1 557 127 284 273 28 64 1
1 557 128 286 273 28 64 1
1 557 129 288 273 28 64 1
1 557 130 289 273 29 64 1
1 557 131 291 273 29 64 1
1 557 132 293 273 28 64 1
1 557 133 295 273 28 64 1
1 557 134 295 273 28 64 1
1 557 135 296 273 29 64 1
1 557 136 296 273 29 64 1
1 557 137 298 273 29 64 1
1 557 138 300 273 28 64 1
1 557 139 300 273 28 64 1
1 557 140 302 273 28 64 1
1 557 141 304 273 28 64 1
1 557 142 304 273 28 64 1
1 557 143 305 273 29 64 1
1 557 144 307 273 29 64 1
1 557 145 307 273 29 64 1
1 557 146 309 273 28 64 1
1 557 147 311 273 28 64 1
1 557 148 311 273 28 64 1
1 557 149 312 273 29 64 1
1 557 150 312 273 29 64 1
1 557 151 314 273 29 64 1
1 557 152 316 273 28 64 1
1 557 153 316 273 28 64 1
1 557 154 318 273 28 64 1
1 557 155 320 273 28 64 1
1 557 156 320 273 28 64 1
1 557 157 321 273 29 64 1
1 557 158 323 273 29 64 1
1 557 159 323 273 29 64 1
1 557 160 325 273 28 64 1
1 557 161 327 273 28 64 1
1 557 162 327 272 28 64 1
1 557 163 327 272 28 64 1
1 557 164 328 272 29 64 1
1 557 165 328 272 29 64 1
1 557 166 328 272 29 64 1
1 557 167 330 272 29 64 1
1 557 168 330 272 29 64 1
1 557 169 332 272 27 64 1
1 557 170 332 272 28 64 1
1 557 171 332 272 28 64 1
1 557 172 334 272 26 64 1
1 557 173 334 272 28 64 1
1 557 174 336 270 26 64 1
1 557 175 336 270 28 64 1
1 557 176 336 270 28 64 1
1 557 177 337 270 27 64 1
1 557 178 337 270 29 64 1
1 557 179 339 270 27 64 1
1 557 180 339 270 27 64 1
1 557 181 339 270 29 64 1
1 557 182 341 270 27 64 1
1 557 183 341 270 27 64 1
1 557 184 341 270 28 64 1
1 557 185 343 270 26 64 1
1 557 186 343 268 28 64 1
1 557 187 344 268 27 64 1
1 557 188 344 268 27 64 1
1 557 189 344 268 29 64 1
1 557 190 346 268 27 64 1
1 557 191 346 268 27 64 1
1 557 192 348 268 27 64 1
1 557 193 348 268 27 64 1
1 557 194 348 268 27 64 1
1 557 195 350 268 26 64 1
1 557 196 350 268 26 64 1
1 557 197 352 268 26 64 1
1 557 198 352 266 26 64 1
1 557 199 352 266 26 64 1
1 557 200 352 266 26 64 1
1 557 201 352 266 26 64 1
1 557 202 352 266 26 64 1
1 557 203 352 266 26 64 1
1 557 204 352 266 26 64 1
1 557 205 352 266 26 64 1
1 557 206 352 266 26 62 1
1 557 207 352 266 26 62 1
1 557 208 352 266 26 62 1
1 557 209 352 266 26 62 1
1 557 210 352 266 26 62 1
1 557 211 353 264 25 64 1
1 557 212 353 264 25 64 1
1 557 213 353 264 25 64 1
1 557 214 353 264 25 63 1
1 557 215 353 264 25 63 1
1 557 216 353 264 25 63 1
1 557 217 353 264 25 63 1
1 557 218 353 264 27 63 1
1 557 219 353 264 27 63 1
1 557 220 353 264 27 63 1
1 557 221 353 264 27 63 1
1 557 222 353 264 27 61 1
1 557 223 353 264 27 61 1
1 557 224 353 264 27 61 1
1 557 225 355 263 25 62 1
1 557 226 355 263 25 62 1
1 557 227 355 263 25 62 1
1 557 228 355 263 25 62 1
1 557 229 355 263 25 62 1
1 557 230 355 263 25 60 1
1 557 231 355 263 25 60 1
1 557 232 355 263 25 60 1
1 557 233 355 263 25 60 1
1 557 234 355 263 25 60 1
1 557 235 355 263 25 60 1
1 557 236 355 263 25 60 1
1 557 237 355 263 25 60 1
1 557 238 357 263 25 60 1
1 557 239 355 261 25 60 1
1 557 240 355 261 25 60 1
1 557 241 355 261 25 60 1
1 557 242 355 261 25 60 1
1 557 243 355 261 25 60 1
1 557 244 355 261 25 60 1
1 557 245 355 261 25 60 1
1 557 246 355 261 25 60 1
1 557 247 355 261 25 60 1
1 557 248 355 261 25 60 1
1 557 249 355 261 25 59 1
1 557 250 355 261 25 59 1
1 557 251 355 261 25 59 1
1 557 252 353 261 25 59 1
1 557 253 353 261 25 59 1
1 557 254 353 261 25 59 1
1 557 255 353 261 25 59 1
1 557 256 353 261 25 59 1
1 557 257 353 261 25 59 1
1 557 258 353 261 25 59 1
1 557 259 353 261 25 59 1
1 557 260 353 261 25 57 1
1 557 261 353 261 25 57 1
1 557 262 353 261 25 57 1
1 557 263 353 261 25 57 1
1 557 264 353 261 25 57 1
1 557 265 353 261 25 57 1
1 557 266 352 259 24 59 1
1 557 267 352 259 24 59 1
1 557 268 352 259 24 59 1
1 557 269 352 259 24 59 1
1 557 270 352 259 24 59 1
1 557 271 352 259 24 57 1
1 557 272 352 259 24 57 1
1 557 273 352 259 24 57 1
1 557 274 352 259 24 57 1
1 557 275 352 259 24 57 1
1 557 276 352 259 24 57 1
1 557 277 352 259 24 57 1
1 557 278 352 259 24 57 1
1 557 279 350 259 25 57 1
1 557 280 350 259 25 57 1
1 557 281 350 259 25 57 1
1 557 282 350 259 25 55 1
1 557 283 350 259 25 55 1
1 557 284 350 259 25 55 1
1 557 285 350 259 25 55 1
1 557 286 350 259 25 55 1
1 557 287 350 259 25 55 1
1 557 288 350 259 25 55 1
1 557 289 350 259 25 55 1
1 557 290 350 259 25 55 1
1 557 291 350 259 25 55 1
1 557 292 350 259 25 55 1
1 557 293 350 257 25 55 1
1 557 294 350 257 25 55 1
1 557 295 350 257 25 55 1
1 557 296 350 257 25 55 1
1 557 297 350 257 25 55 1
1 557 298 350 257 25 55 1
1 557 299 350 257 25 55 1
1 557 300 350 257 25 55 1
1 557 301 350 256 25 55 1
1 557 302 350 256 25 55 1
1 557 303 350 256 25 55 1
1 557 304 350 256 25 55 1
1 557 305 350 256 25 55 1
1 557 306 350 256 25 55 1
1 557 307 350 256 25 55 1
1 557 308 350 256 25 55 1
1 557 309 350 254 25 57 1
1 557 310 350 254 25 57 1
1 557 311 350 254 25 57 1
1 557 312 350 254 25 57 1
1 557 313 350 254 25 57 1
1 557 314 350 254 25 57 1
1 557 315 350 254 25 57 1
1 557 316 350 254 25 57 1
1 557 317 350 254 25 57 1
1 557 318 350 252 25 59 1
1 557 319 350 252 25 59 1
1 557 320 350 252 25 59 1
1 557 321 350 252 25 59 1
1 557 322 350 252 26 59 1
1 557 323 350 252 26 59 1
1 557 324 350 252 26 59 1
1 557 325 350 252 26 59 1
1 557 326 350 252 26 59 1
1 557 327 350 250 26 61 1
1 557 328 350 250 26 61 1
1 557 329 350 250 26 61 1
1 557 330 350 250 26 61 1
1 557 331 350 250 26 61 1
1 557 332 350 250 26 61 1
1 557 333 350 250 26 61 1
1 557 334 350 250 26 61 1
1 557 335 350 250 26 61 1
1 557 336 350 248 26 63 1
1 557 337 350 248 26 63 1
1 557 338 350 248 26 63 1
1 557 339 350 248 26 63 1
1 557 340 350 248 26 63 1
1 557 341 350 248 26 63 1
1 557 342 350 248 26 63 1
1 557 343 350 248 26 63 1
1 557 344 352 248 26 63 1
1 557 345 350 247 26 62 1
1 557 346 350 247 26 62 1
1 557 347 350 247 26 62 1
1 557 348 350 247 26 62 1
1 557 349 350 247 26 62 1
1 557 350 350 247 26 62 1
1 557 351 350 247 26 62 1
1 557 352 348 247 27 62 1
1 557 353 348 247 27 62 1
1 557 354 348 247 27 62 1
1 557 355 348 247 27 62 1
1 557 356 348 247 27 62 1
1 557 357 348 247 27 62 1
1 557 358 348 247 27 62 1
1 557 359 346 247 27 62 1
1 557 360 346 247 27 62 1
1 557 361 346 247 27 62 1
1 557 362 346 247 27 62 1
1 557 363 346 247 27 62 1
1 557 364 346 247 27 62 1
1 557 365 346 247 27 62 1
1 557 366 344 247 27 62 1
1 557 367 344 247 27 62 1
1 557 368 344 247 27 62 1
1 557 369 344 247 27 62 1
1 557 370 344 247 27 62 1
1 557 371 344 247 27 60 1
1 557 372 344 247 27 60 1
1 557 373 343 247 26 60 1
1 557 374 343 247 26 60 1
1 557 375 343 245 26 62 1
1 557 376 343 245 26 62 1
1 557 377 343 245 26 62 1
1 557 378 343 245 26 62 1
1 557 379 343 245 26 62 1
1 557 380 341 245 27 62 1
1 557 381 341 245 27 62 1
1 557 382 341 245 27 62 1
1 557 383 341 245 27 62 1
1 557 384 341 245 27 62 1
1 557 385 341 245 27 62 1
1 557 386 341 245 27 62 1
1 557 387 339 245 27 62 1
1 557 388 339 245 27 62 1
1 557 389 339 245 27 62 1
1 557 390 339 245 27 62 1
1 557 391 339 245 27 62 1
1 557 392 339 245 27 62 1
1 557 393 339 245 27 62 1
1 557 394 337 245 27 62 1
1 557 395 337 245 27 62 1
1 557 396 337 245 27 62 1
1 557 397 337 245 27 62 1
1 557 398 337 245 27 60 1
1 557 399 337 245 27 60 1
1 557 400 337 245 27 60 1
1 557 401 336 245 26 60 1
1 557 402 336 245 26 60 1
1 557 403 336 245 26 60 1
1 557 404 336 245 26 60 1
1 557 405 336 243 26 62 1
1 557 406 336 243 26 62 1
1 557 407 336 243 26 62 1
1 557 408 334 243 26 62 1
1 557 409 334 243 26 62 1
1 557 410 334 243 26 62 1
1 557 411 334 243 26 62 1
1 557 412 334 243 26 62 1
1 557 413 334 243 26 62 1
1 557 414 334 243 26 62 1
1 557 415 332 243 27 62 1
1 557 416 332 243 27 62 1
1 557 417 332 243 27 62 1
1 557 418 332 243 27 62 1
1 557 419 332 243 27 62 1
1 557 420 332 243 27 62 1
1 557 421 332 243 27 62 1
1 557 422 330 243 27 62 1
1 557 423 330 243 27 62 1
1 557 424 330 243 27 61 1
1 557 425 330 243 27 61 1
1 557 426 330 243 27 61 1
1 557 427 330 243 27 61 1
1 557 428 330 243 27 61 1
1 557 429 328 243 27 61 1
1 557 430 328 243 27 61 1
1 557 431 328 243 27 61 1
1 557 432 328 243 27 61 1
1 557 433 328 243 27 61 1
1 557 434 328 243 27 61 1
1 557 435 328 241 27 63 1
1 557 436 327 241 26 63 1
1 557 437 327 241 26 63 1
1 557 438 327 241 26 63 1
1 557 439 327 241 26 63 1
1 557 440 327 241 26 63 1
1 557 441 327 241 26 63 1
1 557 442 327 241 26 63 1
1 557 443 325 241 27 63 1
1 557 444 325 241 27 63 1
1 557 445 325 241 27 63 1
1 557 446 325 241 27 63 1
1 557 447 325 241 27 63 1
1 557 448 325 241 27 63 1
1 557 449 325 241 27 63 1
1 557 450 325 241 27 63 1
1 557 451 323 241 27 61 1
1 557 452 323 241 27 61 1
1 557 453 323 241 27 61 1
1 557 454 323 241 27 61 1
1 557 455 323 241 27 61 1
1 557 456 323 241 27 61 1
1 557 457 323 241 27 61 1
1 557 458 321 241 27 61 1
1 557 459 321 241 27 61 1
1 557 460 321 241 27 61 1
1 557 461 321 241 27 61 1
1 557 462 321 241 27 61 1
1 557 463 321 241 27 61 1
1 557 464 321 241 27 61 1
1 557 465 320 241 26 61 1
1 557 466 320 240 26 62 1
1 557 467 320 240 26 62 1
1 557 468 320 240 26 62 1
1 557 469 320 240 26 62 1
1 557 470 320 240 26 62 1
1 557 471 320 240 26 62 1
1 557 472 318 240 26 62 1
1 557 473 318 240 26 62 1
1 557 474 318 240 26 62 1
1 557 475 318 240 26 62 1
1 557 476 318 240 26 62 1
1 557 477 318 240 26 60 1
1 557 478 318 240 26 60 1
1 557 479 316 240 27 60 1
1 557 480 316 240 27 60 1
1 557 481 316 240 27 60 1
1 557 482 316 240 27 60 1
1 557 483 316 240 27 60 1
1 557 484 316 240 27 60 1
1 557 485 316 240 27 60 1
1 557 486 314 240 27 60 1
1 557 487 314 240 27 60 1
1 557 488 314 240 27 60 1
1 557 489 314 240 27 60 1
1 557 490 314 240 27 60 1
1 557 491 314 240 27 60 1
1 557 492 314 240 27 60 1
1 557 493 312 240 27 60 1
1 557 494 312 240 27 60 1
1 557 495 312 240 27 60 1
1 557 496 312 238 27 62 1
1 557 497 312 238 27 62 1
1 557 498 312 238 27 62 1
1 557 499 312 238 27 62 1
1 557 500 311 238 26 62 1
1 557 501 311 238 26 62 1
1 557 502 311 238 26 62 1
1 557 503 311 238 26 62 1
1 557 504 311 238 26 60 1
1 557 505 311 238 26 60 1
1 557 506 311 238 26 60 1
1 557 507 309 238 27 60 1
1 557 508 309 238 27 60 1
1 557 509 309 238 27 60 1
1 557 510 309 238 27 60 1
1 557 511 309 238 27 60 1
1 557 512 309 238 27 60 1
1 557 513 309 238 27 60 1
1 557 514 307 238 27 60 1
1 557 515 307 238 27 60 1
1 557 516 307 238 27 60 1
1 557 517 307 238 27 60 1
1 557 518 307 238 27 60 1
1 557 519 307 238 27 60 1
1 557 520 307 238 27 60 1
1 557 521 305 238 27 60 1
1 557 522 305 238 27 60 1
1 557 523 305 238 27 60 1
1 557 524 305 238 27 60 1
1 557 525 305 238 27 60 1
1 557 526 305 236 27 62 1
1 557 527 305 236 27 62 1
1 557 528 304 236 26 62 1
1 557 529 304 236 26 62 1
1 557 530 304 236 26 60 1
1 557 531 304 236 26 60 1
1 557 532 304 236 26 60 1
1 557 533 304 236 26 60 1
1 557 534 304 236 26 60 1
1 557 535 302 236 26 60 1
1 557 536 302 236 26 60 1
1 557 537 302 236 26 60 1
1 557 538 302 236 26 60 1
1 557 539 302 236 26 60 1
1 557 540 302 236 26 60 1
1 557 541 302 236 26 60 1
1 557 542 300 236 27 60 1
1 557 543 300 236 27 60 1
1 557 544 300 236 27 60 1
1 557 545 300 236 27 60 1
1 557 546 300 236 27 60 1
1 557 547 300 236 27 60 1
1 557 548 300 236 27 60 1
1 557 549 298 236 27 60 1
1 557 550 298 236 27 60 1
1 557 551 298 236 27 60 1
1 557 552 298 236 27 60 1
1 557 553 298 236 27 60 1
1 557 554 298 236 27 60 1
1 557 555 298 236 27 60 1
1 557 556 298 236 27 60 1
2 557 0 215 225 16 45 1
2 557 1 215 225 16 45 1
2 557 2 215 225 16 45 1
2 557 3 215 225 16 45 1
2 557 4 215 225 16 45 1
2 557 5 215 225 16 45 1
2 557 6 215 225 16 45 1
2 557 7 215 225 16 45 1
2 557 8 216 225 16 45 1
2 557 9 216 225 16 45 1
2 557 10 216 225 16 45 1
2 557 11 216 225 16 45 1
2 557 12 216 225 16 45 1
2 557 13 216 225 16 45 1
2 557 14 216 225 16 45 1
2 557 15 218 225 16 45 1
2 557 16 218 225 16 45 1
2 557 17 218 225 16 45 1
2 557 18 218 225 16 45 1
2 557 19 218 225 16 45 1
2 557 20 218 225 16 45 1
2 557 21 218 225 16 45 1
2 557 22 220 227 16 45 1
2 557 23 220 227 16 45 1
2 557 24 220 227 16 45 1
2 557 25 220 227 16 45 1
2 557 26 220 227 16 45 1
2 557 27 220 227 16 45 1
2 557 28 220 227 16 45 1
2 557 29 220 227 16 45 1
2 557 30 222 227 16 45 1
2 557 31 222 227 16 45 1
2 557 32 222 227 16 45 1
2 557 33 222 227 16 45 1
2 557 34 222 227 16 45 1
2 557 35 222 227 16 45 1
2 557 36 222 227 16 45 1
2 557 37 224 227 16 45 1
2 557 38 224 227 16 45 1
2 557 39 224 227 16 45 1
2 557 40 224 227 16 45 1
2 557 41 224 227 16 45 1
2 557 42 224 227 16 45 1
2 557 43 224 227 16 45 1
2 557 44 225 229 16 44 1
2 557 45 225 229 16 44 1
2 557 46 225 229 16 44 1
2 557 47 225 229 16 44 1
2 557 48 225 229 16 44 1
2 557 49 225 229 16 44 1
2 557 50 225 229 16 44 1
2 557 51 225 229 16 44 1
2 557 52 225 229 16 44 1
2 557 53 225 229 16 44 1
2 557 54 225 229 16 44 1
2 557 55 225 229 16 44 1
2 557 56 225 229 16 44 1
2 557 57 225 229 16 44 1
2 557 58 225 229 16 44 1
2 557 59 225 229 16 44 1
2 557 60 225 229 16 44 1
2 557 61 225 229 16 44 1
2 557 62 225 229 16 44 1
2 557 63 225 229 16 44 1
2 557 64 227 229 16 44 1
2 557 65 227 229 16 44 1
2 557 66 227 229 16 44 1
2 557 67 227 229 16 44 1
2 557 68 227 229 16 44 1
2 557 69 227 229 16 44 1
2 557 70 227 229 16 44 1
2 557 71 227 229 16 44 1
2 557 72 227 229 16 44 1
2 557 73 227 229 16 44 1
2 557 74 227 231 16 44 1
2 557 75 227 231 16 44 1
2 557 76 227 231 16 44 1
2 557 77 227 231 16 44 1
2 557 78 227 231 16 44 1
2 557 79 227 231 16 44 1
2 557 80 227 231 16 44 1
2 557 81 227 231 16 44 1
2 557 82 227 231 16 44 1
2 557 83 227 231 16 44 1
2 557 84 229 231 16 44 1
2 557 85 229 231 16 44 1
2 557 86 229 231 16 44 1
2 557 87 229 231 16 44 1
2 557 88 229 231 16 44 1
2 557 89 229 231 16 44 1
2 557 90 229 231 16 44 1
2 557 91 229 231 16 44 1
2 557 92 229 231 16 44 1
2 557 93 229 231 16 44 1
2 557 94 229 231 16 44 1
2 557 95 229 231 16 44 1
2 557 96 229 231 16 44 1
2 557 97 229 231 16 44 1
2 557 98 229 231 16 44 1
2 557 99 229 231 16 44 1
2 557 100 229 231 16 44 1
2 557 101 229 231 16 44 1
2 557 102 229 231 16 44 1
2 557 103 229 231 16 44 1
2 557 104 231 232 16 45 1
2 557 105 231 232 16 45 1
2 557 106 231 232 16 45 1
2 557 107 231 232 16 45 1
2 557 108 231 232 16 45 1
2 557 109 231 232 16 45 1
2 557 110 231 232 16 45 1
2 557 111 231 232 17 45 1
2 557 112 231 232 17 45 1
2 557 113 231 232 17 45 1
2 557 114 231 232 17 45 1
2 557 115 231 232 17 45 1
2 557 116 232 232 16 45 1
2 557 117 232 232 18 45 1
2 557 118 232 232 18 45 1
2 557 119 232 232 18 47 1
2 557 120 232 232 18 47 1
2 557 121 232 232 18 47 1
2 557 122 232 232 18 47 1
2 557 123 232 232 20 47 1
2 557 124 232 232 20 47 1
2 557 125 232 232 20 47 1
2 557 126 232 232 20 47 1
2 557 127 234 232 18 47 1
2 557 128 234 232 18 47 1
2 557 129 234 232 18 47 1
2 557 130 234 232 20 47 1
2 557 131 234 232 20 47 1
2 557 132 234 232 20 47 1
2 557 133 234 232 20 48 1
2 557 134 234 232 20 48 1
2 557 135 234 232 20 48 1
2 557 136 234 232 22 48 1
2 557 137 234 232 22 48 1
2 557 138 234 232 22 48 1
2 557 139 236 232 20 48 1
2 557 140 236 232 20 48 1
2 557 141 236 232 20 48 1
2 557 142 236 232 21 48 1
2 557 143 236 232 21 48 1
2 557 144 236 232 21 48 1
2 557 145 236 232 21 48 1
2 557 146 236 232 21 48 1
2 557 147 236 232 21 50 1
2 557 148 236 232 21 50 1
2 557 149 236 232 23 50 1
2 557 150 238 232 21 50 1
2 557 151 238 232 21 50 1
2 557 152 238 232 21 50 1
2 557 153 238 232 21 50 1
2 557 154 238 232 21 50 1
2 557 155 238 232 23 50 1
2 557 156 238 232 23 50 1
2 557 157 238 232 23 50 1
2 557 158 238 232 23 50 1
2 557 159 238 232 23 50 1
2 557 160 238 232 23 50 1
2 557 161 240 234 23 50 1
2 557 162 240 234 23 50 1
2 557 163 240 234 23 50 1
2 557 164 240 234 23 50 1
2 557 165 240 234 23 50 1
2 557 166 240 234 23 50 1
2 557 167 241 234 23 50 1
2 557 168 241 234 23 50 1
2 557 169 241 234 23 50 1
2 557 170 241 234 23 50 1
2 557 171 241 234 23 50 1
2 557 172 243 234 23 50 1
2 557 173 243 234 23 50 1
2 557 174 243 234 23 50 1
2 557 175 243 234 23 50 1
2 557 176 243 234 23 50 1
2 557 177 245 234 23 50 1
2 557 178 245 234 23 50 1
2 557 179 245 234 23 50 1
2 557 180 245 234 23 50 1
2 557 181 245 234 23 50 1
2 557 182 247 234 23 50 1
2 557 183 247 234 23 50 1
2 557 184 247 234 23 50 1
2 557 185 247 236 23 50 1
2 557 186 247 236 23 50 1
2 557 187 247 236 23 50 1
2 557 188 248 236 24 50 1
2 557 189 248 236 24 50 1
2 557 190 248 236 24 50 1
2 557 191 248 236 24 50 1
2 557 192 248 236 24 50 1
2 557 193 250 236 23 50 1
2 557 194 250 236 23 50 1
2 557 195 250 236 23 50 1
2 557 196 250 236 23 50 1
2 557 197 250 236 23 50 1
2 557 198 252 236 23 50 1
2 557 199 252 236 23 50 1
2 557 200 252 236 23 50 1
2 557 201 252 236 23 50 1
2 557 202 252 236 23 50 1
2 557 203 254 236 23 50 1
2 557 204 254 236 23 50 1
2 557 205 254 236 23 50 1
2 557 206 254 236 23 50 1
2 557 207 254 236 23 50 1
2 557 208 256 238 23 50 1
2 557 209 256 238 23 50 1
2 557 210 256 238 23 50 1
2 557 211 256 238 23 50 1
2 557 212 256 238 23 50 1
2 557 213 256 238 23 50 1
2 557 214 256 238 23 50 1
2 557 215 256 238 23 50 1
2 557 216 257 238 23 50 1
2 557 217 257 238 23 50 1
2 557 218 257 238 23 50 1
2 557 219 257 238 23 50 1
2 557 220 257 238 23 50 1
2 557 221 257 238 23 50 1
2 557 222 257 238 23 50 1
2 557 223 259 240 23 48 1
2 557 224 259 240 23 48 1
2 557 225 259 240 23 48 1
2 557 226 259 240 23 48 1
2 557 227 259 240 23 48 1
2 557 228 259 240 23 48 1
2 557 229 259 240 23 48 1
2 557 230 261 240 23 49 1
2 557 231 261 240 23 49 1
2 557 232 261 240 23 49 1
2 557 233 261 240 23 49 1
2 557 234 261 240 23 49 1
2 557 235 261 240 23 49 1
2 557 236 261 240 23 49 1
2 557 237 263 241 23 48 1
2 557 238 263 241 23 48 1
2 557 239 263 241 23 48 1
2 557 240 263 241 23 48 1
2 557 241 263 241 23 48 1
2 557 242 263 241 23 48 1
2 557 243 263 241 23 48 1
2 557 244 264 241 24 48 1
2 557 245 264 241 24 48 1
2 557 246 264 241 24 48 1
2 557 247 264 241 24 48 1
2 557 248 264 241 24 48 1
2 557 249 264 241 24 48 1
2 557 250 264 241 24 48 1
2 557 251 266 243 23 48 1
2 557 252 266 243 23 48 1
2 557 253 266 243 23 48 1
2 557 254 266 243 23 48 1
2 557 255 266 243 23 48 1
2 557 256 266 243 23 48 1
2 557 257 266 243 23 48 1
2 557 258 266 243 23 48 1
2 557 259 266 243 23 48 1
2 557 260 266 243 23 48 1
2 557 261 268 243 23 50 1
2 557 262 268 243 23 50 1
2 557 263 268 243 23 50 1
2 557 264 268 243 23 50 1
2 557 265 268 243 23 50 1
2 557 266 268 243 23 50 1
2 557 267 268 243 23 50 1
2 557 268 268 245 23 48 1
2 557 269 268 245 23 48 1
2 557 270 268 245 23 48 1
2 557 271 270 245 23 50 1
2 557 272 270 245 23 50 1
2 557 273 270 245 23 50 1
2 557 274 270 245 23 50 1
2 557 275 270 245 23 50 1
2 557 276 270 245 23 50 1
2 557 277 270 245 23 50 1
2 557 278 270 245 23 50 1
2 557 279 270 245 23 50 1
2 557 280 270 245 23 50 1
2 557 281 272 245 23 51 1
2 557 282 272 245 23 51 1
2 557 283 272 245 23 51 1
2 557 284 272 247 23 49 1
2 557 285 272 247 23 49 1
2 557 286 272 247 23 49 1
2 557 287 272 247 23 49 1
2 557 288 272 247 23 49 1
2 557 289 272 247 23 49 1
2 557 290 272 247 23 49 1
2 557 291 273 247 23 51 1
2 557 292 273 247 23 51 1
2 557 293 273 247 23 51 1
2 557 294 273 247 23 51 1
2 557 295 273 247 23 51 1
2 557 296 273 247 23 51 1
2 557 297 273 247 23 51 1
2 557 298 273 247 23 51 1
2 557 299 273 247 23 51 1
2 557 300 275 248 23 52 1
2 557 301 275 248 23 52 1
2 557 302 275 248 23 52 1
2 557 303 275 248 23 52 1
2 557 304 275 248 23 52 1
2 557 305 277 248 23 52 1
2 557 306 277 248 23 52 1
2 557 307 277 248 23 52 1
2 557 308 277 248 23 52 1
2 557 309 277 248 25 54 1
2 557 310 279 248 23 54 1
2 557 311 279 248 23 54 1
2 557 312 279 248 23 54 1
2 557 313 279 248 23 54 1
2 557 314 279 248 25 54 1
2 557 315 280 248 24 54 1
2 557 316 280 248 24 54 1
2 557 317 280 248 24 54 1
2 557 318 280 248 25 56 1
2 557 319 280 250 25 54 1
2 557 320 282 250 23 54 1
2 557 321 282 250 23 54 1
2 557 322 282 250 25 54 1
2 557 323 282 250 25 54 1
2 557 324 284 250 23 54 1
2 557 325 284 250 23 54 1
2 557 326 284 250 23 54 1
2 557 327 284 250 25 55 1
2 557 328 284 250 25 55 1
2 557 329 286 250 23 55 1
2 557 330 286 250 23 55 1
2 557 331 286 250 25 55 1
2 557 332 286 250 25 55 1
2 557 333 286 250 25 55 1
2 557 334 288 250 23 55 1
2 557 335 288 250 23 55 1
2 557 336 288 250 24 57 1
2 557 337 288 250 24 57 1
2 557 338 288 252 24 55 1
2 557 339 289 252 23 55 1
2 557 340 289 252 25 55 1
2 557 341 289 252 25 55 1
2 557 342 289 252 25 55 1
2 557 343 291 252 23 55 1
2 557 344 291 252 25 57 1
2 557 345 291 252 25 57 1
2 557 346 291 252 25 57 1
2 557 347 291 252 25 57 1
2 557 348 293 252 23 57 1
2 557 349 293 252 25 57 1
2 557 350 293 252 25 57 1
2 557 351 293 252 25 57 1
2 557 352 293 252 25 57 1
2 557 353 295 252 25 59 1
2 557 354 295 252 25 59 1
2 557 355 295 252 25 59 1
2 557 356 295 254 25 57 1
2 557 357 295 254 25 57 1
2 557 358 296 254 25 57 1
2 557 359 296 254 25 57 1
2 557 360 296 254 25 57 1
2 557 361 296 254 25 57 1
2 557 362 296 254 27 58 1
2 557 363 298 254 25 58 1
2 557 364 298 254 25 58 1
2 557 365 298 254 25 58 1
2 557 366 298 254 27 58 1
2 557 367 300 254 25 58 1
2 557 368 300 254 25 58 1
2 557 369 300 254 25 58 1
2 557 370 300 254 25 58 1
2 557 371 300 254 27 60 1
2 557 372 302 254 25 60 1
2 557 373 302 254 25 60 1
2 557 374 302 254 25 60 1
2 557 375 302 256 26 58 1
2 557 376 302 256 26 58 1
2 557 377 304 256 24 58 1
2 557 378 304 256 24 58 1
2 557 379 304 256 24 58 1
2 557 380 304 256 26 60 1
2 557 381 304 256 26 60 1
2 557 382 305 256 25 60 1
2 557 383 305 256 25 60 1
2 557 384 305 256 27 60 1
2 557 385 305 256 27 60 1
2 557 386 307 256 25 60 1
2 557 387 307 256 25 60 1
2 557 388 307 256 27 62 1
2 557 389 307 256 27 62 1
2 557 390 307 256 27 62 1
2 557 391 309 256 25 62 1
2 557 392 309 256 25 62 1
2 557 393 309 257 27 61 1
2 557 394 309 257 27 61 1
2 557 395 309 257 27 61 1
2 557 396 311 257 25 61 1
2 557 397 311 257 26 63 1
2 557 398 311 257 26 63 1
2 557 399 311 257 26 63 1
2 557 400 311 257 26 63 1
2 557 401 312 257 25 63 1
2 557 402 312 257 27 63 1
2 557 403 312 257 27 63 1
2 557 404 312 257 27 63 1
2 557 405 314 257 25 63 1
2 557 406 314 257 27 64 1
2 557 407 314 257 27 64 1
2 557 408 314 257 27 64 1
2 557 409 314 257 27 64 1
2 557 410 316 257 27 64 1
2 557 411 316 257 27 64 1
2 557 412 316 259 27 62 1
2 557 413 316 259 27 62 1
2 557 414 316 259 27 62 1
2 557 415 318 259 26 64 1
2 557 416 318 259 26 64 1
2 557 417 318 259 26 64 1
2 557 418 318 259 26 64 1
2 557 419 318 259 28 64 1
2 557 420 320 259 26 64 1
2 557 421 320 259 26 64 1
2 557 422 320 259 26 64 1
2 557 423 320 259 26 64 1
2 557 424 320 259 28 66 1
2 557 425 321 259 27 66 1
2 557 426 321 259 27 66 1
2 557 427 321 259 27 66 1
2 557 428 321 259 29 66 1
2 557 429 323 259 27 66 1
2 557 430 323 261 27 64 1
2 557 431 323 261 27 64 1
2 557 432 323 261 29 66 1
2 557 433 323 261 29 66 1
2 557 434 325 261 27 66 1
2 557 435 325 261 27 66 1
2 557 436 325 261 27 66 1
2 557 437 325 261 28 66 1
2 557 438 325 261 28 66 1
2 557 439 327 261 26 66 1
2 557 440 327 261 26 66 1
2 557 441 327 261 28 67 1
2 557 442 327 261 28 67 1
2 557 443 327 261 28 67 1
2 557 444 328 261 27 67 1
2 557 445 328 261 27 67 1
2 557 446 328 261 29 67 1
2 557 447 328 261 29 67 1
2 557 448 330 261 27 67 1
2 557 449 330 263 27 65 1
2 557 450 330 263 29 67 1
2 557 451 330 263 29 67 1
2 557 452 330 263 29 67 1
2 557 453 332 263 27 67 1
2 557 454 332 263 28 67 1
2 557 455 332 263 28 67 1
2 557 456 332 263 28 67 1
2 557 457 332 263 28 67 1
2 557 458 334 263 26 67 1
2 557 459 334 263 28 69 1
2 557 460 334 263 28 69 1
2 557 461 334 263 28 69 1
2 557 462 334 263 28 69 1
2 557 463 336 263 28 69 1
2 557 464 336 263 28 69 1
2 557 465 336 263 28 69 1
2 557 466 336 263 28 69 1
2 557 467 337 264 29 70 1
2 557 468 337 264 29 70 1
2 557 469 337 264 29 70 1
2 557 470 339 264 29 70 1
2 557 471 339 264 29 70 1
2 557 472 339 264 29 70 1
2 557 473 341 264 28 70 1
2 557 474 341 264 28 70 1
2 557 475 341 264 28 70 1
2 557 476 343 264 28 70 1
2 557 477 343 264 28 70 1
2 557 478 343 264 30 70 1
2 557 479 344 264 29 72 1
2 557 480 344 266 29 70 1
2 557 481 346 266 29 70 1
2 557 482 346 266 29 70 1
2 557 483 346 266 29 70 1
2 557 484 348 266 28 70 1
2 557 485 348 266 28 70 1
2 557 486 348 266 30 70 1
2 557 487 350 266 28 70 1
2 557 488 350 266 28 70 1
2 557 489 350 266 30 70 1
2 557 490 352 266 28 71 1
2 557 491 352 266 28 71 1
2 557 492 352 266 30 71 1
2 557 493 353 268 29 69 1
2 557 494 353 268 31 69 1
2 557 495 355 268 29 69 1
2 557 496 355 268 29 69 1
2 557 497 355 268 30 69 1
2 557 498 357 268 28 69 1
2 557 499 357 268 28 69 1
2 557 500 357 268 30 69 1
2 557 501 359 268 28 71 1
2 557 502 359 268 28 71 1
2 557 503 359 268 30 71 1
2 557 504 360 268 29 71 1
2 557 505 360 268 31 71 1
2 557 506 362 270 29 69 1
2 557 507 362 270 29 69 1
2 557 508 362 270 30 69 1
2 557 509 364 270 28 69 1
2 557 510 364 270 28 69 1
2 557 511 364 270 30 69 1
2 557 512 366 270 28 71 1
2 557 513 366 270 30 71 1
2 557 514 366 270 30 71 1
2 557 515 368 270 28 71 1
2 557 516 368 270 30 71 1
2 557 517 368 270 30 71 1
2 557 518 369 272 29 69 1
2 557 519 369 272 31 69 1
2 557 520 371 272 29 69 1
2 557 521 371 272 30 69 1
2 557 522 371 272 30 69 1
2 557 523 373 272 28 71 1
2 557 524 373 272 30 71 1
2 557 525 373 272 30 71 1
2 557 526 375 272 28 71 1
2 557 527 375 272 30 71 1
2 557 528 375 272 30 71 1
2 557 529 376 272 29 71 1
2 557 530 376 272 31 71 1
2 557 531 378 273 29 70 1
2 557 532 378 273 30 70 1
2 557 533 378 273 30 70 1
2 557 534 380 273 28 71 1
2 557 535 380 273 30 71 1
2 557 536 380 273 30 71 1
2 557 537 382 273 28 71 1
2 557 538 382 273 30 71 1
2 557 539 382 273 30 71 1
2 557 540 384 273 30 71 1
2 557 541 384 273 30 71 1
2 557 542 384 273 30 71 1
2 557 543 385 273 31 71 1
2 557 544 385 275 31 69 1
2 557 545 387 275 29 71 1
2 557 546 387 275 30 71 1
2 557 547 387 275 30 71 1
2 557 548 389 275 30 71 1
2 557 549 389 275 30 71 1
2 557 550 389 275 30 71 1
2 557 551 391 275 30 71 1
2 557 552 391 275 30 71 1
2 557 553 391 275 30 71 1
2 557 554 392 275 31 71 1
2 557 555 392 275 31 71 1
2 557 556 394 277 30 71 1
3 373 184 314 232 27 45 1
3 373 185 312 231 27 44 1
3 373 186 312 231 27 44 1
3 373 187 312 231 27 44 1
3 373 188 311 231 26 44 1
3 373 189 311 231 26 44 1
3 373 190 311 231 26 44 1
3 373 191 311 231 25 44 1
3 373 192 309 231 27 44 1
3 373 193 309 231 27 44 1
3 373 194 309 231 27 44 1
3 373 195 309 231 25 44 1
3 373 196 307 231 27 44 1
3 373 197 307 231 27 44 1
3 373 198 307 231 25 44 1
3 373 199 307 231 25 44 1
3 373 200 305 231 27 44 1
3 373 201 305 231 25 44 1
3 373 202 305 231 25 44 1
3 373 203 305 231 25 44 1
3 373 204 304 231 26 44 1
3 373 205 304 231 24 44 1
3 373 206 304 231 24 44 1
3 373 207 304 231 24 44 1
3 373 208 302 231 25 44 1
3 373 209 302 231 25 44 1
3 373 210 302 231 25 44 1
3 373 211 302 231 25 44 1
3 373 212 302 231 25 44 1
3 373 213 302 231 25 44 1
3 373 214 302 231 25 44 1
3 373 215 302 231 25 44 1
3 373 216 302 231 25 44 1
3 373 217 302 231 25 44 1
3 373 218 302 231 25 44 1
3 373 219 302 231 25 44 1
3 373 220 302 231 25 44 1
3 373 221 302 231 25 46 1
3 373 222 302 231 25 46 1
3 373 223 302 231 25 46 1
3 373 224 302 231 25 46 1
3 373 225 302 231 25 46 1
3 373 226 302 231 25 46 1
3 373 227 302 231 25 46 1
3 373 228 302 231 25 46 1
3 373 229 302 231 25 46 1
3 373 230 302 231 25 46 1
3 373 231 302 232 25 47 1
3 373 232 302 232 25 47 1
3 373 233 302 232 25 47 1
3 373 234 302 232 25 47 1
3 373 235 302 232 25 47 1
3 373 236 302 232 25 47 1
3 373 237 302 232 25 47 1
3 373 238 302 232 25 47 1
3 373 239 302 232 25 47 1
3 373 240 302 232 25 47 1
3 373 241 302 232 25 48 1
3 373 242 302 232 25 48 1
3 373 243 302 232 25 48 1
3 373 244 302 232 25 48 1
3 373 245 302 232 25 48 1
3 373 246 302 232 25 48 1
3 373 247 302 232 25 48 1
3 373 248 302 232 25 48 1
3 373 249 302 232 25 48 1
3 373 250 302 232 25 48 1
3 373 251 304 234 24 48 1
3 373 252 304 234 24 48 1
3 373 253 304 234 24 48 1
3 373 254 304 234 24 48 1
3 373 255 304 234 24 48 1
3 373 256 304 234 24 48 1
3 373 257 304 234 24 48 1
3 373 258 304 234 24 48 1
3 373 259 304 234 24 48 1
3 373 260 304 234 24 48 1
3 373 261 304 234 24 48 1
3 373 262 304 234 24 48 1
3 373 263 305 234 23 48 1
3 373 264 305 234 23 48 1
3 373 265 305 234 23 48 1
3 373 266 305 234 23 48 1
3 373 267 305 234 23 48 1
3 373 268 305 234 23 48 1
3 373 269 305 234 25 50 1
3 373 270 305 234 25 50 1
3 373 271 305 234 25 50 1
3 373 272 305 234 25 50 1
3 373 273 305 234 25 50 1
3 373 274 305 234 25 50 1
3 373 275 307 234 23 50 1
3 373 276 307 234 23 50 1
3 373 277 307 234 23 50 1
3 373 278 307 234 23 50 1
3 373 279 307 234 23 50 1
3 373 280 307 234 23 50 1
3 373 281 307 234 23 50 1
3 373 282 307 234 23 50 1
3 373 283 307 234 23 50 1
3 373 284 307 234 23 50 1
3 373 285 307 234 23 50 1
3 373 286 309 236 23 50 1
3 373 287 309 236 23 50 1
3 373 288 309 236 23 50 1
3 373 289 309 236 23 50 1
3 373 290 309 236 23 50 1
3 373 291 309 236 23 50 1
3 373 292 309 236 23 50 1
3 373 293 309 236 23 50 1
3 373 294 309 236 23 50 1
3 373 295 309 236 23 50 1
3 373 296 309 236 23 50 1
3 373 297 309 236 23 50 1
3 373 298 309 236 23 50 1
3 373 299 309 236 23 50 1
3 373 300 311 236 23 50 1
3 373 301 311 236 23 50 1
3 373 302 311 236 23 50 1
3 373 303 311 236 23 50 1
3 373 304 311 236 23 50 1
3 373 305 311 236 23 50 1
3 373 306 311 236 23 50 1
3 373 307 312 236 24 50 1
3 373 308 312 236 24 50 1
3 373 309 312 236 24 50 1
3 373 310 312 236 24 50 1
3 373 311 312 236 24 50 1
3 373 312 312 236 24 50 1
3 373 313 312 236 24 50 1
3 373 314 314 236 23 50 1
3 373 315 314 236 23 50 1
3 373 316 314 236 23 50 1
3 373 317 314 236 23 50 1
3 373 318 314 236 23 50 1
3 373 319 314 236 23 50 1
3 373 320 314 236 23 50 1
3 373 321 316 236 23 50 1
3 373 322 316 236 23 50 1
3 373 323 316 236 23 50 1
3 373 324 316 236 23 50 1
3 373 325 316 236 23 50 1
3 373 326 316 236 23 50 1
3 373 327 316 236 25 50 1
3 373 328 318 236 23 52 1
3 373 329 318 236 23 52 1
3 373 330 318 236 23 52 1
3 373 331 318 236 23 52 1
3 373 332 318 236 23 52 1
3 373 333 318 236 23 52 1
3 373 334 318 238 25 50 1
3 373 335 320 238 23 50 1
3 373 336 320 238 23 50 1
3 373 337 320 238 23 50 1
3 373 338 320 238 23 50 1
3 373 339 320 238 23 50 1
3 373 340 320 238 23 50 1
3 373 341 320 238 24 50 1
3 373 342 321 238 23 50 1
3 373 343 321 238 23 50 1
3 373 344 321 238 23 50 1
3 373 345 321 238 23 50 1
3 373 346 321 238 23 50 1
3 373 347 321 238 25 50 1
3 373 348 321 238 25 50 1
3 373 349 323 238 23 50 1
3 373 350 323 238 23 50 1
3 373 351 323 238 23 50 1
3 373 352 323 238 23 50 1
3 373 353 323 238 23 50 1
3 373 354 323 238 25 50 1
3 373 355 323 238 25 50 1
3 373 356 325 238 23 51 1
3 373 357 325 238 23 51 1
3 373 358 325 238 23 51 1
3 373 359 325 238 23 51 1
3 373 360 325 238 23 51 1
3 373 361 325 238 25 51 1
3 373 362 325 238 25 51 1
3 373 363 327 238 23 51 1
3 373 364 327 238 23 51 1
3 373 365 327 238 23 51 1
3 373 366 327 238 23 51 1
3 373 367 327 240 25 49 1
3 373 368 327 240 25 49 1
3 373 369 327 240 25 49 1
3 373 370 328 240 24 49 1
3 373 371 328 240 24 49 1
3 373 372 328 240 24 49 1
3 373 373 328 240 24 49 1
3 373 374 328 240 25 49 1
3 373 375 328 240 25 49 1
3 373 376 328 240 25 49 1
3 373 377 330 240 23 49 1
3 373 378 330 240 23 49 1
3 373 379 330 240 23 49 1
3 373 380 330 240 23 49 1
3 373 381 330 240 25 49 1
3 373 382 330 240 25 49 1
3 373 383 330 240 25 49 1
3 373 384 332 240 23 51 1
3 373 385 332 240 23 51 1
3 373 386 332 240 23 51 1
3 373 387 332 240 25 51 1
3 373 388 332 240 25 51 1
3 373 389 332 240 25 51 1
3 373 390 332 240 25 51 1
3 373 391 334 240 23 51 1
3 373 392 334 240 23 51 1
3 373 393 334 240 23 51 1
3 373 394 334 240 25 51 1
3 373 395 334 240 25 51 1
3 373 396 334 240 25 51 1
3 373 397 334 240 25 51 1
3 373 398 336 240 23 51 1
3 373 399 336 240 23 51 1
3 373 400 336 240 23 51 1
3 373 401 336 241 24 50 1
3 373 402 336 241 24 50 1
3 373 403 336 241 24 50 1
3 373 404 336 241 24 50 1
3 373 405 337 241 23 50 1
3 373 406 337 241 23 50 1
3 373 407 337 241 25 50 1
3 373 408 337 241 25 50 1
3 373 409 337 241 25 50 1
3 373 410 337 241 25 50 1
3 373 411 337 241 25 50 1
3 373 412 339 241 23 52 1
3 373 413 339 241 23 52 1
3 373 414 339 241 25 52 1
3 373 415 339 241 25 52 1
3 373 416 339 241 25 52 1
3 373 417 339 241 25 52 1
3 373 418 339 241 25 52 1
3 373 419 341 241 23 52 1
3 373 420 341 241 23 52 1
3 373 421 341 241 25 52 1
3 373 422 341 241 25 52 1
3 373 423 341 241 25 52 1
3 373 424 341 241 25 52 1
3 373 425 341 241 25 52 1
3 373 426 343 241 23 52 1
3 373 427 343 241 25 52 1
3 373 428 343 241 25 52 1
3 373 429 343 241 25 52 1
3 373 430 343 241 25 52 1
3 373 431 343 241 25 52 1
3 373 432 343 241 25 52 1
3 373 433 344 241 24 52 1
3 373 434 344 243 25 50 1
3 373 435 344 243 25 50 1
3 373 436 344 243 25 50 1
3 373 437 344 243 25 50 1
3 373 438 344 243 25 50 1
3 373 439 344 243 25 50 1
3 373 440 346 243 23 52 1
3 373 441 346 243 25 52 1
3 373 442 346 243 25 52 1
3 373 443 346 243 25 52 1
3 373 444 346 243 25 52 1
3 373 445 346 243 25 52 1
3 373 446 346 243 25 52 1
3 373 447 348 243 25 52 1
3 373 448 348 243 25 52 1
3 373 449 348 243 25 52 1
3 373 450 348 243 25 52 1
3 373 451 348 243 25 52 1
3 373 452 348 243 25 52 1
3 373 453 348 243 25 52 1
3 373 454 350 243 25 52 1
3 373 455 350 243 25 52 1
3 373 456 350 243 25 52 1
3 373 457 350 243 25 52 1
3 373 458 350 243 25 52 1
3 373 459 350 243 25 52 1
3 373 460 350 243 25 52 1
3 373 461 352 243 24 52 1
3 373 462 352 243 24 52 1
3 373 463 352 243 24 52 1
3 373 464 352 243 24 52 1
3 373 465 352 243 24 52 1
3 373 466 352 243 24 52 1
3 373 467 353 245 25 51 1
3 373 468 353 245 25 51 1
3 373 469 353 245 25 51 1
3 373 470 353 245 25 51 1
3 373 471 353 245 25 51 1
3 373 472 353 245 25 51 1
3 373 473 353 245 25 51 1
3 373 474 353 245 25 51 1
3 373 475 353 245 25 51 1
3 373 476 353 245 25 51 1
3 373 477 355 245 25 51 1
3 373 478 355 245 25 51 1
3 373 479 355 245 25 51 1
3 373 480 355 245 25 51 1
3 373 481 355 245 25 51 1
3 373 482 355 247 25 51 1
3 373 483 355 247 25 51 1
3 373 484 355 247 25 51 1
3 373 485 355 247 25 51 1
3 373 486 355 247 25 51 1
3 373 487 357 247 25 51 1
3 373 488 357 247 25 51 1
3 373 489 357 247 25 51 1
3 373 490 357 247 25 51 1
3 373 491 357 247 25 51 1
3 373 492 357 247 25 51 1
3 373 493 357 247 25 51 1
3 373 494 357 247 25 51 1
3 373 495 357 247 25 51 1
3 373 496 357 247 25 51 1
3 373 497 359 248 25 52 1
3 373 498 359 248 25 52 1
3 373 499 359 248 25 52 1
3 373 500 359 248 25 52 1
3 373 501 359 248 25 52 1
3 373 502 359 248 25 52 1
3 373 503 359 248 25 52 1
3 373 504 359 248 25 52 1
3 373 505 359 248 25 52 1
3 373 506 359 248 25 52 1
3 373 507 360 248 25 52 1
3 373 508 360 248 25 52 1
3 373 509 360 248 25 52 1
3 373 510 360 248 25 52 1
3 373 511 360 248 25 52 1
3 373 512 360 250 25 52 1
3 373 513 360 250 25 52 1
3 373 514 360 250 25 52 1
3 373 515 360 250 25 52 1
3 373 516 360 250 25 52 1
3 373 517 362 250 25 52 1
3 373 518 362 250 25 52 1
3 373 519 362 250 25 52 1
3 373 520 362 250 25 52 1
3 373 521 362 250 25 52 1
3 373 522 362 250 25 52 1
3 373 523 362 250 25 52 1
3 373 524 362 250 25 52 1
3 373 525 362 250 25 52 1
3 373 526 362 250 25 52 1
3 373 527 364 252 25 52 1
3 373 528 364 252 25 52 1
3 373 529 364 252 25 52 1
3 373 530 364 252 25 52 1
3 373 531 364 252 25 52 1
3 373 532 364 252 25 52 1
3 373 533 364 252 25 52 1
3 373 534 364 252 25 52 1
3 373 535 364 252 25 52 1
3 373 536 364 252 25 52 1
3 373 537 366 252 25 52 1
3 373 538 366 252 25 52 1
3 373 539 366 252 25 52 1
3 373 540 366 252 25 52 1
3 373 541 366 252 25 52 1
3 373 542 366 254 25 51 1
3 373 543 366 254 25 51 1
3 373 544 366 254 25 51 1
3 373 545 366 254 25 51 1
3 373 546 366 254 25 51 1
3 373 547 368 254 24 51 1
3 373 548 368 254 24 51 1
3 373 549 368 254 24 51 1
3 373 550 368 254 24 51 1
3 373 551 368 254 24 51 1
3 373 552 368 254 24 51 1
3 373 553 368 254 24 51 1
3 373 554 368 254 24 51 1
3 373 555 368 254 24 51 1
3 373 556 369 256 25 51 1
4 557 0 273 231 20 41 1
4 557 1 272 231 19 41 1
4 557 2 272 231 19 41 1
4 557 3 272 231 19 41 1
4 557 4 272 231 19 41 1
4 557 5 272 231 19 41 1
4 557 6 272 231 19 41 1
4 557 7 272 231 19 41 1
4 557 8 272 231 19 41 1
4 557 9 272 231 19 41 1
4 557 10 272 231 19 41 1
4 557 11 272 231 19 41 1
4 557 12 272 231 19 41 1
4 557 13 270 231 19 41 1
4 557 14 270 231 19 41 1
4 557 15 270 231 19 41 1
4 557 16 270 231 19 41 1
4 557 17 270 231 19 41 1
4 557 18 270 231 19 41 1
4 557 19 270 231 19 41 1
4 557 20 270 231 19 41 1
4 557 21 270 231 19 41 1
4 557 22 270 231 19 41 1
4 557 23 270 231 19 41 1
4 557 24 270 231 19 41 1
4 557 25 270 231 19 41 1
4 557 26 268 231 20 41 1
4 557 27 268 231 20 41 1
4 557 28 268 231 20 41 1
4 557 29 268 231 20 41 1
4 557 30 268 231 20 41 1
4 557 31 268 231 20 41 1
4 557 32 268 231 20 41 1
4 557 33 268 231 20 41 1
4 557 34 268 231 20 41 1
4 557 35 268 231 20 41 1
4 557 36 268 231 20 41 1
4 557 37 268 231 20 41 1
4 557 38 268 231 20 41 1
4 557 39 266 231 20 39 1
4 557 40 266 231 20 39 1
4 557 41 266 231 20 39 1
4 557 42 266 231 20 39 1
4 557 43 266 231 20 39 1
4 557 44 266 231 20 39 1
4 557 45 266 231 20 39 1
4 557 46 266 231 20 39 1
4 557 47 266 231 20 39 1
4 557 48 266 231 20 39 1
4 557 49 266 231 20 39 1
4 557 50 266 231 20 39 1
4 557 51 266 231 20 39 1
4 557 52 266 231 20 39 1
4 557 53 266 231 20 39 1
4 557 54 266 231 20 39 1
4 557 55 266 231 20 39 1
4 557 56 266 231 20 39 1
4 557 57 266 231 20 39 1
4 557 58 266 231 20 39 1
4 557 59 266 231 20 39 1
4 557 60 266 231 20 39 1
4 557 61 266 231 20 39 1
4 557 62 266 231 20 39 1
4 557 63 266 231 20 39 1
4 557 64 264 231 22 39 1
4 557 65 264 231 22 39 1
4 557 66 264 231 22 39 1
4 557 67 264 231 22 39 1
4 557 68 264 231 22 39 1
4 557 69 264 231 22 39 1
4 557 70 264 231 22 39 1
4 557 71 264 231 22 39 1
4 557 72 264 231 22 39 1
4 557 73 264 231 22 39 1
4 557 74 264 231 22 39 1
4 557 75 264 231 22 39 1
4 557 76 264 231 22 39 1
4 557 77 264 231 22 39 1
4 557 78 264 231 22 39 1
4 557 79 264 231 22 39 1
4 557 80 264 231 22 39 1
4 557 81 264 231 22 39 1
4 557 82 264 231 22 39 1
4 557 83 264 231 22 39 1
4 557 84 264 231 22 39 1
4 557 85 264 231 22 39 1
4 557 86 264 231 22 39 1
4 557 87 264 231 22 39 1
4 557 88 264 231 22 39 1
4 557 89 263 231 23 39 1
4 557 90 263 231 23 39 1
4 557 91 263 231 23 39 1
4 557 92 263 231 23 39 1
4 557 93 263 231 23 39 1
4 557 94 263 231 23 39 1
4 557 95 263 231 23 39 1
4 557 96 263 231 23 39 1
4 557 97 263 231 23 39 1
4 557 98 263 231 23 39 1
4 557 99 263 231 23 39 1
4 557 100 263 231 23 39 1
4 557 101 263 231 23 39 1
4 557 102 263 231 23 39 1
4 557 103 263 231 23 39 1
4 557 104 263 231 23 39 1
4 557 105 263 231 23 39 1
4 557 106 263 231 23 39 1
4 557 107 263 231 23 39 1
4 557 108 263 231 23 39 1
4 557 109 263 231 23 39 1
4 557 110 263 231 23 39 1
4 557 111 263 231 23 39 1
4 557 112 263 231 23 39 1
4 557 113 263 232 23 38 1
4 557 114 261 231 23 37 1
4 557 115 261 231 23 37 1
4 557 116 261 231 23 37 1
4 557 117 261 231 23 37 1
4 557 118 261 231 23 37 1
4 557 119 261 231 23 37 1
4 557 120 261 231 23 37 1
4 557 121 261 231 23 37 1
4 557 122 261 231 23 37 1
4 557 123 261 231 23 37 1
4 557 124 259 231 23 37 1
4 557 125 259 231 23 37 1
4 557 126 259 231 23 37 1
4 557 127 259 231 23 37 1
4 557 128 259 231 23 37 1
4 557 129 259 231 23 37 1
4 557 130 259 231 23 37 1
4 557 131 259 231 23 37 1
4 557 132 259 231 23 37 1
4 557 133 259 231 23 37 1
4 557 134 259 231 23 37 1
4 557 135 257 231 23 37 1
4 557 136 257 231 23 37 1
4 557 137 257 231 23 37 1
4 557 138 257 231 23 37 1
4 557 139 257 231 23 37 1
4 557 140 257 231 23 37 1
4 557 141 257 231 23 37 1
4 557 142 257 231 23 37 1
4 557 143 257 231 23 37 1
4 557 144 257 231 23 37 1
4 557 145 257 231 23 37 1
4 557 146 256 229 23 37 1
4 557 147 256 229 23 37 1
4 557 148 256 229 23 37 1
4 557 149 256 229 23 37 1
4 557 150 256 229 23 37 1
4 557 151 256 229 23 37 1
4 557 152 256 229 23 37 1
4 557 153 256 229 23 37 1
4 557 154 256 229 23 37 1
4 557 155 256 229 23 37 1
4 557 156 256 229 23 37 1
4 557 157 256 229 23 37 1
4 557 158 256 229 23 37 1
4 557 159 256 229 23 37 1
4 557 160 256 229 23 37 1
4 557 161 254 229 23 37 1
4 557 162 254 229 23 37 1
4 557 163 254 229 23 37 1
4 557 164 254 229 23 37 1
4 557 165 254 229 23 37 1
4 557 166 254 229 23 37 1
4 557 167 254 229 23 37 1
4 557 168 254 229 23 37 1
4 557 169 254 229 23 37 1
4 557 170 254 229 23 37 1
4 557 171 254 229 23 37 1
4 557 172 254 229 23 37 1
4 557 173 254 229 23 37 1
4 557 174 254 229 23 37 1
4 557 175 254 229 23 37 1
4 557 176 252 229 23 37 1
4 557 177 252 229 23 37 1
4 557 178 252 229 23 37 1
4 557 179 252 229 23 37 1
4 557 180 252 229 23 37 1
4 557 181 252 229 23 37 1
4 557 182 252 229 23 37 1
4 557 183 252 229 23 37 1
4 557 184 252 229 23 37 1
4 557 185 252 229 23 37 1
4 557 186 252 229 23 37 1
4 557 187 252 229 23 37 1
4 557 188 252 229 23 37 1
4 557 189 252 229 23 37 1
4 557 190 252 229 23 37 1
4 557 191 250 227 23 37 1
4 557 192 250 227 23 37 1
4 557 193 250 227 23 37 1
4 557 194 250 227 23 37 1
4 557 195 250 227 23 37 1
4 557 196 250 227 23 37 1
4 557 197 250 227 23 37 1
4 557 198 250 227 23 37 1
4 557 199 250 227 23 37 1
4 557 200 250 227 23 37 1
4 557 201 250 227 23 37 1
4 557 202 250 227 23 37 1
4 557 203 250 227 23 37 1
4 557 204 250 227 23 37 1
4 557 205 250 227 23 37 1
4 557 206 248 227 24 37 1
4 557 207 248 227 24 37 1
4 557 208 248 227 24 37 1
4 557 209 248 227 24 37 1
4 557 210 248 227 24 37 1
4 557 211 248 227 24 37 1
4 557 212 248 227 24 37 1
4 557 213 248 227 24 37 1
4 557 214 248 227 24 37 1
4 557 215 248 227 24 37 1
4 557 216 248 227 24 37 1
4 557 217 248 227 24 37 1
4 557 218 248 227 24 37 1
4 557 219 248 227 24 37 1
4 557 220 248 227 24 37 1
4 557 221 247 227 23 37 1
4 557 222 247 227 23 37 1
4 557 223 247 227 23 37 1
4 557 224 247 227 23 37 1
4 557 225 247 227 23 37 1
4 557 226 247 227 23 37 1
4 557 227 247 227 23 37 1
4 557 228 247 227 23 37 1
4 557 229 247 227 23 37 1
4 557 230 247 227 23 37 1
4 557 231 247 227 23 37 1
4 557 232 247 227 23 37 1
4 557 233 247 227 23 37 1
4 557 234 247 227 23 37 1
4 557 235 247 227 23 37 1
4 557 236 247 227 23 37 1
4 557 237 245 227 23 37 1
4 557 238 245 227 23 37 1
4 557 239 245 227 23 37 1
4 557 240 245 227 23 37 1
4 557 241 245 227 23 37 1
4 557 242 245 227 23 37 1
4 557 243 245 227 23 37 1
4 557 244 245 227 23 37 1
4 557 245 245 227 23 37 1
4 557 246 245 227 23 37 1
4 557 247 245 227 23 37 1
4 557 248 245 227 23 37 1
4 557 249 245 227 23 37 1
4 557 250 245 227 23 37 1
4 557 251 245 227 23 37 1
4 557 252 245 227 23 37 1
4 557 253 245 227 23 37 1
4 557 254 245 227 23 37 1
4 557 255 245 227 23 37 1
4 557 256 245 227 23 37 1
4 557 257 245 227 23 37 1
4 557 258 245 227 23 37 1
4 557 259 245 227 23 37 1
4 557 260 245 227 23 37 1
4 557 261 245 227 23 37 1
4 557 262 245 227 23 37 1
4 557 263 245 227 23 37 1
4 557 264 245 227 23 37 1
4 557 265 245 227 23 37 1
4 557 266 245 227 23 37 1
4 557 267 245 227 23 37 1
4 557 268 245 227 23 37 1
4 557 269 245 227 23 37 1
4 557 270 245 227 23 37 1
4 557 271 245 227 23 37 1
4 557 272 245 227 23 37 1
4 557 273 245 227 23 37 1
4 557 274 245 227 23 37 1
4 557 275 245 227 23 37 1
4 557 276 245 227 23 37 1
4 557 277 245 227 23 37 1
4 557 278 245 227 23 37 1
4 557 279 245 227 23 37 1
4 557 280 245 227 23 37 1
4 557 281 245 227 23 37 1
4 557 282 245 227 23 37 1
4 557 283 245 227 23 37 1
4 557 284 245 227 23 37 1
4 557 285 245 227 23 37 1
4 557 286 245 227 23 37 1
4 557 287 245 227 23 37 1
4 557 288 245 227 23 37 1
4 557 289 245 227 23 37 1
4 557 290 245 227 23 37 1
4 557 291 245 227 23 37 1
4 557 292 245 227 23 37 1
4 557 293 245 227 23 37 1
4 557 294 245 227 23 37 1
4 557 295 245 227 23 37 1
4 557 296 243 227 23 37 1
4 557 297 243 227 23 37 1
4 557 298 243 227 23 37 1
4 557 299 243 227 23 37 1
4 557 300 243 227 23 37 1
4 557 301 241 227 23 37 1
4 557 302 241 227 23 37 1
4 557 303 241 227 23 37 1
4 557 304 241 227 23 37 1
4 557 305 241 227 23 37 1
4 557 306 241 227 23 37 1
4 557 307 241 227 23 37 1
4 557 308 241 227 23 37 1
4 557 309 241 227 23 37 1
4 557 310 241 227 23 37 1
4 557 311 241 227 23 37 1
4 557 312 241 227 23 37 1
4 557 313 241 227 23 37 1
4 557 314 241 227 23 37 1
4 557 315 241 227 23 37 1
4 557 316 241 227 23 37 1
4 557 317 241 227 23 37 1
4 557 318 241 227 23 37 1
4 557 319 241 227 23 37 1
4 557 320 241 227 23 37 1
4 557 321 241 227 23 37 1
4 557 322 241 227 23 37 1
4 557 323 241 227 23 37 1
4 557 324 241 227 23 37 1
4 557 325 241 227 23 37 1
4 557 326 241 227 23 37 1
4 557 327 241 227 23 37 1
4 557 328 241 227 23 37 1
4 557 329 241 227 22 37 1
4 557 330 241 227 22 37 1
4 557 331 241 227 22 37 1
4 557 332 241 227 22 37 1
4 557 333 241 227 22 37 1
4 557 334 241 227 22 37 1
4 557 335 241 227 22 37 1
4 557 336 241 227 22 37 1
4 557 337 241 227 22 37 1
4 557 338 241 227 22 37 1
4 557 339 241 227 22 37 1
4 557 340 241 227 22 37 1
4 557 341 241 227 22 37 1
4 557 342 241 227 22 37 1
4 557 343 240 227 23 37 1
4 557 344 240 227 23 37 1
4 557 345 240 227 23 37 1
4 557 346 240 227 23 37 1
4 557 347 240 227 23 37 1
4 557 348 240 227 23 37 1
4 557 349 240 227 23 37 1
4 557 350 240 227 23 37 1
4 557 351 240 227 23 37 1
4 557 352 240 227 23 37 1
4 557 353 240 227 23 37 1
4 557 354 240 227 23 37 1
4 557 355 240 227 23 37 1
4 557 356 240 227 23 37 1
4 557 357 240 227 21 37 1
4 557 358 240 227 21 37 1
4 557 359 240 227 21 37 1
4 557 360 240 227 21 37 1
4 557 361 240 227 21 37 1
4 557 362 240 227 21 37 1
4 557 363 240 227 21 37 1
4 557 364 240 227 21 37 1
4 557 365 240 227 21 37 1
4 557 366 240 227 21 37 1
4 557 367 240 227 21 37 1
4 557 368 240 227 21 37 1
4 557 369 240 227 21 37 1
4 557 370 240 227 21 37 1
4 557 371 240 227 21 37 1
4 557 372 240 227 21 37 1
4 557 373 240 227 21 37 1
4 557 374 240 227 21 37 1
4 557 375 240 227 21 37 1
4 557 376 240 227 21 37 1
4 557 377 240 227 21 37 1
4 557 378 240 227 21 37 1
4 557 379 240 227 21 37 1
4 557 380 240 227 21 37 1
4 557 381 240 227 21 37 1
4 557 382 240 227 21 37 1
4 557 383 240 227 21 37 1
4 557 384 240 227 21 37 1
4 557 385 240 227 21 37 1
4 557 386 238 227 21 37 1
4 557 387 238 227 21 37 1
4 557 388 238 227 21 37 1
4 557 389 238 227 21 37 1
4 557 390 238 227 21 37 1
4 557 391 238 227 21 37 1
4 557 392 238 227 21 37 1
4 557 393 238 227 21 37 1
4 557 394 238 227 21 37 1
4 557 395 238 227 21 37 1
4 557 396 238 227 21 37 1
4 557 397 238 227 21 37 1
4 557 398 238 227 21 37 1
4 557 399 238 227 21 37 1
4 557 400 238 227 21 37 1
4 557 401 238 227 21 37 1
4 557 402 238 227 21 37 1
4 557 403 238 227 21 37 1
4 557 404 238 227 21 37 1
4 557 405 238 227 21 37 1
4 557 406 238 227 21 37 1
4 557 407 238 227 21 37 1
4 557 408 238 227 21 37 1
4 557 409 238 227 21 37 1
4 557 410 238 227 21 37 1
4 557 411 238 227 21 37 1
4 557 412 238 227 21 37 1
4 557 413 238 227 21 37 1
4 557 414 238 227 19 37 1
4 557 415 238 227 19 37 1
4 557 416 238 227 19 37 1
4 557 417 238 227 19 37 1
4 557 418 238 227 19 37 1
4 557 419 238 227 19 37 1
4 557 420 238 227 19 37 1
4 557 421 238 227 19 37 1
4 557 422 238 227 19 37 1
4 557 423 238 227 19 37 1
4 557 424 238 227 19 37 1
4 557 425 238 227 19 37 1
4 557 426 238 227 19 37 1
4 557 427 238 227 19 37 1
4 557 428 238 227 19 37 1
4 557 429 236 227 21 37 1
4 557 430 236 227 21 37 1
4 557 431 236 227 21 37 1
4 557 432 236 227 21 37 1
4 557 433 236 227 21 37 1
4 557 434 236 227 21 37 1
4 557 435 236 227 21 37 1
4 557 436 236 227 21 37 1
4 557 437 236 227 21 37 1
4 557 438 236 227 21 37 1
4 557 439 236 227 21 37 1
4 557 440 236 227 21 37 1
4 557 441 236 227 21 37 1
4 557 442 236 227 21 37 1
4 557 443 236 227 20 37 1
4 557 444 236 227 20 37 1
4 557 445 236 227 20 37 1
4 557 446 236 227 20 37 1
4 557 447 236 227 20 37 1
4 557 448 236 227 20 37 1
4 557 449 236 227 20 37 1
4 557 450 236 227 20 37 1
4 557 451 236 227 20 37 1
4 557 452 236 227 20 37 1
4 557 453 236 227 20 37 1
4 557 454 236 227 20 37 1
4 557 455 236 227 20 37 1
4 557 456 236 227 20 37 1
4 557 457 236 227 20 37 1
4 557 458 236 227 20 37 1
4 557 459 236 227 20 37 1
4 557 460 236 227 20 37 1
4 557 461 236 227 20 37 1
4 557 462 236 227 20 37 1
4 557 463 236 227 20 37 1
4 557 464 236 227 20 37 1
4 557 465 236 227 20 37 1
4 557 466 236 227 20 37 1
4 557 467 236 227 20 37 1
4 557 468 236 227 20 37 1
4 557 469 236 227 20 37 1
4 557 470 236 227 20 37 1
4 557 471 234 227 20 37 1
4 557 472 234 227 20 37 1
4 557 473 234 227 20 37 1
4 557 474 234 227 20 37 1
4 557 475 234 227 20 37 1
4 557 476 234 227 20 37 1
4 557 477 234 227 20 37 1
4 557 478 234 227 20 37 1
4 557 479 234 227 20 37 1
4 557 480 234 227 20 37 1
4 557 481 234 227 20 37 1
4 557 482 234 227 20 37 1
4 557 483 234 227 20 37 1
4 557 484 234 227 20 37 1
4 557 485 234 227 20 37 1
4 557 486 234 227 20 37 1
4 557 487 234 227 20 37 1
4 557 488 234 227 20 37 1
4 557 489 234 227 20 37 1
4 557 490 234 227 20 37 1
4 557 491 234 227 20 37 1
4 557 492 234 227 20 37 1
4 557 493 234 227 20 37 1
4 557 494 234 227 20 37 1
4 557 495 234 227 20 37 1
4 557 496 234 227 20 37 1
4 557 497 234 227 20 37 1
4 557 498 234 227 20 37 1
4 557 499 234 227 20 37 1
4 557 500 234 227 18 37 1
4 557 501 234 227 18 37 1
4 557 502 234 227 18 37 1
4 557 503 234 227 18 37 1
4 557 504 234 227 18 37 1
4 557 505 234 227 18 37 1
4 557 506 234 227 18 37 1
4 557 507 234 227 18 37 1
4 557 508 234 227 18 37 1
4 557 509 234 227 18 37 1
4 557 510 234 227 18 37 1
4 557 511 234 227 18 37 1
4 557 512 234 227 18 37 1
4 557 513 234 227 18 37 1
4 557 514 232 227 20 37 1
4 557 515 232 227 20 37 1
4 557 516 232 227 20 37 1
4 557 517 232 227 20 37 1
4 557 518 232 227 20 37 1
4 557 519 232 227 20 37 1
4 557 520 232 227 20 37 1
4 557 521 232 227 20 37 1
4 557 522 232 227 20 37 1
4 557 523 232 227 20 37 1
4 557 524 232 227 20 37 1
4 557 525 232 227 20 37 1
4 557 526 232 227 20 37 1
4 557 527 232 227 20 37 1
4 557 528 232 227 18 37 1
4 557 529 232 227 18 37 1
4 557 530 232 227 18 37 1
4 557 531 232 227 18 37 1
4 557 532 232 227 18 37 1
4 557 533 232 227 18 37 1
4 557 534 232 227 18 37 1
4 557 535 232 227 18 37 1
4 557 536 232 227 18 37 1
4 557 537 232 227 18 37 1
4 557 538 232 227 18 37 1
4 557 539 232 227 18 37 1
4 557 540 232 227 18 37 1
4 557 541 232 227 18 37 1
4 557 542 232 227 18 37 1
4 557 543 232 227 18 37 1
4 557 544 232 227 18 37 1
4 557 545 232 227 18 37 1
4 557 546 232 227 18 37 1
4 557 547 232 227 18 37 1
4 557 548 232 227 18 37 1
4 557 549 232 227 18 37 1
4 557 550 232 227 18 37 1
4 557 551 232 227 18 37 1
4 557 552 232 227 18 37 1
4 557 553 232 227 18 37 1
4 557 554 232 227 18 37 1
4 557 555 232 227 18 37 1
4 557 556 232 229 18 37 1
5 322 0 302 236 19 46 1
5 322 1 300 234 20 46 1
5 322 2 300 234 20 46 1
5 322 3 300 234 20 46 1
5 322 4 300 234 20 46 1
5 322 5 300 234 20 46 1
5 322 6 300 234 20 46 1
5 322 7 300 234 20 46 1
5 322 8 300 234 20 46 1
5 322 9 300 234 20 46 1
5 322 10 300 234 20 46 1
5 322 11 300 234 20 46 1
5 322 12 300 234 20 46 1
5 322 13 300 234 20 46 1
5 322 14 300 234 20 46 1
5 322 15 300 234 20 46 1
5 322 16 300 234 20 46 1
5 322 17 300 234 20 46 1
5 322 18 300 234 20 46 1
5 322 19 300 234 20 46 1
5 322 20 300 234 20 46 1
5 322 21 300 234 20 46 1
5 322 22 300 234 20 46 1
5 322 23 300 234 20 46 1
5 322 24 300 234 20 46 1
5 322 25 300 232 20 48 1
5 322 26 300 232 20 48 1
5 322 27 300 232 21 48 1
5 322 28 300 232 21 48 1
5 322 29 302 232 19 48 1
5 322 30 302 232 21 48 1
5 322 31 302 232 21 48 1
5 322 32 302 232 21 48 1
5 322 33 304 232 21 48 1
5 322 34 304 232 21 48 1
5 322 35 304 231 21 49 1
5 322 36 304 231 23 49 1
5 322 37 305 231 22 49 1
5 322 38 305 231 22 49 1
5 322 39 305 231 23 49 1
5 322 40 305 231 23 49 1
5 322 41 307 231 21 49 1
5 322 42 307 231 23 49 1
5 322 43 307 231 23 49 1
5 322 44 307 231 23 49 1
5 322 45 309 231 23 49 1
5 322 46 309 231 23 48 1
5 322 47 309 231 23 48 1
5 322 48 309 231 23 48 1
5 322 49 309 231 23 48 1
5 322 50 309 231 23 48 1
5 322 51 311 231 23 48 1
5 322 52 311 231 23 48 1
5 322 53 311 231 23 48 1
5 322 54 311 231 23 46 1
5 322 55 311 231 23 46 1
5 322 56 311 231 23 46 1
5 322 57 312 231 24 46 1
5 322 58 312 231 24 46 1
5 322 59 312 231 24 46 1
5 322 60 312 231 24 46 1
5 322 61 312 231 24 46 1
5 322 62 312 231 24 44 1
5 322 63 314 231 23 44 1
5 322 64 314 231 23 44 1
5 322 65 314 231 23 44 1
5 322 66 314 231 23 44 1
5 322 67 314 231 23 44 1
5 322 68 314 231 23 44 1
5 322 69 316 232 23 43 1
5 322 70 316 231 23 44 1
5 322 71 316 231 23 44 1
5 322 72 316 231 23 44 1
5 322 73 316 231 23 44 1
5 322 74 316 231 23 44 1
5 322 75 316 231 23 44 1
5 322 76 316 231 23 44 1
5 322 77 316 231 23 44 1
5 322 78 316 231 23 44 1
5 322 79 316 231 23 44 1
5 322 80 316 231 23 44 1
5 322 81 316 231 23 44 1
5 322 82 316 231 23 44 1
5 322 83 318 231 23 44 1
5 322 84 318 231 23 44 1
5 322 85 318 231 23 44 1
5 322 86 318 231 23 44 1
5 322 87 318 231 23 44 1
5 322 88 318 231 23 44 1
5 322 89 318 231 23 44 1
5 322 90 318 231 23 44 1
5 322 91 318 231 23 44 1
5 322 92 318 231 23 44 1
5 322 93 318 231 23 44 1
5 322 94 318 231 23 44 1
5 322 95 318 231 23 44 1
5 322 96 320 231 23 46 1
5 322 97 320 231 23 46 1
5 322 98 320 231 23 46 1
5 322 99 320 231 23 46 1
5 322 100 320 231 23 46 1
5 322 101 320 231 23 46 1
5 322 321 320 231 23 46 1
6 322 0 1077 369 46 50 1
6 322 1 1080 366 48 53 1
6 322 2 1084 364 50 55 1
6 322 3 1088 360 51 59 1
6 322 4 1091 359 53 60 1
6 322 5 1095 357 55 62 1
6 322 6 1098 353 57 66 1
6 322 7 1102 352 58 67 1
6 322 8 1107 350 61 71 1
6 322 9 1111 346 62 77 1
6 322 10 1116 344 62 80 1
6 322 11 1121 343 63 83 1
6 322 12 1127 341 62 89 1
6 322 13 1132 339 62 93 1
6 322 14 1137 337 63 96 1
6 322 15 1143 336 62 99 1
6 322 16 1148 334 62 105 1
6 322 17 1152 332 62 107 1
6 322 18 1157 332 62 108 1
6 322 19 1162 332 62 108 1
6 322 20 1166 330 64 112 1
6 322 21 1171 330 64 112 1
6 322 22 1176 330 64 114 1
6 322 23 1182 327 64 115 1
6 322 24 1187 323 64 119 1
6 322 25 1192 321 64 121 1
6 322 26 1198 318 64 122 1
6 322 27 1203 316 64 124 1
6 322 28 1208 312 64 128 1
6 322 29 1216 311 62 129 1
6 322 30 1223 309 55 130 1
6 322 31 1230 307 48 130 1
6 322 32 1237 305 41 130 1
6 322 33 1246 304 32 129 1
6 322 34 1246 304 32 129 1
6 322 35 1246 304 32 129 1
6 322 36 1246 304 32 129 1
6 322 321 1107 350 61 71 1
