0 362 0 1038 195 18 39 1
0 362 1 1036 195 18 39 1
0 362 2 1036 195 18 39 1
0 362 3 1036 195 18 39 1
0 362 4 1036 195 18 39 1
0 362 5 1036 195 18 39 1
0 362 6 1036 195 18 39 1
0 362 7 1036 195 18 39 1
0 362 8 1036 195 18 39 1
0 362 9 1036 195 18 39 1
0 362 10 1036 195 18 39 1
0 362 11 1034 195 18 39 1
0 362 12 1034 195 18 39 1
0 362 13 1034 195 18 39 1
0 362 14 1034 195 18 39 1
0 362 15 1034 195 18 39 1
0 362 16 1034 197 18 39 1
0 362 17 1034 197 18 39 1
0 362 18 1034 197 18 39 1
0 362 19 1034 197 18 39 1
0 362 20 1034 197 18 39 1
0 362 21 1032 197 18 39 1
0 362 22 1032 197 18 39 1
0 362 23 1032 197 18 39 1
0 362 24 1032 197 18 39 1
0 362 25 1032 197 18 39 1
0 362 26 1032 197 18 39 1
0 362 27 1032 197 18 39 1
0 362 28 1032 197 18 39 1
0 362 29 1032 197 18 39 1
0 362 30 1032 197 18 39 1
0 362 31 1032 199 18 39 1
0 362 32 1031 199 17 41 1
0 362 33 1029 199 18 42 1
0 362 34 1027 199 20 44 1
0 362 35 1025 200 20 45 1
0 362 36 1025 200 20 47 1
0 362 37 1024 200 19 48 1
0 362 38 1022 202 21 48 1
0 362 39 1020 202 21 50 1
0 362 40 1020 202 21 52 1
0 362 41 1018 204 22 52 1
0 362 42 1016 204 24 53 1
0 362 43 1015 204 23 55 1
0 362 44 1015 206 23 55 1
0 362 45 1013 206 23 55 1
0 362 46 1013 206 23 55 1
0 362 47 1013 206 23 55 1
0 362 48 1011 206 23 55 1
0 362 49 1011 206 23 55 1
0 362 50 1011 206 23 55 1
0 362 51 1011 206 23 55 1
0 362 52 1009 206 23 55 1
0 362 53 1009 206 23 55 1
0 362 54 1009 206 23 55 1
0 362 55 1009 206 23 55 1
0 362 56 1008 206 23 55 1
0 362 57 1008 206 23 55 1
0 362 58 1008 206 23 55 1
0 362 59 1008 206 23 55 1
0 362 60 1006 206 23 55 1
0 362 61 1006 206 23 55 1
0 362 62 1006 206 23 55 1
0 362 63 1006 206 23 55 1
0 362 64 1004 206 23 55 1
0 362 65 1004 206 23 55 1
0 362 66 1004 206 23 55 1
0 362 67 1004 206 23 55 1
0 362 68 1004 206 23 55 1
0 362 69 1002 206 23 55 1
0 362 70 1002 206 23 55 1
0 362 71 1002 206 23 55 1
0 362 72 1002 206 23 55 1
0 362 73 1002 206 23 55 1
0 362 74 1000 206 24 55 1
0 362 75 1000 206 24 55 1
0 362 76 1000 206 24 55 1
0 362 77 1000 206 24 55 1
0 362 78 1000 206 24 55 1
0 362 79 1000 206 24 55 1
0 362 80 999 206 23 55 1
0 362 81 999 206 23 55 1
0 362 82 999 206 23 55 1
0 362 83 999 206 23 55 1
0 362 84 999 206 23 55 1
0 362 85 997 206 23 55 1
0 362 86 997 206 23 55 1
0 362 87 997 206 23 55 1
0 362 88 997 206 23 55 1
0 362 89 997 206 23 55 1
0 362 90 995 206 23 55 1
0 362 91 995 206 23 55 1
0 362 92 995 206 23 55 1
0 362 93 995 206 23 55 1
0 362 94 995 206 23 55 1
0 362 95 995 206 23 55 1
0 362 96 993 206 23 55 1
0 362 97 993 206 23 55 1
0 362 98 993 206 23 55 1
0 362 99 992 206 23 55 1
0 362 100 992 206 23 55 1
0 362 101 992 206 23 55 1
0 362 102 990 206 23 55 1
0 362 103 990 206 23 55 1
0 362 104 990 206 23 55 1
0 362 105 988 206 23 55 1
0 362 106 988 206 23 55 1
0 362 107 988 206 23 55 1
0 362 108 986 206 23 55 1
0 362 109 986 206 23 55 1
0 362 110 986 206 23 55 1
0 362 111 984 206 24 55 1
0 362 112 984 206 24 55 1
0 362 113 984 206 24 55 1
0 362 114 983 206 23 55 1
0 362 115 983 206 23 55 1
0 362 116 983 206 23 55 1
0 362 117 981 206 23 55 1
0 362 118 981 206 23 55 1
0 362 119 981 206 23 55 1
0 362 120 979 206 23 55 1
0 362 121 979 206 23 55 1
0 362 122 979 206 23 55 1
0 362 123 977 206 23 55 1
0 362 124 977 206 23 55 1
0 362 125 977 206 23 55 1
0 362 126 976 206 23 55 1
0 362 127 976 206 23 55 1
0 362 128 976 206 23 55 1
0 362 129 974 206 23 55 1
0 362 130 974 206 23 55 1
0 362 131 974 206 23 55 1
0 362 132 972 206 23 55 1
0 362 133 972 206 23 55 1
0 362 134 972 206 23 55 1
0 362 135 972 208 23 55 1
0 362 136 970 208 23 55 1
0 362 137 970 208 23 55 1
0 362 138 970 208 23 55 1
0 362 139 970 208 23 55 1
0 362 140 968 208 24 55 1
0 362 141 968 208 24 55 1
0 362 142 968 208 24 55 1
0 362 143 968 208 24 55 1
0 362 144 967 208 23 55 1
0 362 145 967 208 23 55 1
0 362 146 967 208 23 55 1
0 362 147 967 208 23 55 1
0 362 148 965 208 23 55 1
0 362 149 965 208 23 55 1
0 362 150 965 208 23 55 1
0 362 151 965 208 23 55 1
0 362 152 965 208 23 55 1
0 362 153 963 208 23 55 1
0 362 154 963 208 23 55 1
0 362 155 963 208 23 55 1
0 362 156 963 208 23 55 1
0 362 157 961 208 23 55 1
0 362 158 961 208 23 55 1
0 362 159 961 208 23 55 1
0 362 160 961 208 23 55 1
0 362 161 960 208 23 55 1
0 362 162 960 208 23 55 1
0 362 163 960 208 23 55 1
0 362 164 960 208 23 55 1
0 362 165 958 208 23 55 1
0 362 166 958 208 23 55 1
0 362 167 958 208 23 55 1
0 362 168 958 208 23 55 1
0 362 169 958 208 23 55 1
0 362 170 956 208 23 55 1
0 362 171 956 208 23 55 1
0 362 172 956 208 23 55 1
0 362 173 956 208 23 55 1
0 362 174 954 208 23 55 1
0 362 175 954 208 23 55 1
0 362 176 954 208 23 55 1
0 362 177 954 208 23 55 1
0 362 178 952 208 24 55 1
0 362 179 952 208 24 55 1
0 362 180 952 208 24 55 1
0 362 181 952 208 24 55 1
0 362 182 952 208 24 55 1
0 362 183 951 206 23 55 1
0 362 184 951 206 23 55 1
0 362 185 951 206 23 55 1
0 362 186 951 206 23 55 1
0 362 187 949 206 23 55 1
0 362 188 949 206 23 55 1
0 362 189 949 206 23 55 1
0 362 190 949 206 23 55 1
0 362 191 949 206 23 55 1
0 362 192 947 206 23 55 1
0 362 193 947 206 23 55 1
0 362 194 947 206 23 55 1
0 362 195 947 206 23 55 1
0 362 196 947 206 23 55 1
0 362 197 945 206 23 55 1
0 362 198 945 206 23 55 1
0 362 199 945 206 23 55 1
0 362 200 945 206 23 55 1
0 362 201 945 206 23 55 1
0 362 202 944 206 23 55 1
0 362 203 944 206 23 55 1
0 362 204 944 206 23 55 1
0 362 205 944 206 23 55 1
0 362 206 944 206 23 55 1
0 362 207 942 206 23 55 1
0 362 208 942 206 23 55 1
0 362 209 942 206 23 55 1
0 362 210 942 206 23 55 1
0 362 211 942 206 23 55 1
0 362 212 940 206 23 55 1
0 362 213 940 206 23 55 1
0 362 214 940 206 23 55 1
0 362 215 940 206 23 55 1
0 362 216 940 206 23 55 1
0 362 217 938 206 23 55 1
0 362 218 938 206 23 55 1
0 362 219 938 206 23 55 1
0 362 220 938 206 23 55 1
0 362 221 938 206 23 55 1
0 362 222 936 206 24 55 1
0 362 223 936 206 24 55 1
0 362 224 936 206 24 55 1
0 362 225 936 206 24 55 1
0 362 226 936 206 24 55 1
0 362 227 935 206 23 55 1
0 362 228 935 206 23 55 1
0 362 229 935 206 23 55 1
0 362 230 935 206 23 55 1
0 362 231 935 206 23 55 1
0 362 232 933 206 23 55 1
0 362 233 933 206 23 55 1
0 362 234 933 206 23 55 1
0 362 235 933 206 23 55 1
0 362 236 933 206 23 55 1
0 362 237 931 206 23 55 1
0 362 238 931 206 23 55 1
0 362 239 931 206 23 55 1
0 362 240 931 206 23 55 1
0 362 241 931 206 23 55 1
0 362 242 929 206 23 55 1
0 362 243 929 206 23 55 1
0 362 244 929 206 23 55 1
0 362 245 929 206 23 55 1
0 362 246 929 206 23 55 1
0 362 247 928 206 23 55 1
0 362 248 928 206 23 55 1
0 362 249 928 206 23 55 1
0 362 250 928 206 23 55 1
0 362 251 928 206 23 55 1
0 362 252 926 206 23 53 1
0 362 253 924 206 23 53 1
0 362 254 924 206 23 53 1
0 362 255 922 206 23 53 1
0 362 256 920 206 24 53 1
0 362 257 920 206 24 53 1
0 362 258 919 206 23 53 1
0 362 259 919 206 23 53 1
0 362 260 917 206 23 53 1
0 362 261 915 206 23 53 1
0 362 262 915 206 23 53 1
0 362 263 913 206 23 53 1
0 362 264 913 206 23 53 1
0 362 265 912 206 23 53 1
0 362 266 910 206 23 53 1
0 362 267 910 206 23 53 1
0 362 268 908 206 23 53 1
0 362 269 906 206 23 53 1
0 362 270 906 206 23 53 1
0 362 271 904 206 24 53 1
0 362 272 904 206 24 53 1
0 362 273 903 206 23 53 1
0 362 274 901 206 23 53 1
0 362 275 901 206 23 53 1
0 362 276 899 206 23 51 1
0 362 277 899 206 23 51 1
0 362 278 897 206 23 51 1
0 362 279 896 206 23 51 1
0 362 280 896 206 23 51 1
0 362 281 894 206 23 51 1
0 362 282 894 206 23 51 1
0 362 283 892 206 23 51 1
0 362 284 890 206 23 51 1
0 362 285 890 206 23 51 1
0 362 286 888 206 24 51 1
0 362 287 887 206 23 51 1
0 362 288 887 206 23 51 1
0 362 289 885 206 23 51 1
0 362 290 885 206 23 51 1
0 362 291 883 206 23 51 1
0 362 292 881 206 23 51 1
0 362 293 881 206 23 51 1
0 362 294 880 206 23 51 1
0 362 295 880 206 23 51 1
0 362 296 878 206 23 51 1
0 362 297 876 206 23 51 1
0 362 298 876 206 23 51 1
0 362 299 874 206 23 51 1
0 362 300 874 206 23 51 1
0 362 301 872 204 24 53 1
0 362 302 871 204 23 53 1
0 362 303 871 204 23 53 1
0 362 304 869 204 23 53 1
0 362 305 869 204 23 53 1
0 362 306 867 204 23 53 1
0 362 307 865 204 25 53 1
0 362 308 865 204 23 53 1
0 362 309 864 204 24 53 1
0 362 310 864 204 23 53 1
0 362 311 862 204 25 53 1
0 362 312 860 204 25 53 1
0 362 313 860 204 23 53 1
0 362 314 858 204 25 53 1
0 362 315 858 204 23 53 1
0 362 316 856 204 25 53 1
0 362 317 855 204 25 53 1
0 362 318 855 204 25 53 1
0 362 319 853 204 25 53 1
0 362 320 853 204 25 53 1
0 362 321 851 204 25 53 1
0 362 322 851 204 25 53 1
0 362 323 849 204 25 53 1
0 362 324 848 204 26 53 1
0 362 325 848 204 24 53 1
0 362 326 846 204 25 53 1
0 362 327 846 204 25 53 1
0 362 328 844 204 25 53 1
0 362 329 842 204 27 53 1
0 362 330 842 204 25 53 1
0 362 331 840 204 27 55 1
0 362 332 840 204 25 55 1
0 362 333 839 204 26 55 1
0 362 334 837 204 27 55 1
0 362 335 837 204 27 55 1
0 362 336 835 204 27 55 1
0 362 337 835 204 25 55 1
0 362 338 833 204 27 55 1
0 362 339 832 204 26 55 1
0 362 340 832 204 26 55 1
0 362 341 830 204 26 55 1
0 362 342 830 204 26 55 1
0 362 343 828 204 27 55 1
0 362 344 828 204 27 55 1
0 362 345 826 204 27 55 1
0 362 346 824 204 29 55 1
0 362 347 824 204 27 55 1
0 362 348 823 204 28 55 1
0 362 349 823 204 26 55 1
0 362 350 821 204 27 55 1
0 362 351 819 204 29 55 1
0 362 352 819 204 27 55 1
0 362 353 817 204 29 55 1
0 362 354 817 204 27 55 1
0 362 355 816 204 28 55 1
0 362 356 814 204 28 55 1
0 362 357 814 204 28 55 1
0 362 358 812 204 28 55 1
0 362 359 812 204 28 55 1
0 362 360 810 204 29 55 1
0 362 361 810 204 29 57 1
1 276 46 1038 197 16 41 1
1 276 47 1036 197 16 41 1
1 276 48 1036 197 16 41 1
1 276 49 1034 197 16 41 1
1 276 50 1034 197 16 43 1
1 276 51 1032 197 18 43 1
1 276 52 1032 197 16 43 1
1 276 53 1031 197 17 43 1
1 276 54 1031 197 17 44 1
1 276 55 1031 197 16 44 1
1 276 56 1029 197 18 44 1
1 276 57 1029 197 16 44 1
1 276 58 1027 197 18 46 1
1 276 59 1027 197 18 46 1
1 276 60 1025 197 18 46 1
1 276 61 1025 197 18 46 1
1 276 62 1025 199 18 46 1
1 276 63 1024 199 17 46 1
1 276 64 1024 199 17 46 1
1 276 65 1022 199 18 46 1
1 276 66 1022 199 18 48 1
1 276 67 1020 199 20 48 1
1 276 68 1020 199 18 48 1
1 276 69 1018 199 20 48 1
1 276 70 1018 199 20 49 1
1 276 71 1018 199 18 49 1
1 276 72 1016 199 20 49 1
1 276 73 1016 199 18 49 1
1 276 74 1015 199 19 51 1
1 276 75 1015 199 19 51 1
1 276 76 1013 199 19 51 1
1 276 77 1013 199 19 51 1
1 276 78 1013 200 19 52 1
1 276 79 1011 200 20 52 1
1 276 80 1011 200 20 52 1
1 276 81 1011 200 20 52 1
1 276 82 1011 200 20 52 1
1 276 83 1011 200 20 52 1
1 276 84 1011 200 20 52 1
1 276 85 1011 200 20 52 1
1 276 86 1009 200 20 52 1
1 276 87 1009 200 20 52 1
1 276 88 1009 200 20 52 1
1 276 89 1009 200 20 52 1
1 276 90 1009 200 20 52 1
1 276 91 1009 200 20 52 1
1 276 92 1009 200 20 52 1
1 276 93 1009 200 20 52 1
1 276 94 1008 200 19 52 1
1 276 95 1008 200 19 52 1
1 276 96 1008 200 19 52 1
1 276 97 1008 200 19 52 1
1 276 98 1008 200 19 52 1
1 276 99 1008 200 19 52 1
1 276 100 1008 200 19 52 1
1 276 101 1006 200 19 52 1
1 276 102 1006 200 19 52 1
1 276 103 1006 200 19 52 1
1 276 104 1006 200 19 52 1
1 276 105 1006 200 19 52 1
1 276 106 1006 200 19 52 1
1 276 107 1006 200 19 52 1
1 276 108 1006 200 19 52 1
1 276 109 1004 200 20 52 1
1 276 110 1004 200 20 52 1
1 276 111 1004 200 20 52 1
1 276 112 1004 200 20 52 1
1 276 113 1004 200 20 52 1
1 276 114 1004 200 20 52 1
1 276 115 1004 200 20 52 1
1 276 116 1002 200 20 52 1
1 276 117 1002 200 20 52 1
1 276 118 1002 200 20 52 1
1 276 119 1002 200 20 52 1
1 276 120 1002 200 20 52 1
1 276 121 1002 200 20 52 1
1 276 122 1002 200 20 52 1
1 276 123 1002 200 20 52 1
1 276 124 1000 200 20 52 1
1 276 125 1000 200 20 52 1
1 276 126 1000 200 20 52 1
1 276 127 1000 200 20 52 1
1 276 128 1000 200 20 52 1
1 276 129 1000 200 20 52 1
1 276 130 1000 200 20 52 1
1 276 131 1000 202 20 52 1
1 276 132 999 202 19 52 1
1 276 133 999 202 19 52 1
1 276 134 997 202 19 52 1
1 276 135 997 202 19 52 1
1 276 136 997 202 19 52 1
1 276 137 995 202 20 52 1
1 276 138 995 202 20 52 1
1 276 139 993 202 20 52 1
1 276 140 993 202 20 52 1
1 276 141 993 202 20 52 1
1 276 142 992 202 19 52 1
1 276 143 992 202 19 52 1
1 276 144 990 202 19 52 1
1 276 145 990 202 19 52 1
1 276 146 990 202 19 52 1
1 276 147 988 202 20 52 1
1 276 148 988 202 20 52 1
1 276 149 986 202 20 52 1
1 276 150 986 202 20 52 1
1 276 151 986 204 20 52 1
1 276 152 984 204 20 52 1
1 276 153 984 204 20 52 1
1 276 154 983 204 19 52 1
1 276 155 983 204 19 52 1
1 276 156 983 204 19 52 1
1 276 157 981 204 19 52 1
1 276 158 981 204 19 52 1
1 276 159 979 204 20 52 1
1 276 160 979 204 20 52 1
1 276 161 979 204 20 52 1
1 276 162 977 204 20 52 1
1 276 163 977 204 20 52 1
1 276 164 976 204 19 52 1
1 276 165 976 204 19 52 1
1 276 166 976 204 19 52 1
1 276 167 974 204 19 52 1
1 276 168 974 204 19 52 1
1 276 169 972 204 20 52 1
1 276 170 972 204 20 52 1
1 276 171 972 206 20 51 1
1 276 172 970 206 20 51 1
1 276 173 970 206 20 51 1
1 276 174 970 206 20 51 1
1 276 175 970 206 20 51 1
1 276 176 970 206 20 51 1
1 276 177 970 206 20 51 1
1 276 178 968 206 20 51 1
1 276 179 968 206 20 51 1
1 276 180 968 206 20 51 1
1 276 181 968 206 20 51 1
1 276 182 968 206 20 51 1
1 276 183 968 206 20 51 1
1 276 184 967 206 19 51 1
1 276 185 967 206 19 51 1
1 276 186 967 206 19 51 1
1 276 187 967 206 19 51 1
1 276 188 967 206 19 51 1
1 276 189 967 206 19 51 1
1 276 190 965 206 19 51 1
1 276 191 965 206 19 51 1
1 276 192 965 206 19 51 1
1 276 193 965 206 19 51 1
1 276 194 965 206 19 51 1
1 276 195 965 206 19 51 1
1 276 196 963 206 20 51 1
1 276 197 963 206 20 51 1
1 276 198 963 206 20 51 1
1 276 199 963 206 20 51 1
1 276 200 963 206 20 51 1
1 276 201 963 206 20 51 1
1 276 202 961 206 20 51 1
1 276 203 961 206 20 51 1
1 276 204 961 206 20 51 1
1 276 205 961 206 20 51 1
1 276 206 961 206 20 51 1
1 276 207 961 206 20 51 1
1 276 208 960 206 19 51 1
1 276 209 960 206 19 51 1
1 276 210 960 206 19 51 1
1 276 211 960 206 19 51 1
1 276 212 960 206 19 51 1
1 276 213 960 206 19 51 1
1 276 214 958 206 19 51 1
1 276 215 958 206 19 51 1
1 276 216 958 206 19 51 1
1 276 217 958 206 19 51 1
1 276 218 958 206 19 51 1
1 276 219 958 206 19 51 1
1 276 220 956 206 20 51 1
1 276 221 954 206 20 51 1
1 276 222 954 206 20 51 1
1 276 223 952 206 20 51 1
1 276 224 952 206 20 51 1
1 276 225 951 206 19 51 1
1 276 226 951 206 19 51 1
1 276 227 949 206 19 51 1
1 276 228 947 206 20 51 1
1 276 229 947 206 20 51 1
1 276 230 945 206 20 51 1
1 276 231 945 206 20 51 1
1 276 232 944 206 19 51 1
1 276 233 944 206 19 51 1
1 276 234 942 206 19 51 1
1 276 235 942 206 19 51 1
1 276 236 940 206 20 51 1
1 276 237 938 206 20 51 1
1 276 238 938 206 20 51 1
1 276 239 936 206 20 51 1
1 276 240 936 206 20 51 1
1 276 241 935 206 19 51 1
1 276 242 935 206 19 51 1
1 276 243 933 206 19 51 1
1 276 244 933 206 19 51 1
1 276 245 931 206 20 51 1
1 276 246 929 206 20 51 1
1 276 247 929 206 20 51 1
1 276 248 928 206 19 51 1
1 276 249 928 206 19 51 1
1 276 250 926 206 19 51 1
1 276 251 926 206 19 51 1
1 276 252 924 206 20 51 1
1 276 253 922 206 20 51 1
1 276 254 922 206 20 51 1
1 276 255 920 206 20 51 1
1 276 256 920 206 20 51 1
1 276 257 919 206 19 51 1
1 276 258 919 206 19 51 1
1 276 259 917 206 19 51 1
1 276 260 917 206 19 51 1
1 276 261 915 206 20 51 1
1 276 262 913 206 20 51 1
1 276 263 913 206 20 51 1
1 276 264 912 206 19 51 1
1 276 265 912 206 19 51 1
1 276 266 910 206 19 51 1
1 276 267 910 206 19 51 1
1 276 268 908 206 20 51 1
1 276 269 908 206 20 51 1
1 276 270 906 206 20 51 1
1 276 271 904 206 20 51 1
1 276 272 904 206 20 51 1
1 276 273 903 206 19 51 1
1 276 274 903 206 19 51 1
1 276 275 901 206 19 51 1
1 276 276 901 206 19 51 1
1 276 277 899 206 20 51 1
1 276 278 897 206 20 51 1
1 276 279 897 206 20 51 1
1 276 280 896 206 19 51 1
1 276 281 896 206 19 51 1
1 276 282 894 206 19 51 1
1 276 283 894 206 19 51 1
1 276 284 892 206 20 51 1
1 276 285 892 206 20 51 1
1 276 286 890 206 20 51 1
1 276 287 888 206 20 51 1
1 276 288 888 206 20 51 1
1 276 289 887 206 19 51 1
1 276 290 887 206 19 51 1
1 276 291 885 206 19 51 1
1 276 292 885 206 19 51 1
1 276 293 883 206 20 51 1
1 276 294 883 206 20 51 1
1 276 295 881 206 20 51 1
1 276 296 880 206 19 51 1
1 276 297 880 206 19 51 1
1 276 298 878 206 19 51 1
1 276 299 878 206 19 51 1
1 276 300 876 206 20 51 1
1 276 301 876 206 20 51 1
1 276 302 874 206 20 51 1
1 276 303 872 206 20 51 1
1 276 304 872 206 20 51 1
1 276 305 871 206 19 51 1
1 276 306 871 206 19 51 1
1 276 307 869 206 19 51 1
1 276 308 869 206 19 51 1
1 276 309 867 206 20 51 1
1 276 310 867 206 20 51 1
1 276 311 865 206 20 51 1
1 276 312 864 206 19 51 1
1 276 313 864 206 19 51 1
1 276 314 862 206 19 51 1
1 276 315 862 206 19 51 1
1 276 316 860 206 20 51 1
1 276 317 860 206 20 51 1
1 276 318 858 206 20 51 1
1 276 319 858 208 20 51 1
1 276 320 935 204 19 52 1
1 276 321 1013 200 19 52 1
2 362 0 620 213 23 51 1
2 362 1 620 213 23 51 1
2 362 2 620 213 23 51 1
2 362 3 620 213 23 51 1
2 362 4 622 213 23 51 1
2 362 5 622 213 23 51 1
2 362 6 622 213 23 51 1
2 362 7 622 213 23 51 1
2 362 8 624 213 23 51 1
2 362 9 624 213 23 51 1
2 362 10 624 213 23 51 1
2 362 11 624 213 23 51 1
2 362 12 625 213 23 51 1
2 362 13 625 213 23 51 1
2 362 14 625 213 23 51 1
2 362 15 625 213 23 51 1
2 362 16 627 213 23 51 1
2 362 17 627 213 23 51 1
2 362 18 627 213 23 51 1
2 362 19 627 213 23 51 1
2 362 20 629 213 23 51 1
2 362 21 629 213 23 51 1
2 362 22 629 213 23 51 1
2 362 23 629 213 23 51 1
2 362 24 631 213 23 51 1
2 362 25 631 213 23 51 1
2 362 26 631 213 23 51 1
2 362 27 632 213 24 51 1
2 362 28 632 213 24 51 1
2 362 29 632 213 24 51 1
2 362 30 632 213 24 51 1
2 362 31 634 213 23 51 1
2 362 32 634 213 23 51 1
2 362 33 634 213 23 51 1
2 362 34 634 213 23 51 1
2 362 35 636 213 23 51 1
2 362 36 636 213 23 51 1
2 362 37 636 213 23 51 1
2 362 38 636 213 23 51 1
2 362 39 638 213 23 51 1
2 362 40 638 213 23 51 1
2 362 41 638 213 23 51 1
2 362 42 638 213 23 51 1
2 362 43 640 213 23 51 1
2 362 44 640 213 23 51 1
2 362 45 640 213 23 51 1
2 362 46 640 213 23 51 1
2 362 47 641 213 23 51 1
2 362 48 641 213 23 51 1
2 362 49 641 213 23 51 1
2 362 50 643 213 23 51 1
2 362 51 643 213 23 50 1
2 362 52 643 213 23 50 1
2 362 53 645 213 23 50 1
2 362 54 645 213 23 50 1
2 362 55 647 213 23 50 1
2 362 56 647 213 23 50 1
2 362 57 647 213 23 50 1
2 362 58 648 213 24 50 1
2 362 59 648 213 24 50 1
2 362 60 650 213 23 50 1
2 362 61 650 213 23 50 1
2 362 62 652 213 23 50 1
2 362 63 652 213 23 50 1
2 362 64 652 213 23 50 1
2 362 65 654 213 23 50 1
2 362 66 654 213 23 50 1
2 362 67 656 213 23 50 1
2 362 68 656 213 23 50 1
2 362 69 656 213 23 48 1
2 362 70 657 213 23 48 1
2 362 71 657 213 23 48 1
2 362 72 659 213 23 48 1
2 362 73 659 213 23 48 1
2 362 74 661 213 23 48 1
2 362 75 661 213 23 48 1
2 362 76 661 213 23 48 1
2 362 77 663 213 23 48 1
2 362 78 663 213 23 48 1
2 362 79 664 213 24 48 1
2 362 80 664 213 24 48 1
2 362 81 664 213 24 48 1
2 362 82 666 213 23 48 1
2 362 83 666 213 23 48 1
2 362 84 668 213 23 48 1
2 362 85 668 213 23 48 1
2 362 86 670 213 23 48 1
2 362 87 670 213 23 46 1
2 362 88 670 213 23 46 1
2 362 89 672 213 23 46 1
2 362 90 672 213 23 46 1
2 362 91 673 213 23 46 1
2 362 92 673 213 23 46 1
2 362 93 673 213 23 46 1
2 362 94 675 213 23 46 1
2 362 95 675 213 23 46 1
2 362 96 677 213 23 46 1
2 362 97 677 213 23 46 1
2 362 98 679 213 23 46 1
2 362 99 679 213 23 46 1
2 362 100 679 213 23 46 1
2 362 101 680 213 24 46 1
2 362 102 680 213 24 46 1
2 362 103 682 213 23 46 1
2 362 104 682 213 23 46 1
2 362 105 684 213 23 46 1
2 362 106 684 211 23 46 1
2 362 107 684 211 23 46 1
2 362 108 686 211 23 46 1
2 362 109 686 211 23 46 1
2 362 110 686 211 23 46 1
2 362 111 688 211 23 46 1
2 362 112 688 211 23 46 1
2 362 113 688 211 23 46 1
2 362 114 689 211 23 46 1
2 362 115 689 211 23 46 1
2 362 116 689 211 23 46 1
2 362 117 691 211 23 46 1
2 362 118 691 211 23 46 1
2 362 119 691 211 23 46 1
2 362 120 693 211 23 46 1
2 362 121 693 211 23 46 1
2 362 122 693 211 23 46 1
2 362 123 695 211 23 46 1
2 362 124 695 211 23 46 1
2 362 125 695 211 23 46 1
2 362 126 696 211 24 46 1
2 362 127 696 211 24 46 1
2 362 128 696 211 24 46 1
2 362 129 698 211 23 46 1
2 362 130 698 211 23 46 1
2 362 131 698 211 23 46 1
2 362 132 700 211 23 46 1
2 362 133 700 211 23 46 1
2 362 134 700 211 23 46 1
2 362 135 702 211 23 46 1
2 362 136 702 211 23 46 1
2 362 137 702 211 23 46 1
2 362 138 704 211 23 46 1
2 362 139 704 211 23 46 1
2 362 140 704 211 23 46 1
2 362 141 705 211 23 46 1
2 362 142 705 211 23 46 1
2 362 143 705 211 23 46 1
2 362 144 707 211 23 46 1
2 362 145 707 211 23 46 1
2 362 146 709 211 23 46 1
2 362 147 709 209 23 47 1
2 362 148 709 209 23 47 1
2 362 149 711 209 23 47 1
2 362 150 711 209 23 47 1
2 362 151 712 209 24 47 1
2 362 152 712 209 24 47 1
2 362 153 712 209 24 45 1
2 362 154 714 209 23 45 1
2 362 155 714 209 23 45 1
2 362 156 716 209 23 45 1
2 362 157 716 209 23 45 1
2 362 158 716 209 23 45 1
2 362 159 718 208 23 44 1
2 362 160 718 208 23 44 1
2 362 161 720 208 23 44 1
2 362 162 720 208 23 44 1
2 362 163 720 208 23 44 1
2 362 164 721 208 23 44 1
2 362 165 721 208 23 42 1
2 362 166 723 208 23 42 1
2 362 167 723 208 23 42 1
2 362 168 723 208 23 42 1
2 362 169 725 208 23 42 1
2 362 170 725 208 23 42 1
2 362 171 727 206 23 42 1
2 362 172 727 206 23 42 1
2 362 173 727 206 23 42 1
2 362 174 728 206 24 42 1
2 362 175 728 206 24 42 1
2 362 176 730 206 23 42 1
2 362 177 730 206 23 41 1
2 362 178 730 206 23 41 1
2 362 179 732 206 23 41 1
2 362 180 732 206 23 41 1
2 362 181 734 206 23 41 1
2 362 182 734 206 23 41 1
2 362 183 736 206 23 41 1
2 362 184 736 206 23 41 1
2 362 185 736 206 23 41 1
2 362 186 737 206 23 41 1
2 362 187 737 206 23 41 1
2 362 188 737 206 23 41 1
2 362 189 739 206 23 41 1
2 362 190 739 206 23 41 1
2 362 191 739 206 23 41 1
2 362 192 741 206 23 41 1
2 362 193 741 206 23 41 1
2 362 194 741 206 23 41 1
2 362 195 743 206 23 41 1
2 362 196 743 206 23 41 1
2 362 197 743 206 23 41 1
2 362 198 744 206 24 41 1
2 362 199 744 208 24 40 1
2 362 200 744 208 24 40 1
2 362 201 746 208 23 40 1
2 362 202 746 208 23 40 1
2 362 203 746 208 23 40 1
2 362 204 748 208 23 40 1
2 362 205 748 208 23 40 1
2 362 206 748 208 23 40 1
2 362 207 750 208 23 40 1
2 362 208 750 208 23 40 1
2 362 209 750 208 23 40 1
2 362 210 752 208 23 40 1
2 362 211 752 208 23 40 1
2 362 212 752 208 23 40 1
2 362 213 753 208 23 40 1
2 362 214 753 208 23 40 1
2 362 215 753 209 23 41 1
2 362 216 755 209 23 41 1
2 362 217 755 209 23 41 1
2 362 218 755 209 23 41 1
2 362 219 757 209 23 41 1
2 362 220 757 209 23 41 1
2 362 221 757 209 23 41 1
2 362 222 759 209 23 41 1
2 362 223 759 209 23 41 1
2 362 224 759 209 23 41 1
2 362 225 760 209 24 41 1
2 362 226 760 209 24 41 1
2 362 227 760 209 24 41 1
2 362 228 762 209 23 41 1
2 362 229 762 209 23 41 1
2 362 230 762 209 23 41 1
2 362 231 764 211 23 41 1
2 362 232 764 211 23 41 1
2 362 233 764 211 23 41 1
2 362 234 764 211 23 41 1
2 362 235 766 211 23 41 1
2 362 236 766 211 23 41 1
2 362 237 766 211 23 41 1
2 362 238 766 211 23 41 1
2 362 239 768 211 23 41 1
2 362 240 768 211 23 41 1
2 362 241 768 211 23 41 1
2 362 242 768 211 23 41 1
2 362 243 769 211 23 41 1
2 362 244 769 211 23 41 1
2 362 245 769 211 23 41 1
2 362 246 769 211 23 41 1
2 362 247 771 211 23 41 1
2 362 248 771 211 23 41 1
2 362 249 771 211 23 41 1
2 362 250 771 211 23 41 1
2 362 251 773 211 23 41 1
2 362 252 773 211 23 41 1
2 362 253 773 211 23 41 1
2 362 254 773 211 23 41 1
2 362 255 775 211 23 41 1
2 362 256 775 211 23 41 1
2 362 257 775 211 23 41 1
2 362 258 775 211 23 41 1
2 362 259 776 211 24 41 1
2 362 260 776 211 24 41 1
2 362 261 776 211 24 41 1
2 362 262 776 211 24 41 1
2 362 263 778 211 23 41 1
2 362 264 778 211 23 41 1
2 362 265 778 211 23 41 1
2 362 266 778 211 23 41 1
2 362 267 780 211 23 41 1
2 362 268 780 211 23 41 1
2 362 269 780 211 23 41 1
2 362 270 780 211 23 41 1
2 362 271 782 211 23 41 1
2 362 272 782 211 23 41 1
2 362 273 782 211 23 41 1
2 362 274 782 211 23 41 1
2 362 275 784 211 23 41 1
2 362 276 784 211 23 41 1
2 362 277 784 211 23 41 1
2 362 278 784 211 23 41 1
2 362 279 785 211 23 41 1
2 362 280 785 209 23 41 1
2 362 281 785 209 23 41 1
2 362 282 785 209 23 41 1
2 362 283 785 209 23 41 1
2 362 284 787 209 23 41 1
2 362 285 787 209 23 41 1
2 362 286 787 209 23 41 1
2 362 287 787 209 23 41 1
2 362 288 789 209 23 41 1
2 362 289 789 209 23 41 1
2 362 290 789 208 23 40 1
2 362 291 789 208 23 40 1
2 362 292 791 208 23 40 1
2 362 293 791 208 23 40 1
2 362 294 791 208 23 40 1
2 362 295 791 208 23 40 1
2 362 296 792 208 24 40 1
2 362 297 792 208 24 40 1
2 362 298 792 208 24 40 1
2 362 299 792 208 24 40 1
2 362 300 794 208 23 40 1
2 362 301 794 206 23 41 1
2 362 302 794 206 23 41 1
2 362 303 796 206 21 41 1
2 362 304 796 206 23 41 1
2 362 305 796 206 23 41 1
2 362 306 798 206 21 41 1
2 362 307 798 206 21 41 1
2 362 308 798 206 23 41 1
2 362 309 800 206 21 41 1
2 362 310 800 206 21 41 1
2 362 311 800 206 23 41 1
2 362 312 801 206 22 41 1
2 362 313 801 206 22 41 1
2 362 314 803 206 20 41 1
2 362 315 803 206 21 41 1
2 362 316 803 206 21 41 1
2 362 317 805 206 19 41 1
2 362 318 805 206 21 41 1
2 362 319 805 206 21 39 1
2 362 320 807 206 19 39 1
2 362 321 807 206 19 39 1
2 362 322 807 206 21 39 1
2 362 323 808 206 20 39 1
2 362 324 808 206 20 39 1
2 362 325 810 206 18 39 1
2 362 326 810 206 20 39 1
2 362 327 810 206 20 39 1
2 362 328 812 206 18 39 1
2 362 329 812 206 20 39 1
2 362 330 812 206 20 39 1
2 362 331 814 206 18 39 1
2 362 332 814 206 18 39 1
2 362 333 814 206 19 39 1
2 362 334 816 206 17 39 1
2 362 335 816 206 17 39 1
2 362 336 817 206 18 39 1
2 362 337 817 206 18 39 1
2 362 338 817 206 18 39 1
2 362 339 819 206 18 39 1
2 362 340 819 206 18 39 1
2 362 341 819 206 18 39 1
2 362 342 821 206 18 39 1
2 362 343 821 206 18 39 1
2 362 344 821 206 18 39 1
2 362 345 823 206 17 39 1
2 362 346 823 206 17 39 1
2 362 347 823 206 17 39 1
2 362 348 824 206 18 39 1
2 362 349 824 206 18 39 1
2 362 350 826 206 18 39 1
2 362 351 826 206 18 39 1
2 362 352 826 206 18 39 1
2 362 353 828 206 18 39 1
2 362 354 828 206 18 39 1
2 362 355 828 206 18 39 1
2 362 356 830 206 18 39 1
2 362 357 830 206 18 39 1
2 362 358 830 206 18 39 1
2 362 359 832 206 17 39 1
2 362 360 832 206 17 39 1
2 362 361 833 206 18 39 1
