0 922 0 186 220 27 60 1
0 922 1 186 220 27 60 1
0 922 2 188 220 27 60 1
0 922 3 190 220 26 60 1
0 922 4 192 220 26 60 1
0 922 5 193 220 27 60 1
0 922 6 195 220 27 60 1
0 922 7 197 220 27 60 1
0 922 8 199 220 26 60 1
0 922 9 200 220 27 60 1
0 922 10 202 220 27 60 1
0 922 11 204 220 27 60 1
0 922 12 206 220 26 60 1
0 922 13 208 220 26 60 1
0 922 14 209 220 27 60 1
0 922 15 211 220 27 60 1
0 922 16 213 220 27 60 1
0 922 17 215 220 26 60 1
0 922 18 216 220 27 60 1
0 922 19 218 220 27 60 1
0 922 20 220 220 27 60 1
0 922 21 222 220 26 60 1
0 922 22 224 220 26 60 1
0 922 23 225 220 27 60 1
0 922 24 227 220 27 60 1
0 922 25 229 220 27 60 1
0 922 26 231 220 26 60 1
0 922 27 232 220 27 60 1
0 922 28 234 220 27 60 1
0 922 29 236 220 27 60 1
0 922 30 240 220 26 60 1
0 922 31 240 220 26 60 1
0 922 32 241 220 27 60 1
0 922 33 243 220 27 60 1
0 922 34 243 220 27 60 1
0 922 35 245 220 27 60 1
0 922 36 247 220 26 60 1
0 922 37 247 220 26 60 1
0 922 38 248 220 27 60 1
0 922 39 250 220 27 60 1
0 922 40 250 220 27 60 1
0 922 41 252 220 27 60 1
0 922 42 254 220 26 60 1
0 922 43 254 220 26 60 1
0 922 44 256 220 26 60 1
0 922 45 257 220 27 60 1
0 922 46 259 220 27 60 1
0 922 47 263 220 26 60 1
0 922 48 268 220 27 60 1
0 922 49 273 220 27 60 1
0 922 50 277 220 27 60 1
0 922 51 282 220 27 60 1
0 922 52 288 220 26 60 1
0 922 53 289 218 27 61 1
0 922 54 291 218 27 61 1
0 922 55 293 218 27 61 1
0 922 56 295 218 26 61 1
0 922 57 296 218 27 61 1
0 922 58 298 218 27 61 1
0 922 59 300 218 27 61 1
0 922 60 302 218 26 61 1
0 922 61 304 218 26 61 1
0 922 62 305 218 27 61 1
0 922 63 307 218 27 61 1
0 922 64 309 218 27 61 1
0 922 65 309 218 27 61 1
0 922 66 311 218 26 61 1
0 922 67 312 218 27 61 1
0 922 68 314 218 27 61 1
0 922 69 316 218 27 61 1
0 922 70 316 218 27 61 1
0 922 71 318 218 26 61 1
0 922 72 320 218 26 61 1
0 922 73 321 218 27 61 1
0 922 74 323 220 27 60 1
0 922 75 323 218 27 61 1
0 922 76 323 218 27 61 1
0 922 77 323 218 27 61 1
0 922 78 323 218 27 61 1
0 922 79 323 218 27 61 1
0 922 80 323 218 27 61 1
0 922 81 323 218 27 61 1
0 922 82 323 218 27 61 1
0 922 83 323 218 27 61 1
0 922 84 323 218 27 61 1
0 922 85 323 218 27 61 1
0 922 86 323 218 27 61 1
0 922 87 325 218 27 61 1
0 922 88 325 216 27 61 1
0 922 89 325 216 27 61 1
0 922 90 325 216 27 61 1
0 922 91 325 216 27 61 1
0 922 92 325 216 27 61 1
0 922 93 325 216 27 61 1
0 922 94 325 216 27 61 1
0 922 95 325 216 27 61 1
0 922 96 325 216 27 61 1
0 922 97 325 216 27 61 1
0 922 98 325 216 27 61 1
0 922 99 325 216 27 61 1
0 922 100 327 216 26 61 1
0 922 101 334 216 26 61 1
0 922 102 341 216 27 61 1
0 922 103 341 216 27 59 1
0 922 104 343 216 26 59 1
0 922 105 344 216 27 59 1
0 922 106 344 216 27 59 1
0 922 107 346 216 27 57 1
0 922 108 348 216 27 57 1
0 922 109 350 216 26 57 1
0 922 110 350 216 26 57 1
0 922 111 352 216 26 57 1
0 922 112 353 216 27 56 1
0 922 113 353 216 27 56 1
0 922 114 355 216 27 56 1
0 922 115 357 216 27 56 1
0 922 116 359 216 26 56 1
0 922 117 359 216 26 54 1
0 922 118 360 216 27 54 1
0 922 119 362 216 27 54 1
0 922 120 362 216 27 52 1
0 922 121 364 216 27 52 1
0 922 122 366 216 26 52 1
0 922 123 368 216 26 52 1
0 922 124 368 216 26 50 1
0 922 125 369 216 27 50 1
0 922 126 371 216 27 50 1
0 922 127 371 216 27 48 1
0 922 128 373 216 27 48 1
0 922 129 375 216 26 48 1
0 922 130 376 216 27 48 1
0 922 131 376 216 27 47 1
0 922 132 378 216 27 47 1
0 922 133 380 216 25 47 1
0 922 134 380 216 27 47 1
0 922 135 382 216 26 45 1
0 922 136 384 216 24 45 1
0 922 137 384 216 26 45 1
0 922 138 385 216 27 45 1
0 922 139 387 216 25 43 1
0 922 140 387 216 27 43 1
0 922 141 389 216 25 43 1
0 922 142 391 216 25 43 1
0 922 143 391 216 26 41 1
0 922 144 392 216 25 41 1
0 922 145 394 216 25 41 1
0 922 146 396 216 25 41 1
0 922 147 396 216 25 40 1
0 922 148 398 216 25 40 1
0 922 149 400 216 24 40 1
0 922 150 401 216 25 40 1
0 922 151 401 216 25 40 1
0 922 152 403 216 25 40 1
0 922 153 405 216 25 40 1
0 922 154 407 216 25 40 1
0 922 155 408 216 25 40 1
0 922 156 408 216 25 40 1
0 922 157 410 216 25 40 1
0 922 158 412 216 25 40 1
0 922 159 414 216 25 40 1
0 922 160 416 216 24 40 1
0 922 161 416 216 24 40 1
0 922 162 417 216 25 40 1
0 922 163 419 216 25 40 1
0 922 164 421 216 25 40 1
0 922 165 423 218 25 38 1
0 922 166 423 218 25 38 1
0 922 167 424 218 25 38 1
0 922 168 424 218 25 38 1
0 922 169 426 218 25 38 1
0 922 170 428 218 25 38 1
0 922 171 428 218 25 38 1
0 922 172 430 218 25 38 1
0 922 173 432 218 24 38 1
0 922 174 432 218 24 38 1
0 922 175 433 218 25 38 1
0 922 176 435 218 25 38 1
0 922 177 435 218 25 38 1
0 922 178 437 218 25 38 1
0 922 179 439 218 25 38 1
0 922 180 439 218 25 38 1
0 922 181 440 218 25 38 1
0 922 182 442 218 25 38 1
0 922 183 442 218 25 38 1
0 922 184 444 218 25 38 1
0 922 185 446 218 25 38 1
0 922 186 446 218 25 38 1
0 922 187 448 218 24 38 1
0 922 188 449 218 25 38 1
0 922 189 449 216 25 40 1
0 922 190 451 216 25 41 1
0 922 191 453 216 25 43 1
0 922 192 453 216 27 45 1
0 922 193 455 216 25 45 1
0 922 194 456 216 25 47 1
0 922 195 456 216 27 48 1
0 922 196 458 216 27 50 1
0 922 197 460 216 25 50 1
0 922 198 460 216 27 52 1
0 922 199 462 216 26 54 1
0 922 200 464 216 26 56 1
0 922 201 464 216 26 54 1
0 922 202 465 216 27 54 1
0 922 203 465 216 27 54 1
0 922 204 467 216 27 54 1
0 922 205 469 216 27 54 1
0 922 206 469 216 27 54 1
0 922 207 471 216 26 54 1
0 922 208 472 216 27 54 1
0 922 209 472 216 27 54 1
0 922 210 474 216 27 54 1
0 922 211 476 216 27 54 1
0 922 212 476 216 27 54 1
0 922 213 478 216 26 54 1
0 922 214 480 216 26 54 1
0 922 215 480 216 26 54 1
0 922 216 481 216 27 54 1
0 922 217 483 216 27 54 1
0 922 218 483 215 27 53 1
0 922 219 485 215 27 53 1
0 922 220 485 215 27 53 1
0 922 221 487 215 26 53 1
0 922 222 488 215 25 53 1
0 922 223 488 215 27 53 1
0 922 224 490 215 27 53 1
0 922 225 492 215 25 53 1
0 922 226 492 215 27 53 1
0 922 227 494 215 25 53 1
0 922 228 494 215 26 53 1
0 922 229 496 215 24 53 1
0 922 230 497 215 25 53 1
0 922 231 497 215 27 53 1
0 922 232 499 215 25 53 1
0 922 233 501 215 25 53 1
0 922 234 501 215 25 53 1
0 922 235 503 215 25 53 1
0 922 236 504 215 25 53 1
0 922 237 504 213 25 53 1
0 922 238 506 213 25 53 1
0 922 239 508 213 25 51 1
0 922 240 508 213 25 51 1
0 922 241 510 213 25 51 1
0 922 242 512 213 24 50 1
0 922 243 512 213 24 50 1
0 922 244 513 213 25 48 1
0 922 245 515 213 25 48 1
0 922 246 517 213 25 48 1
0 922 247 517 211 25 48 1
0 922 248 519 211 25 48 1
0 922 249 520 211 25 46 1
0 922 250 520 211 25 46 1
0 922 251 522 211 25 46 1
0 922 252 524 211 25 45 1
0 922 253 524 211 25 45 1
0 922 254 526 211 25 43 1
0 922 255 528 211 24 43 1
0 922 256 529 211 25 43 1
0 922 257 529 211 25 43 1
0 922 258 531 211 25 43 1
0 922 259 533 211 25 43 1
0 922 260 535 211 25 43 1
0 922 261 536 211 25 43 1
0 922 262 538 211 25 43 1
0 922 263 540 211 25 43 1
0 922 264 540 211 25 43 1
0 922 265 542 211 25 43 1
0 922 266 544 211 24 43 1
0 922 267 545 211 25 43 1
0 922 268 547 211 25 43 1
0 922 269 549 211 25 43 1
0 922 270 551 211 25 43 1
0 922 271 552 211 25 43 1
0 922 272 552 211 25 43 1
0 922 273 554 211 25 43 1
0 922 274 556 211 25 43 1
0 922 275 556 211 25 43 1
0 922 276 558 211 25 43 1
0 922 277 560 211 24 43 1
0 922 278 560 211 24 43 1
0 922 279 561 211 25 43 1
0 922 280 563 211 25 43 1
0 922 281 565 211 25 43 1
0 922 282 565 211 25 43 1
0 922 283 567 211 25 43 1
0 922 284 568 211 25 43 1
0 922 285 568 211 25 43 1
0 922 286 570 211 25 43 1
0 922 287 572 211 25 43 1
0 922 288 574 211 25 43 1
0 922 289 574 211 25 43 1
0 922 290 576 211 24 43 1
0 922 291 577 211 25 43 1
0 922 292 577 211 25 43 1
0 922 293 579 211 25 43 1
0 922 294 581 211 25 43 1
0 922 295 583 211 25 45 1
0 922 296 583 211 25 45 1
0 922 297 584 211 25 45 1
0 922 298 584 211 25 45 1
0 922 299 586 211 25 45 1
0 922 300 588 211 25 46 1
0 922 301 588 209 25 48 1
0 922 302 590 209 25 48 1
0 922 303 592 209 24 48 1
0 922 304 593 209 25 48 1
0 922 305 593 209 27 50 1
0 922 306 595 209 27 50 1
0 922 307 597 209 27 50 1
0 922 308 599 209 26 50 1
0 922 309 600 209 27 50 1
0 922 310 600 209 29 52 1
0 922 311 602 209 29 52 1
0 922 312 604 209 28 52 1
0 922 313 606 209 28 52 1
0 922 314 608 209 28 54 1
0 922 315 608 209 28 54 1
0 922 316 609 209 29 54 1
0 922 317 611 209 29 54 1
0 922 318 613 209 28 54 1
0 922 319 613 208 28 55 1
0 922 320 613 208 30 55 1
0 922 321 613 208 32 55 1
0 922 322 615 206 32 57 1
0 922 323 615 206 33 57 1
0 922 324 615 206 33 57 1
0 922 325 616 204 34 59 1
0 922 326 616 204 36 59 1
0 922 327 616 204 38 59 1
0 922 328 618 204 38 59 1
0 922 329 618 204 38 59 1
0 922 330 618 204 38 59 1
0 922 331 620 204 37 59 1
0 922 332 620 204 37 59 1
0 922 333 620 204 37 59 1
0 922 334 622 204 37 59 1
0 922 335 622 204 37 59 1
0 922 336 622 204 37 59 1
0 922 337 624 204 37 59 1
0 922 338 624 204 37 59 1
0 922 339 624 204 37 59 1
0 922 340 625 204 38 59 1
0 922 341 625 204 38 59 1
0 922 342 625 204 38 59 1
0 922 343 627 204 37 59 1
0 922 344 627 204 37 59 1
0 922 345 627 204 37 59 1
0 922 346 627 204 37 59 1
0 922 347 627 204 37 59 1
0 922 348 627 204 37 59 1
0 922 349 627 204 37 59 1
0 922 350 627 204 37 59 1
0 922 351 629 204 37 59 1
0 922 352 629 204 37 59 1
0 922 353 629 204 37 59 1
0 922 354 629 204 37 59 1
0 922 355 629 204 37 59 1
0 922 356 629 204 37 59 1
0 922 357 629 204 37 59 1
0 922 358 629 204 37 59 1
0 922 359 631 204 37 59 1
0 922 360 631 204 37 59 1
0 922 361 631 204 37 59 1
0 922 362 631 204 37 59 1
0 922 363 631 204 37 59 1
0 922 364 631 204 37 59 1
0 922 365 631 204 37 59 1
0 922 366 631 204 37 59 1
0 922 367 631 204 37 59 1
0 922 368 631 204 37 59 1
0 922 369 631 204 37 59 1
0 922 370 631 204 37 59 1
0 922 371 632 204 36 59 1
0 922 372 632 204 36 59 1
0 922 373 632 204 36 59 1
0 922 374 632 204 36 59 1
0 922 375 632 204 36 59 1
0 922 376 632 204 36 59 1
0 922 377 632 204 36 59 1
0 922 378 632 204 36 59 1
0 922 379 632 204 36 59 1
0 922 380 632 204 36 59 1
0 922 381 632 204 36 59 1
0 922 382 632 204 36 59 1
0 922 383 634 204 34 59 1
0 922 384 634 204 34 59 1
0 922 385 634 204 34 59 1
0 922 386 634 204 34 59 1
0 922 387 634 204 34 59 1
0 922 388 634 204 34 59 1
0 922 389 634 204 34 59 1
0 922 390 634 204 34 59 1
0 922 391 634 204 34 59 1
0 922 392 634 204 34 59 1
0 922 393 634 204 34 59 1
0 922 394 634 204 34 59 1
0 922 395 636 204 32 59 1
0 922 396 636 204 32 59 1
0 922 397 636 204 32 59 1
0 922 398 636 204 32 59 1
0 922 399 636 204 32 59 1
0 922 400 636 204 32 59 1
0 922 401 636 204 32 59 1
0 922 402 636 204 32 59 1
0 922 403 636 204 32 59 1
0 922 404 636 204 32 59 1
0 922 405 636 204 32 59 1
0 922 406 636 204 32 59 1
0 922 407 638 204 30 59 1
0 922 408 638 202 30 59 1
0 922 409 638 202 30 59 1
0 922 410 638 202 30 59 1
0 922 411 638 202 30 59 1
0 922 412 638 202 30 59 1
0 922 413 640 202 30 59 1
0 922 414 640 202 30 59 1
0 922 415 640 202 30 59 1
0 922 416 640 202 30 59 1
0 922 417 640 202 30 59 1
0 922 418 640 202 30 59 1
0 922 419 641 202 31 59 1
0 922 420 640 202 32 59 1
0 922 421 640 202 32 59 1
0 922 422 640 202 32 59 1
0 922 423 640 202 32 59 1
0 922 424 638 202 34 59 1
0 922 425 638 202 34 59 1
0 922 426 638 202 34 59 1
0 922 427 638 202 34 59 1
0 922 428 638 202 34 59 1
0 922 429 636 202 36 59 1
0 922 430 636 202 36 59 1
0 922 431 636 202 36 59 1
0 922 432 636 202 36 59 1
0 922 433 636 202 36 59 1
0 922 434 634 202 36 59 1
0 922 435 634 202 36 59 1
0 922 436 634 202 36 59 1
0 922 437 634 202 36 59 1
0 922 438 634 202 36 59 1
0 922 439 634 202 36 59 1
0 922 440 634 202 36 59 1
0 922 441 634 202 36 59 1
0 922 442 634 202 36 59 1
0 922 443 634 202 36 59 1
0 922 444 634 202 36 59 1
0 922 445 634 202 36 59 1
0 922 446 634 202 36 59 1
0 922 447 634 202 36 59 1
0 922 448 634 202 36 59 1
0 922 449 634 202 36 59 1
0 922 450 634 202 36 59 1
0 922 451 634 202 36 59 1
0 922 452 634 202 36 59 1
0 922 453 634 202 36 59 1
0 922 454 634 202 36 59 1
0 922 455 634 202 36 59 1
0 922 456 634 202 36 59 1
0 922 457 634 202 36 59 1
0 922 458 634 202 36 59 1
0 922 459 634 202 36 59 1
0 922 460 634 202 36 59 1
0 922 461 634 202 36 59 1
0 922 462 634 202 36 59 1
0 922 463 634 202 36 59 1
0 922 464 634 202 36 59 1
0 922 465 634 202 36 59 1
0 922 466 634 202 36 59 1
0 922 467 632 202 36 59 1
0 922 468 632 202 36 59 1
0 922 469 632 202 36 59 1
0 922 470 632 202 36 59 1
0 922 471 632 202 36 59 1
0 922 472 632 202 36 59 1
0 922 473 632 202 36 59 1
0 922 474 632 202 36 59 1
0 922 475 632 202 36 59 1
0 922 476 632 202 36 59 1
0 922 477 632 202 36 59 1
0 922 478 632 202 36 59 1
0 922 479 632 202 36 59 1
0 922 480 632 202 36 59 1
0 922 481 632 202 36 59 1
0 922 482 632 202 36 59 1
0 922 483 632 202 36 59 1
0 922 484 632 202 36 59 1
0 922 485 632 202 36 59 1
0 922 486 632 202 36 59 1
0 922 487 632 202 36 59 1
0 922 488 632 202 36 59 1
0 922 489 632 202 36 59 1
0 922 490 632 202 36 59 1
0 922 491 632 202 36 59 1
0 922 492 632 202 36 59 1
0 922 493 632 202 36 59 1
0 922 494 632 202 36 59 1
0 922 495 632 202 36 59 1
0 922 496 632 202 36 59 1
0 922 497 632 202 36 59 1
0 922 498 632 202 36 59 1
0 922 499 632 202 36 59 1
0 922 500 632 204 36 59 1
0 922 501 631 202 35 59 1
0 922 502 631 202 35 59 1
0 922 503 631 202 35 59 1
0 922 504 631 202 35 59 1
0 922 505 631 202 35 59 1
0 922 506 631 202 35 59 1
0 922 507 631 202 35 59 1
0 922 508 631 202 35 59 1
0 922 509 631 202 35 59 1
0 922 510 631 202 35 59 1
0 922 511 631 202 35 59 1
0 922 512 631 202 35 59 1
0 922 513 631 202 35 59 1
0 922 514 631 202 35 59 1
0 922 515 631 202 35 59 1
0 922 516 631 202 35 59 1
0 922 517 631 202 35 59 1
0 922 518 631 202 35 59 1
0 922 519 631 202 35 59 1
0 922 520 631 202 35 59 1
0 922 521 631 202 35 59 1
0 922 522 631 202 35 59 1
0 922 523 631 202 35 59 1
0 922 524 631 202 35 59 1
0 922 525 631 202 35 59 1
0 922 526 631 202 35 59 1
0 922 527 631 202 35 59 1
0 922 528 631 202 35 59 1
0 922 529 631 202 35 59 1
0 922 530 631 202 35 59 1
0 922 531 631 202 35 59 1
0 922 532 631 202 35 59 1
0 922 533 631 202 35 59 1
0 922 534 629 202 35 59 1
0 922 535 629 202 35 59 1
0 922 536 629 202 35 59 1
0 922 537 629 202 35 59 1
0 922 538 629 202 35 59 1
0 922 539 629 202 35 59 1
0 922 540 629 202 35 59 1
0 922 541 629 202 35 59 1
0 922 542 629 202 35 59 1
0 922 543 629 202 35 59 1
0 922 544 629 202 35 59 1
0 922 545 629 202 35 59 1
0 922 546 629 202 35 59 1
0 922 547 629 202 35 59 1
0 922 548 629 202 35 59 1
0 922 549 629 202 35 59 1
0 922 550 629 202 35 59 1
0 922 551 629 202 35 59 1
0 922 552 629 202 35 59 1
0 922 553 629 202 35 59 1
0 922 554 629 202 35 59 1
0 922 555 629 202 35 59 1
0 922 556 629 202 35 59 1
0 922 557 629 202 35 59 1
0 922 558 629 202 35 59 1
0 922 559 629 202 35 59 1
0 922 560 629 202 35 59 1
0 922 561 629 202 35 59 1
0 922 562 629 202 35 59 1
0 922 563 629 202 35 59 1
0 922 564 629 202 35 59 1
0 922 565 629 202 35 59 1
0 922 566 629 202 35 59 1
0 922 567 627 202 36 59 1
0 922 568 627 202 36 59 1
0 922 569 627 202 36 59 1
0 922 570 627 202 36 59 1
0 922 571 627 202 36 59 1
0 922 572 627 202 36 59 1
0 922 573 627 202 36 59 1
0 922 574 627 202 36 59 1
0 922 575 627 202 36 59 1
0 922 576 627 202 36 59 1
0 922 577 627 202 36 59 1
0 922 578 627 202 36 59 1
0 922 579 627 202 36 59 1
0 922 580 627 202 36 59 1
0 922 581 627 202 36 59 1
0 922 582 627 202 36 59 1
0 922 583 627 202 36 59 1
0 922 584 627 202 36 59 1
0 922 585 627 202 36 59 1
0 922 586 627 202 36 59 1
0 922 587 627 202 36 59 1
0 922 588 627 202 36 59 1
0 922 589 627 202 36 59 1
0 922 590 627 202 36 59 1
0 922 591 627 202 36 59 1
0 922 592 627 202 36 59 1
0 922 593 627 202 36 59 1
0 922 594 627 202 36 59 1
0 922 595 627 202 36 59 1
0 922 596 627 202 36 59 1
0 922 597 627 202 36 59 1
0 922 598 627 202 36 59 1
0 922 599 627 202 36 59 1
0 922 600 627 202 36 59 1
0 922 601 625 202 36 59 1
0 922 602 625 202 36 59 1
0 922 603 625 202 36 59 1
0 922 604 625 202 36 59 1
0 922 605 625 202 36 59 1
0 922 606 625 202 34 59 1
0 922 607 625 202 34 59 1
0 922 608 625 202 34 59 1
0 922 609 625 202 34 59 1
0 922 610 625 202 34 59 1
0 922 611 625 202 34 59 1
0 922 612 625 202 32 59 1
0 922 613 625 202 32 59 1
0 922 614 625 204 32 57 1
0 922 615 625 204 32 57 1
0 922 616 625 204 32 57 1
0 922 617 625 204 32 57 1
0 922 618 625 204 31 57 1
0 922 619 625 204 31 57 1
0 922 620 625 204 31 57 1
0 922 621 625 204 31 57 1
0 922 622 625 204 31 57 1
0 922 623 625 204 31 57 1
0 922 624 625 204 29 57 1
0 922 625 625 204 29 57 1
0 922 626 625 204 29 57 1
0 922 627 625 206 29 55 1
0 922 628 625 206 29 55 1
0 922 629 625 206 29 55 1
0 922 630 625 206 27 55 1
0 922 631 625 206 27 55 1
0 922 632 625 206 27 55 1
0 922 633 625 206 27 55 1
0 922 634 625 206 27 55 1
0 922 635 625 206 27 55 1
0 922 636 625 206 25 55 1
0 922 637 625 206 25 55 1
0 922 638 625 206 25 55 1
0 922 639 625 206 25 55 1
0 922 640 625 208 25 53 1
0 922 641 625 208 25 53 1
0 922 642 625 208 23 53 1
0 922 643 625 208 23 53 1
0 922 644 625 208 23 53 1
0 922 645 625 208 23 53 1
0 922 646 625 208 23 53 1
0 922 647 625 208 23 53 1
0 922 648 625 208 22 53 1
0 922 649 625 208 22 53 1
0 922 650 625 208 22 53 1
0 922 651 625 208 22 53 1
0 922 652 625 208 22 53 1
0 922 653 625 209 22 52 1
0 922 654 624 209 21 52 1
0 922 655 624 209 21 52 1
0 922 656 624 209 21 52 1
0 922 657 624 209 21 52 1
0 922 658 624 209 21 52 1
0 922 659 624 209 21 52 1
0 922 660 624 209 21 52 1
0 922 661 624 209 21 52 1
0 922 662 624 209 21 52 1
0 922 663 624 209 21 52 1
0 922 664 624 209 21 52 1
0 922 665 624 209 21 52 1
0 922 666 624 209 21 52 1
0 922 667 624 209 21 52 1
0 922 668 624 209 21 52 1
0 922 669 624 209 21 52 1
0 922 670 624 209 21 52 1
0 922 671 624 209 21 52 1
0 922 672 622 209 23 52 1
0 922 673 622 209 23 52 1
0 922 674 622 209 23 52 1
0 922 675 622 209 23 52 1
0 922 676 622 209 21 52 1
0 922 677 622 209 21 52 1
0 922 678 622 209 21 52 1
0 922 679 622 209 21 52 1
0 922 680 622 209 21 52 1
0 922 681 622 209 21 52 1
0 922 682 622 209 21 52 1
0 922 683 622 209 21 52 1
0 922 684 622 209 21 52 1
0 922 685 622 209 21 52 1
0 922 686 622 209 21 52 1
0 922 687 622 209 21 52 1
0 922 688 622 209 21 52 1
0 922 689 622 209 21 52 1
0 922 690 620 209 23 52 1
0 922 691 620 209 23 52 1
0 922 692 620 209 23 52 1
0 922 693 620 209 23 52 1
0 922 694 620 209 23 52 1
0 922 695 620 209 23 52 1
0 922 696 620 209 23 52 1
0 922 697 620 209 23 52 1
0 922 698 620 209 23 52 1
0 922 699 620 211 21 52 1
0 922 700 620 211 21 52 1
0 922 701 620 211 21 52 1
0 922 702 620 211 21 52 1
0 922 703 620 211 21 52 1
0 922 704 620 211 21 52 1
0 922 705 620 211 21 52 1
0 922 706 620 211 21 52 1
0 922 707 620 211 21 52 1
0 922 708 618 211 23 52 1
0 922 709 618 211 23 52 1
0 922 710 618 211 23 52 1
0 922 711 618 211 23 52 1
0 922 712 618 211 23 52 1
0 922 713 618 211 23 52 1
0 922 714 618 211 23 52 1
0 922 715 618 211 23 52 1
0 922 716 618 211 23 52 1
0 922 717 618 211 23 52 1
0 922 718 618 211 23 52 1
0 922 719 618 211 23 52 1
0 922 720 618 211 23 52 1
0 922 721 618 211 23 52 1
0 922 722 618 211 22 52 1
0 922 723 618 211 22 52 1
0 922 724 618 211 22 52 1
0 922 725 618 211 22 52 1
0 922 726 616 211 24 52 1
0 922 727 616 211 24 52 1
0 922 728 616 211 24 52 1
0 922 729 616 211 24 52 1
0 922 730 616 211 24 52 1
0 922 731 616 211 24 52 1
0 922 732 616 211 24 52 1
0 922 733 616 211 24 52 1
0 922 734 616 211 24 52 1
0 922 735 616 211 24 52 1
0 922 736 616 211 24 52 1
0 922 737 616 211 24 52 1
0 922 738 616 211 24 52 1
0 922 739 616 211 24 52 1
0 922 740 616 211 24 52 1
0 922 741 616 211 24 52 1
0 922 742 616 211 24 52 1
0 922 743 616 211 24 52 1
0 922 744 616 213 24 51 1
0 922 745 616 213 24 51 1
0 922 746 616 213 24 51 1
0 922 747 616 213 24 51 1
0 922 748 616 213 24 51 1
0 922 749 616 213 24 51 1
0 922 750 616 213 24 51 1
0 922 751 616 213 24 51 1
0 922 752 616 213 24 51 1
0 922 753 616 213 24 51 1
0 922 754 616 213 24 51 1
0 922 755 616 213 24 51 1
0 922 756 616 213 24 51 1
0 922 757 616 213 24 51 1
0 922 758 616 213 24 51 1
0 922 759 616 213 24 51 1
0 922 760 616 213 24 51 1
0 922 761 616 213 24 51 1
0 922 762 616 213 24 51 1
0 922 763 616 213 24 51 1
0 922 764 616 213 24 51 1
0 922 765 616 213 24 51 1
0 922 766 616 213 24 51 1
0 922 767 616 213 24 51 1
0 922 768 616 213 24 51 1
0 922 769 616 213 24 51 1
0 922 770 616 213 24 51 1
0 922 771 616 213 24 51 1
0 922 772 616 213 24 51 1
0 922 773 616 213 24 51 1
0 922 774 616 213 24 51 1
0 922 775 616 213 24 51 1
0 922 776 616 213 24 51 1
0 922 777 616 213 24 51 1
0 922 778 616 213 24 51 1
0 922 779 616 213 24 51 1
0 922 780 616 213 24 51 1
0 922 781 616 213 24 51 1
0 922 782 616 213 24 51 1
0 922 783 616 213 24 51 1
0 922 784 616 213 24 51 1
0 922 785 616 213 24 51 1
0 922 786 616 213 24 51 1
0 922 787 616 213 24 51 1
0 922 788 616 213 24 51 1
0 922 789 616 213 24 51 1
0 922 790 616 213 24 51 1
0 922 791 616 213 24 51 1
0 922 792 616 213 24 51 1
0 922 793 616 213 24 51 1
0 922 794 616 213 24 51 1
0 922 795 616 213 24 51 1
0 922 796 616 213 24 51 1
0 922 797 616 213 24 51 1
0 922 798 616 213 24 51 1
0 922 799 616 213 24 51 1
0 922 800 616 213 24 51 1
0 922 801 616 213 24 51 1
0 922 802 616 213 24 51 1
0 922 803 616 213 24 51 1
0 922 804 616 213 24 51 1
0 922 805 616 213 24 51 1
0 922 806 616 213 24 51 1
0 922 807 616 213 24 51 1
0 922 808 616 213 24 51 1
0 922 809 616 213 24 51 1
0 922 810 616 213 24 51 1
0 922 811 616 213 24 51 1
0 922 812 616 213 24 51 1
0 922 813 616 213 24 51 1
0 922 814 616 213 24 51 1
0 922 815 616 213 24 51 1
0 922 816 616 213 24 51 1
0 922 817 616 213 24 51 1
0 922 818 616 213 24 51 1
0 922 819 616 213 24 51 1
0 922 820 616 213 24 51 1
0 922 821 616 213 24 51 1
0 922 822 616 213 24 51 1
0 922 823 616 213 24 51 1
0 922 824 616 213 24 51 1
0 922 825 616 213 24 51 1
0 922 826 616 213 24 51 1
0 922 827 616 213 24 51 1
0 922 828 616 213 24 51 1
0 922 829 616 213 24 51 1
0 922 830 616 213 24 51 1
0 922 831 616 213 24 51 1
0 922 832 616 213 24 51 1
0 922 833 616 213 24 51 1
0 922 834 616 213 24 51 1
0 922 835 616 213 24 51 1
0 922 836 616 213 24 51 1
0 922 837 616 213 24 51 1
0 922 838 616 213 24 51 1
0 922 839 616 213 24 51 1
0 922 840 616 213 24 51 1
0 922 841 616 213 24 51 1
0 922 842 616 213 24 51 1
0 922 843 616 213 24 51 1
0 922 844 616 213 24 51 1
0 922 845 616 213 24 51 1
0 922 846 616 213 24 51 1
0 922 847 616 213 24 51 1
0 922 848 616 213 24 51 1
0 922 849 616 213 24 51 1
0 922 850 616 213 24 51 1
0 922 851 616 213 24 51 1
0 922 852 616 213 24 51 1
0 922 853 616 213 24 51 1
0 922 854 616 213 24 51 1
0 922 855 616 213 24 51 1
0 922 856 616 213 24 51 1
0 922 857 616 213 24 51 1
0 922 858 616 213 24 51 1
0 922 859 616 213 24 51 1
0 922 860 616 213 24 51 1
0 922 861 616 213 24 51 1
0 922 862 616 213 24 51 1
0 922 863 616 213 24 51 1
0 922 864 616 213 24 51 1
0 922 865 616 213 24 51 1
0 922 866 616 213 24 51 1
0 922 867 616 213 24 51 1
0 922 868 616 213 24 51 1
0 922 869 616 213 24 51 1
0 922 870 616 213 24 51 1
0 922 871 616 213 24 51 1
0 922 872 616 213 24 51 1
0 922 873 616 213 24 51 1
0 922 874 616 213 24 51 1
0 922 875 616 213 24 51 1
0 922 876 616 213 24 51 1
0 922 877 616 213 24 51 1
0 922 878 616 213 24 51 1
0 922 879 616 213 24 51 1
0 922 880 616 213 24 51 1
0 922 881 616 213 24 51 1
0 922 882 616 213 24 51 1
0 922 883 616 213 24 51 1
0 922 884 616 213 24 51 1
0 922 885 616 213 24 51 1
0 922 886 616 213 24 51 1
0 922 887 616 213 24 51 1
0 922 888 616 213 24 51 1
0 922 889 616 213 24 51 1
0 922 890 616 213 24 51 1
0 922 891 616 213 24 51 1
0 922 892 616 213 24 51 1
0 922 893 616 213 24 51 1
0 922 894 616 213 24 51 1
0 922 895 616 213 24 51 1
0 922 896 616 213 24 51 1
0 922 897 616 213 24 51 1
0 922 898 616 213 24 51 1
0 922 899 616 213 24 51 1
0 922 900 616 213 24 51 1
0 922 901 616 213 24 51 1
0 922 902 616 213 24 51 1
0 922 903 616 213 24 51 1
0 922 904 616 213 24 51 1
0 922 905 616 213 24 51 1
0 922 906 616 213 24 51 1
0 922 907 616 213 24 51 1
0 922 908 616 213 24 51 1
0 922 909 616 213 24 51 1
0 922 910 616 213 24 51 1
0 922 911 616 213 24 51 1
0 922 912 616 213 24 51 1
0 922 913 616 213 24 51 1
0 922 914 616 213 24 51 1
0 922 915 616 213 24 51 1
0 922 916 616 213 24 51 1
0 922 917 616 213 24 51 1
0 922 918 616 213 24 51 1
0 922 919 616 213 24 51 1
0 922 920 616 213 24 51 1
0 922 921 616 213 24 51 1
1 390 669 1260 192 16 49 1
1 390 670 1256 192 18 49 1
1 390 671 1255 192 17 51 1
1 390 672 1253 192 19 53 1
1 390 673 1251 192 20 53 1
1 390 674 1249 192 20 55 1
1 390 675 1248 192 21 56 1
1 390 676 1246 192 21 56 1
1 390 677 1244 192 21 58 1
1 390 678 1242 192 23 60 1
1 390 679 1239 192 23 60 1
1 390 680 1237 192 23 60 1
1 390 681 1235 192 23 60 1
1 390 682 1233 192 23 60 1
1 390 683 1232 192 23 60 1
1 390 684 1230 192 23 60 1
1 390 685 1228 192 23 60 1
1 390 686 1226 192 23 60 1
1 390 687 1224 192 24 60 1
1 390 688 1223 192 23 60 1
1 390 689 1221 192 23 60 1
1 390 690 1219 192 23 60 1
1 390 691 1217 192 23 60 1
1 390 692 1216 192 23 60 1
1 390 693 1214 192 23 60 1
1 390 694 1212 192 23 60 1
1 390 695 1210 192 23 60 1
1 390 696 1208 192 24 60 1
1 390 697 1207 192 23 60 1
1 390 698 1205 192 23 60 1
1 390 699 1203 192 23 60 1
1 390 700 1201 192 23 60 1
1 390 701 1200 193 23 61 1
1 390 702 1198 193 23 61 1
1 390 703 1196 193 23 61 1
1 390 704 1194 193 23 61 1
1 390 705 1192 193 24 61 1
1 390 706 1191 193 23 61 1
1 390 707 1189 193 23 61 1
1 390 708 1187 193 23 61 1
1 390 709 1185 193 23 61 1
1 390 710 1184 193 23 61 1
1 390 711 1182 193 23 61 1
1 390 712 1180 193 23 61 1
1 390 713 1178 193 23 61 1
1 390 714 1176 193 24 61 1
1 390 715 1175 193 23 61 1
1 390 716 1173 193 23 61 1
1 390 717 1171 193 23 61 1
1 390 718 1169 193 23 61 1
1 390 719 1168 193 23 61 1
1 390 720 1166 193 23 61 1
1 390 721 1164 193 23 61 1
1 390 722 1162 193 23 61 1
1 390 723 1160 193 24 61 1
1 390 724 1159 195 23 61 1
1 390 725 1155 195 23 61 1
1 390 726 1153 195 23 61 1
1 390 727 1152 195 23 61 1
1 390 728 1150 195 23 61 1
1 390 729 1148 195 23 61 1
1 390 730 1146 195 23 61 1
1 390 731 1144 195 24 61 1
1 390 732 1143 195 23 61 1
1 390 733 1141 195 23 61 1
1 390 734 1139 195 23 61 1
1 390 735 1137 195 23 61 1
1 390 736 1136 195 23 61 1
1 390 737 1134 195 23 61 1
1 390 738 1132 195 23 61 1
1 390 739 1130 195 23 61 1
1 390 740 1128 195 24 61 1
1 390 741 1127 195 23 61 1
1 390 742 1125 195 23 61 1
1 390 743 1123 195 23 61 1
1 390 744 1121 195 23 61 1
1 390 745 1120 195 23 61 1
1 390 746 1118 195 23 61 1
1 390 747 1116 195 23 61 1
1 390 748 1114 195 23 61 1
1 390 749 1112 195 24 61 1
1 390 750 1111 195 23 61 1
1 390 751 1109 195 23 61 1
1 390 752 1107 195 23 61 1
1 390 753 1105 195 23 61 1
1 390 754 1104 195 23 61 1
1 390 755 1102 195 23 61 1
1 390 756 1100 197 23 60 1
1 390 757 1098 197 23 59 1
1 390 758 1096 197 24 59 1
1 390 759 1095 197 23 59 1
1 390 760 1093 197 23 59 1
1 390 761 1091 197 23 59 1
1 390 762 1091 197 23 59 1
1 390 763 1089 197 23 59 1
1 390 764 1088 197 23 59 1
1 390 765 1086 197 23 59 1
1 390 766 1084 197 23 59 1
1 390 767 1082 197 23 59 1
1 390 768 1082 197 23 59 1
1 390 769 1080 197 24 59 1
1 390 770 1079 197 23 59 1
1 390 771 1077 197 23 59 1
1 390 772 1075 197 23 59 1
1 390 773 1075 197 23 59 1
1 390 774 1073 197 23 59 1
1 390 775 1072 197 23 59 1
1 390 776 1070 197 23 59 1
1 390 777 1068 197 23 59 1
1 390 778 1066 197 23 59 1
1 390 779 1066 197 23 59 1
1 390 780 1064 197 24 59 1
1 390 781 1063 197 23 59 1
1 390 782 1061 197 23 59 1
1 390 783 1059 197 23 59 1
1 390 784 1057 197 23 59 1
1 390 785 1057 197 23 59 1
1 390 786 1056 197 23 59 1
1 390 787 1054 197 23 59 1
1 390 788 1052 197 23 59 1
1 390 789 1050 197 23 59 1
1 390 790 1050 197 23 59 1
1 390 791 1048 197 24 59 1
1 390 792 1047 197 23 59 1
1 390 793 1045 197 23 59 1
1 390 794 1043 197 23 59 1
1 390 795 1041 197 23 59 1
1 390 796 1041 199 23 57 1
1 390 797 1040 199 23 57 1
1 390 798 1038 199 23 57 1
1 390 799 1036 199 23 57 1
1 390 800 1034 199 23 57 1
1 390 801 1034 199 23 57 1
1 390 802 1032 199 24 57 1
1 390 803 1031 199 23 57 1
1 390 804 1029 199 23 57 1
1 390 805 1027 199 23 57 1
1 390 806 1025 199 23 57 1
1 390 807 1025 199 23 57 1
1 390 808 1024 199 23 57 1
1 390 809 1022 199 23 57 1
1 390 810 1020 199 23 57 1
1 390 811 1018 199 23 57 1
1 390 812 1016 199 24 57 1
1 390 813 1016 199 24 57 1
1 390 814 1015 199 23 57 1
1 390 815 1013 199 23 57 1
1 390 816 1011 199 23 55 1
1 390 817 1009 199 23 55 1
1 390 818 1009 199 23 55 1
1 390 819 1008 199 23 55 1
1 390 820 1006 199 23 55 1
1 390 821 1004 199 23 55 1
1 390 822 1002 199 23 55 1
1 390 823 1000 199 24 55 1
1 390 824 1000 199 24 55 1
1 390 825 999 199 23 55 1
1 390 826 997 199 23 55 1
1 390 827 995 199 23 55 1
1 390 828 993 199 23 55 1
1 390 829 992 199 23 55 1
1 390 830 992 199 23 55 1
1 390 831 990 199 23 55 1
1 390 832 988 199 23 55 1
1 390 833 986 199 23 55 1
1 390 834 984 199 24 55 1
1 390 835 984 200 24 54 1
1 390 836 983 200 23 54 1
1 390 837 981 200 23 54 1
1 390 838 979 200 23 54 1
1 390 839 977 200 23 54 1
1 390 840 976 200 23 54 1
1 390 841 976 200 23 54 1
1 390 842 974 200 23 54 1
1 390 843 972 200 23 54 1
1 390 844 970 200 23 54 1
1 390 845 968 200 24 54 1
1 390 846 968 200 24 54 1
1 390 847 967 200 23 54 1
1 390 848 965 200 23 54 1
1 390 849 963 200 23 54 1
1 390 850 961 200 23 54 1
1 390 851 960 200 23 54 1
1 390 852 960 200 23 54 1
1 390 853 958 200 23 54 1
1 390 854 956 200 23 54 1
1 390 855 954 200 23 54 1
1 390 856 952 200 24 54 1
1 390 857 951 200 23 54 1
1 390 858 951 200 23 54 1
1 390 859 949 200 23 54 1
1 390 860 947 200 23 54 1
1 390 861 945 200 23 54 1
1 390 862 944 200 23 54 1
1 390 863 944 200 23 54 1
1 390 864 942 200 23 54 1
1 390 865 940 200 23 54 1
1 390 866 938 200 23 54 1
1 390 867 936 200 24 54 1
1 390 868 935 200 23 54 1
1 390 869 935 200 23 54 1
1 390 870 933 200 23 54 1
1 390 871 931 200 23 54 1
1 390 872 929 200 23 54 1
1 390 873 928 200 23 54 1
1 390 874 928 202 23 52 1
1 390 875 926 202 23 52 1
1 390 876 924 202 23 52 1
1 390 877 922 202 23 52 1
1 390 878 922 202 23 52 1
1 390 879 920 202 24 52 1
1 390 880 919 202 23 52 1
1 390 881 917 202 23 52 1
1 390 882 917 202 23 52 1
1 390 883 915 202 23 52 1
1 390 884 913 202 23 52 1
1 390 885 912 202 23 52 1
1 390 886 912 202 23 52 1
1 390 887 910 202 23 54 1
1 390 888 908 202 23 54 1
1 390 889 908 202 23 54 1
1 390 890 906 202 23 54 1
1 390 891 904 202 24 54 1
1 390 892 903 202 23 54 1
1 390 893 903 202 23 54 1
1 390 894 901 202 23 54 1
1 390 895 899 202 23 54 1
1 390 896 897 202 23 54 1
1 390 897 897 202 23 54 1
1 390 898 896 202 23 54 1
1 390 899 894 202 23 54 1
1 390 900 894 204 23 53 1
1 390 901 892 202 23 55 1
1 390 902 890 202 23 55 1
1 390 903 890 202 23 55 1
1 390 904 888 202 24 55 1
1 390 905 887 202 23 55 1
1 390 906 887 202 23 55 1
1 390 907 885 202 23 55 1
1 390 908 883 202 23 55 1
1 390 909 883 202 23 55 1
1 390 910 881 202 23 55 1
1 390 911 880 202 23 55 1
1 390 912 880 202 23 55 1
1 390 913 878 202 23 55 1
1 390 914 876 202 23 55 1
1 390 915 876 202 23 55 1
1 390 916 874 202 23 55 1
1 390 917 872 202 24 55 1
1 390 918 872 202 24 55 1
1 390 919 871 202 23 55 1
1 390 920 869 202 23 55 1
1 390 921 869 202 23 55 1
1 390 922 867 202 23 55 1
1 390 923 865 202 23 55 1
1 390 924 865 202 23 55 1
1 390 925 864 202 23 55 1
1 390 926 862 202 23 55 1
1 390 927 862 202 23 55 1
1 390 928 860 202 23 55 1
1 390 929 858 202 23 55 1
1 390 930 858 202 23 55 1
1 390 931 856 202 24 55 1
1 390 932 855 202 23 55 1
1 390 933 855 202 23 55 1
1 390 934 853 202 23 55 1
1 390 935 851 202 23 55 1
1 390 936 851 202 23 55 1
1 390 937 849 202 23 55 1
1 390 938 848 202 23 55 1
1 390 939 848 202 23 55 1
1 390 940 846 202 23 55 1
1 390 941 844 202 23 55 1
1 390 942 844 202 23 55 1
1 390 943 842 202 23 55 1
1 390 944 840 202 24 55 1
1 390 945 840 202 24 55 1
1 390 946 839 202 23 55 1
1 390 947 837 202 23 55 1
1 390 948 837 202 23 55 1
1 390 949 835 202 23 55 1
1 390 950 833 202 23 55 1
1 390 951 833 202 23 55 1
1 390 952 832 202 23 55 1
1 390 953 830 202 23 55 1
1 390 954 830 202 23 55 1
1 390 955 828 202 23 55 1
1 390 956 826 202 23 55 1
1 390 957 826 202 23 55 1
1 390 958 824 202 24 55 1
1 390 959 823 202 23 55 1
1 390 960 823 202 23 55 1
1 390 961 821 202 23 55 1
1 390 962 819 202 23 55 1
1 390 963 819 202 23 55 1
1 390 964 817 202 23 55 1
1 390 965 816 202 23 55 1
1 390 966 816 202 23 55 1
1 390 967 814 202 23 55 1
1 390 968 812 202 23 55 1
1 390 969 812 202 23 55 1
1 390 970 810 202 23 55 1
1 390 971 808 202 24 55 1
1 390 972 808 202 24 55 1
1 390 973 807 202 23 55 1
1 390 974 805 202 23 55 1
1 390 975 805 202 23 55 1
1 390 976 803 202 23 55 1
1 390 977 801 202 23 55 1
1 390 978 801 202 23 55 1
1 390 979 800 202 23 55 1
1 390 980 798 202 23 55 1
1 390 981 798 202 23 55 1
1 390 982 796 202 23 55 1
1 390 983 794 202 23 55 1
1 390 984 794 202 23 55 1
1 390 985 792 202 24 55 1
1 390 986 791 202 23 55 1
1 390 987 791 202 23 55 1
1 390 988 789 202 23 55 1
1 390 989 787 202 23 55 1
1 390 990 787 202 23 55 1
1 390 991 785 202 23 55 1
1 390 992 784 202 23 55 1
1 390 993 784 202 23 55 1
1 390 994 782 202 23 55 1
1 390 995 780 202 23 55 1
1 390 996 780 202 23 55 1
1 390 997 778 202 23 55 1
1 390 998 778 202 23 55 1
1 390 999 776 202 24 55 1
1 390 1000 776 202 24 55 1
1 390 1001 775 202 23 55 1
1 390 1002 775 202 23 55 1
1 390 1003 773 202 23 55 1
1 390 1004 773 202 23 55 1
1 390 1005 771 202 23 55 1
1 390 1006 771 204 23 53 1
1 390 1007 769 204 23 53 1
1 390 1008 768 204 23 53 1
1 390 1009 768 204 23 53 1
1 390 1010 766 204 23 53 1
1 390 1011 766 204 23 53 1
1 390 1012 764 204 23 53 1
1 390 1013 764 204 23 53 1
1 390 1014 762 204 23 53 1
1 390 1015 762 204 23 55 1
1 390 1016 760 204 24 55 1
1 390 1017 760 204 24 55 1
1 390 1018 759 204 23 55 1
1 390 1019 759 206 23 53 1
1 390 1020 757 206 23 53 1
1 390 1021 755 206 23 53 1
1 390 1022 755 206 23 53 1
1 390 1023 753 206 23 53 1
1 390 1024 753 206 23 53 1
1 390 1025 752 206 23 53 1
1 390 1026 752 206 23 53 1
1 390 1027 750 206 23 53 1
1 390 1028 750 206 23 53 1
1 390 1029 748 206 23 53 1
1 390 1030 748 206 23 53 1
1 390 1031 746 206 23 53 1
1 390 1032 746 208 23 51 1
1 390 1033 744 208 24 51 1
1 390 1034 743 208 23 51 1
1 390 1035 743 208 23 51 1
1 390 1036 741 208 23 51 1
1 390 1037 741 208 23 53 1
1 390 1038 739 208 23 53 1
1 390 1039 739 208 23 53 1
1 390 1040 737 208 23 53 1
1 390 1041 737 208 23 53 1
1 390 1042 736 208 23 53 1
1 390 1043 736 208 23 53 1
1 390 1044 734 208 23 53 1
1 390 1045 734 209 23 52 1
1 390 1046 732 209 23 52 1
1 390 1047 730 209 23 52 1
1 390 1048 730 209 23 52 1
1 390 1049 728 209 24 52 1
1 390 1050 728 209 24 52 1
1 390 1051 727 209 23 52 1
1 390 1052 727 209 23 52 1
1 390 1053 725 209 23 52 1
1 390 1054 725 209 23 52 1
1 390 1055 723 209 23 52 1
1 390 1056 723 209 23 52 1
1 390 1057 721 209 23 52 1
1 390 1058 721 211 23 52 1
2 322 0 1009 204 23 55 1
2 322 1 1009 204 23 55 1
2 322 2 1011 204 23 55 1
2 322 3 1013 204 23 55 1
2 322 4 1015 204 23 55 1
2 322 5 1016 204 24 55 1
2 322 6 1018 204 23 55 1
2 322 7 1020 204 23 55 1
2 322 8 1022 204 23 55 1
2 322 9 1022 204 23 55 1
2 322 10 1024 204 23 55 1
2 322 11 1025 204 23 55 1
2 322 12 1027 204 23 55 1
2 322 13 1029 204 23 55 1
2 322 14 1031 204 23 55 1
2 322 15 1032 204 24 55 1
2 322 16 1034 204 23 55 1
2 322 17 1034 202 23 55 1
2 322 18 1036 202 23 55 1
2 322 19 1038 202 23 55 1
2 322 20 1040 202 23 55 1
2 322 21 1041 202 23 55 1
2 322 22 1043 202 23 55 1
2 322 23 1045 202 23 55 1
2 322 24 1047 202 23 55 1
2 322 25 1048 202 24 55 1
2 322 26 1050 202 23 55 1
2 322 27 1052 202 23 55 1
2 322 28 1052 202 23 55 1
2 322 29 1054 202 23 55 1
2 322 30 1056 202 23 55 1
2 322 31 1057 202 23 55 1
2 322 32 1059 202 23 55 1
2 322 33 1061 202 23 55 1
2 322 34 1063 202 23 55 1
2 322 35 1064 202 24 55 1
2 322 36 1066 202 23 55 1
2 322 37 1068 202 23 55 1
2 322 38 1070 202 23 55 1
2 322 39 1072 202 23 55 1
2 322 40 1073 202 23 55 1
2 322 41 1075 202 23 55 1
2 322 42 1077 202 23 55 1
2 322 43 1079 202 23 55 1
2 322 44 1080 202 24 55 1
2 322 45 1082 202 23 55 1
2 322 46 1084 202 23 55 1
2 322 47 1086 202 23 55 1
2 322 48 1088 202 23 55 1
2 322 49 1089 202 23 55 1
2 322 50 1091 202 23 55 1
2 322 51 1093 202 23 55 1
2 322 52 1095 202 23 55 1
2 322 53 1096 202 24 55 1
2 322 54 1098 202 23 55 1
2 322 55 1098 202 23 55 1
2 322 56 1100 202 23 55 1
2 322 57 1102 202 23 55 1
2 322 58 1104 202 23 55 1
2 322 59 1105 202 23 55 1
2 322 60 1107 202 23 55 1
2 322 61 1109 202 23 55 1
2 322 62 1111 202 23 55 1
2 322 63 1112 202 24 55 1
2 322 64 1114 202 23 55 1
2 322 65 1116 202 23 55 1
2 322 66 1118 202 23 55 1
2 322 67 1120 202 23 55 1
2 322 68 1121 202 23 55 1
2 322 69 1123 202 23 55 1
2 322 70 1125 202 23 55 1
2 322 71 1127 202 23 55 1
2 322 72 1128 202 24 55 1
2 322 73 1130 202 23 55 1
2 322 74 1132 202 23 55 1
2 322 75 1134 202 23 55 1
2 322 76 1136 202 23 55 1
2 322 77 1137 202 23 55 1
2 322 78 1139 202 23 55 1
2 322 79 1141 202 23 55 1
2 322 80 1143 202 23 55 1
2 322 81 1144 202 24 55 1
2 322 82 1146 202 23 55 1
2 322 83 1148 202 23 55 1
2 322 84 1150 202 23 55 1
2 322 85 1153 202 23 55 1
2 322 86 1155 200 23 56 1
2 322 87 1157 200 23 56 1
2 322 88 1159 200 23 56 1
2 322 89 1160 200 24 56 1
2 322 90 1162 200 23 56 1
2 322 91 1164 200 23 56 1
2 322 92 1166 200 23 56 1
2 322 93 1168 200 23 56 1
2 322 94 1169 199 23 55 1
2 322 95 1171 199 23 55 1
2 322 96 1173 199 23 55 1
2 322 97 1175 199 23 55 1
2 322 98 1176 199 24 55 1
2 322 99 1178 199 23 55 1
2 322 100 1180 199 23 55 1
2 322 101 1182 199 23 55 1
2 322 102 1184 199 23 55 1
2 322 103 1185 199 23 55 1
2 322 104 1187 199 23 55 1
2 322 105 1189 199 23 55 1
2 322 106 1191 199 23 55 1
2 322 107 1192 199 24 55 1
2 322 108 1194 199 23 55 1
2 322 109 1196 199 23 55 1
2 322 110 1198 199 23 55 1
2 322 111 1200 199 23 55 1
2 322 112 1201 199 23 55 1
2 322 113 1203 199 23 55 1
2 322 114 1205 199 23 55 1
2 322 115 1207 199 23 55 1
2 322 116 1208 199 24 55 1
2 322 117 1210 199 23 55 1
2 322 118 1212 199 23 55 1
2 322 119 1214 199 23 55 1
2 322 120 1216 199 23 55 1
2 322 121 1217 199 23 55 1
2 322 122 1221 199 23 55 1
2 322 123 1221 197 23 55 1
2 322 124 1223 197 23 55 1
2 322 125 1224 197 24 55 1
2 322 126 1226 197 23 55 1
2 322 127 1228 197 23 55 1
2 322 128 1230 197 23 55 1
2 322 129 1232 197 23 55 1
2 322 130 1233 197 23 55 1
2 322 131 1235 197 23 55 1
2 322 132 1237 197 23 55 1
2 322 133 1239 197 23 55 1
2 322 134 1240 197 24 55 1
2 322 135 1242 197 23 55 1
2 322 136 1244 197 23 55 1
2 322 137 1246 197 23 55 1
2 322 138 1248 197 23 55 1
2 322 139 1249 197 23 55 1
2 322 140 1251 197 23 55 1
2 322 141 1255 197 23 55 1
2 322 142 1255 197 23 55 1
2 322 143 1255 197 23 55 1
2 322 144 1255 197 23 55 1
2 322 145 1255 197 23 55 1
2 322 321 1153 202 23 55 1
3 322 0 919 206 25 57 1
3 322 1 919 206 25 57 1
3 322 2 920 206 25 57 1
3 322 3 922 206 25 57 1
3 322 4 924 206 25 57 1
3 322 5 926 206 25 57 1
3 322 6 928 206 24 57 1
3 322 7 929 206 25 57 1
3 322 8 931 206 25 57 1
3 322 9 935 206 25 57 1
3 322 10 936 206 25 57 1
3 322 11 938 206 25 57 1
3 322 12 940 206 25 57 1
3 322 13 942 206 25 57 1
3 322 14 944 206 24 57 1
3 322 15 945 206 25 57 1
3 322 16 949 206 25 57 1
3 322 17 949 204 25 57 1
3 322 18 951 204 25 57 1
3 322 19 952 204 25 57 1
3 322 20 954 204 25 57 1
3 322 21 956 204 25 57 1
3 322 22 958 204 25 57 1
3 322 23 960 204 24 57 1
3 322 24 961 204 25 57 1
3 322 25 963 204 25 57 1
3 322 26 965 204 25 57 1
3 322 27 967 204 25 57 1
3 322 28 968 204 25 57 1
3 322 29 970 204 25 57 1
3 322 30 972 204 25 57 1
3 322 31 974 204 25 57 1
3 322 32 976 204 24 57 1
3 322 33 977 204 25 57 1
3 322 34 979 204 25 57 1
3 322 35 981 204 25 57 1
3 322 36 981 204 25 57 1
3 322 37 983 204 25 57 1
3 322 38 984 204 25 57 1
3 322 39 986 204 25 57 1
3 322 40 988 204 25 57 1
3 322 41 990 204 25 57 1
3 322 42 992 204 24 57 1
3 322 43 993 204 25 57 1
3 322 44 995 204 25 57 1
3 322 45 997 204 25 57 1
3 322 46 999 204 25 57 1
3 322 47 1000 204 25 57 1
3 322 48 1002 204 25 57 1
3 322 49 1004 204 25 57 1
3 322 50 1006 204 25 57 1
3 322 51 1008 204 24 57 1
3 322 52 1009 204 25 57 1
3 322 53 1011 204 25 57 1
3 322 54 1013 204 25 57 1
3 322 55 1015 204 25 57 1
3 322 56 1016 204 25 57 1
3 322 57 1018 202 25 57 1
3 322 58 1020 202 25 57 1
3 322 59 1022 202 25 57 1
3 322 60 1024 202 24 57 1
3 322 61 1025 202 25 57 1
3 322 62 1027 202 25 57 1
3 322 63 1029 202 25 57 1
3 322 64 1031 202 25 57 1
3 322 65 1032 202 25 57 1
3 322 66 1034 202 25 57 1
3 322 67 1036 200 25 57 1
3 322 68 1038 200 25 57 1
3 322 69 1040 200 24 57 1
3 322 70 1041 200 25 57 1
3 322 71 1043 200 25 57 1
3 322 72 1045 200 25 57 1
3 322 73 1047 200 25 57 1
3 322 74 1048 200 25 57 1
3 322 75 1050 200 25 57 1
3 322 76 1052 200 25 57 1
3 322 77 1054 200 25 57 1
3 322 78 1056 200 24 57 1
3 322 79 1057 200 25 57 1
3 322 80 1059 200 25 57 1
3 322 81 1061 200 25 57 1
3 322 82 1063 200 25 57 1
3 322 83 1064 200 25 57 1
3 322 84 1066 200 25 57 1
3 322 85 1068 200 25 57 1
3 322 86 1070 200 25 57 1
3 322 87 1072 200 24 57 1
3 322 88 1073 200 25 57 1
3 322 89 1075 200 25 57 1
3 322 90 1077 200 25 57 1
3 322 91 1079 200 25 57 1
3 322 92 1080 200 25 57 1
3 322 93 1082 200 25 57 1
3 322 94 1084 200 25 57 1
3 322 95 1086 200 25 57 1
3 322 96 1088 200 24 57 1
3 322 97 1089 200 25 57 1
3 322 98 1091 200 25 57 1
3 322 99 1093 200 25 57 1
3 322 100 1095 200 25 57 1
3 322 101 1096 200 25 57 1
3 322 102 1098 200 25 57 1
3 322 103 1100 200 25 57 1
3 322 104 1102 200 25 57 1
3 322 105 1104 200 24 57 1
3 322 106 1105 200 25 57 1
3 322 107 1107 200 25 57 1
3 322 108 1109 200 25 57 1
3 322 109 1111 200 25 57 1
3 322 110 1112 200 25 57 1
3 322 111 1114 200 25 57 1
3 322 112 1116 200 25 57 1
3 322 113 1120 200 24 57 1
3 322 114 1120 200 24 57 1
3 322 115 1121 200 25 57 1
3 322 116 1123 200 25 57 1
3 322 117 1125 200 25 57 1
3 322 118 1127 200 25 57 1
3 322 119 1128 200 25 57 1
3 322 120 1130 200 25 57 1
3 322 121 1132 200 25 57 1
3 322 122 1134 200 25 57 1
3 322 123 1136 200 24 57 1
3 322 124 1137 200 25 57 1
3 322 125 1139 200 25 57 1
3 322 126 1141 200 25 57 1
3 322 127 1143 200 25 57 1
3 322 128 1144 200 25 57 1
3 322 129 1146 200 25 57 1
3 322 130 1148 200 25 57 1
3 322 131 1150 200 25 57 1
3 322 132 1152 200 24 57 1
3 322 133 1153 200 25 57 1
3 322 134 1155 199 25 57 1
3 322 135 1157 199 25 57 1
3 322 136 1159 199 25 57 1
3 322 137 1160 199 25 57 1
3 322 138 1164 199 25 57 1
3 322 139 1166 199 25 57 1
3 322 140 1168 197 24 57 1
3 322 141 1169 197 25 57 1
3 322 142 1173 197 25 57 1
3 322 143 1175 197 25 57 1
3 322 144 1176 197 25 57 1
3 322 145 1178 197 25 57 1
3 322 146 1180 195 25 57 1
3 322 147 1184 195 24 57 1
3 322 148 1185 195 25 57 1
3 322 149 1187 195 25 57 1
3 322 150 1189 195 25 57 1
3 322 151 1192 195 25 57 1
3 322 152 1194 195 25 57 1
3 322 153 1196 195 25 57 1
3 322 154 1198 195 25 57 1
3 322 155 1200 195 24 57 1
3 322 156 1201 195 25 57 1
3 322 157 1203 195 25 57 1
3 322 158 1205 195 25 57 1
3 322 159 1207 195 25 57 1
3 322 160 1208 195 25 57 1
3 322 161 1210 195 25 57 1
3 322 162 1212 195 25 57 1
3 322 163 1214 195 25 57 1
3 322 164 1216 195 24 57 1
3 322 165 1217 195 25 57 1
3 322 166 1219 195 25 57 1
3 322 167 1221 195 25 57 1
3 322 168 1223 195 25 57 1
3 322 169 1226 197 25 57 1
3 322 170 1226 195 25 57 1
3 322 171 1228 195 25 57 1
3 322 172 1230 195 25 57 1
3 322 173 1232 195 24 57 1
3 322 174 1233 195 25 57 1
3 322 175 1235 195 25 57 1
3 322 176 1237 195 25 57 1
3 322 177 1239 195 25 57 1
3 322 178 1240 195 25 57 1
3 322 179 1242 195 25 57 1
3 322 180 1244 195 25 57 1
3 322 181 1246 195 25 57 1
3 322 182 1248 195 24 57 1
3 322 183 1249 195 25 57 1
3 322 184 1251 195 25 57 1
3 322 185 1251 195 25 57 1
3 322 186 1251 195 25 57 1
3 322 187 1253 195 23 57 1
3 322 321 1084 200 25 57 1
4 322 0 295 275 26 61 1
4 322 1 293 275 27 61 1
4 322 2 293 275 27 61 1
4 322 3 293 275 27 61 1
4 322 4 291 277 27 60 1
4 322 5 291 277 27 60 1
4 322 6 291 277 27 60 1
4 322 7 289 277 27 60 1
4 322 8 289 279 27 60 1
4 322 9 289 279 27 60 1
4 322 10 288 279 26 60 1
4 322 11 288 279 26 60 1
4 322 12 288 280 26 61 1
4 322 13 286 280 26 61 1
4 322 14 286 280 26 61 1
4 322 15 286 282 26 61 1
4 322 16 284 282 27 61 1
4 322 17 282 282 27 61 1
4 322 18 280 282 27 61 1
4 322 19 279 284 26 60 1
4 322 20 279 284 26 60 1
4 322 21 277 284 27 60 1
4 322 22 275 286 27 60 1
4 322 23 273 286 27 60 1
4 322 24 273 286 27 60 1
4 322 25 272 288 26 60 1
4 322 26 270 288 26 60 1
4 322 27 268 288 27 60 1
4 322 28 268 289 27 61 1
4 322 29 266 289 27 61 1
4 322 30 264 289 27 61 1
4 322 31 263 289 26 61 1
4 322 32 261 289 27 61 1
4 322 33 261 289 27 61 1
4 322 34 259 289 27 61 1
4 322 35 257 291 27 61 1
4 322 36 256 291 26 61 1
4 322 37 254 291 26 61 1
4 322 38 254 291 26 61 1
4 322 39 252 291 27 61 1
4 322 40 250 291 27 61 1
4 322 41 248 291 27 61 1
4 322 42 248 293 27 60 1
4 322 43 247 293 26 60 1
4 322 44 247 293 26 60 1
4 322 45 245 293 27 60 1
4 322 46 245 293 27 62 1
4 322 47 245 293 27 62 1
4 322 48 243 295 27 60 1
4 322 49 243 295 27 62 1
4 322 50 243 295 27 62 1
4 322 51 241 295 27 62 1
4 322 52 241 295 27 64 1
4 322 53 241 296 27 63 1
4 322 54 240 296 26 63 1
4 322 55 240 296 26 64 1
4 322 56 238 296 26 64 1
4 322 57 238 296 26 64 1
4 322 58 238 296 26 66 1
4 322 59 236 298 27 64 1
4 322 60 236 298 27 64 1
4 322 61 236 298 27 66 1
4 322 62 234 298 27 66 1
4 322 63 234 298 27 66 1
4 322 64 234 300 27 66 1
4 322 65 232 300 27 66 1
4 322 66 232 300 27 66 1
4 322 67 231 300 26 66 1
4 322 68 231 302 26 66 1
4 322 69 229 302 27 66 1
4 322 70 229 302 27 66 1
4 322 71 227 302 27 66 1
4 322 72 227 304 27 65 1
4 322 73 227 304 27 65 1
4 322 74 225 304 27 65 1
4 322 75 225 304 27 65 1
4 322 76 224 305 26 66 1
4 322 77 224 305 26 66 1
4 322 78 222 305 26 66 1
4 322 79 222 305 26 66 1
4 322 80 222 307 26 66 1
4 322 81 220 307 27 66 1
4 322 82 220 307 27 66 1
4 322 83 218 307 27 66 1
4 322 84 218 309 27 66 1
4 322 85 216 309 27 66 1
4 322 86 216 309 27 66 1
4 322 87 216 311 27 65 1
4 322 88 215 311 26 65 1
4 322 89 215 311 26 65 1
4 322 90 213 312 27 66 1
4 322 91 213 312 27 66 1
4 322 92 211 312 29 68 1
4 322 93 211 314 27 66 1
4 322 94 209 314 29 68 1
4 322 95 209 314 29 68 1
4 322 96 208 316 28 68 1
4 322 97 208 316 28 68 1
4 322 98 208 318 28 67 1
4 322 99 206 318 28 67 1
4 322 100 206 318 28 67 1
4 322 101 204 320 28 67 1
4 322 102 204 320 28 67 1
4 322 103 202 320 30 69 1
4 322 104 202 321 29 68 1
4 322 105 200 321 31 70 1
4 322 106 200 321 31 70 1
4 322 107 199 323 30 69 1
4 322 108 199 323 30 69 1
4 322 109 199 325 30 69 1
4 322 110 197 325 30 69 1
4 322 111 195 325 30 69 1
4 322 112 193 325 31 69 1
4 322 113 192 327 30 69 1
4 322 114 192 327 30 69 1
4 322 115 190 327 30 69 1
4 322 116 188 327 30 71 1
4 322 117 186 328 30 70 1
4 322 118 184 328 31 70 1
4 322 119 184 328 31 72 1
4 322 120 183 328 30 72 1
4 322 121 181 330 30 70 1
4 322 122 179 330 30 71 1
4 322 123 177 330 31 71 1
4 322 124 177 330 31 71 1
4 322 125 176 332 30 71 1
4 322 126 174 332 30 71 1
4 322 127 172 332 30 71 1
4 322 128 172 334 30 71 1
4 322 129 170 334 30 71 1
4 322 130 168 334 31 71 1
4 322 131 167 334 30 71 1
4 322 132 165 334 30 73 1
4 322 133 163 336 30 71 1
4 322 134 161 336 31 71 1
4 322 135 161 336 31 71 1
4 322 136 160 336 30 72 1
4 322 137 158 336 30 72 1
4 322 138 156 337 30 71 1
4 322 139 154 337 30 71 1
4 322 140 152 337 31 73 1
4 322 141 151 337 30 73 1
4 322 142 151 337 30 73 1
4 322 143 149 339 30 71 1
4 322 144 147 339 30 73 1
4 322 145 145 339 31 73 1
4 322 146 144 339 30 73 1
4 322 147 142 339 30 73 1
4 322 148 142 341 30 73 1
4 322 149 140 341 30 73 1
4 322 150 138 341 30 75 1
4 322 151 136 343 32 73 1
4 322 152 135 343 32 74 1
4 322 153 135 344 32 75 1
4 322 154 133 344 32 75 1
4 322 155 131 344 34 77 1
4 322 156 129 346 34 75 1
4 322 157 128 346 35 77 1
4 322 158 128 348 33 76 1
4 322 159 126 348 35 76 1
4 322 160 124 348 36 78 1
4 322 161 122 350 38 76 1
4 322 162 120 350 38 78 1
4 322 163 120 352 38 78 1
4 322 164 119 352 37 78 1
4 322 165 117 353 37 79 1
4 322 166 117 353 35 79 1
4 322 167 115 355 37 78 1
4 322 168 115 355 36 78 1
4 322 169 113 357 36 78 1
4 322 170 113 357 36 78 1
4 322 171 112 359 35 78 1
4 322 172 110 360 35 79 1
4 322 173 110 360 35 79 1
4 322 174 108 362 36 78 1
4 322 175 108 362 34 78 1
4 322 176 106 364 34 78 1
4 322 177 106 364 34 78 1
4 322 178 104 366 34 78 1
4 322 179 103 368 33 78 1
4 322 180 103 368 33 78 1
4 322 181 101 369 34 79 1
4 322 182 101 369 32 79 1
4 322 183 99 371 34 78 1
4 322 184 99 371 32 78 1
4 322 185 97 373 32 78 1
4 322 186 97 375 32 78 1
4 322 187 96 375 32 78 1
4 322 188 94 375 32 78 1
4 322 189 92 376 32 79 1
4 322 190 90 376 32 79 1
4 322 191 88 376 32 79 1
4 322 192 88 378 31 78 1
4 322 193 87 378 30 78 1
4 322 194 85 380 30 78 1
4 322 195 83 380 32 78 1
4 322 196 81 380 32 78 1
4 322 197 80 382 32 78 1
4 322 198 80 382 30 78 1
4 322 199 78 384 30 78 1
4 322 200 76 384 30 78 1
4 322 201 74 384 30 78 1
4 322 202 72 385 31 79 1
4 322 203 71 385 30 79 1
4 322 204 71 387 30 78 1
4 322 205 67 387 30 78 1
4 322 206 65 387 31 80 1
4 322 207 64 387 30 80 1
4 322 208 62 387 28 82 1
4 322 209 60 387 28 82 1
4 322 210 58 389 29 82 1
4 322 211 56 389 27 82 1
4 322 212 55 389 26 83 1
4 322 213 51 389 29 83 1
4 322 214 49 389 27 85 1
4 322 215 48 391 26 83 1
4 322 216 46 391 26 85 1
4 322 217 44 391 25 85 1
4 322 218 42 391 25 87 1
4 322 219 40 391 25 87 1
4 322 220 39 392 25 88 1
4 322 221 35 392 25 88 1
4 322 222 33 392 25 88 1
4 322 223 32 392 24 88 1
4 322 224 30 392 25 88 1
4 322 225 28 392 25 88 1
4 322 226 24 392 25 88 1
4 322 227 23 392 25 88 1
4 322 228 21 392 25 88 1
4 322 229 19 392 25 88 1
4 322 230 17 392 25 88 1
4 322 231 16 392 24 88 1
4 322 232 12 392 25 88 1
4 322 233 10 392 25 88 1
4 322 234 8 392 25 88 1
4 322 235 7 392 25 88 1
4 322 236 5 392 25 88 1
4 322 237 3 392 25 88 1
4 322 238 0 394 23 87 1
4 322 239 0 394 23 87 1
4 322 240 0 394 23 87 1
4 322 241 0 394 23 87 1
4 322 321 216 311 27 65 1
5 322 0 714 209 22 55 1
5 322 1 714 209 22 55 1
5 322 2 716 209 21 55 1
5 322 3 718 209 21 55 1
5 322 4 718 209 23 55 1
5 322 5 720 209 21 55 1
5 322 6 721 209 22 55 1
5 322 7 723 209 21 55 1
5 322 8 723 209 23 55 1
5 322 9 725 209 21 55 1
5 322 10 727 209 21 55 1
5 322 11 727 209 23 55 1
5 322 12 728 209 24 55 1
5 322 13 730 209 22 55 1
5 322 14 732 209 21 55 1
5 322 15 732 209 23 55 1
5 322 16 734 209 23 55 1
5 322 17 736 209 21 55 1
5 322 18 736 209 23 55 1
5 322 19 737 209 23 55 1
5 322 20 739 209 23 55 1
5 322 21 741 209 23 55 1
5 322 22 741 209 23 54 1
5 322 23 743 209 23 54 1
5 322 24 743 209 23 54 1
5 322 25 744 209 24 54 1
5 322 26 744 209 24 54 1
5 322 27 746 209 23 54 1
5 322 28 746 209 23 54 1
5 322 29 748 209 23 54 1
5 322 30 748 209 23 54 1
5 322 31 750 209 23 54 1
5 322 32 750 209 23 54 1
5 322 33 752 209 23 54 1
5 322 34 752 209 23 54 1
5 322 35 753 209 23 54 1
5 322 36 753 209 23 54 1
5 322 37 755 209 23 54 1
5 322 38 755 209 23 54 1
5 322 39 757 209 23 54 1
5 322 40 757 209 23 54 1
5 322 41 759 209 23 54 1
5 322 42 759 209 23 54 1
5 322 43 760 209 24 54 1
5 322 44 762 209 23 54 1
5 322 45 762 208 23 53 1
5 322 46 762 208 23 53 1
5 322 47 764 208 23 53 1
5 322 48 764 208 23 53 1
5 322 49 766 208 23 53 1
5 322 50 766 208 23 53 1
5 322 51 768 208 23 51 1
5 322 52 768 208 23 51 1
5 322 53 768 208 23 51 1
5 322 54 769 208 23 51 1
5 322 55 769 208 23 51 1
5 322 56 771 208 23 51 1
5 322 57 771 208 23 49 1
5 322 58 773 208 23 49 1
5 322 59 773 208 23 49 1
5 322 60 775 208 23 49 1
5 322 61 775 208 23 49 1
5 322 62 775 208 23 49 1
5 322 63 776 208 24 48 1
5 322 64 776 208 24 48 1
5 322 65 778 208 23 48 1
5 322 66 778 208 23 48 1
5 322 67 780 208 23 48 1
5 322 68 780 208 23 48 1
5 322 69 782 208 23 48 1
5 322 70 782 208 23 48 1
5 322 71 782 208 23 48 1
5 322 72 784 208 23 48 1
5 322 73 784 208 23 48 1
5 322 74 784 208 24 48 1
5 322 75 785 208 23 48 1
5 322 76 785 208 23 48 1
5 322 77 787 208 23 48 1
5 322 78 787 208 23 48 1
5 322 79 787 208 25 48 1
5 322 80 789 208 23 48 1
5 322 81 789 208 25 48 1
5 322 82 791 208 23 48 1
5 322 83 791 208 23 48 1
5 322 84 791 208 25 48 1
5 322 85 792 208 24 48 1
5 322 86 792 208 25 48 1
5 322 87 792 208 25 48 1
5 322 88 794 208 23 48 1
5 322 89 794 208 25 48 1
5 322 90 796 208 23 48 1
5 322 91 796 208 25 48 1
5 322 92 796 208 25 48 1
5 322 93 798 208 25 48 1
5 322 94 798 208 25 48 1
5 322 95 800 208 23 48 1
5 322 96 800 208 24 48 1
5 322 97 800 208 24 48 1
5 322 98 801 208 25 48 1
5 322 99 801 208 25 48 1
5 322 100 803 208 25 48 1
5 322 101 803 208 25 46 1
5 322 102 803 208 25 46 1
5 322 103 803 208 25 46 1
5 322 104 805 208 25 46 1
5 322 105 805 208 25 46 1
5 322 106 805 208 25 46 1
5 322 107 807 208 25 46 1
5 322 108 807 208 25 46 1
5 322 109 807 208 25 46 1
5 322 110 808 208 24 46 1
5 322 111 808 208 25 46 1
5 322 112 808 208 25 46 1
5 322 113 810 208 23 46 1
5 322 114 810 208 25 46 1
5 322 115 810 208 25 46 1
5 322 116 812 208 23 46 1
5 322 117 812 208 23 46 1
5 322 118 812 208 25 46 1
5 322 119 814 208 23 46 1
5 322 120 814 208 23 46 1
5 322 121 814 208 25 46 1
5 322 122 814 208 25 46 1
5 322 123 816 208 23 46 1
5 322 124 816 208 23 46 1
5 322 125 816 208 24 46 1
5 322 126 817 208 23 46 1
5 322 127 817 208 23 46 1
5 322 128 817 208 25 46 1
5 322 129 819 208 23 46 1
5 322 130 819 208 23 46 1
5 322 131 819 208 23 46 1
5 322 132 821 208 23 46 1
5 322 133 821 208 23 46 1
5 322 134 821 208 23 46 1
5 322 135 823 208 23 46 1
5 322 136 823 208 23 46 1
5 322 137 823 208 23 46 1
5 322 138 824 208 24 46 1
5 322 139 824 206 24 48 1
5 322 140 824 206 24 48 1
5 322 141 824 206 24 48 1
5 322 142 826 206 23 48 1
5 322 143 826 206 23 48 1
5 322 144 826 206 23 48 1
5 322 145 826 206 23 48 1
5 322 146 828 206 23 48 1
5 322 147 828 206 23 48 1
5 322 148 828 206 23 48 1
5 322 149 830 206 23 48 1
5 322 150 830 206 23 48 1
5 322 151 830 206 23 48 1
5 322 152 830 206 23 48 1
5 322 153 832 206 23 48 1
5 322 154 832 206 23 48 1
5 322 155 832 206 23 48 1
5 322 156 832 206 23 48 1
5 322 157 833 206 23 48 1
5 322 158 833 206 23 48 1
5 322 159 833 206 23 48 1
5 322 160 835 206 23 48 1
5 322 161 835 206 23 48 1
5 322 162 835 206 23 48 1
5 322 163 835 206 23 48 1
5 322 164 837 206 23 48 1
5 322 165 837 206 23 48 1
5 322 166 837 206 23 48 1
5 322 167 837 206 23 48 1
5 322 168 839 206 23 48 1
5 322 169 839 206 23 48 1
5 322 170 839 206 23 48 1
5 322 171 840 206 24 48 1
5 322 172 840 206 24 48 1
5 322 173 840 206 24 48 1
5 322 174 840 206 24 48 1
5 322 175 842 206 23 48 1
5 322 176 842 206 23 48 1
5 322 177 842 206 23 48 1
5 322 178 844 206 23 50 1
5 322 179 842 206 23 50 1
5 322 180 842 206 23 50 1
5 322 181 842 206 23 50 1
5 322 182 842 206 23 50 1
5 322 183 842 206 23 50 1
5 322 184 842 206 23 50 1
5 322 185 842 206 23 50 1
5 322 186 842 206 23 50 1
5 322 187 842 206 23 50 1
5 322 188 842 206 23 50 1
5 322 189 842 206 23 50 1
5 322 190 842 206 23 50 1
5 322 191 842 206 23 50 1
5 322 192 842 206 23 50 1
5 322 193 842 206 23 50 1
5 322 194 842 206 23 50 1
5 322 195 842 206 23 50 1
5 322 196 842 206 23 50 1
5 322 197 842 206 23 50 1
5 322 198 842 206 23 50 1
5 322 199 842 206 23 50 1
5 322 200 842 206 23 50 1
5 322 201 842 206 23 50 1
5 322 202 842 206 23 50 1
5 322 203 842 206 23 50 1
5 322 204 842 206 23 50 1
5 322 205 842 206 23 50 1
5 322 206 842 206 23 50 1
5 322 207 842 206 23 50 1
5 322 208 842 206 23 50 1
5 322 209 842 206 23 50 1
5 322 210 842 206 23 50 1
5 322 211 842 206 23 50 1
5 322 212 842 206 23 50 1
5 322 213 842 206 23 50 1
5 322 214 842 206 23 50 1
5 322 215 842 206 23 50 1
5 322 216 842 206 23 50 1
5 322 217 842 206 23 50 1
5 322 218 842 206 23 50 1
5 322 219 842 206 23 50 1
5 322 220 842 206 23 50 1
5 322 221 842 206 23 50 1
5 322 222 842 206 23 50 1
5 322 223 842 206 23 50 1
5 322 224 842 206 23 50 1
5 322 225 842 206 23 50 1
5 322 226 842 206 23 50 1
5 322 227 842 206 23 50 1
5 322 228 842 206 23 50 1
5 322 229 842 206 23 50 1
5 322 230 842 206 23 50 1
5 322 231 842 206 23 50 1
5 322 232 842 206 23 50 1
5 322 233 842 206 23 50 1
5 322 234 842 206 23 50 1
5 322 235 842 206 23 50 1
5 322 236 842 206 23 50 1
5 322 237 842 206 23 50 1
5 322 238 842 206 23 50 1
5 322 239 844 206 23 50 1
5 322 240 844 206 23 50 1
5 322 241 844 206 23 50 1
5 322 242 844 206 23 50 1
5 322 243 844 206 23 50 1
5 322 244 844 206 23 50 1
5 322 245 844 206 23 50 1
5 322 246 844 206 23 50 1
5 322 247 844 206 23 50 1
5 322 248 844 206 23 50 1
5 322 249 846 206 23 50 1
5 322 250 846 206 23 50 1
5 322 251 846 206 23 50 1
5 322 252 846 206 23 50 1
5 322 253 846 206 23 50 1
5 322 254 846 206 23 50 1
5 322 255 846 206 23 50 1
5 322 256 846 206 23 50 1
5 322 257 846 206 23 50 1
5 322 258 846 206 23 50 1
5 322 259 846 206 23 50 1
5 322 260 848 206 23 50 1
5 322 261 848 206 23 50 1
5 322 262 848 206 23 50 1
5 322 263 848 206 23 50 1
5 322 264 848 206 23 50 1
5 322 265 848 206 23 50 1
5 322 266 848 206 23 50 1
5 322 267 848 206 23 50 1
5 322 268 848 206 23 50 1
5 322 269 848 206 23 50 1
5 322 270 849 206 23 50 1
5 322 271 849 206 23 50 1
5 322 272 849 206 23 50 1
5 322 273 849 206 23 50 1
5 322 274 849 206 23 50 1
5 322 275 849 206 23 50 1
5 322 276 849 206 23 50 1
5 322 277 849 206 23 50 1
5 322 278 849 206 23 50 1
5 322 279 849 206 23 50 1
5 322 280 851 206 23 50 1
5 322 281 851 206 23 50 1
5 322 282 851 206 23 50 1
5 322 283 851 206 23 50 1
5 322 321 782 208 23 48 1
6 791 268 846 206 23 51 1
6 791 269 844 206 23 50 1
6 791 270 842 206 23 50 1
6 791 271 842 206 23 50 1
6 791 272 840 206 24 50 1
6 791 273 839 206 23 50 1
6 791 274 839 206 23 50 1
6 791 275 837 206 23 50 1
6 791 276 837 206 23 50 1
6 791 277 835 206 23 50 1
6 791 278 833 206 23 50 1
6 791 279 833 206 23 50 1
6 791 280 832 206 23 50 1
6 791 281 832 206 23 50 1
6 791 282 830 206 23 50 1
6 791 283 828 206 23 50 1
6 791 284 828 206 23 50 1
6 791 285 826 206 23 50 1
6 791 286 826 208 23 48 1
6 791 287 824 208 24 48 1
6 791 288 823 208 23 48 1
6 791 289 823 208 23 48 1
6 791 290 821 208 23 48 1
6 791 291 821 208 23 48 1
6 791 292 819 208 23 48 1
6 791 293 819 208 23 48 1
6 791 294 817 208 23 48 1
6 791 295 816 208 23 48 1
6 791 296 816 208 23 48 1
6 791 297 814 208 23 48 1
6 791 298 814 208 23 48 1
6 791 299 812 208 23 48 1
6 791 300 812 208 23 48 1
6 791 301 810 208 23 46 1
6 791 302 810 208 23 46 1
6 791 303 808 208 25 46 1
6 791 304 808 208 24 46 1
6 791 305 807 208 25 46 1
6 791 306 807 208 25 46 1
6 791 307 805 208 25 46 1
6 791 308 805 208 25 46 1
6 791 309 803 208 27 46 1
6 791 310 803 208 25 46 1
6 791 311 801 208 27 46 1
6 791 312 801 208 27 46 1
6 791 313 800 208 26 46 1
6 791 314 800 208 26 46 1
6 791 315 798 208 28 46 1
6 791 316 798 208 26 46 1
6 791 317 796 208 28 46 1
6 791 318 796 208 28 46 1
6 791 319 794 208 29 46 1
6 791 320 792 208 29 46 1
6 791 321 792 208 29 46 1
6 791 322 791 208 28 46 1
6 791 323 791 208 28 46 1
6 791 324 789 208 28 46 1
6 791 325 789 208 28 48 1
6 791 326 787 208 29 48 1
6 791 327 787 208 29 48 1
6 791 328 785 208 29 48 1
6 791 329 785 208 29 48 1
6 791 330 784 208 28 48 1
6 791 331 784 208 28 48 1
6 791 332 782 208 28 49 1
6 791 333 780 208 28 49 1
6 791 334 780 208 28 49 1
6 791 335 778 208 29 49 1
6 791 336 778 208 29 49 1
6 791 337 776 208 29 49 1
6 791 338 776 208 29 49 1
6 791 339 775 208 28 51 1
6 791 340 775 208 28 51 1
6 791 341 773 208 28 51 1
6 791 342 773 208 28 51 1
6 791 343 771 208 29 51 1
6 791 344 771 208 29 51 1
6 791 345 769 208 29 51 1
6 791 346 769 209 29 52 1
6 791 347 768 209 28 52 1
6 791 348 768 209 28 52 1
6 791 349 768 209 28 52 1
6 791 350 766 209 28 52 1
6 791 351 766 209 28 52 1
6 791 352 766 209 28 52 1
6 791 353 764 209 28 52 1
6 791 354 764 209 28 52 1
6 791 355 764 209 28 52 1
6 791 356 762 209 29 52 1
6 791 357 762 209 29 52 1
6 791 358 762 209 29 52 1
6 791 359 760 209 29 52 1
6 791 360 760 209 29 52 1
6 791 361 760 209 29 52 1
6 791 362 759 209 28 52 1
6 791 363 759 209 28 52 1
6 791 364 759 209 28 52 1
6 791 365 757 208 28 51 1
6 791 366 757 208 28 51 1
6 791 367 757 208 28 51 1
6 791 368 755 208 29 51 1
6 791 369 755 208 29 51 1
6 791 370 755 208 29 51 1
6 791 371 753 208 29 51 1
6 791 372 753 208 29 51 1
6 791 373 753 208 29 51 1
6 791 374 752 208 28 51 1
6 791 375 752 208 28 51 1
6 791 376 752 208 28 51 1
6 791 377 750 208 28 51 1
6 791 378 750 208 28 51 1
6 791 379 750 208 28 51 1
6 791 380 748 208 28 51 1
6 791 381 748 208 28 51 1
6 791 382 748 208 28 51 1
6 791 383 746 208 29 51 1
6 791 384 746 208 29 51 1
6 791 385 746 208 29 51 1
6 791 386 746 208 29 51 1
6 791 387 744 208 29 51 1
6 791 388 744 208 29 51 1
6 791 389 744 208 29 51 1
6 791 390 743 208 28 51 1
6 791 391 743 208 28 51 1
6 791 392 743 208 28 51 1
6 791 393 741 208 28 51 1
6 791 394 741 208 28 51 1
6 791 395 741 208 28 51 1
6 791 396 739 208 29 51 1
6 791 397 739 208 29 51 1
6 791 398 739 208 29 51 1
6 791 399 737 208 29 51 1
6 791 400 737 208 29 51 1
6 791 401 737 208 29 51 1
6 791 402 736 208 28 51 1
6 791 403 736 208 28 51 1
6 791 404 736 208 28 51 1
6 791 405 736 208 28 51 1
6 791 406 734 208 28 51 1
6 791 407 734 208 28 51 1
6 791 408 734 208 28 51 1
6 791 409 732 208 28 51 1
6 791 410 732 208 28 51 1
6 791 411 732 208 28 51 1
6 791 412 730 208 29 51 1
6 791 413 730 208 29 51 1
6 791 414 730 208 29 51 1
6 791 415 728 208 29 51 1
6 791 416 728 208 29 51 1
6 791 417 728 208 29 51 1
6 791 418 727 208 28 51 1
6 791 419 727 208 28 51 1
6 791 420 727 208 28 51 1
6 791 421 727 208 28 51 1
6 791 422 725 208 28 51 1
6 791 423 725 208 28 51 1
6 791 424 725 208 28 51 1
6 791 425 723 208 29 51 1
6 791 426 723 208 29 51 1
6 791 427 723 208 29 51 1
6 791 428 723 208 29 51 1
6 791 429 721 208 29 51 1
6 791 430 721 208 29 51 1
6 791 431 721 208 29 51 1
6 791 432 721 208 29 51 1
6 791 433 720 208 28 51 1
6 791 434 720 208 28 51 1
6 791 435 720 208 28 51 1
6 791 436 720 209 28 52 1
6 791 437 718 209 28 52 1
6 791 438 718 209 28 52 1
6 791 439 718 209 28 52 1
6 791 440 716 209 28 52 1
6 791 441 716 209 28 52 1
6 791 442 716 209 28 52 1
6 791 443 716 209 28 52 1
6 791 444 714 209 29 52 1
6 791 445 714 209 29 52 1
6 791 446 714 209 29 52 1
6 791 447 714 209 29 52 1
6 791 448 712 209 29 52 1
6 791 449 712 209 29 52 1
6 791 450 712 209 29 52 1
6 791 451 712 211 29 52 1
6 791 452 711 209 28 52 1
6 791 453 711 209 28 52 1
6 791 454 709 209 28 52 1
6 791 455 709 209 28 52 1
6 791 456 707 209 29 52 1
6 791 457 707 209 29 52 1
6 791 458 707 209 29 52 1
6 791 459 705 209 29 52 1
6 791 460 705 209 29 52 1
6 791 461 704 209 28 52 1
6 791 462 704 209 28 52 1
6 791 463 704 209 28 52 1
6 791 464 702 209 28 52 1
6 791 465 702 209 28 52 1
6 791 466 700 209 28 52 1
6 791 467 700 209 28 52 1
6 791 468 700 209 28 52 1
6 791 469 698 209 29 52 1
6 791 470 698 209 29 52 1
6 791 471 696 209 29 52 1
6 791 472 696 209 29 52 1
6 791 473 695 209 28 52 1
6 791 474 695 209 28 52 1
6 791 475 695 209 28 52 1
6 791 476 693 209 28 52 1
6 791 477 693 209 28 52 1
6 791 478 691 209 29 52 1
6 791 479 691 209 29 52 1
6 791 480 691 209 29 52 1
6 791 481 689 209 29 52 1
6 791 482 689 209 29 52 1
6 791 483 688 209 28 52 1
6 791 484 688 209 28 52 1
6 791 485 688 209 28 52 1
6 791 486 686 209 28 52 1
6 791 487 684 209 28 52 1
6 791 488 684 209 28 52 1
6 791 489 682 209 29 52 1
6 791 490 682 209 29 52 1
6 791 491 680 209 29 52 1
6 791 492 680 209 29 52 1
6 791 493 679 209 28 52 1
6 791 494 679 209 28 52 1
6 791 495 677 209 28 52 1
6 791 496 677 209 28 52 1
6 791 497 675 211 29 52 1
6 791 498 675 211 29 52 1
6 791 499 673 211 29 52 1
6 791 500 673 211 29 52 1
6 791 501 672 211 28 52 1
6 791 502 672 211 28 52 1
6 791 503 670 211 28 52 1
6 791 504 670 211 28 52 1
6 791 505 668 211 28 52 1
6 791 506 668 211 28 52 1
6 791 507 666 211 29 52 1
6 791 508 666 213 29 51 1
6 791 509 664 213 29 51 1
6 791 510 663 213 28 51 1
6 791 511 663 213 28 51 1
6 791 512 661 213 28 51 1
6 791 513 659 213 29 51 1
6 791 514 659 213 29 51 1
6 791 515 657 213 29 51 1
6 791 516 656 213 28 51 1
6 791 517 656 213 28 51 1
6 791 518 654 213 28 51 1
6 791 519 652 213 28 51 1
6 791 520 652 213 28 51 1
6 791 521 650 213 29 51 1
6 791 522 650 213 29 51 1
6 791 523 648 213 29 51 1
6 791 524 647 213 28 51 1
6 791 525 647 213 28 51 1
6 791 526 645 213 28 51 1
6 791 527 643 213 29 51 1
6 791 528 643 213 29 51 1
6 791 529 641 213 29 51 1
6 791 530 640 213 28 51 1
6 791 531 640 213 28 51 1
6 791 532 638 213 28 51 1
6 791 533 638 213 28 51 1
6 791 534 636 213 28 51 1
6 791 535 634 213 29 51 1
6 791 536 634 213 29 51 1
6 791 537 632 213 29 51 1
6 791 538 632 213 29 51 1
6 791 539 631 213 28 51 1
6 791 540 629 213 28 51 1
6 791 541 629 213 28 51 1
6 791 542 627 213 29 51 1
6 791 543 627 213 29 51 1
6 791 544 625 213 29 51 1
6 791 545 624 213 28 51 1
6 791 546 624 213 28 51 1
6 791 547 622 213 28 51 1
6 791 548 622 213 28 51 1
6 791 549 620 213 28 51 1
6 791 550 618 213 29 51 1
6 791 551 618 213 29 51 1
6 791 552 616 213 29 51 1
6 791 553 616 213 29 51 1
6 791 554 615 213 28 51 1
6 791 555 613 213 28 51 1
6 791 556 613 213 28 51 1
6 791 557 611 213 29 51 1
6 791 558 611 213 29 51 1
6 791 559 609 213 29 51 1
6 791 560 609 215 29 51 1
6 791 561 608 215 28 51 1
6 791 562 606 215 28 51 1
6 791 563 606 215 28 51 1
6 791 564 604 215 28 51 1
6 791 565 604 215 28 51 1
6 791 566 602 215 29 51 1
6 791 567 600 215 29 51 1
6 791 568 600 215 29 51 1
6 791 569 599 215 28 51 1
6 791 570 599 215 28 51 1
6 791 571 597 215 28 51 1
6 791 572 595 215 29 51 1
6 791 573 595 215 29 51 1
6 791 574 593 215 29 51 1
6 791 575 593 215 29 51 1
6 791 576 592 215 28 51 1
6 791 577 590 215 28 51 1
6 791 578 590 215 28 51 1
6 791 579 588 215 28 51 1
6 791 580 588 215 28 51 1
6 791 581 586 215 29 51 1
6 791 582 584 215 29 51 1
6 791 583 584 215 29 51 1
6 791 584 583 215 28 51 1
6 791 585 583 215 28 51 1
6 791 586 581 215 28 51 1
6 791 587 579 215 29 51 1
6 791 588 579 215 29 51 1
6 791 589 577 215 29 51 1
6 791 590 577 215 29 51 1
6 791 591 576 215 28 51 1
6 791 592 574 215 28 51 1
6 791 593 574 215 28 51 1
6 791 594 572 215 28 51 1
6 791 595 572 215 28 51 1
6 791 596 570 215 29 51 1
6 791 597 568 215 29 51 1
6 791 598 568 215 29 51 1
6 791 599 567 215 28 51 1
6 791 600 567 216 28 52 1
6 791 601 565 216 28 52 1
6 791 602 563 216 29 52 1
6 791 603 561 216 29 52 1
6 791 604 561 216 29 52 1
6 791 605 560 216 28 52 1
6 791 606 558 216 28 52 1
6 791 607 558 216 28 52 1
6 791 608 556 216 28 52 1
6 791 609 554 216 29 52 1
6 791 610 554 216 29 52 1
6 791 611 552 216 29 52 1
6 791 612 551 216 28 52 1
6 791 613 551 216 26 52 1
6 791 614 549 216 28 52 1
6 791 615 547 216 29 52 1
6 791 616 547 216 27 52 1
6 791 617 545 216 29 52 1
6 791 618 544 216 28 52 1
6 791 619 544 216 26 52 1
6 791 620 542 216 28 52 1
6 791 621 540 216 28 52 1
6 791 622 540 216 27 52 1
6 791 623 538 216 27 52 1
6 791 624 536 216 29 52 1
6 791 625 535 216 28 52 1
6 791 626 535 216 26 52 1
6 791 627 533 216 28 52 1
6 791 628 531 218 29 50 1
6 791 629 531 218 27 50 1
6 791 630 529 218 29 50 1
6 791 631 528 218 28 50 1
6 791 632 528 218 26 50 1
6 791 633 526 218 26 50 1
6 791 634 524 218 28 50 1
6 791 635 524 218 27 50 1
6 791 636 522 218 27 50 1
6 791 637 520 218 29 50 1
6 791 638 520 218 27 50 1
6 791 639 519 218 26 50 1
6 791 640 517 218 28 50 1
6 791 641 517 218 27 50 1
6 791 642 515 218 27 50 1
6 791 643 513 218 27 50 1
6 791 644 513 218 27 50 1
6 791 645 512 218 26 50 1
6 791 646 510 218 26 50 1
6 791 647 508 218 28 50 1
6 791 648 508 218 27 50 1
6 791 649 506 218 27 50 1
6 791 650 504 218 29 50 1
6 791 651 504 218 27 50 1
6 791 652 503 218 26 50 1
6 791 653 501 218 27 50 1
6 791 654 501 218 27 50 1
6 791 655 499 220 27 50 1
6 791 656 497 220 27 50 1
6 791 657 497 220 27 50 1
6 791 658 496 220 26 50 1
6 791 659 494 220 26 50 1
6 791 660 494 220 26 50 1
6 791 661 492 220 27 50 1
6 791 662 490 220 27 50 1
6 791 663 490 220 25 50 1
6 791 664 488 220 27 50 1
6 791 665 487 220 26 50 1
6 791 666 487 220 25 50 1
6 791 667 485 220 27 50 1
6 791 668 483 220 27 50 1
6 791 669 481 220 27 50 1
6 791 670 481 220 27 50 1
6 791 671 480 220 26 50 1
6 791 672 478 220 26 50 1
6 791 673 478 220 25 50 1
6 791 674 476 220 27 50 1
6 791 675 474 220 27 50 1
6 791 676 474 220 25 50 1
6 791 677 472 220 27 50 1
6 791 678 471 220 26 50 1
6 791 679 471 220 25 50 1
6 791 680 469 220 27 50 1
6 791 681 467 220 27 50 1
6 791 682 467 220 25 50 1
6 791 683 465 222 25 48 1
6 791 684 464 222 26 48 1
6 791 685 464 222 24 48 1
6 791 686 462 222 25 48 1
6 791 687 460 222 27 48 1
6 791 688 460 222 25 48 1
6 791 689 458 222 25 48 1
6 791 690 456 222 27 48 1
6 791 691 455 222 26 48 1
6 791 692 455 222 25 48 1
6 791 693 453 222 25 48 1
6 791 694 451 222 27 48 1
6 791 695 451 222 25 48 1
6 791 696 449 222 25 48 1
6 791 697 448 222 26 48 1
6 791 698 448 222 24 48 1
6 791 699 446 222 25 48 1
6 791 700 444 222 27 48 1
6 791 701 444 222 25 48 1
6 791 702 442 222 25 48 1
6 791 703 440 222 25 48 1
6 791 704 440 222 25 48 1
6 791 705 439 222 25 48 1
6 791 706 437 222 25 48 1
6 791 707 437 222 25 48 1
6 791 708 435 222 25 48 1
6 791 709 433 222 25 48 1
6 791 710 433 224 25 48 1
6 791 711 432 224 24 48 1
6 791 712 432 224 24 48 1
6 791 713 430 224 25 48 1
6 791 714 430 224 25 48 1
6 791 715 428 224 25 48 1
6 791 716 428 224 25 49 1
6 791 717 426 225 25 48 1
6 791 718 426 225 25 48 1
6 791 719 424 225 25 48 1
6 791 720 424 225 25 48 1
6 791 721 423 225 25 50 1
6 791 722 423 225 25 50 1
6 791 723 421 225 25 50 1
6 791 724 421 227 25 48 1
6 791 725 419 227 25 48 1
6 791 726 419 227 25 50 1
6 791 727 417 227 25 50 1
6 791 728 417 227 25 50 1
6 791 729 416 227 24 50 1
6 791 730 416 227 24 50 1
6 791 731 414 229 25 50 1
6 791 732 414 229 25 50 1
6 791 733 412 229 25 50 1
6 791 734 412 229 25 50 1
6 791 735 410 229 27 50 1
6 791 736 410 229 25 51 1
6 791 737 408 229 27 51 1
6 791 738 408 231 25 49 1
6 791 739 407 231 26 49 1
6 791 740 407 231 25 49 1
6 791 741 405 231 27 51 1
6 791 742 405 231 25 51 1
6 791 743 403 231 27 51 1
6 791 744 403 231 25 51 1
6 791 745 401 232 27 50 1
6 791 746 401 232 25 52 1
6 791 747 400 232 26 52 1
6 791 748 400 232 24 52 1
6 791 749 400 232 24 52 1
6 791 750 398 232 25 52 1
6 791 751 398 232 25 54 1
6 791 752 396 234 25 52 1
6 791 753 396 234 25 52 1
6 791 754 394 234 25 52 1
6 791 755 394 234 25 52 1
6 791 756 392 234 25 54 1
6 791 757 392 234 25 54 1
6 791 758 391 234 26 54 1
6 791 759 391 236 25 52 1
6 791 760 389 236 27 52 1
6 791 761 389 236 25 53 1
6 791 762 387 236 27 53 1
6 791 763 387 236 25 53 1
6 791 764 385 236 27 53 1
6 791 765 385 236 25 53 1
6 791 766 384 238 26 53 1
6 791 767 384 238 24 53 1
6 791 768 382 238 26 53 1
6 791 769 382 238 25 53 1
6 791 770 380 238 27 53 1
6 791 771 380 238 25 53 1
6 791 772 378 240 27 53 1
6 791 773 378 240 25 53 1
6 791 774 376 240 27 53 1
6 791 775 376 240 25 53 1
6 791 776 375 240 26 53 1
6 791 777 375 240 25 55 1
6 791 778 373 240 27 55 1
6 791 779 373 241 25 54 1
6 791 780 371 241 27 54 1
6 791 781 371 241 27 54 1
6 791 782 369 241 27 55 1
6 791 783 369 241 27 55 1
6 791 784 368 241 26 55 1
6 791 785 368 241 26 55 1
6 791 786 366 243 26 53 1
6 791 787 366 243 26 55 1
6 791 788 366 243 25 55 1
6 791 789 364 243 27 55 1
6 791 790 364 243 25 55 1
6 791 791 362 243 27 55 1
6 791 792 362 243 25 57 1
6 791 793 360 245 27 55 1
6 791 794 360 245 25 55 1
6 791 795 359 245 26 55 1
6 791 796 359 245 25 55 1
6 791 797 357 245 27 57 1
6 791 798 357 245 25 57 1
6 791 799 355 245 27 57 1
6 791 800 355 247 25 55 1
6 791 801 353 247 27 55 1
6 791 802 353 247 25 57 1
6 791 803 352 247 26 57 1
6 791 804 352 247 26 57 1
6 791 805 350 247 26 57 1
6 791 806 350 247 26 57 1
6 791 807 348 248 27 57 1
6 791 808 348 248 27 57 1
6 791 809 346 248 27 57 1
6 791 810 346 248 27 57 1
6 791 811 344 248 27 57 1
6 791 812 344 248 27 59 1
6 791 813 343 248 26 59 1
6 791 814 343 250 26 57 1
6 791 815 341 250 27 57 1
6 791 816 341 250 27 57 1
6 791 817 339 250 27 59 1
6 791 818 339 250 27 59 1
6 791 819 337 250 27 59 1
6 791 820 337 250 27 59 1
6 791 821 336 252 26 57 1
6 791 822 336 252 26 59 1
6 791 823 334 252 26 59 1
6 791 824 334 252 26 59 1
6 791 825 332 252 27 59 1
6 791 826 332 252 27 59 1
6 791 827 332 254 27 58 1
6 791 828 330 254 27 58 1
6 791 829 330 254 27 58 1
6 791 830 328 254 27 58 1
6 791 831 328 254 27 58 1
6 791 832 327 254 28 60 1
6 791 833 327 256 26 58 1
6 791 834 327 256 26 58 1
6 791 835 325 256 27 58 1
6 791 836 325 256 27 60 1
6 791 837 323 256 29 60 1
6 791 838 323 256 27 60 1
6 791 839 323 257 27 59 1
6 791 840 321 257 27 59 1
6 791 841 321 257 27 61 1
6 791 842 320 257 28 61 1
6 791 843 320 257 26 61 1
6 791 844 318 257 28 61 1
6 791 845 318 259 26 61 1
6 791 846 318 259 26 61 1
6 791 847 316 259 28 61 1
6 791 848 316 259 27 61 1
6 791 849 314 259 29 61 1
6 791 850 314 259 27 62 1
6 791 851 314 261 27 60 1
6 791 852 312 261 29 60 1
6 791 853 312 261 27 60 1
6 791 854 311 261 28 62 1
6 791 855 311 261 26 62 1
6 791 856 309 261 28 62 1
6 791 857 309 263 28 60 1
6 791 858 309 263 27 62 1
6 791 859 307 263 29 62 1
6 791 860 307 263 27 62 1
6 791 861 305 263 29 62 1
6 791 862 305 263 29 62 1
6 791 863 305 264 27 63 1
6 791 864 304 264 28 63 1
6 791 865 304 264 26 63 1
6 791 866 302 264 28 63 1
6 791 867 302 264 28 64 1
6 791 868 300 264 28 64 1
6 791 869 300 266 28 62 1
6 791 870 300 266 27 62 1
6 791 871 298 266 29 62 1
6 791 872 298 266 29 64 1
6 791 873 296 266 29 64 1
6 791 874 296 266 29 64 1
6 791 875 296 268 27 62 1
6 791 876 295 268 28 64 1
6 791 877 295 268 28 64 1
6 791 878 293 268 28 64 1
6 791 879 293 268 28 64 1
6 791 880 293 270 28 64 1
6 791 881 291 270 29 64 1
6 791 882 289 270 29 64 1
6 791 883 289 270 29 64 1
6 791 884 288 270 28 66 1
6 791 885 286 272 28 64 1
6 791 886 286 272 28 64 1
6 791 887 284 272 28 64 1
6 791 888 282 272 29 65 1
6 791 889 282 272 29 65 1
6 791 890 280 273 29 64 1
6 791 891 279 273 28 64 1
6 791 892 279 273 28 66 1
6 791 893 277 273 28 66 1
6 791 894 275 273 29 66 1
6 791 895 275 275 29 64 1
6 791 896 273 275 29 66 1
6 791 897 272 275 28 66 1
6 791 898 272 275 28 66 1
6 791 899 270 275 28 66 1
6 791 900 270 277 28 66 1
6 791 901 268 277 28 66 1
6 791 902 266 277 29 66 1
6 791 903 266 279 29 64 1
6 791 904 264 279 29 64 1
6 791 905 264 280 29 64 1
6 791 906 263 280 28 64 1
6 791 907 263 280 28 64 1
6 791 908 261 282 28 62 1
6 791 909 259 282 30 64 1
6 791 910 259 284 29 62 1
6 791 911 257 284 31 62 1
6 791 912 257 284 29 62 1
6 791 913 256 286 30 62 1
6 791 914 256 286 28 62 1
6 791 915 254 288 30 60 1
6 791 916 254 288 28 60 1
6 791 917 252 288 30 62 1
6 791 918 250 289 30 61 1
6 791 919 250 289 30 61 1
6 791 920 248 291 31 59 1
6 791 921 248 291 31 61 1
6 791 922 247 291 30 61 1
6 791 923 247 293 30 59 1
6 791 924 245 293 30 59 1
6 791 925 245 295 30 58 1
6 791 926 243 295 30 58 1
6 791 927 243 295 30 58 1
6 791 928 241 295 31 58 1
6 791 929 241 295 31 60 1
6 791 930 240 296 30 59 1
6 791 931 240 296 30 59 1
6 791 932 238 296 30 59 1
6 791 933 238 296 30 61 1
6 791 934 236 296 30 61 1
6 791 935 236 298 30 59 1
6 791 936 234 298 30 61 1
6 791 937 234 298 30 61 1
6 791 938 232 298 31 61 1
6 791 939 232 298 31 61 1
6 791 940 231 300 30 60 1
6 791 941 231 300 30 60 1
6 791 942 231 300 30 60 1
6 791 943 229 300 30 62 1
6 791 944 229 300 30 62 1
6 791 945 227 302 30 60 1
6 791 946 227 302 30 60 1
6 791 947 225 302 31 62 1
6 791 948 225 302 31 62 1
6 791 949 224 302 30 62 1
6 791 950 224 304 30 60 1
6 791 951 222 304 30 62 1
6 791 952 222 304 30 62 1
6 791 953 220 304 30 62 1
6 791 954 220 304 30 64 1
6 791 955 218 305 30 63 1
6 791 956 218 305 30 63 1
6 791 957 216 305 31 63 1
6 791 958 216 305 31 64 1
6 791 959 216 307 31 62 1
6 791 960 215 307 30 62 1
6 791 961 215 307 30 64 1
6 791 962 213 307 30 64 1
6 791 963 213 307 30 64 1
6 791 964 211 309 30 62 1
6 791 965 211 309 30 64 1
6 791 966 209 309 31 64 1
6 791 967 209 309 31 64 1
6 791 968 208 309 30 66 1
6 791 969 208 311 30 64 1
6 791 970 206 311 30 64 1
6 791 971 206 311 30 64 1
6 791 972 204 311 30 65 1
6 791 973 204 311 30 65 1
6 791 974 202 312 30 64 1
6 791 975 202 312 30 64 1
6 791 976 202 312 30 66 1
6 791 977 200 312 31 66 1
6 791 978 200 312 31 66 1
6 791 979 199 314 30 66 1
6 791 980 199 314 30 66 1
6 791 981 197 314 30 66 1
6 791 982 197 314 30 66 1
6 791 983 195 314 30 68 1
6 791 984 195 316 30 66 1
6 791 985 193 316 31 66 1
6 791 986 193 316 31 68 1
6 791 987 192 316 30 68 1
6 791 988 192 316 30 68 1
6 791 989 190 318 30 66 1
6 791 990 190 318 30 67 1
6 791 991 188 318 30 67 1
6 791 992 188 318 30 67 1
6 791 993 188 320 30 67 1
6 791 994 186 320 30 67 1
6 791 995 184 320 31 67 1
6 791 996 184 320 29 67 1
6 791 997 183 321 30 68 1
6 791 998 181 321 30 68 1
6 791 999 181 321 28 68 1
6 791 1000 179 323 30 68 1
6 791 1001 177 323 31 68 1
6 791 1002 177 323 29 68 1
6 791 1003 176 323 30 69 1
6 791 1004 174 325 30 67 1
6 791 1005 174 325 28 67 1
6 791 1006 172 325 30 69 1
6 791 1007 172 327 28 67 1
6 791 1008 170 327 29 67 1
6 791 1009 168 327 31 69 1
6 791 1010 168 327 29 69 1
6 791 1011 167 328 28 68 1
6 791 1012 165 328 30 70 1
6 791 1013 165 328 28 70 1
6 791 1014 163 330 29 68 1
6 791 1015 161 330 31 70 1
6 791 1016 161 330 29 70 1
6 791 1017 160 330 28 70 1
6 791 1018 158 332 30 69 1
6 791 1019 158 332 28 69 1
6 791 1020 156 332 28 69 1
6 791 1021 156 334 28 69 1
6 791 1022 154 334 29 69 1
6 791 1023 154 334 29 69 1
6 791 1024 152 334 29 69 1
6 791 1025 152 336 29 69 1
6 791 1026 151 336 28 69 1
6 791 1027 151 336 28 69 1
6 791 1028 151 336 26 71 1
6 791 1029 149 337 28 70 1
6 791 1030 149 337 28 70 1
6 791 1031 147 337 29 71 1
6 791 1032 147 337 29 71 1
6 791 1033 147 339 27 69 1
6 791 1034 145 339 29 71 1
6 791 1035 145 339 27 71 1
6 791 1036 144 341 28 69 1
6 791 1037 144 341 28 71 1
6 791 1038 144 341 26 71 1
6 791 1039 142 341 28 71 1
6 791 1040 142 343 26 71 1
6 791 1041 140 343 28 71 1
6 791 1042 140 343 27 71 1
6 791 1043 140 343 27 73 1
6 791 1044 138 344 29 72 1
6 791 1045 138 344 27 72 1
6 791 1046 136 344 29 73 1
6 791 1047 136 346 27 71 1
6 791 1048 136 346 27 71 1
6 791 1049 135 346 26 73 1
6 791 1050 135 346 26 73 1
6 791 1051 133 348 28 71 1
6 791 1052 133 348 27 73 1
6 791 1053 133 348 27 73 1
6 791 1054 131 348 27 73 1
6 791 1055 131 350 27 73 1
6 791 1056 129 350 27 73 1
6 791 1057 129 350 27 73 1
6 791 1058 129 352 27 72 1
7 209 485 1248 186 28 62 1
7 209 486 1244 186 28 62 1
7 209 487 1242 186 29 62 1
7 209 488 1240 186 29 62 1
7 209 489 1239 186 28 62 1
7 209 490 1237 188 28 62 1
7 209 491 1235 188 29 62 1
7 209 492 1233 188 29 62 1
7 209 493 1232 188 28 62 1
7 209 494 1230 188 28 62 1
7 209 495 1228 190 28 62 1
7 209 496 1226 190 29 62 1
7 209 497 1224 190 29 62 1
7 209 498 1223 190 28 62 1
7 209 499 1221 190 28 62 1
7 209 500 1219 192 29 62 1
7 209 501 1216 190 28 62 1
7 209 502 1214 190 28 62 1
7 209 503 1212 190 28 62 1
7 209 504 1210 190 29 62 1
7 209 505 1207 190 28 62 1
7 209 506 1205 190 28 62 1
7 209 507 1203 190 29 62 1
7 209 508 1201 190 29 62 1
7 209 509 1200 190 28 62 1
7 209 510 1196 190 28 62 1
7 209 511 1194 190 29 62 1
7 209 512 1192 190 29 62 1
7 209 513 1191 190 28 62 1
7 209 514 1189 190 28 62 1
7 209 515 1185 190 29 62 1
7 209 516 1184 190 28 62 1
7 209 517 1182 190 28 62 1
7 209 518 1180 190 28 62 1
7 209 519 1178 190 29 62 1
7 209 520 1176 190 29 62 1
7 209 521 1175 190 28 62 1
7 209 522 1173 190 28 62 1
7 209 523 1171 190 29 62 1
7 209 524 1169 190 29 62 1
7 209 525 1168 190 28 62 1
7 209 526 1166 190 28 62 1
7 209 527 1164 190 28 62 1
7 209 528 1162 190 29 62 1
7 209 529 1160 190 29 62 1
7 209 530 1159 190 28 62 1
7 209 531 1157 190 28 62 1
7 209 532 1155 192 29 62 1
7 209 533 1152 190 28 64 1
7 209 534 1150 190 28 64 1
7 209 535 1148 190 28 64 1
7 209 536 1146 190 29 64 1
7 209 537 1144 190 29 64 1
7 209 538 1143 190 28 64 1
7 209 539 1141 190 28 64 1
7 209 540 1139 190 29 64 1
7 209 541 1136 190 28 64 1
7 209 542 1134 190 28 64 1
7 209 543 1132 190 28 64 1
7 209 544 1130 190 29 64 1
7 209 545 1128 190 29 64 1
7 209 546 1127 190 28 64 1
7 209 547 1125 190 28 64 1
7 209 548 1123 190 29 64 1
7 209 549 1120 190 28 64 1
7 209 550 1118 190 28 64 1
7 209 551 1116 190 28 64 1
7 209 552 1114 190 29 64 1
7 209 553 1112 190 29 64 1
7 209 554 1111 190 28 64 1
7 209 555 1109 190 28 64 1
7 209 556 1107 190 29 64 1
7 209 557 1105 190 29 66 1
7 209 558 1104 188 28 66 1
7 209 559 1102 188 28 66 1
7 209 560 1100 188 28 66 1
7 209 561 1098 188 29 66 1
7 209 562 1096 188 31 66 1
7 209 563 1095 188 30 66 1
7 209 564 1093 188 30 66 1
7 209 565 1091 188 30 66 1
7 209 566 1089 188 32 66 1
7 209 567 1088 188 32 66 1
7 209 568 1088 188 30 66 1
7 209 569 1086 188 30 66 1
7 209 570 1084 188 32 66 1
7 209 571 1082 188 32 66 1
7 209 572 1080 188 32 66 1
7 209 573 1079 188 32 66 1
7 209 574 1077 188 34 66 1
7 209 575 1075 188 34 66 1
7 209 576 1073 188 34 66 1
7 209 577 1072 188 33 66 1
7 209 578 1072 188 33 66 1
7 209 579 1070 188 34 66 1
7 209 580 1068 188 34 66 1
7 209 581 1066 188 34 66 1
7 209 582 1064 188 34 66 1
7 209 583 1063 188 33 66 1
7 209 584 1061 188 34 66 1
7 209 585 1059 188 34 66 1
7 209 586 1057 188 34 66 1
7 209 587 1056 188 33 66 1
7 209 588 1056 188 33 66 1
7 209 589 1054 188 34 66 1
7 209 590 1052 188 34 66 1
7 209 591 1050 188 34 66 1
7 209 592 1048 188 34 66 1
7 209 593 1047 188 33 66 1
7 209 594 1045 188 34 66 1
7 209 595 1043 188 34 66 1
7 209 596 1041 188 34 66 1
7 209 597 1040 188 33 66 1
7 209 598 1040 190 33 66 1
7 209 599 1038 190 34 66 1
7 209 600 1036 190 34 66 1
7 209 601 1036 190 34 66 1
7 209 602 1034 190 34 66 1
7 209 603 1032 190 34 66 1
7 209 604 1032 190 34 66 1
7 209 605 1031 190 33 66 1
7 209 606 1031 190 33 66 1
7 209 607 1029 190 34 66 1
7 209 608 1027 190 34 66 1
7 209 609 1027 190 34 66 1
7 209 610 1025 190 34 66 1
7 209 611 1025 190 34 66 1
7 209 612 1024 190 33 66 1
7 209 613 1022 190 34 66 1
7 209 614 1022 190 34 66 1
7 209 615 1020 190 34 66 1
7 209 616 1020 190 34 66 1
7 209 617 1018 190 34 66 1
7 209 618 1016 190 34 66 1
7 209 619 1016 190 34 66 1
7 209 620 1015 190 33 66 1
7 209 621 1015 192 33 65 1
7 209 622 1014 192 33 65 1
7 209 623 1013 192 33 65 1
7 209 624 1012 192 33 65 1
7 209 625 1011 192 33 65 1
7 209 626 1010 192 33 65 1
7 209 627 1010 193 33 65 1
7 209 628 1009 193 33 65 1
7 209 629 1008 193 33 65 1
7 209 630 1007 193 33 65 1
7 209 631 1006 193 33 65 1
7 209 632 1005 193 33 65 1
7 209 633 1005 194 33 65 1
7 209 634 1004 194 33 65 1
7 209 635 1003 194 33 65 1
7 209 636 1002 194 33 65 1
7 209 637 1001 194 33 65 1
7 209 638 1001 195 33 65 1
7 209 639 1001 195 33 65 1
7 209 640 1002 195 33 65 1
7 209 641 1003 195 33 65 1
7 209 642 1004 195 33 65 1
7 209 643 1005 195 33 65 1
7 209 644 1006 195 33 65 1
7 209 645 1007 195 33 65 1
7 209 646 1008 195 33 65 1
7 209 647 1009 195 33 65 1
7 209 648 1010 195 33 65 1
7 209 649 1011 195 33 65 1
7 209 650 1012 195 33 65 1
7 209 651 1013 195 33 65 1
7 209 652 1014 195 33 65 1
7 209 653 1015 195 33 65 1
7 209 654 1016 195 33 65 1
7 209 655 1017 195 33 65 1
7 209 656 1018 195 33 65 1
7 209 657 1019 195 33 65 1
7 209 658 1020 196 33 65 1
7 209 659 1020 195 32 65 1
7 209 660 1020 195 32 65 1
7 209 661 1020 195 32 65 1
7 209 662 1021 195 31 65 1
7 209 663 1021 195 31 65 1
7 209 664 1021 195 31 65 1
7 209 665 1022 195 30 64 1
7 209 666 1022 195 30 64 1
7 209 667 1022 195 30 64 1
7 209 668 1023 195 29 64 1
7 209 669 1023 195 29 64 1
7 209 670 1023 195 29 64 1
7 209 671 1024 195 28 63 1
7 209 672 1024 195 28 63 1
7 209 673 1024 195 28 63 1
7 209 674 1025 195 27 63 1
7 209 675 1025 195 27 63 1
7 209 676 1025 195 27 63 1
7 209 677 1026 195 26 62 1
7 209 678 1025 194 27 62 1
7 209 679 1025 194 27 61 1
7 209 680 1025 194 27 61 1
7 209 681 1025 194 27 60 1
7 209 682 1025 194 27 60 1
7 209 683 1025 194 27 59 1
7 209 684 1025 194 27 59 1
7 209 685 1025 194 27 58 1
7 209 686 1025 194 28 58 1
7 209 687 1025 194 28 57 1
7 209 688 1025 194 28 57 1
7 209 689 1025 194 28 56 1
7 209 690 1025 194 28 56 1
7 209 691 1025 194 28 55 1
7 209 692 1025 194 28 55 1
7 209 693 1025 193 29 56 1
8 241 381 71 309 25 55 1
8 241 382 69 309 25 53 1
8 241 383 69 309 25 53 1
8 241 384 69 309 25 53 1
8 241 385 69 309 25 53 1
8 241 386 67 309 25 53 1
8 241 387 67 309 25 53 1
8 241 388 67 309 25 53 1
8 241 389 67 309 25 53 1
8 241 390 65 309 25 53 1
8 241 391 65 309 25 53 1
8 241 392 65 309 25 53 1
8 241 393 65 309 25 53 1
8 241 394 64 311 24 51 1
8 241 395 64 311 24 51 1
8 241 396 64 311 24 51 1
8 241 397 64 311 24 49 1
8 241 398 62 311 25 49 1
8 241 399 62 311 25 49 1
8 241 400 62 311 25 49 1
8 241 401 62 311 25 49 1
8 241 402 60 311 25 49 1
8 241 403 60 311 25 49 1
8 241 404 60 311 25 49 1
8 241 405 60 311 25 49 1
8 241 406 60 312 25 48 1
8 241 407 58 312 25 48 1
8 241 408 58 312 25 48 1
8 241 409 58 312 25 48 1
8 241 410 58 312 25 48 1
8 241 411 56 312 25 48 1
8 241 412 56 312 25 47 1
8 241 413 56 312 25 47 1
8 241 414 56 312 25 47 1
8 241 415 55 312 25 47 1
8 241 416 55 312 25 47 1
8 241 417 55 312 25 47 1
8 241 418 55 314 25 45 1
8 241 419 53 314 25 45 1
8 241 420 53 314 25 45 1
8 241 421 53 314 25 45 1
8 241 422 53 314 25 45 1
8 241 423 51 314 25 45 1
8 241 424 51 314 25 45 1
8 241 425 51 314 25 45 1
8 241 426 51 314 25 45 1
8 241 427 49 314 25 43 1
8 241 428 49 314 25 43 1
8 241 429 49 314 25 43 1
8 241 430 49 316 25 41 1
8 241 431 49 316 25 41 1
8 241 432 48 316 24 41 1
8 241 433 48 316 24 41 1
8 241 434 48 316 24 41 1
8 241 435 48 316 24 41 1
8 241 436 46 316 25 41 1
8 241 437 46 316 25 41 1
8 241 438 46 316 25 41 1
8 241 439 46 316 25 41 1
8 241 440 44 316 25 41 1
8 241 441 44 316 25 41 1
8 241 442 44 318 25 37 1
8 241 443 44 318 25 37 1
8 241 444 42 318 25 37 1
8 241 445 42 318 25 37 1
8 241 446 42 318 25 37 1
8 241 447 42 318 25 37 1
8 241 448 40 318 25 37 1
8 241 449 40 318 25 37 1
8 241 450 40 318 25 37 1
8 241 451 40 318 25 37 1
8 241 452 39 318 25 37 1
8 241 453 39 318 25 37 1
8 241 454 39 320 25 35 1
8 241 455 39 320 25 35 1
8 241 456 39 320 25 35 1
8 241 457 37 320 25 33 1
8 241 458 37 320 25 33 1
8 241 459 37 320 25 33 1
8 241 460 37 320 25 33 1
8 241 461 35 320 25 33 1
8 241 462 35 320 25 33 1
8 241 463 35 320 25 33 1
8 241 464 35 320 25 33 1
8 241 465 33 320 25 33 1
8 241 466 33 321 25 32 1
8 241 467 33 321 25 32 1
8 241 468 33 321 25 32 1
8 241 469 32 321 24 32 1
8 241 470 32 321 24 32 1
8 241 471 32 321 24 32 1
8 241 472 32 321 24 31 1
8 241 473 30 321 25 31 1
8 241 474 30 321 25 31 1
8 241 475 30 321 25 31 1
8 241 476 30 321 25 31 1
8 241 477 28 321 25 31 1
8 241 478 28 323 25 29 1
8 241 479 28 323 25 29 1
8 241 480 28 323 25 29 1
8 241 481 28 323 25 29 1
8 241 482 26 323 25 29 1
8 241 483 26 323 25 29 1
8 241 484 26 323 25 29 1
8 241 485 26 323 25 29 1
8 241 486 24 323 25 29 1
8 241 487 24 323 25 27 1
8 241 488 24 323 25 27 1
8 241 489 24 323 25 27 1
8 241 490 23 325 25 25 1
8 241 491 23 325 25 25 1
8 241 492 23 325 25 25 1
8 241 493 23 325 25 25 1
8 241 494 21 325 25 25 1
8 241 495 21 325 25 25 1
8 241 496 21 325 25 25 1
8 241 497 21 325 25 25 1
8 241 498 19 325 25 25 1
8 241 499 19 325 25 25 1
8 241 500 19 325 25 25 1
8 241 501 19 325 25 25 1
8 241 502 19 327 25 23 1
8 241 503 19 327 25 23 1
8 241 504 19 327 25 23 1
8 241 505 19 327 25 23 1
8 241 506 19 327 25 23 1
8 241 507 19 327 25 23 1
8 241 508 19 327 25 23 1
8 241 509 19 327 25 23 1
8 241 510 19 327 25 23 1
8 241 511 19 327 25 23 1
8 241 512 19 327 25 23 1
8 241 513 19 327 25 23 1
8 241 514 19 327 25 23 1
8 241 515 19 327 25 23 1
8 241 516 19 327 25 23 1
8 241 517 19 327 25 23 1
8 241 518 19 327 25 23 1
8 241 519 19 327 25 23 1
8 241 520 19 327 25 23 1
8 241 521 19 327 25 23 1
8 241 522 19 327 25 23 1
8 241 523 19 327 25 23 1
8 241 524 19 327 25 23 1
8 241 525 19 327 25 23 1
8 241 526 19 327 25 23 1
8 241 527 19 327 25 23 1
8 241 528 19 327 25 23 1
8 241 529 19 327 25 23 1
8 241 530 19 327 25 23 1
8 241 531 19 327 25 23 1
8 241 532 19 327 25 23 1
8 241 533 19 327 25 23 1
8 241 534 19 327 25 23 1
8 241 535 19 327 25 23 1
8 241 536 19 327 25 23 1
8 241 537 19 327 25 23 1
8 241 538 19 327 25 23 1
8 241 539 19 327 25 23 1
8 241 540 19 327 25 23 1
8 241 541 19 327 25 23 1
8 241 542 19 327 25 23 1
8 241 543 19 327 25 23 1
8 241 544 19 327 25 23 1
8 241 545 19 327 25 23 1
8 241 546 19 327 25 23 1
8 241 547 19 327 25 23 1
8 241 548 19 327 25 23 1
8 241 549 19 327 25 23 1
8 241 550 19 327 25 23 1
8 241 551 19 327 25 23 1
8 241 552 19 327 25 23 1
8 241 553 19 327 25 23 1
8 241 554 19 327 25 23 1
8 241 555 19 327 25 23 1
8 241 556 19 327 25 23 1
8 241 557 19 327 25 23 1
8 241 558 19 327 25 23 1
8 241 559 19 327 25 23 1
8 241 560 19 327 25 23 1
8 241 561 19 327 25 23 1
8 241 562 19 327 25 23 1
8 241 563 19 327 25 23 1
8 241 564 19 327 25 23 1
8 241 565 19 327 25 23 1
8 241 566 19 327 25 23 1
8 241 567 19 327 25 23 1
8 241 568 19 327 25 23 1
8 241 569 19 327 25 23 1
8 241 570 19 327 25 23 1
8 241 571 19 327 25 23 1
8 241 572 19 327 25 23 1
8 241 573 19 327 25 23 1
8 241 574 19 327 25 23 1
8 241 575 19 327 25 23 1
8 241 576 19 327 25 23 1
8 241 577 19 327 25 23 1
8 241 578 19 327 25 23 1
8 241 579 19 327 25 23 1
8 241 580 19 327 25 23 1
8 241 581 19 327 25 23 1
8 241 582 19 327 25 23 1
8 241 583 19 327 25 23 1
8 241 584 19 327 25 23 1
8 241 585 19 327 25 23 1
8 241 586 19 327 25 23 1
8 241 587 19 327 25 23 1
8 241 588 19 327 25 23 1
8 241 589 19 327 25 23 1
8 241 590 19 327 25 23 1
8 241 591 19 327 25 23 1
8 241 592 19 327 25 23 1
8 241 593 19 327 25 23 1
8 241 594 19 327 25 23 1
8 241 595 19 327 25 23 1
8 241 596 19 327 25 23 1
8 241 597 19 327 25 23 1
8 241 598 19 327 25 23 1
8 241 599 19 327 25 23 1
8 241 600 19 327 25 23 1
8 241 601 19 327 25 23 1
8 241 602 19 327 25 23 1
8 241 603 19 327 25 23 1
8 241 604 19 327 25 23 1
8 241 605 19 327 25 23 1
8 241 606 19 327 25 23 1
8 241 607 19 327 25 23 1
8 241 608 19 327 25 23 1
8 241 609 19 327 25 23 1
8 241 610 19 327 25 23 1
8 241 611 19 327 25 23 1
8 241 612 19 327 25 23 1
8 241 613 19 327 25 23 1
8 241 614 19 327 25 23 1
8 241 615 19 327 25 23 1
8 241 616 19 327 25 23 1
8 241 617 19 327 25 23 1
8 241 618 19 327 25 23 1
8 241 619 19 327 25 23 1
8 241 620 19 327 25 23 1
8 241 621 19 327 25 23 1
9 71 0 1076 196 42 60 1
9 71 1 1078 196 42 60 1
9 71 2 1080 196 42 60 1
9 71 3 1083 196 42 60 1
9 71 4 1085 196 42 60 1
9 71 5 1087 196 42 60 1
9 71 6 1090 196 42 60 1
9 71 7 1092 196 42 60 1
9 71 8 1094 196 42 60 1
9 71 9 1097 196 42 60 1
9 71 10 1099 196 42 60 1
9 71 11 1101 196 42 60 1
9 71 12 1104 196 42 60 1
9 71 13 1106 196 42 60 1
9 71 14 1109 196 42 60 1
9 71 15 1111 196 42 60 1
9 71 16 1113 196 42 60 1
9 71 17 1116 196 42 60 1
9 71 18 1118 196 42 60 1
9 71 19 1120 196 42 60 1
9 71 20 1123 196 42 60 1
9 71 21 1125 196 42 60 1
9 71 22 1127 196 42 60 1
9 71 23 1130 196 42 60 1
9 71 24 1132 196 42 60 1
9 71 25 1135 196 42 60 1
9 71 26 1137 195 42 60 1
9 71 27 1139 195 42 60 1
9 71 28 1141 195 42 60 1
9 71 29 1143 195 42 60 1
9 71 30 1146 195 42 60 1
9 71 31 1148 195 42 60 1
9 71 32 1150 195 42 60 1
9 71 33 1152 195 42 60 1
9 71 34 1155 195 42 60 1
9 71 35 1157 194 42 60 1
9 71 36 1159 194 42 60 1
9 71 37 1161 194 42 60 1
9 71 38 1164 194 42 60 1
9 71 39 1166 194 42 60 1
9 71 40 1168 194 42 60 1
9 71 41 1170 194 42 60 1
9 71 42 1173 194 42 60 1
9 71 43 1175 194 42 60 1
9 71 44 1177 193 42 60 1
9 71 45 1179 193 42 60 1
9 71 46 1182 193 42 60 1
9 71 47 1184 193 42 60 1
9 71 48 1186 193 42 60 1
9 71 49 1188 193 42 60 1
9 71 50 1191 193 42 60 1
9 71 51 1193 193 42 60 1
9 71 52 1195 193 42 60 1
9 71 53 1197 192 42 60 1
9 71 54 1200 192 42 60 1
9 71 55 1202 192 42 60 1
9 71 56 1204 192 42 60 1
9 71 57 1206 192 42 60 1
9 71 58 1209 192 42 60 1
9 71 59 1211 192 42 60 1
9 71 60 1213 192 42 60 1
9 71 61 1215 192 42 60 1
9 71 62 1218 191 42 60 1
9 71 63 1220 191 42 60 1
9 71 64 1222 191 42 60 1
9 71 65 1224 191 42 60 1
9 71 66 1227 191 42 60 1
9 71 67 1229 191 42 60 1
9 71 68 1231 191 42 60 1
9 71 69 1233 191 42 60 1
9 71 70 1236 191 42 60 1
