0 531 0 261 240 27 56 1
0 531 1 261 240 27 56 1
0 531 2 261 240 27 56 1
0 531 3 261 240 27 56 1
0 531 4 261 240 27 56 1
0 531 5 261 240 27 56 1
0 531 6 261 240 27 56 1
0 531 7 261 240 27 56 1
0 531 8 261 240 27 56 1
0 531 9 261 240 27 56 1
0 531 10 261 240 27 56 1
0 531 11 261 240 27 56 1
0 531 12 261 240 27 56 1
0 531 13 261 240 27 56 1
0 531 14 261 240 27 56 1
0 531 15 261 240 27 56 1
0 531 16 261 240 27 56 1
0 531 17 261 240 27 56 1
0 531 18 261 240 27 56 1
0 531 19 261 240 27 56 1
0 531 20 261 240 27 56 1
0 531 21 261 240 27 56 1
0 531 22 261 240 27 56 1
0 531 23 261 240 27 56 1
0 531 24 261 240 27 56 1
0 531 25 263 240 26 56 1
0 531 26 263 240 26 56 1
0 531 27 263 240 26 56 1
0 531 28 263 240 26 56 1
0 531 29 263 240 26 56 1
0 531 30 263 240 26 56 1
0 531 31 263 240 26 56 1
0 531 32 263 240 26 56 1
0 531 33 263 240 26 56 1
0 531 34 263 240 26 56 1
0 531 35 263 240 26 56 1
0 531 36 263 240 26 56 1
0 531 37 263 240 26 56 1
0 531 38 263 240 26 56 1
0 531 39 263 240 26 56 1
0 531 40 263 240 26 56 1
0 531 41 263 240 26 56 1
0 531 42 263 240 26 56 1
0 531 43 263 240 26 56 1
0 531 44 263 240 26 56 1
0 531 45 263 240 26 56 1
0 531 46 263 240 26 56 1
0 531 47 263 240 26 56 1
0 531 48 263 240 26 56 1
0 531 49 263 240 26 56 1
0 531 50 264 240 27 56 1
0 531 51 264 240 27 56 1
0 531 52 264 240 27 56 1
0 531 53 264 240 27 56 1
0 531 54 264 240 27 56 1
0 531 55 264 240 27 56 1
0 531 56 264 240 27 56 1
0 531 57 264 240 27 56 1
0 531 58 264 240 27 56 1
0 531 59 264 240 27 56 1
0 531 60 264 240 27 56 1
0 531 61 264 240 27 56 1
0 531 62 264 240 27 56 1
0 531 63 264 240 27 56 1
0 531 64 264 240 27 56 1
0 531 65 266 240 27 56 1
0 531 66 266 240 27 56 1
0 531 67 266 240 27 56 1
0 531 68 266 240 27 56 1
0 531 69 266 240 27 56 1
0 531 70 266 240 27 56 1
0 531 71 266 240 27 56 1
0 531 72 266 240 27 56 1
0 531 73 266 240 27 56 1
0 531 74 266 240 27 56 1
0 531 75 266 240 27 56 1
0 531 76 266 240 27 56 1
0 531 77 266 240 27 56 1
0 531 78 266 240 27 56 1
0 531 79 266 240 27 56 1
0 531 80 268 240 27 56 1
0 531 81 268 240 27 56 1
0 531 82 268 240 27 56 1
0 531 83 268 240 27 56 1
0 531 84 268 240 27 56 1
0 531 85 268 240 27 56 1
0 531 86 268 240 27 56 1
0 531 87 268 240 27 56 1
0 531 88 268 240 27 56 1
0 531 89 268 240 27 56 1
0 531 90 268 240 27 56 1
0 531 91 268 240 27 56 1
0 531 92 268 240 27 56 1
0 531 93 268 240 27 56 1
0 531 94 268 240 27 56 1
0 531 95 270 240 26 56 1
0 531 96 270 240 26 56 1
0 531 97 270 240 26 56 1
0 531 98 270 240 26 56 1
0 531 99 270 240 26 56 1
0 531 100 270 240 26 56 1
0 531 101 270 240 26 56 1
0 531 102 270 240 26 56 1
0 531 103 270 240 26 56 1
0 531 104 270 240 26 56 1
0 531 105 270 240 26 56 1
0 531 106 270 240 26 56 1
0 531 107 270 240 26 56 1
0 531 108 270 240 26 56 1
0 531 109 270 240 26 56 1
0 531 110 272 240 26 56 1
0 531 111 272 240 26 56 1
0 531 112 272 240 26 56 1
0 531 113 272 240 26 56 1
0 531 114 272 240 26 56 1
0 531 115 272 240 26 56 1
0 531 116 272 240 26 56 1
0 531 117 272 240 26 56 1
0 531 118 272 240 26 56 1
0 531 119 272 240 26 56 1
0 531 120 272 240 26 56 1
0 531 121 272 240 26 56 1
0 531 122 272 240 26 56 1
0 531 123 272 240 26 56 1
0 531 124 273 240 27 56 1
0 531 125 273 240 27 56 1
0 531 126 273 240 27 56 1
0 531 127 273 240 27 56 1
0 531 128 273 240 27 56 1
0 531 129 273 240 27 56 1
0 531 130 273 241 27 57 1
0 531 131 273 241 27 57 1
0 531 132 273 241 27 57 1
0 531 133 273 241 27 57 1
0 531 134 273 241 27 57 1
0 531 135 273 241 27 57 1
0 531 136 273 241 27 57 1
0 531 137 275 241 27 57 1
0 531 138 275 241 27 57 1
0 531 139 275 241 27 57 1
0 531 140 275 241 27 57 1
0 531 141 275 241 27 57 1
0 531 142 275 241 27 57 1
0 531 143 275 241 27 57 1
0 531 144 275 241 27 57 1
0 531 145 275 241 27 57 1
0 531 146 275 241 27 57 1
0 531 147 275 241 27 57 1
0 531 148 275 241 27 57 1
0 531 149 275 241 27 57 1
0 531 150 277 243 27 57 1
0 531 151 277 243 27 57 1
0 531 152 277 243 27 57 1
0 531 153 277 243 27 57 1
0 531 154 277 243 27 57 1
0 531 155 277 243 27 57 1
0 531 156 279 243 26 57 1
0 531 157 279 243 26 57 1
0 531 158 279 243 26 57 1
0 531 159 279 243 26 57 1
0 531 160 279 243 26 57 1
0 531 161 279 243 26 57 1
0 531 162 280 243 27 57 1
0 531 163 280 245 27 57 1
0 531 164 280 245 27 57 1
0 531 165 280 245 27 57 1
0 531 166 280 245 27 57 1
0 531 167 282 245 27 57 1
0 531 168 282 245 27 57 1
0 531 169 282 245 27 57 1
0 531 170 282 245 27 57 1
0 531 171 282 245 27 57 1
0 531 172 282 245 27 57 1
0 531 173 284 245 27 57 1
0 531 174 284 245 27 57 1
0 531 175 284 247 27 57 1
0 531 176 284 247 27 57 1
0 531 177 284 247 27 57 1
0 531 178 286 247 26 57 1
0 531 179 286 247 26 57 1
0 531 180 286 247 26 57 1
0 531 181 286 247 26 57 1
0 531 182 286 247 26 57 1
0 531 183 286 247 26 57 1
0 531 184 288 247 26 57 1
0 531 185 288 247 26 57 1
0 531 186 288 247 26 57 1
0 531 187 288 247 26 57 1
0 531 188 288 248 26 57 1
0 531 189 289 248 27 57 1
0 531 190 289 248 27 57 1
0 531 191 289 248 27 57 1
0 531 192 289 248 27 57 1
0 531 193 289 248 27 57 1
0 531 194 289 248 27 57 1
0 531 195 291 248 27 57 1
0 531 196 291 248 27 57 1
0 531 197 291 248 27 57 1
0 531 198 291 248 27 57 1
0 531 199 291 248 27 57 1
0 531 200 293 250 27 57 1
0 531 201 293 250 27 57 1
0 531 202 293 250 27 57 1
0 531 203 293 250 27 57 1
0 531 204 293 250 27 57 1
0 531 205 293 250 27 57 1
0 531 206 293 250 27 57 1
0 531 207 293 250 27 57 1
0 531 208 293 250 27 57 1
0 531 209 293 250 27 57 1
0 531 210 295 250 26 57 1
0 531 211 295 250 26 57 1
0 531 212 295 250 26 57 1
0 531 213 295 250 26 57 1
0 531 214 295 250 26 57 1
0 531 215 295 250 26 57 1
0 531 216 295 250 26 57 1
0 531 217 295 250 26 57 1
0 531 218 295 250 26 57 1
0 531 219 295 250 26 57 1
0 531 220 296 250 27 57 1
0 531 221 296 250 27 57 1
0 531 222 296 250 27 57 1
0 531 223 296 250 27 57 1
0 531 224 296 250 27 57 1
0 531 225 296 252 27 57 1
0 531 226 296 252 27 57 1
0 531 227 296 252 27 57 1
0 531 228 296 252 27 57 1
0 531 229 296 252 27 57 1
0 531 230 298 252 27 57 1
0 531 231 298 252 27 57 1
0 531 232 298 252 27 57 1
0 531 233 298 252 27 57 1
0 531 234 298 252 27 57 1
0 531 235 298 252 27 57 1
0 531 236 298 252 27 57 1
0 531 237 298 252 27 57 1
0 531 238 298 252 27 57 1
0 531 239 298 252 27 57 1
0 531 240 300 252 27 57 1
0 531 241 300 252 27 57 1
0 531 242 300 252 27 57 1
0 531 243 300 252 27 57 1
0 531 244 300 252 27 57 1
0 531 245 300 252 27 57 1
0 531 246 300 252 27 57 1
0 531 247 300 252 27 57 1
0 531 248 300 252 27 57 1
0 531 249 300 252 27 57 1
0 531 250 302 254 26 57 1
0 531 251 302 254 26 57 1
0 531 252 302 254 26 57 1
0 531 253 302 254 26 57 1
0 531 254 302 254 26 57 1
0 531 255 302 254 26 57 1
0 531 256 302 254 26 57 1
0 531 257 302 254 26 57 1
0 531 258 304 254 26 57 1
0 531 259 304 254 26 57 1
0 531 260 304 254 26 57 1
0 531 261 304 254 26 57 1
0 531 262 304 254 26 57 1
0 531 263 304 254 26 57 1
0 531 264 304 254 26 57 1
0 531 265 304 254 26 57 1
0 531 266 305 254 27 57 1
0 531 267 305 254 27 57 1
0 531 268 305 254 27 57 1
0 531 269 305 254 27 57 1
0 531 270 305 254 27 57 1
0 531 271 305 254 27 57 1
0 531 272 305 254 27 57 1
0 531 273 305 254 27 57 1
0 531 274 307 254 27 57 1
0 531 275 307 254 27 57 1
0 531 276 307 254 27 57 1
0 531 277 307 254 27 57 1
0 531 278 307 254 27 57 1
0 531 279 307 254 27 57 1
0 531 280 307 254 27 57 1
0 531 281 307 254 27 57 1
0 531 282 309 254 27 57 1
0 531 283 309 254 27 57 1
0 531 284 309 254 27 57 1
0 531 285 309 254 27 57 1
0 531 286 309 254 27 57 1
0 531 287 309 254 27 57 1
0 531 288 309 254 27 57 1
0 531 289 309 254 27 57 1
0 531 290 311 256 26 56 1
0 531 291 311 256 26 56 1
0 531 292 311 256 26 56 1
0 531 293 311 256 26 56 1
0 531 294 311 256 26 56 1
0 531 295 312 256 27 56 1
0 531 296 312 256 27 56 1
0 531 297 312 256 27 56 1
0 531 298 312 256 27 56 1
0 531 299 312 256 27 56 1
0 531 300 314 256 27 56 1
0 531 301 314 256 27 56 1
0 531 302 314 256 27 56 1
0 531 303 314 256 27 56 1
0 531 304 314 256 27 56 1
0 531 305 314 256 27 56 1
0 531 306 314 256 27 56 1
0 531 307 314 256 29 56 1
0 531 308 314 256 29 58 1
0 531 309 314 257 29 57 1
0 531 310 314 257 29 57 1
0 531 311 314 257 29 57 1
0 531 312 314 257 29 57 1
0 531 313 314 257 29 57 1
0 531 314 314 257 30 57 1
0 531 315 314 257 30 57 1
0 531 316 314 257 30 59 1
0 531 317 314 257 30 59 1
0 531 318 316 259 28 57 1
0 531 319 316 259 28 57 1
0 531 320 316 259 28 57 1
0 531 321 316 259 30 57 1
0 531 322 316 259 30 57 1
0 531 323 316 259 30 57 1
0 531 324 316 259 30 59 1
0 531 325 316 259 30 59 1
0 531 326 316 259 30 59 1
0 531 327 316 261 30 57 1
0 531 328 316 261 32 57 1
0 531 329 316 261 32 57 1
0 531 330 316 261 32 57 1
0 531 331 316 261 32 57 1
0 531 332 316 261 32 59 1
0 531 333 316 261 32 59 1
0 531 334 316 261 32 59 1
0 531 335 318 263 32 57 1
0 531 336 318 263 32 57 1
0 531 337 318 263 32 57 1
0 531 338 318 263 32 57 1
0 531 339 318 263 32 58 1
0 531 340 318 263 32 58 1
0 531 341 318 263 32 58 1
0 531 342 318 263 34 58 1
0 531 343 318 263 34 58 1
0 531 344 318 264 34 57 1
0 531 345 318 264 34 57 1
0 531 346 318 264 34 57 1
0 531 347 318 264 34 59 1
0 531 348 318 264 34 59 1
0 531 349 318 264 35 59 1
0 531 350 318 264 35 59 1
0 531 351 318 264 35 59 1
0 531 352 318 264 35 59 1
0 531 353 320 266 33 57 1
0 531 354 320 266 33 57 1
0 531 355 320 266 33 59 1
0 531 356 320 266 35 59 1
0 531 357 320 266 35 59 1
0 531 358 320 266 35 59 1
0 531 359 320 266 35 59 1
0 531 360 320 266 35 59 1
0 531 361 320 266 35 59 1
0 531 362 320 268 35 57 1
0 531 363 320 268 37 59 1
0 531 364 320 268 37 59 1
0 531 365 320 268 37 59 1
0 531 366 320 268 37 59 1
0 531 367 320 268 37 59 1
0 531 368 320 268 37 59 1
0 531 369 320 268 37 59 1
0 531 370 321 270 38 58 1
0 531 371 320 270 37 58 1
0 531 372 320 270 37 58 1
0 531 373 320 270 37 58 1
0 531 374 320 270 37 58 1
0 531 375 318 270 37 58 1
0 531 376 318 270 37 58 1
0 531 377 318 270 37 58 1
0 531 378 318 270 37 60 1
0 531 379 316 270 37 60 1
0 531 380 316 270 37 60 1
0 531 381 316 270 37 60 1
0 531 382 316 270 37 60 1
0 531 383 314 270 38 60 1
0 531 384 314 270 38 60 1
0 531 385 314 270 38 60 1
0 531 386 314 270 38 62 1
0 531 387 312 270 38 62 1
0 531 388 312 270 38 62 1
0 531 389 312 270 38 62 1
0 531 390 312 270 38 62 1
0 531 391 311 270 37 62 1
0 531 392 311 270 37 62 1
0 531 393 311 270 37 62 1
0 531 394 311 270 37 64 1
0 531 395 309 270 37 64 1
0 531 396 309 270 37 64 1
0 531 397 309 270 37 64 1
0 531 398 309 270 37 64 1
0 531 399 307 270 37 64 1
0 531 400 307 270 37 64 1
0 531 401 307 270 37 64 1
0 531 402 307 272 37 64 1
0 531 403 305 272 38 64 1
0 531 404 305 272 38 64 1
0 531 405 304 272 37 64 1
0 531 406 304 272 37 65 1
0 531 407 302 272 37 65 1
0 531 408 302 272 37 65 1
0 531 409 300 272 37 67 1
0 531 410 300 273 37 66 1
0 531 411 298 273 38 66 1
0 531 412 298 273 38 68 1
0 531 413 296 273 38 68 1
0 531 414 296 273 38 68 1
0 531 415 295 273 37 70 1
0 531 416 295 273 37 70 1
0 531 417 293 273 37 70 1
0 531 418 293 275 37 69 1
0 531 419 291 275 37 69 1
0 531 420 289 275 38 69 1
0 531 421 288 275 37 69 1
0 531 422 286 275 37 69 1
0 531 423 284 275 37 69 1
0 531 424 282 275 38 69 1
0 531 425 282 275 38 69 1
0 531 426 280 275 38 69 1
0 531 427 279 275 37 69 1
0 531 428 277 275 37 69 1
0 531 429 275 275 37 69 1
0 531 430 273 275 38 69 1
0 531 431 272 275 37 69 1
0 531 432 272 275 37 69 1
0 531 433 270 275 37 69 1
0 531 434 268 275 37 69 1
0 531 435 266 275 38 69 1
0 531 436 264 275 38 69 1
0 531 437 263 275 37 69 1
0 531 438 261 275 37 69 1
0 531 439 261 275 37 69 1
0 531 440 259 275 37 69 1
0 531 441 257 275 38 69 1
0 531 442 256 275 37 69 1
0 531 443 254 275 37 69 1
0 531 444 252 275 37 69 1
0 531 445 250 275 38 69 1
0 531 446 250 275 38 69 1
0 531 447 248 275 38 69 1
0 531 448 247 275 37 69 1
0 531 449 245 275 37 69 1
0 531 450 243 275 37 69 1
0 531 451 241 275 38 69 1
0 531 452 240 275 37 69 1
0 531 453 240 275 37 69 1
0 531 454 238 275 37 69 1
0 531 455 236 275 37 69 1
0 531 456 234 275 38 69 1
0 531 457 232 275 38 69 1
0 531 458 231 275 37 69 1
0 531 459 229 275 37 69 1
0 531 460 229 275 37 69 1
0 531 461 227 275 37 69 1
0 531 462 225 275 38 69 1
0 531 463 224 275 37 69 1
0 531 464 222 275 37 69 1
0 531 465 220 275 37 69 1
0 531 466 218 275 38 69 1
0 531 467 218 275 38 69 1
0 531 468 216 275 38 69 1
0 531 469 215 275 37 69 1
0 531 470 213 275 37 69 1
0 531 471 211 275 37 69 1
0 531 472 209 275 38 69 1
0 531 473 208 275 37 69 1
0 531 474 208 275 37 69 1
0 531 475 204 275 37 68 1
0 531 476 202 275 38 66 1
0 531 477 200 275 38 64 1
0 531 478 199 275 37 62 1
0 531 479 197 275 37 61 1
0 531 480 195 275 37 61 1
0 531 481 193 275 38 59 1
0 531 482 192 275 37 57 1
0 531 483 190 275 37 55 1
0 531 484 188 275 37 53 1
0 531 485 186 275 38 53 1
0 531 486 184 275 38 52 1
0 531 487 183 275 37 50 1
0 531 488 181 275 37 48 1
0 531 489 179 275 37 46 1
0 531 490 177 277 38 44 1
0 531 491 176 277 37 43 1
0 531 492 174 277 37 43 1
0 531 493 172 277 37 43 1
0 531 494 170 277 38 43 1
0 531 495 168 277 38 43 1
0 531 496 167 277 37 43 1
0 531 497 165 277 37 43 1
0 531 498 163 277 37 43 1
0 531 499 161 277 38 43 1
0 531 500 160 277 37 43 1
0 531 501 158 277 37 43 1
0 531 502 156 277 37 43 1
0 531 503 154 277 38 43 1
0 531 504 152 277 38 43 1
0 531 505 151 277 37 43 1
0 531 506 149 277 37 43 1
0 531 507 147 277 37 43 1
0 531 508 145 277 38 43 1
0 531 509 144 277 37 43 1
0 531 510 142 279 37 41 1
0 531 511 140 279 37 39 1
0 531 512 138 279 38 39 1
0 531 513 136 279 38 39 1
0 531 514 135 279 37 39 1
0 531 515 133 279 37 39 1
0 531 516 131 279 37 39 1
0 531 517 129 279 38 39 1
0 531 518 128 279 37 39 1
0 531 519 126 279 37 39 1
0 531 520 124 279 37 39 1
0 531 521 122 279 38 39 1
0 531 522 120 279 38 39 1
0 531 523 119 279 37 39 1
0 531 524 117 279 37 39 1
0 531 525 115 279 37 39 1
0 531 526 113 279 38 39 1
0 531 527 112 279 37 39 1
0 531 528 110 279 37 39 1
0 531 529 108 279 37 39 1
0 531 530 106 280 38 38 1
1 231 300 277 227 71 48 2
1 231 301 277 227 71 48 2
1 231 302 277 227 71 48 2
1 231 303 277 227 71 48 2
1 231 304 277 227 71 48 2
1 231 305 277 227 71 48 2
1 231 306 277 227 71 48 2
1 231 307 277 227 71 48 2
1 231 308 277 227 71 48 2
1 231 309 277 227 71 48 2
1 231 310 277 227 71 48 2
1 231 311 277 227 71 48 2
1 231 312 277 227 71 48 2
1 231 313 277 227 71 48 2
1 231 314 277 227 71 48 2
1 231 315 277 227 71 48 2
1 231 316 277 227 71 48 2
1 231 317 277 227 71 48 2
1 231 318 277 227 71 48 2
1 231 319 277 227 71 48 2
1 231 320 277 227 71 48 2
1 231 321 277 227 71 48 2
1 231 322 277 227 71 48 2
1 231 323 277 227 71 48 2
1 231 324 277 227 71 48 2
1 231 325 277 227 71 48 2
1 231 326 277 227 71 48 2
1 231 327 277 227 71 48 2
1 231 328 277 227 71 48 2
1 231 329 277 227 71 48 2
1 231 330 277 227 71 48 2
1 231 331 277 227 71 48 2
1 231 332 277 227 71 48 2
1 231 333 277 227 71 48 2
1 231 334 277 227 71 48 2
1 231 335 277 227 71 48 2
1 231 336 277 227 71 48 2
1 231 337 277 227 71 48 2
1 231 338 277 227 71 48 2
1 231 339 277 227 71 48 2
1 231 340 277 227 71 48 2
1 231 341 277 227 71 48 2
1 231 342 277 227 71 48 2
1 231 343 277 227 71 48 2
1 231 344 277 227 71 48 2
1 231 345 277 227 71 48 2
1 231 346 277 227 71 48 2
1 231 347 277 227 71 48 2
1 231 348 277 227 71 48 2
1 231 349 277 227 71 48 2
1 231 350 277 227 71 48 2
1 231 351 277 227 71 48 2
1 231 352 277 227 71 48 2
1 231 353 277 227 71 48 2
1 231 354 277 227 71 48 2
1 231 355 277 227 71 48 2
1 231 356 277 227 71 48 2
1 231 357 277 227 71 48 2
1 231 358 277 227 71 48 2
1 231 359 277 227 71 48 2
1 231 360 277 227 71 48 2
1 231 361 277 227 71 48 2
1 231 362 277 227 71 48 2
1 231 363 277 227 71 48 2
1 231 364 277 227 71 48 2
1 231 365 277 227 71 48 2
1 231 366 277 227 71 48 2
1 231 367 277 227 71 48 2
1 231 368 277 227 71 48 2
1 231 369 277 227 71 48 2
1 231 370 277 227 71 48 2
1 231 371 277 227 71 48 2
1 231 372 277 227 71 48 2
1 231 373 277 227 71 48 2
1 231 374 277 227 71 48 2
1 231 375 277 227 71 48 2
1 231 376 277 227 71 48 2
1 231 377 277 227 71 48 2
1 231 378 277 227 71 48 2
1 231 379 277 227 71 48 2
1 231 380 277 227 71 48 2
1 231 381 277 227 71 48 2
1 231 382 277 227 71 48 2
1 231 383 277 227 71 48 2
1 231 384 277 227 71 48 2
1 231 385 277 227 71 48 2
1 231 386 277 227 71 48 2
1 231 387 277 227 71 48 2
1 231 388 277 227 71 48 2
1 231 389 277 227 71 48 2
1 231 390 277 227 71 48 2
1 231 391 277 227 71 48 2
1 231 392 277 227 71 48 2
1 231 393 277 227 71 48 2
1 231 394 277 227 71 48 2
1 231 395 277 227 71 48 2
1 231 396 277 227 71 48 2
1 231 397 277 227 71 48 2
1 231 398 277 227 71 48 2
1 231 399 277 227 71 48 2
1 231 400 277 227 71 48 2
1 231 401 277 227 71 48 2
1 231 402 277 227 71 48 2
1 231 403 277 227 71 48 2
1 231 404 277 227 71 48 2
1 231 405 277 227 71 48 2
1 231 406 277 227 71 48 2
1 231 407 277 227 71 48 2
1 231 408 277 227 71 48 2
1 231 409 277 227 71 48 2
1 231 410 277 227 71 48 2
1 231 411 277 227 71 48 2
1 231 412 277 227 71 48 2
1 231 413 277 227 71 48 2
1 231 414 277 227 71 48 2
1 231 415 277 227 71 48 2
1 231 416 277 227 71 48 2
1 231 417 277 227 71 48 2
1 231 418 277 227 71 48 2
1 231 419 277 227 71 48 2
1 231 420 277 227 71 48 2
1 231 421 277 227 71 48 2
1 231 422 277 227 71 48 2
1 231 423 277 227 71 48 2
1 231 424 277 227 71 48 2
1 231 425 277 227 71 48 2
1 231 426 277 227 71 48 2
1 231 427 277 227 71 48 2
1 231 428 277 227 71 48 2
1 231 429 277 227 71 48 2
1 231 430 277 227 71 48 2
1 231 431 277 227 71 48 2
1 231 432 277 227 71 48 2
1 231 433 277 227 71 48 2
1 231 434 277 227 71 48 2
1 231 435 277 227 71 48 2
1 231 436 277 227 71 48 2
1 231 437 277 227 71 48 2
1 231 438 277 227 71 48 2
1 231 439 277 227 71 48 2
1 231 440 277 227 71 48 2
1 231 441 277 227 71 48 2
1 231 442 277 227 71 48 2
1 231 443 277 227 71 48 2
1 231 444 277 227 71 48 2
1 231 445 277 227 71 48 2
1 231 446 277 227 71 48 2
1 231 447 277 227 71 48 2
1 231 448 277 227 71 48 2
1 231 449 277 227 71 48 2
1 231 450 277 227 71 48 2
1 231 451 277 227 71 48 2
1 231 452 277 227 71 48 2
1 231 453 277 227 71 48 2
1 231 454 277 227 71 48 2
1 231 455 277 227 71 48 2
1 231 456 277 227 71 48 2
1 231 457 277 227 71 48 2
1 231 458 277 227 71 48 2
1 231 459 277 227 71 48 2
1 231 460 277 227 71 48 2
1 231 461 277 227 71 48 2
1 231 462 277 227 71 48 2
1 231 463 277 227 71 48 2
1 231 464 277 227 71 48 2
1 231 465 277 227 71 48 2
1 231 466 277 227 71 48 2
1 231 467 277 227 71 48 2
1 231 468 277 227 71 48 2
1 231 469 277 227 71 48 2
1 231 470 277 227 71 48 2
1 231 471 277 227 71 48 2
1 231 472 277 227 71 48 2
1 231 473 277 227 71 48 2
1 231 474 277 227 71 48 2
1 231 475 277 227 71 48 2
1 231 476 277 227 71 48 2
1 231 477 277 227 71 48 2
1 231 478 277 227 71 48 2
1 231 479 277 227 71 48 2
1 231 480 277 227 71 48 2
1 231 481 277 227 71 48 2
1 231 482 277 227 71 48 2
1 231 483 277 227 71 48 2
1 231 484 277 227 71 48 2
1 231 485 277 227 71 48 2
1 231 486 277 227 71 48 2
1 231 487 277 227 71 48 2
1 231 488 277 227 71 48 2
1 231 489 277 227 71 48 2
1 231 490 277 227 71 48 2
1 231 491 277 227 71 48 2
1 231 492 277 227 71 48 2
1 231 493 277 227 71 48 2
1 231 494 277 227 71 48 2
1 231 495 277 227 71 48 2
1 231 496 277 227 71 48 2
1 231 497 277 227 71 48 2
1 231 498 277 227 71 48 2
1 231 499 277 227 71 48 2
1 231 500 277 227 71 48 2
1 231 501 277 227 71 48 2
1 231 502 277 227 71 48 2
1 231 503 277 227 71 48 2
1 231 504 277 227 71 48 2
1 231 505 277 227 71 48 2
1 231 506 277 227 71 48 2
1 231 507 277 227 71 48 2
1 231 508 277 227 71 48 2
1 231 509 277 227 71 48 2
1 231 510 277 227 71 48 2
1 231 511 277 227 71 48 2
1 231 512 277 227 71 48 2
1 231 513 277 227 71 48 2
1 231 514 277 227 71 48 2
1 231 515 277 227 71 48 2
1 231 516 277 227 71 48 2
1 231 517 277 227 71 48 2
1 231 518 277 227 71 48 2
1 231 519 277 227 71 48 2
1 231 520 277 227 71 48 2
1 231 521 277 227 71 48 2
1 231 522 277 227 71 48 2
1 231 523 277 227 71 48 2
1 231 524 277 227 71 48 2
1 231 525 277 227 71 48 2
1 231 526 277 227 71 48 2
1 231 527 277 227 71 48 2
1 231 528 277 227 71 48 2
1 231 529 277 227 71 48 2
1 231 530 277 227 71 48 2
2 322 0 56 250 16 50 1
2 322 1 55 250 16 50 1
2 322 2 55 250 16 50 1
2 322 3 53 250 16 50 1
2 322 4 53 250 16 50 1
2 322 5 53 250 16 50 1
2 322 6 51 250 16 50 1
2 322 7 51 250 16 50 1
2 322 8 51 250 16 50 1
2 322 9 49 250 16 50 1
2 322 10 49 250 16 50 1
2 322 11 49 250 16 50 1
2 322 12 48 250 16 50 1
2 322 13 48 250 16 50 1
2 322 14 48 250 16 50 1
2 322 15 46 250 16 50 1
2 322 16 46 250 16 50 1
2 322 17 46 250 16 50 1
2 322 18 44 250 16 50 1
2 322 19 44 250 16 50 1
2 322 20 44 250 16 50 1
2 322 21 42 250 16 50 1
2 322 22 42 250 16 50 1
2 322 23 40 250 16 50 1
2 322 24 40 250 16 50 1
2 322 25 40 250 16 50 1
2 322 26 39 250 16 50 1
2 322 27 39 250 16 50 1
2 322 28 37 250 16 50 1
2 322 29 37 250 16 50 1
2 322 30 37 250 16 50 1
2 322 31 35 250 16 50 1
2 322 32 35 250 16 50 1
2 322 33 33 250 16 50 1
2 322 34 33 250 16 50 1
2 322 35 33 250 16 50 1
2 322 36 32 250 16 50 1
2 322 37 32 250 16 50 1
2 322 38 30 250 16 50 1
2 322 39 30 250 16 50 1
2 322 40 30 250 16 50 1
2 322 41 28 250 16 50 1
2 322 42 28 250 16 50 1
2 322 43 28 250 16 50 1
2 322 44 28 250 16 50 1
2 322 45 26 250 16 50 1
2 322 46 26 250 16 50 1
2 322 47 26 250 16 50 1
2 322 48 26 250 16 50 1
2 322 49 24 250 16 50 1
2 322 50 24 250 16 50 1
2 322 51 24 250 16 50 1
2 322 52 24 250 16 50 1
2 322 53 23 250 16 50 1
2 322 54 23 250 16 50 1
2 322 55 23 250 16 50 1
2 322 56 23 250 16 50 1
2 322 57 21 250 16 50 1
2 322 58 21 250 16 50 1
2 322 59 21 250 16 50 1
2 322 60 21 250 16 50 1
2 322 61 19 250 16 50 1
2 322 62 19 250 16 50 1
2 322 63 19 250 16 50 1
2 322 64 19 250 16 50 1
2 322 65 17 250 16 50 1
2 322 66 17 250 16 50 1
2 322 67 17 250 16 50 1
2 322 68 17 250 16 50 1
2 322 69 16 250 16 50 1
2 322 70 16 250 16 50 1
2 322 71 16 250 16 50 1
2 322 72 16 250 16 50 1
2 322 73 14 250 16 50 1
2 322 74 14 250 16 50 1
2 322 75 14 250 16 50 1
2 322 76 14 250 16 50 1
2 322 77 12 250 16 50 1
2 322 78 12 250 16 50 1
2 322 79 12 250 16 50 1
2 322 80 12 250 16 50 1
2 322 81 10 250 16 50 1
2 322 82 10 250 16 50 1
2 322 83 10 250 16 50 1
2 322 84 10 250 16 50 1
2 322 85 8 250 16 50 1
2 322 86 8 250 16 50 1
2 322 87 8 250 16 50 1
2 322 88 8 250 16 50 1
2 322 89 7 250 16 50 1
2 322 90 7 250 16 50 1
2 322 91 7 250 16 50 1
2 322 92 7 250 16 50 1
2 322 93 5 250 16 50 1
2 322 94 5 250 16 50 1
2 322 95 5 250 16 50 1
2 322 96 5 250 16 50 1
2 322 97 3 250 16 50 1
2 322 98 3 250 16 50 1
2 322 99 3 250 16 50 1
2 322 100 3 250 16 50 1
2 322 101 1 250 16 50 1
2 322 102 1 250 16 50 1
2 322 103 1 250 16 50 1
2 322 104 1 250 16 50 1
2 322 105 1 250 15 50 1
2 322 106 1 250 15 50 1
2 322 107 1 250 15 50 1
2 322 108 1 250 15 50 1
2 322 109 1 250 13 50 1
2 322 110 1 250 13 50 1
2 322 111 0 250 14 50 1
2 322 112 0 250 14 50 1
2 322 113 0 250 12 50 1
2 322 114 0 250 12 50 1
2 322 115 0 250 12 50 1
2 322 116 0 250 12 50 1
2 322 117 0 250 10 50 1
2 322 118 0 250 10 50 1
2 322 119 0 250 10 50 1
2 322 120 0 250 10 50 1
2 322 121 0 250 10 50 1
2 322 122 0 250 10 50 1
2 322 123 0 250 10 50 1
2 322 124 0 250 10 50 1
2 322 125 0 250 10 50 1
2 322 126 0 250 10 50 1
2 322 127 0 250 10 50 1
2 322 128 0 250 10 50 1
2 322 129 0 250 10 50 1
2 322 130 0 250 10 50 1
2 322 131 0 250 10 50 1
2 322 132 0 250 10 50 1
2 322 133 0 250 10 50 1
2 322 134 0 250 10 50 1
2 322 135 0 250 10 50 1
2 322 136 0 250 10 50 1
2 322 137 0 250 10 50 1
2 322 138 0 250 10 50 1
2 322 139 0 250 10 50 1
2 322 321 12 250 16 50 1
3 282 40 1 323 50 101 1
3 282 41 5 323 50 101 1
3 282 42 10 323 50 103 1
3 282 43 14 325 50 101 1
3 282 44 19 325 50 103 1
3 282 45 23 327 49 101 1
3 282 46 28 327 50 103 1
3 282 47 32 327 49 103 1
3 282 48 37 328 50 104 1
3 282 49 40 328 50 104 1
3 282 50 46 330 50 103 1
3 282 51 49 330 50 103 1
3 282 52 55 330 49 105 1
3 282 53 58 332 50 103 1
3 282 54 64 332 49 105 1
3 282 55 67 334 50 103 1
3 282 56 72 334 50 105 1
3 282 57 76 334 50 105 1
3 282 58 81 336 50 104 1
3 282 59 85 336 50 104 1
3 282 60 90 337 50 105 1
3 282 61 94 337 50 105 1
3 282 62 99 337 50 105 1
3 282 63 103 337 49 105 1
3 282 64 108 337 50 105 1
3 282 65 112 337 49 105 1
3 282 66 117 337 50 105 1
3 282 67 120 337 50 105 1
3 282 68 126 337 50 105 1
3 282 69 129 337 50 105 1
3 282 70 135 337 49 105 1
3 282 71 140 337 50 105 1
3 282 72 144 337 49 105 1
3 282 73 149 337 50 105 1
3 282 74 152 337 50 105 1
3 282 75 158 337 50 105 1
3 282 76 161 337 50 105 1
3 282 77 167 337 49 105 1
3 282 78 170 337 50 105 1
3 282 79 176 337 49 105 1
3 282 80 181 339 50 105 1
3 282 81 184 339 50 105 1
3 282 82 188 339 50 105 1
3 282 83 192 339 49 105 1
3 282 84 195 339 50 105 1
3 282 85 199 339 49 105 1
3 282 86 202 339 50 105 1
3 282 87 208 339 49 105 1
3 282 88 211 339 50 105 1
3 282 89 215 339 49 105 1
3 282 90 218 339 50 105 1
3 282 91 222 339 50 105 1
3 282 92 225 339 50 105 1
3 282 93 229 339 50 105 1
3 282 94 234 339 50 105 1
3 282 95 238 339 50 105 1
3 282 96 241 339 50 105 1
3 282 97 245 339 50 105 1
3 282 98 248 339 50 105 1
3 282 99 252 339 50 105 1
3 282 100 257 339 50 105 1
3 282 101 259 337 50 105 1
3 282 102 263 337 49 105 1
3 282 103 266 337 50 105 1
3 282 104 270 337 50 105 1
3 282 105 273 337 50 105 1
3 282 106 277 337 50 105 1
3 282 107 280 337 50 105 1
3 282 108 284 336 50 104 1
3 282 109 288 336 49 104 1
3 282 110 291 336 50 104 1
3 282 111 295 336 49 104 1
3 282 112 298 336 50 104 1
3 282 113 302 336 50 104 1
3 282 114 305 336 50 104 1
3 282 115 309 336 50 104 1
3 282 116 312 334 50 105 1
3 282 117 316 334 50 105 1
3 282 118 320 334 49 105 1
3 282 119 323 334 50 105 1
3 282 120 327 334 49 105 1
3 282 121 330 334 50 105 1
3 282 122 334 334 50 105 1
3 282 123 337 332 50 105 1
3 282 124 341 332 50 105 1
3 282 125 344 332 50 105 1
3 282 126 348 332 50 105 1
3 282 127 352 332 49 105 1
3 282 128 355 332 50 105 1
3 282 129 359 332 49 105 1
3 282 130 362 332 50 105 1
3 282 131 366 332 50 105 1
3 282 132 369 332 50 105 1
3 282 133 373 332 50 105 1
3 282 134 378 332 50 105 1
3 282 135 382 332 50 105 1
3 282 136 385 332 50 105 1
3 282 137 391 332 49 105 1
3 282 138 394 332 50 105 1
3 282 139 398 332 50 105 1
3 282 140 403 332 50 105 1
3 282 141 407 332 49 105 1
3 282 142 410 332 50 105 1
3 282 143 414 332 50 105 1
3 282 144 419 332 50 105 1
3 282 145 423 332 49 105 1
3 282 146 426 332 50 105 1
3 282 147 432 332 49 105 1
3 282 148 435 332 50 105 1
3 282 149 439 332 49 105 1
3 282 150 444 332 50 105 1
3 282 151 446 332 50 103 1
3 282 152 448 332 49 103 1
3 282 153 451 332 48 103 1
3 282 154 453 332 48 101 1
3 282 155 456 332 48 101 1
3 282 156 458 332 48 101 1
3 282 157 462 332 46 100 1
3 282 158 464 332 46 100 1
3 282 159 467 332 45 100 1
3 282 160 469 332 46 100 1
3 282 161 471 332 46 98 1
3 282 162 474 332 45 98 1
3 282 163 476 332 44 98 1
3 282 164 480 332 42 96 1
3 282 165 481 332 45 96 1
3 282 166 485 332 43 96 1
3 282 167 487 332 42 94 1
3 282 168 490 332 41 94 1
3 282 169 492 332 41 94 1
3 282 170 496 332 40 94 1
3 282 171 497 330 41 94 1
3 282 172 501 330 41 94 1
3 282 173 504 330 41 94 1
3 282 174 508 330 41 94 1
3 282 175 512 330 40 94 1
3 282 176 513 330 41 94 1
3 282 177 517 330 41 94 1
3 282 178 520 330 41 94 1
3 282 179 524 330 41 94 1
3 282 180 528 330 40 94 1
3 282 181 529 330 41 94 1
3 282 182 533 330 41 94 1
3 282 183 536 330 41 94 1
3 282 184 540 330 41 94 1
3 282 185 544 330 40 94 1
3 282 186 545 330 41 94 1
3 282 187 549 330 41 94 1
3 282 188 552 330 41 94 1
3 282 189 556 330 41 94 1
3 282 190 560 330 40 94 1
3 282 191 561 328 41 95 1
3 282 192 565 328 41 95 1
3 282 193 567 328 41 95 1
3 282 194 570 328 41 95 1
3 282 195 572 328 41 95 1
3 282 196 576 328 40 95 1
3 282 197 577 328 41 95 1
3 282 198 581 328 41 95 1
3 282 199 583 328 41 95 1
3 282 200 586 328 41 95 1
3 282 201 588 327 41 94 1
3 282 202 592 327 40 94 1
3 282 203 593 327 41 94 1
3 282 204 597 327 41 94 1
3 282 205 599 327 41 94 1
3 282 206 602 327 41 94 1
3 282 207 604 327 41 94 1
3 282 208 608 327 40 94 1
3 282 209 609 327 41 94 1
3 282 210 613 327 41 94 1
3 282 211 615 327 41 94 1
3 282 212 618 327 41 94 1
3 282 213 620 327 41 94 1
3 282 214 624 327 40 94 1
3 282 215 625 327 41 94 1
3 282 216 629 327 41 94 1
3 282 217 631 327 41 94 1
3 282 218 634 327 41 94 1
3 282 219 636 327 41 94 1
3 282 220 640 327 40 94 1
3 282 221 641 327 41 94 1
3 282 222 645 327 41 94 1
3 282 223 647 327 41 94 1
3 282 224 650 327 41 94 1
3 282 225 652 327 41 94 1
3 282 226 656 327 40 94 1
3 282 227 657 327 41 94 1
3 282 228 661 327 41 94 1
3 282 229 663 327 41 94 1
3 282 230 666 327 41 94 1
3 282 231 668 325 41 94 1
3 282 232 670 325 41 94 1
3 282 233 672 325 40 94 1
3 282 234 673 325 41 94 1
3 282 235 675 325 41 94 1
3 282 236 677 325 41 94 1
3 282 237 680 323 41 94 1
3 282 238 682 323 41 94 1
3 282 239 684 323 41 94 1
3 282 240 686 323 41 94 1
3 282 241 688 323 40 94 1
3 282 242 689 323 41 94 1
3 282 243 691 323 41 94 1
3 282 244 695 321 41 95 1
3 282 245 696 321 41 95 1
3 282 246 698 321 41 95 1
3 282 247 700 321 41 95 1
3 282 248 702 321 41 95 1
3 282 249 704 321 40 95 1
3 282 250 707 321 41 95 1
3 282 251 707 321 41 95 1
3 282 252 707 321 41 95 1
3 282 253 709 321 41 95 1
3 282 254 709 321 41 95 1
3 282 255 709 321 41 95 1
3 282 256 711 321 41 95 1
3 282 257 711 321 41 95 1
3 282 258 711 321 41 95 1
3 282 259 712 321 41 95 1
3 282 260 712 321 41 95 1
3 282 261 712 321 41 95 1
3 282 262 714 321 41 95 1
3 282 263 714 321 41 95 1
3 282 264 714 321 41 95 1
3 282 265 716 321 41 95 1
3 282 266 716 321 41 95 1
3 282 267 716 321 41 95 1
3 282 268 718 321 41 95 1
3 282 269 718 321 41 95 1
3 282 270 720 321 40 95 1
3 282 271 720 320 40 94 1
3 282 272 720 320 40 94 1
3 282 273 721 320 41 94 1
3 282 274 721 320 41 94 1
3 282 275 723 320 41 94 1
3 282 276 723 320 41 94 1
3 282 277 723 320 41 94 1
3 282 278 725 320 41 94 1
3 282 279 725 320 41 94 1
3 282 280 727 320 41 94 1
3 282 281 727 320 41 94 1
3 282 282 727 320 41 94 1
3 282 283 727 320 41 94 1
3 282 284 727 320 41 94 1
3 282 285 727 320 41 94 1
3 282 286 727 320 41 94 1
3 282 287 727 320 41 94 1
3 282 288 727 320 41 94 1
3 282 289 727 320 41 94 1
3 282 290 728 320 41 94 1
3 282 291 728 320 41 94 1
3 282 292 728 320 41 94 1
3 282 293 728 320 41 94 1
3 282 294 728 320 41 94 1
3 282 295 728 320 41 94 1
3 282 296 728 320 41 94 1
3 282 297 728 320 41 94 1
3 282 298 728 320 41 94 1
3 282 299 728 320 41 94 1
3 282 300 730 320 41 94 1
3 282 301 730 320 41 94 1
3 282 302 730 320 41 94 1
3 282 303 730 320 41 94 1
3 282 304 730 320 41 94 1
3 282 305 730 320 41 94 1
3 282 306 730 320 41 94 1
3 282 307 730 320 41 94 1
3 282 308 730 320 41 94 1
3 282 309 730 320 41 94 1
3 282 310 732 320 41 94 1
3 282 311 732 320 41 94 1
3 282 312 732 320 41 94 1
3 282 313 732 320 41 94 1
3 282 314 732 320 41 94 1
3 282 315 732 320 41 94 1
3 282 316 732 320 41 94 1
3 282 317 732 320 41 94 1
3 282 318 732 320 41 94 1
3 282 319 732 320 41 94 1
3 282 321 181 339 50 105 1
4 322 0 145 211 23 36 1
4 322 1 144 211 23 36 1
4 322 2 144 211 23 36 1
4 322 3 144 211 23 36 1
4 322 4 144 211 23 36 1
4 322 5 144 211 23 36 1
4 322 6 144 211 23 36 1
4 322 7 144 211 23 36 1
4 322 8 144 211 23 36 1
4 322 9 144 211 23 36 1
4 322 10 144 211 23 36 1
4 322 11 144 211 23 36 1
4 322 12 144 211 23 36 1
4 322 13 144 211 23 36 1
4 322 14 144 211 23 36 1
4 322 15 144 211 23 36 1
4 322 16 144 211 23 36 1
4 322 17 144 211 23 36 1
4 322 18 144 211 23 36 1
4 322 19 144 211 23 36 1
4 322 20 144 211 23 36 1
4 322 21 144 211 23 36 1
4 322 22 144 211 23 36 1
4 322 23 144 211 23 36 1
4 322 24 144 211 23 36 1
4 322 25 144 211 23 36 1
4 322 26 142 211 23 36 1
4 322 27 142 211 23 36 1
4 322 28 142 211 23 36 1
4 322 29 142 211 23 36 1
4 322 30 142 211 23 36 1
4 322 31 142 211 23 36 1
4 322 32 142 211 23 36 1
4 322 33 142 211 23 36 1
4 322 34 142 211 23 36 1
4 322 35 142 211 23 36 1
4 322 36 142 211 23 36 1
4 322 37 142 211 23 36 1
4 322 38 142 211 23 36 1
4 322 39 142 211 23 36 1
4 322 40 142 211 23 36 1
4 322 41 142 211 23 36 1
4 322 42 142 211 23 36 1
4 322 43 142 211 23 36 1
4 322 44 142 211 23 36 1
4 322 45 142 211 23 36 1
4 322 46 142 211 23 36 1
4 322 47 142 211 23 36 1
4 322 48 142 211 23 36 1
4 322 49 142 211 23 36 1
4 322 50 142 211 23 36 1
4 322 51 140 211 23 36 1
4 322 52 140 211 23 36 1
4 322 53 140 211 23 36 1
4 322 54 140 211 23 36 1
4 322 55 140 211 23 36 1
4 322 56 140 211 23 36 1
4 322 57 140 211 23 36 1
4 322 58 140 211 23 36 1
4 322 59 140 211 23 36 1
4 322 60 140 211 23 36 1
4 322 61 140 211 23 36 1
4 322 62 140 211 23 36 1
4 322 63 140 211 23 36 1
4 322 64 140 211 23 36 1
4 322 65 140 211 23 36 1
4 322 66 138 211 23 36 1
4 322 67 138 211 23 36 1
4 322 68 138 211 23 36 1
4 322 69 138 211 23 36 1
4 322 70 138 211 23 36 1
4 322 71 138 211 23 36 1
4 322 72 138 211 23 36 1
4 322 73 138 211 23 36 1
4 322 74 138 211 23 36 1
4 322 75 138 211 23 36 1
4 322 76 138 211 23 36 1
4 322 77 138 211 23 36 1
4 322 78 138 211 23 36 1
4 322 79 138 211 23 36 1
4 322 80 138 211 23 36 1
4 322 81 136 211 24 36 1
4 322 82 136 211 24 36 1
4 322 83 136 211 24 36 1
4 322 84 136 211 24 36 1
4 322 85 136 211 24 36 1
4 322 86 136 211 24 36 1
4 322 87 136 211 24 36 1
4 322 88 136 211 24 36 1
4 322 89 136 211 24 36 1
4 322 90 136 211 24 36 1
4 322 91 136 211 24 36 1
4 322 92 136 211 24 36 1
4 322 93 136 211 24 36 1
4 322 94 136 211 24 36 1
4 322 95 136 211 24 36 1
4 322 96 135 211 23 36 1
4 322 97 135 211 23 36 1
4 322 98 135 211 23 36 1
4 322 99 135 211 23 36 1
4 322 100 135 211 23 36 1
4 322 101 135 211 23 36 1
4 322 102 135 211 23 36 1
4 322 103 135 211 23 36 1
4 322 104 135 211 23 36 1
4 322 105 135 211 23 36 1
4 322 106 135 211 23 36 1
4 322 107 135 211 23 36 1
4 322 108 135 211 23 36 1
4 322 109 135 211 23 36 1
4 322 110 135 211 23 36 1
4 322 111 133 211 23 36 1
4 322 112 133 211 23 36 1
4 322 113 133 211 23 36 1
4 322 114 133 211 23 36 1
4 322 115 133 211 23 36 1
4 322 116 133 211 23 36 1
4 322 117 133 211 23 36 1
4 322 118 133 211 23 36 1
4 322 119 133 211 23 36 1
4 322 120 133 211 23 36 1
4 322 121 133 211 23 36 1
4 322 122 133 211 23 36 1
4 322 123 133 211 23 36 1
4 322 124 133 211 23 36 1
4 322 125 133 211 23 36 1
4 322 126 131 211 23 36 1
4 322 127 131 211 23 36 1
4 322 128 131 211 23 36 1
4 322 129 131 211 23 36 1
4 322 130 131 211 23 36 1
4 322 131 131 211 23 36 1
4 322 132 131 211 23 36 1
4 322 133 131 211 23 36 1
4 322 134 131 211 23 36 1
4 322 135 131 211 23 36 1
4 322 136 131 211 23 36 1
4 322 137 131 211 23 36 1
4 322 138 131 211 23 36 1
4 322 139 131 211 23 36 1
4 322 140 131 211 23 36 1
4 322 141 129 211 23 36 1
4 322 142 129 211 23 36 1
4 322 143 129 211 23 36 1
4 322 144 129 211 23 36 1
4 322 145 129 211 23 36 1
4 322 146 129 211 23 36 1
4 322 147 129 211 23 36 1
4 322 148 129 211 23 36 1
4 322 149 129 211 23 36 1
4 322 150 129 211 23 36 1
4 322 151 128 211 23 36 1
4 322 152 128 211 23 36 1
4 322 153 128 211 23 36 1
4 322 154 128 211 23 36 1
4 322 155 128 211 23 36 1
4 322 156 128 211 23 36 1
4 322 157 128 211 23 36 1
4 322 158 128 211 23 36 1
4 322 159 128 211 23 36 1
4 322 160 128 211 23 36 1
4 322 161 126 209 23 36 1
4 322 162 126 209 23 36 1
4 322 163 126 209 23 36 1
4 322 164 126 209 23 36 1
4 322 165 126 209 23 36 1
4 322 166 126 209 23 36 1
4 322 167 126 209 23 36 1
4 322 168 126 209 23 36 1
4 322 169 126 209 23 36 1
4 322 170 126 209 23 36 1
4 322 171 126 209 23 36 1
4 322 172 126 209 23 36 1
4 322 173 126 209 23 36 1
4 322 174 126 209 23 36 1
4 322 175 126 209 23 36 1
4 322 176 124 209 23 36 1
4 322 177 124 209 23 36 1
4 322 178 124 209 23 36 1
4 322 179 124 209 23 36 1
4 322 180 124 209 23 36 1
4 322 181 124 209 23 36 1
4 322 182 124 209 23 36 1
4 322 183 124 209 23 36 1
4 322 184 124 209 23 36 1
4 322 185 124 209 23 36 1
4 322 186 124 209 23 36 1
4 322 187 124 209 23 36 1
4 322 188 124 209 23 36 1
4 322 189 124 209 23 36 1
4 322 190 124 209 23 36 1
4 322 191 122 209 23 36 1
4 322 192 122 209 23 36 1
4 322 193 122 209 23 36 1
4 322 194 122 209 23 36 1
4 322 195 122 209 23 36 1
4 322 196 122 209 23 36 1
4 322 197 122 209 23 36 1
4 322 198 120 209 24 36 1
4 322 199 120 209 24 36 1
4 322 200 120 209 24 36 1
4 322 201 120 209 24 36 1
4 322 202 120 209 24 36 1
4 322 203 120 209 24 36 1
4 322 204 120 209 24 36 1
4 322 205 120 209 24 36 1
4 322 206 119 209 23 36 1
4 322 207 119 209 23 36 1
4 322 208 119 209 23 36 1
4 322 209 119 209 23 36 1
4 322 210 119 209 23 36 1
4 322 211 119 209 23 36 1
4 322 212 119 209 23 36 1
4 322 213 117 209 23 36 1
4 322 214 117 209 23 36 1
4 322 215 117 209 23 36 1
4 322 216 117 209 23 36 1
4 322 217 117 209 23 36 1
4 322 218 117 209 23 36 1
4 322 219 117 209 23 36 1
4 322 220 117 209 23 36 1
4 322 221 124 211 23 36 1
4 322 222 124 211 23 36 1
4 322 223 124 211 23 36 1
4 322 224 124 211 23 36 1
4 322 225 124 211 23 36 1
4 322 226 124 211 23 36 1
4 322 227 124 211 23 36 1
4 322 228 124 211 23 36 1
4 322 229 124 211 23 36 1
4 322 230 124 211 23 36 1
4 322 231 126 211 23 36 1
4 322 232 126 211 23 36 1
4 322 233 126 211 23 36 1
4 322 234 126 211 23 36 1
4 322 235 128 211 23 36 1
4 322 236 128 211 23 36 1
4 322 237 128 211 23 36 1
4 322 238 129 211 23 36 1
4 322 239 129 211 23 36 1
4 322 240 129 211 23 36 1
4 322 241 131 211 23 36 1
4 322 242 129 209 23 36 1
4 322 243 128 209 23 36 1
4 322 244 128 209 23 36 1
4 322 245 126 209 23 36 1
4 322 246 124 209 23 36 1
4 322 247 124 209 23 36 1
4 322 248 122 209 23 36 1
4 322 249 120 209 24 36 1
4 322 250 120 209 24 36 1
4 322 251 126 211 26 36 1
4 322 252 128 211 26 36 1
4 322 253 129 211 27 36 1
4 322 254 131 211 27 36 1
4 322 255 133 211 27 36 1
4 322 256 136 211 25 36 1
4 322 257 138 211 25 36 1
4 322 258 140 211 25 36 1
4 322 259 142 211 25 36 1
4 322 260 144 211 24 36 1
4 322 261 147 211 23 36 1
4 322 262 144 209 23 36 1
4 322 263 140 209 23 36 1
4 322 264 138 209 23 36 1
4 322 265 135 209 23 36 1
4 322 266 133 209 23 36 1
4 322 267 129 209 23 36 1
4 322 268 128 209 23 36 1
4 322 269 124 209 23 36 1
4 322 270 122 209 23 36 1
4 322 271 126 211 23 36 1
4 322 272 126 211 23 36 1
4 322 273 126 211 23 36 1
4 322 274 126 211 23 36 1
4 322 275 126 211 23 36 1
4 322 276 126 211 23 36 1
4 322 277 128 211 23 36 1
4 322 278 128 211 23 36 1
4 322 279 128 211 23 36 1
4 322 280 128 211 23 36 1
4 322 281 128 211 23 36 1
4 322 282 128 211 23 36 1
4 322 283 129 211 23 36 1
4 322 284 129 211 23 36 1
4 322 285 129 211 23 36 1
4 322 286 129 211 23 36 1
4 322 287 129 211 23 36 1
4 322 288 131 211 23 36 1
4 322 289 131 211 23 36 1
4 322 290 131 211 23 36 1
4 322 291 131 211 23 36 1
4 322 292 131 211 23 36 1
4 322 293 131 211 23 36 1
4 322 294 133 211 23 36 1
4 322 295 133 211 23 36 1
4 322 296 133 211 23 36 1
4 322 297 133 211 23 36 1
4 322 298 133 211 23 36 1
4 322 299 135 211 23 36 1
4 322 300 135 211 23 36 1
4 322 301 135 211 23 36 1
4 322 302 135 211 23 36 1
4 322 303 135 211 23 36 1
4 322 304 135 211 23 36 1
4 322 305 136 211 24 36 1
4 322 306 136 211 24 36 1
4 322 307 136 211 24 36 1
4 322 308 136 211 24 36 1
4 322 309 136 211 24 36 1
4 322 310 138 211 23 36 1
4 322 311 138 211 23 36 1
4 322 312 138 211 23 36 1
4 322 313 138 211 23 36 1
4 322 314 138 211 23 36 1
4 322 315 138 211 23 36 1
4 322 316 140 211 23 36 1
4 322 317 140 211 23 36 1
4 322 318 140 211 23 36 1
4 322 319 140 211 23 36 1
4 322 320 140 211 23 36 1
4 322 321 142 211 23 36 1
