0 244 843 485 282 23 66 1
0 244 844 481 282 23 66 1
0 244 845 478 282 23 66 1
0 244 846 476 282 23 66 1
0 244 847 472 282 24 66 1
0 244 848 471 282 23 66 1
0 244 849 467 282 23 66 1
0 244 850 465 282 23 66 1
0 244 851 464 280 24 68 1
0 244 852 462 279 26 69 1
0 244 853 462 277 26 71 1
0 244 854 460 275 28 73 1
0 244 855 460 273 28 77 1
0 244 856 456 273 31 77 1
0 244 857 453 273 32 77 1
0 244 858 449 273 34 77 1
0 244 859 446 273 37 77 1
0 244 860 442 273 39 77 1
0 244 861 439 273 41 77 1
0 244 862 435 273 43 77 1
0 244 863 433 273 45 77 1
0 244 864 432 273 44 77 1
0 244 865 430 273 44 77 1
0 244 866 428 273 44 77 1
0 244 867 426 273 45 77 1
0 244 868 424 273 45 77 1
0 244 869 423 273 44 77 1
0 244 870 421 273 44 77 1
0 244 871 419 273 45 77 1
0 244 872 417 273 45 77 1
0 244 873 416 273 44 77 1
0 244 874 414 273 44 77 1
0 244 875 414 275 44 77 1
0 244 876 410 275 45 77 1
0 244 877 408 275 45 77 1
0 244 878 407 275 44 77 1
0 244 879 405 275 44 77 1
0 244 880 401 275 47 77 1
0 244 881 400 275 46 77 1
0 244 882 398 275 44 77 1
0 244 883 396 275 44 77 1
0 244 884 392 275 47 77 1
0 244 885 391 275 46 77 1
0 244 886 389 275 46 77 1
0 244 887 387 277 46 76 1
0 244 888 385 275 47 77 1
0 244 889 384 275 46 77 1
0 244 890 382 275 46 77 1
0 244 891 380 275 46 77 1
0 244 892 378 275 46 77 1
0 244 893 376 275 47 77 1
0 244 894 375 275 44 77 1
0 244 895 373 275 43 77 1
0 244 896 371 275 41 77 1
0 244 897 369 275 41 77 1
0 244 898 368 275 39 77 1
0 244 899 366 275 37 77 1
0 244 900 364 275 37 77 1
0 244 901 360 275 38 77 1
0 244 902 359 275 37 77 1
0 244 903 355 275 37 77 1
0 244 904 353 275 38 77 1
0 244 905 352 275 37 77 1
0 244 906 348 275 37 77 1
0 244 907 346 275 38 77 1
0 244 908 344 275 38 77 1
0 244 909 341 275 37 77 1
0 244 910 339 275 37 77 1
0 244 911 337 275 38 77 1
0 244 912 334 275 37 77 1
0 244 913 332 275 37 77 1
0 244 914 330 275 38 77 1
0 244 915 327 275 37 77 1
0 244 916 325 275 37 77 1
0 244 917 323 275 37 77 1
0 244 918 320 275 37 77 1
0 244 919 318 277 37 76 1
0 244 920 314 277 38 76 1
0 244 921 312 277 38 76 1
0 244 922 311 277 37 76 1
0 244 923 307 277 37 76 1
0 244 924 305 277 38 76 1
0 244 925 304 277 37 76 1
0 244 926 300 277 37 76 1
0 244 927 298 277 38 76 1
0 244 928 296 277 38 76 1
0 244 929 293 277 37 76 1
0 244 930 291 277 37 76 1
0 244 931 289 277 38 76 1
0 244 932 286 277 37 76 1
0 244 933 284 277 37 76 1
0 244 934 282 277 38 76 1
0 244 935 279 277 37 76 1
0 244 936 277 277 37 76 1
0 244 937 275 277 37 76 1
0 244 938 272 279 37 76 1
0 244 939 270 279 37 76 1
0 244 940 266 279 38 76 1
0 244 941 264 279 38 76 1
0 244 942 263 279 37 76 1
0 244 943 259 279 37 76 1
0 244 944 257 279 38 76 1
0 244 945 256 279 37 76 1
0 244 946 252 279 37 76 1
0 244 947 250 279 38 76 1
0 244 948 248 279 38 76 1
0 244 949 245 279 37 76 1
0 244 950 243 279 37 76 1
0 244 951 241 279 38 76 1
0 244 952 238 279 37 76 1
0 244 953 236 279 37 76 1
0 244 954 234 279 38 76 1
0 244 955 231 279 37 76 1
0 244 956 229 279 37 76 1
0 244 957 227 280 37 77 1
0 244 958 224 280 37 77 1
0 244 959 222 280 37 77 1
0 244 960 220 280 36 77 1
0 244 961 216 280 38 77 1
0 244 962 215 280 37 77 1
0 244 963 213 280 35 77 1
0 244 964 209 280 38 77 1
0 244 965 208 280 37 77 1
0 244 966 206 280 35 77 1
0 244 967 202 280 38 77 1
0 244 968 200 280 36 77 1
0 244 969 199 280 35 77 1
0 244 970 195 280 37 77 1
0 244 971 193 280 36 77 1
0 244 972 192 280 35 77 1
0 244 973 188 280 37 77 1
0 244 974 186 280 36 77 1
0 244 975 184 280 36 77 1
0 244 976 181 280 37 77 1
0 244 977 179 280 36 77 1
0 244 978 177 280 36 77 1
0 244 979 174 280 35 77 1
0 244 980 172 280 36 77 1
0 244 981 170 280 36 77 1
0 244 982 167 280 35 77 1
0 244 983 165 280 35 77 1
0 244 984 163 280 36 77 1
0 244 985 160 280 35 77 1
0 244 986 158 280 35 77 1
0 244 987 156 280 36 77 1
0 244 988 152 280 36 77 1
0 244 989 151 280 35 77 1
0 244 990 149 280 34 77 1
0 244 991 145 280 36 77 1
0 244 992 144 280 35 77 1
0 244 993 142 280 34 77 1
0 244 994 140 280 34 77 1
0 244 995 136 280 36 77 1
0 244 996 135 280 33 77 1
0 244 997 133 280 34 77 1
0 244 998 129 280 34 77 1
0 244 999 128 280 33 77 1
0 244 1000 126 280 34 77 1
0 244 1001 122 280 34 77 1
0 244 1002 120 280 34 77 1
0 244 1003 119 280 33 77 1
0 244 1004 115 280 34 77 1
0 244 1005 113 280 34 77 1
0 244 1006 112 280 33 77 1
0 244 1007 108 280 34 77 1
0 244 1008 106 280 34 77 1
0 244 1009 104 280 32 77 1
0 244 1010 101 280 34 77 1
0 244 1011 99 280 34 77 1
0 244 1012 97 280 32 77 1
0 244 1013 94 280 34 77 1
0 244 1014 92 280 34 77 1
0 244 1015 90 280 32 77 1
0 244 1016 87 280 33 77 1
0 244 1017 85 280 34 77 1
0 244 1018 83 280 32 77 1
0 244 1019 80 280 33 77 1
0 244 1020 78 280 32 77 1
0 244 1021 76 280 32 77 1
0 244 1022 72 280 34 77 1
0 244 1023 71 280 32 77 1
0 244 1024 69 280 32 77 1
0 244 1025 65 280 34 77 1
0 244 1026 64 280 32 77 1
0 244 1027 62 280 32 77 1
0 244 1028 60 280 32 77 1
0 244 1029 56 279 32 76 1
0 244 1030 53 279 32 76 1
0 244 1031 51 279 32 76 1
0 244 1032 48 279 32 76 1
0 244 1033 44 279 32 76 1
0 244 1034 42 279 32 76 1
0 244 1035 39 279 32 76 1
0 244 1036 37 279 32 76 1
0 244 1037 33 279 32 76 1
0 244 1038 30 279 32 76 1
0 244 1039 28 277 32 76 1
0 244 1040 24 277 32 76 1
0 244 1041 21 277 32 76 1
0 244 1042 19 277 32 76 1
0 244 1043 16 277 32 76 1
0 244 1044 14 277 32 76 1
0 244 1045 10 277 32 76 1
0 244 1046 7 277 32 76 1
0 244 1047 5 277 32 76 1
0 244 1048 1 277 32 76 1
0 244 1049 0 277 32 76 1
0 244 1050 0 277 28 76 1
0 244 1051 0 279 24 76 1
0 244 1052 0 280 21 77 1
0 244 1053 0 280 21 77 1
0 244 1054 0 280 21 77 1
0 244 1055 0 280 21 77 1
0 244 1056 0 280 21 77 1
0 244 1057 0 280 21 77 1
0 244 1086 227 280 37 77 1
1 523 0 284 272 20 60 1
1 523 1 284 270 20 60 1
1 523 2 286 270 19 60 1
1 523 3 288 270 19 60 1
1 523 4 288 270 19 60 1
1 523 5 289 270 20 60 1
1 523 6 291 270 20 60 1
1 523 7 291 270 21 60 1
1 523 8 293 270 19 60 1
1 523 9 295 270 19 60 1
1 523 10 295 270 21 60 1
1 523 11 296 270 20 60 1
1 523 12 298 270 20 60 1
1 523 13 298 270 22 60 1
1 523 14 300 270 21 60 1
1 523 15 302 270 19 60 1
1 523 16 302 270 21 60 1
1 523 17 304 270 21 60 1
1 523 18 305 270 20 60 1
1 523 19 305 270 22 60 1
1 523 20 307 270 21 60 1
1 523 21 309 270 21 60 1
1 523 22 309 270 21 60 1
1 523 23 309 270 21 60 1
1 523 24 309 270 21 60 1
1 523 25 309 270 23 60 1
1 523 26 311 270 21 60 1
1 523 27 311 270 21 60 1
1 523 28 311 270 23 60 1
1 523 29 311 270 23 60 1
1 523 30 311 270 23 60 1
1 523 31 312 270 24 60 1
1 523 32 312 268 24 60 1
1 523 33 312 268 24 60 1
1 523 34 312 268 24 60 1
1 523 35 312 268 24 60 1
1 523 36 312 268 24 60 1
1 523 37 314 268 23 60 1
1 523 38 314 268 23 60 1
1 523 39 314 268 23 60 1
1 523 40 314 266 23 61 1
1 523 41 314 266 23 61 1
1 523 42 314 266 23 61 1
1 523 43 316 266 23 61 1
1 523 44 316 266 23 61 1
1 523 45 316 266 23 61 1
1 523 46 316 266 23 61 1
1 523 47 316 266 23 61 1
1 523 48 316 264 23 61 1
1 523 49 318 264 23 61 1
1 523 50 318 264 23 61 1
1 523 51 318 264 23 61 1
1 523 52 318 264 23 61 1
1 523 53 318 264 23 61 1
1 523 54 318 264 23 61 1
1 523 55 320 264 23 61 1
1 523 56 320 263 23 60 1
1 523 57 320 263 23 60 1
1 523 58 320 263 23 60 1
1 523 59 320 263 23 60 1
1 523 60 320 263 23 60 1
1 523 61 320 263 23 58 1
1 523 62 320 263 23 58 1
1 523 63 320 263 23 58 1
1 523 64 321 261 23 60 1
1 523 65 321 261 23 60 1
1 523 66 321 261 23 60 1
1 523 67 321 261 23 59 1
1 523 68 321 261 23 59 1
1 523 69 321 261 23 59 1
1 523 70 321 261 23 59 1
1 523 71 321 261 23 59 1
1 523 72 323 261 23 59 1
1 523 73 323 259 23 59 1
1 523 74 323 259 23 59 1
1 523 75 323 259 23 59 1
1 523 76 323 259 23 59 1
1 523 77 323 259 23 59 1
1 523 78 323 259 23 59 1
1 523 79 323 259 23 59 1
1 523 80 323 259 23 57 1
1 523 81 323 259 23 57 1
1 523 82 323 257 23 59 1
1 523 83 323 257 23 59 1
1 523 84 323 257 23 59 1
1 523 85 323 257 23 59 1
1 523 86 323 257 23 59 1
1 523 87 323 257 23 57 1
1 523 88 323 257 23 57 1
1 523 89 323 257 23 57 1
1 523 90 323 257 23 57 1
1 523 91 325 256 21 58 1
1 523 92 325 256 21 58 1
1 523 93 325 256 21 58 1
1 523 94 325 256 21 58 1
1 523 95 325 256 21 56 1
1 523 96 325 256 21 56 1
1 523 97 325 256 21 56 1
1 523 98 325 256 21 56 1
1 523 99 325 256 21 56 1
1 523 100 325 254 21 58 1
1 523 101 325 254 21 58 1
1 523 102 325 254 21 57 1
1 523 103 325 254 21 57 1
1 523 104 325 254 21 57 1
1 523 105 325 254 21 57 1
1 523 106 325 254 21 57 1
1 523 107 325 254 21 57 1
1 523 108 325 254 21 57 1
1 523 109 327 254 21 57 1
1 523 110 325 254 21 55 1
1 523 111 325 254 21 55 1
1 523 112 325 254 21 55 1
1 523 113 325 254 21 55 1
1 523 114 325 254 21 55 1
1 523 115 325 254 21 55 1
1 523 116 323 254 21 55 1
1 523 117 323 254 21 55 1
1 523 118 323 254 21 55 1
1 523 119 323 254 21 55 1
1 523 120 323 254 21 55 1
1 523 121 323 254 21 55 1
1 523 122 323 254 21 55 1
1 523 123 321 254 22 55 1
1 523 124 321 254 22 55 1
1 523 125 321 254 22 55 1
1 523 126 321 254 22 55 1
1 523 127 321 254 22 55 1
1 523 128 321 254 22 55 1
1 523 129 321 254 22 55 1
1 523 130 320 254 21 55 1
1 523 131 320 254 21 55 1
1 523 132 320 254 21 55 1
1 523 133 320 254 21 55 1
1 523 134 320 254 21 55 1
1 523 135 320 254 21 55 1
1 523 136 320 254 21 55 1
1 523 137 318 254 21 55 1
1 523 138 318 254 21 55 1
1 523 139 318 254 21 55 1
1 523 140 318 254 21 55 1
1 523 141 318 254 21 55 1
1 523 142 318 254 21 55 1
1 523 143 318 254 21 55 1
1 523 144 316 254 21 55 1
1 523 145 316 254 21 55 1
1 523 146 316 254 21 55 1
1 523 147 316 254 21 55 1
1 523 148 316 254 21 55 1
1 523 149 316 254 21 55 1
1 523 150 316 254 21 55 1
1 523 151 314 252 22 55 1
1 523 152 314 252 22 55 1
1 523 153 314 252 22 55 1
1 523 154 314 252 22 55 1
1 523 155 314 252 22 55 1
1 523 156 314 252 22 55 1
1 523 157 314 252 22 55 1
1 523 158 314 252 22 55 1
1 523 159 314 252 20 55 1
1 523 160 312 252 22 55 1
1 523 161 312 252 22 55 1
1 523 162 312 252 22 55 1
1 523 163 312 252 22 55 1
1 523 164 312 252 22 53 1
1 523 165 312 252 22 53 1
1 523 166 312 252 22 53 1
1 523 167 312 252 22 53 1
1 523 168 312 252 20 53 1
1 523 169 312 252 20 53 1
1 523 170 311 250 21 55 1
1 523 171 311 250 21 55 1
1 523 172 311 250 21 55 1
1 523 173 311 250 21 55 1
1 523 174 311 250 21 55 1
1 523 175 311 250 21 55 1
1 523 176 311 250 19 55 1
1 523 177 311 250 19 54 1
1 523 178 311 250 19 54 1
1 523 179 311 250 19 54 1
1 523 180 309 250 21 54 1
1 523 181 309 250 21 54 1
1 523 182 309 250 21 54 1
1 523 183 309 250 21 54 1
1 523 184 309 250 21 54 1
1 523 185 309 250 19 54 1
1 523 186 309 250 19 54 1
1 523 187 309 250 19 54 1
1 523 188 309 250 19 54 1
1 523 189 309 250 19 54 1
1 523 190 307 248 21 54 1
1 523 191 307 248 21 54 1
1 523 192 307 248 21 54 1
1 523 193 307 248 20 54 1
1 523 194 307 248 20 54 1
1 523 195 307 248 20 54 1
1 523 196 307 248 20 54 1
1 523 197 307 248 20 54 1
1 523 198 307 248 20 54 1
1 523 199 307 248 20 54 1
1 523 200 305 248 22 54 1
1 523 201 305 248 22 54 1
1 523 202 305 248 20 54 1
1 523 203 305 248 20 52 1
1 523 204 305 248 20 52 1
1 523 205 305 248 20 52 1
1 523 206 305 248 20 52 1
1 523 207 305 248 20 52 1
1 523 208 305 248 20 52 1
1 523 209 305 248 20 52 1
1 523 210 304 247 19 53 1
1 523 211 304 247 19 53 1
1 523 212 304 247 19 53 1
1 523 213 304 247 19 53 1
1 523 214 304 247 19 53 1
1 523 215 304 247 19 53 1
1 523 216 304 247 19 53 1
1 523 217 304 247 19 51 1
1 523 218 304 247 19 51 1
1 523 219 304 247 17 51 1
1 523 220 302 247 19 51 1
1 523 221 302 247 19 51 1
1 523 222 302 247 19 51 1
1 523 223 302 247 19 51 1
1 523 224 302 247 19 51 1
1 523 225 302 247 19 51 1
1 523 226 302 247 19 51 1
1 523 227 302 247 18 51 1
1 523 228 302 247 18 51 1
1 523 229 302 247 18 51 1
1 523 230 300 245 20 51 1
1 523 231 300 245 20 51 1
1 523 232 300 245 20 51 1
1 523 233 300 245 20 51 1
1 523 234 300 245 20 51 1
1 523 235 300 245 20 51 1
1 523 236 300 245 18 51 1
1 523 237 300 245 18 51 1
1 523 238 300 245 18 51 1
1 523 239 300 245 18 51 1
1 523 240 298 245 20 51 1
1 523 241 298 245 20 51 1
1 523 242 298 245 20 51 1
1 523 243 298 245 20 50 1
1 523 244 298 245 18 50 1
1 523 245 298 245 18 50 1
1 523 246 298 245 18 50 1
1 523 247 298 245 18 50 1
1 523 248 298 245 18 50 1
1 523 249 298 245 18 50 1
1 523 250 296 243 20 52 1
1 523 251 296 243 20 52 1
1 523 252 296 243 20 52 1
1 523 253 296 243 18 52 1
1 523 254 296 243 18 52 1
1 523 255 296 243 18 52 1
1 523 256 296 243 18 50 1
1 523 257 296 243 18 50 1
1 523 258 296 243 18 50 1
1 523 259 296 243 18 50 1
1 523 260 295 243 19 50 1
1 523 261 295 243 17 50 1
1 523 262 295 243 17 50 1
1 523 263 295 243 17 50 1
1 523 264 295 243 17 50 1
1 523 265 295 243 17 50 1
1 523 266 295 243 17 50 1
1 523 267 295 243 17 50 1
1 523 268 295 243 17 50 1
1 523 269 295 243 17 50 1
1 523 270 293 241 18 50 1
1 523 271 293 241 18 50 1
1 523 272 293 241 18 50 1
1 523 273 293 241 18 50 1
1 523 274 293 241 18 50 1
1 523 275 293 241 18 50 1
1 523 276 293 241 16 50 1
1 523 277 291 241 18 50 1
1 523 278 291 241 18 50 1
1 523 279 291 241 18 50 1
1 523 280 291 241 18 50 1
1 523 281 291 241 18 50 1
1 523 282 291 241 16 50 1
1 523 283 291 241 16 50 1
1 523 284 291 241 16 50 1
1 523 285 289 241 18 48 1
1 523 286 289 241 18 48 1
1 523 287 289 241 18 48 1
1 523 288 289 241 16 48 1
1 523 289 289 241 16 48 1
1 523 290 289 241 16 48 1
1 523 291 289 241 16 48 1
1 523 292 288 241 17 48 1
1 523 293 288 241 17 48 1
1 523 294 288 241 16 48 1
1 523 295 288 241 16 48 1
1 523 296 288 241 16 48 1
1 523 297 288 241 16 48 1
1 523 298 288 241 16 48 1
1 523 299 288 241 16 48 1
1 523 300 288 240 16 48 1
1 523 301 286 238 18 48 1
1 523 302 286 238 18 48 1
1 523 303 286 238 18 48 1
1 523 304 286 238 18 48 1
1 523 305 286 238 18 48 1
1 523 306 286 238 18 48 1
1 523 307 286 238 18 48 1
1 523 308 286 238 18 48 1
1 523 309 286 238 18 48 1
1 523 310 286 238 18 48 1
1 523 311 286 238 18 48 1
1 523 312 286 238 19 48 1
1 523 313 286 238 19 48 1
1 523 314 286 238 19 48 1
1 523 315 286 238 19 48 1
1 523 316 286 238 19 48 1
1 523 317 286 238 19 48 1
1 523 318 286 238 19 48 1
1 523 319 286 238 19 48 1
1 523 320 286 238 19 48 1
1 523 321 286 238 19 48 1
1 523 322 286 238 19 48 1
1 523 323 286 238 19 48 1
1 523 324 286 238 21 48 1
1 523 325 286 238 21 48 1
1 523 326 286 238 21 48 1
1 523 327 286 238 21 48 1
1 523 328 286 238 21 48 1
1 523 329 286 238 21 48 1
1 523 330 286 238 21 48 1
1 523 331 286 238 21 48 1
1 523 332 286 238 21 48 1
1 523 333 286 238 21 48 1
1 523 334 286 238 21 48 1
1 523 335 286 238 21 48 1
1 523 336 286 238 23 48 1
1 523 337 284 236 23 48 1
1 523 338 284 236 23 48 1
1 523 339 284 236 23 48 1
1 523 340 284 236 23 48 1
1 523 341 284 236 23 48 1
1 523 342 284 236 23 48 1
1 523 343 284 236 23 48 1
1 523 344 284 236 23 48 1
1 523 345 284 236 23 48 1
1 523 346 284 236 23 48 1
1 523 347 284 236 23 48 1
1 523 348 284 236 23 48 1
1 523 349 284 236 23 48 1
1 523 350 284 236 23 48 1
1 523 351 284 236 23 48 1
1 523 352 282 236 23 48 1
1 523 353 282 236 23 48 1
1 523 354 282 236 23 48 1
1 523 355 282 236 23 48 1
1 523 356 282 236 23 48 1
1 523 357 282 236 23 48 1
1 523 358 282 236 23 48 1
1 523 359 282 236 23 48 1
1 523 360 282 236 23 48 1
1 523 361 282 236 23 48 1
1 523 362 282 236 23 48 1
1 523 363 282 236 23 48 1
1 523 364 282 236 23 48 1
1 523 365 282 236 23 48 1
1 523 366 282 236 23 48 1
1 523 367 282 236 23 48 1
1 523 368 280 234 24 50 1
1 523 369 280 234 24 50 1
1 523 370 280 234 24 50 1
1 523 371 280 234 24 50 1
1 523 372 280 234 24 50 1
1 523 373 279 234 23 50 1
1 523 374 279 234 23 50 1
1 523 375 279 234 23 50 1
1 523 376 279 234 23 50 1
1 523 377 279 234 23 50 1
1 523 378 279 234 23 50 1
1 523 379 277 234 23 50 1
1 523 380 277 234 23 50 1
1 523 381 277 234 23 50 1
1 523 382 277 234 23 50 1
1 523 383 277 234 23 50 1
1 523 384 277 234 23 50 1
1 523 385 275 234 23 50 1
1 523 386 275 234 23 50 1
1 523 387 275 234 23 50 1
1 523 388 275 234 23 50 1
1 523 389 275 234 23 50 1
1 523 390 275 234 23 50 1
1 523 391 273 234 23 50 1
1 523 392 273 234 23 50 1
1 523 393 273 234 23 50 1
1 523 394 273 234 23 50 1
1 523 395 273 234 23 50 1
1 523 396 273 234 23 50 1
1 523 397 272 234 23 48 1
1 523 398 272 234 23 48 1
1 523 399 272 234 23 48 1
1 523 400 272 234 23 48 1
1 523 401 272 234 23 48 1
1 523 402 272 234 23 48 1
1 523 403 272 234 23 48 1
1 523 404 272 234 23 48 1
1 523 405 272 234 23 48 1
1 523 406 272 234 23 48 1
1 523 407 272 234 23 48 1
1 523 408 272 234 23 48 1
1 523 409 272 234 23 48 1
1 523 410 272 234 23 48 1
1 523 411 272 234 23 48 1
1 523 412 272 234 23 48 1
1 523 413 272 234 23 48 1
1 523 414 272 234 23 46 1
1 523 415 272 234 23 46 1
1 523 416 272 234 23 46 1
1 523 417 272 234 23 46 1
1 523 418 272 234 23 46 1
1 523 419 272 234 23 46 1
1 523 420 272 234 23 46 1
1 523 421 272 234 23 46 1
1 523 422 272 234 23 46 1
1 523 423 272 234 23 46 1
1 523 424 272 234 23 46 1
1 523 425 272 234 23 46 1
1 523 426 272 234 23 46 1
1 523 427 272 234 23 46 1
1 523 428 272 234 23 46 1
1 523 429 272 234 23 46 1
1 523 430 272 234 23 46 1
1 523 431 272 232 23 47 1
1 523 432 272 232 23 47 1
1 523 433 272 232 23 47 1
1 523 434 272 232 23 47 1
1 523 435 272 232 23 47 1
1 523 436 272 232 23 47 1
1 523 437 272 232 23 47 1
1 523 438 272 231 23 46 1
1 523 439 272 231 23 46 1
1 523 440 273 231 23 46 1
1 523 441 273 231 23 46 1
1 523 442 273 231 23 46 1
1 523 443 273 231 23 46 1
1 523 444 273 231 23 46 1
1 523 445 273 229 23 46 1
1 523 446 273 229 23 46 1
1 523 447 273 229 23 46 1
1 523 448 273 229 23 46 1
1 523 449 275 229 23 46 1
1 523 450 275 229 23 46 1
1 523 451 275 229 23 46 1
1 523 452 275 227 23 46 1
1 523 453 275 227 23 46 1
1 523 454 275 227 23 46 1
1 523 455 275 227 23 46 1
1 523 456 275 227 23 46 1
1 523 457 275 227 23 46 1
1 523 458 277 227 23 46 1
1 523 459 277 227 23 46 1
1 523 460 277 227 23 46 1
1 523 461 277 227 23 46 1
1 523 462 279 227 23 46 1
1 523 463 279 227 23 46 1
1 523 464 279 227 23 46 1
1 523 465 280 227 24 46 1
1 523 466 280 227 24 46 1
1 523 467 280 227 24 46 1
1 523 468 280 227 24 46 1
1 523 469 282 227 23 46 1
1 523 470 282 227 23 46 1
1 523 471 282 227 23 46 1
1 523 472 284 227 23 46 1
1 523 473 284 227 23 46 1
1 523 474 284 227 23 46 1
1 523 475 286 229 23 46 1
1 523 476 286 229 23 46 1
1 523 477 286 229 23 46 1
1 523 478 286 229 23 46 1
1 523 479 286 229 23 46 1
1 523 480 286 229 23 46 1
1 523 481 286 229 23 46 1
1 523 482 288 229 23 46 1
1 523 483 288 229 23 46 1
1 523 484 288 229 23 46 1
1 523 485 288 229 23 46 1
1 523 486 288 229 23 46 1
1 523 487 288 229 23 46 1
1 523 488 289 229 23 46 1
1 523 489 289 229 23 46 1
1 523 490 289 229 23 46 1
1 523 491 289 229 23 46 1
1 523 492 289 229 23 46 1
1 523 493 289 229 23 46 1
1 523 494 291 229 23 46 1
1 523 495 291 229 23 46 1
1 523 496 291 229 23 46 1
1 523 497 291 229 23 46 1
1 523 498 291 229 23 46 1
1 523 499 291 229 23 46 1
1 523 500 291 229 23 46 1
1 523 501 291 229 23 46 1
1 523 502 293 229 23 46 1
1 523 503 293 229 23 46 1
1 523 504 293 229 23 46 1
1 523 505 293 229 23 46 1
1 523 506 293 229 23 46 1
1 523 507 293 229 23 46 1
1 523 508 293 229 23 46 1
1 523 509 293 229 23 46 1
1 523 510 295 229 23 46 1
1 523 511 295 229 23 46 1
1 523 512 295 229 23 46 1
1 523 513 295 229 23 46 1
1 523 514 295 229 23 46 1
1 523 515 295 229 23 46 1
1 523 516 295 229 23 46 1
1 523 517 296 229 24 46 1
1 523 518 296 229 24 46 1
1 523 519 296 229 24 46 1
1 523 520 296 229 24 46 1
1 523 521 296 229 24 46 1
1 523 522 296 229 24 46 1
2 265 357 435 654 91 64 5
2 265 358 424 647 95 71 5
2 265 359 416 640 96 78 5
2 265 360 407 632 97 86 5
2 265 361 398 625 99 93 5
2 265 362 387 618 103 100 5
2 265 363 378 611 105 107 5
2 265 364 369 604 107 114 5
2 265 365 360 597 109 121 5
2 265 366 352 592 110 126 5
2 265 367 346 584 109 134 5
2 265 368 341 577 108 141 5
2 265 369 336 572 106 146 5
2 265 370 330 565 107 153 5
2 265 371 327 560 103 158 5
2 265 372 321 552 103 166 5
2 265 373 316 547 101 171 5
2 265 374 311 540 101 178 5
2 265 375 307 535 100 183 5
2 265 376 304 529 97 185 5
2 265 377 300 526 96 186 5
2 265 378 296 522 96 189 5
2 265 379 293 517 94 192 5
2 265 380 291 513 93 194 5
2 265 381 288 510 90 195 5
2 265 382 284 504 91 200 5
2 265 383 280 501 89 201 5
2 265 384 277 497 89 203 5
2 265 385 275 492 85 206 5
2 265 386 272 488 85 208 5
2 265 387 268 485 84 210 5
2 265 388 264 480 84 213 5
2 265 389 261 476 82 215 5
2 265 390 259 472 80 217 5
2 265 391 256 469 80 215 5
2 265 392 254 465 78 214 5
2 265 393 250 464 78 211 5
2 265 394 248 460 77 210 5
2 265 395 247 458 76 208 5
2 265 396 243 455 77 206 5
2 265 397 241 453 75 204 5
2 265 398 238 449 74 203 5
2 265 399 236 448 75 199 5
2 265 400 234 444 73 199 5
2 265 401 231 442 73 196 5
2 265 402 229 439 71 195 5
2 265 403 227 437 71 192 5
2 265 404 224 433 71 192 5
2 265 405 222 432 69 188 5
2 265 406 218 428 70 187 5
2 265 407 216 426 70 185 5
2 265 408 215 423 67 183 5
2 265 409 211 421 68 181 5
2 265 410 209 417 66 180 5
2 265 411 208 416 65 177 5
2 265 412 206 412 66 178 5
2 265 413 204 410 66 176 5
2 265 414 202 408 66 175 5
2 265 415 200 407 68 172 5
2 265 416 199 405 67 171 5
2 265 417 197 403 67 169 5
2 265 418 195 400 68 168 5
2 265 419 193 398 70 167 5
2 265 420 192 396 69 165 5
2 265 421 190 394 69 164 5
2 265 422 188 392 69 162 5
2 265 423 186 391 71 161 5
2 265 424 186 387 70 162 5
2 265 425 186 385 68 162 5
2 265 426 186 384 66 160 5
2 265 427 186 382 66 160 5
2 265 428 186 380 64 158 5
2 265 429 186 378 62 158 5
2 265 430 186 376 61 157 5
2 265 431 186 375 61 156 5
2 265 432 186 373 61 155 5
2 265 433 188 371 60 155 5
2 265 434 190 369 60 153 5
2 265 435 192 369 60 151 5
2 265 436 193 368 61 149 5
2 265 437 195 366 59 149 5
2 265 438 197 364 59 148 5
2 265 439 199 364 58 146 5
2 265 440 200 362 59 144 5
2 265 441 202 360 59 144 5
2 265 442 204 359 57 142 5
2 265 443 206 359 57 140 5
2 265 444 208 357 56 139 5
2 265 445 209 355 57 139 5
2 265 446 211 353 57 137 5
2 265 447 213 353 57 135 5
2 265 448 215 352 57 133 5
2 265 449 218 350 57 133 5
2 265 450 222 348 55 133 5
2 265 451 224 348 56 132 5
2 265 452 227 346 57 132 5
2 265 453 231 344 55 132 5
2 265 454 232 344 57 130 5
2 265 455 236 343 55 129 5
2 265 456 240 341 55 130 5
2 265 457 241 341 57 128 5
2 265 458 245 339 55 128 5
2 265 459 248 337 56 128 5
2 265 460 252 337 55 127 5
2 265 461 254 336 55 126 5
2 265 462 257 336 54 124 5
2 265 463 259 334 55 124 5
2 265 464 263 334 53 122 5
2 265 465 266 332 54 123 5
2 265 466 268 332 53 121 5
2 265 467 272 330 53 121 5
2 265 468 275 330 52 119 5
2 265 469 277 328 51 120 5
2 265 470 280 328 52 118 5
2 265 471 282 327 52 117 5
2 265 472 286 327 51 115 5
2 265 473 289 325 50 115 5
2 265 474 291 325 52 114 5
2 265 475 295 323 49 114 5
2 265 476 298 323 50 112 5
2 265 477 300 321 48 112 5
2 265 478 302 321 48 111 5
2 265 479 304 320 48 110 5
2 265 480 305 320 48 110 5
2 265 481 307 320 48 108 5
2 265 482 309 318 48 108 5
2 265 483 311 318 46 108 5
2 265 484 312 318 47 106 5
2 265 485 314 316 46 107 5
2 265 486 316 316 46 107 5
2 265 487 318 314 46 107 5
2 265 488 320 314 46 105 5
2 265 489 321 314 45 105 5
2 265 490 323 312 45 105 5
2 265 491 325 312 44 104 5
2 265 492 327 312 44 104 5
2 265 493 328 311 45 103 5
2 265 494 330 311 45 101 5
2 265 495 334 311 42 101 5
2 265 496 334 309 42 101 5
2 265 497 336 309 40 99 5
2 265 498 336 307 40 101 5
2 265 499 337 307 41 100 5
2 265 500 337 307 41 98 5
2 265 501 339 305 39 100 5
2 265 502 339 305 41 98 5
2 265 503 341 304 39 97 5
2 265 504 341 304 39 97 5
2 265 505 343 304 39 96 5
2 265 506 343 302 39 96 5
2 265 507 344 302 38 96 5
2 265 508 344 300 38 96 5
2 265 509 346 300 38 94 5
2 265 510 346 300 38 94 5
2 265 511 348 298 36 94 5
2 265 512 348 298 37 93 5
2 265 513 350 296 35 95 5
2 265 514 350 296 35 93 5
2 265 515 352 296 35 93 5
2 265 516 352 295 35 92 5
2 265 517 352 295 35 92 5
2 265 518 352 295 35 90 5
2 265 519 352 295 35 90 5
2 265 520 352 293 35 91 5
2 265 521 352 293 35 91 5
2 265 522 352 293 35 89 5
2 265 523 352 293 35 89 5
2 265 524 352 291 35 89 5
2 265 525 352 291 35 89 5
2 265 526 352 291 35 87 5
2 265 527 352 291 35 87 5
2 265 528 352 289 35 87 5
2 265 529 352 289 35 87 5
2 265 530 352 289 35 86 5
2 265 531 352 289 35 86 5
2 265 532 352 288 35 85 5
2 265 533 352 288 35 85 5
2 265 534 352 288 35 83 5
2 265 535 352 288 35 83 5
2 265 536 352 286 35 83 5
2 265 537 352 286 35 83 5
2 265 538 352 286 35 82 5
2 265 539 352 286 35 82 5
2 265 540 352 286 35 82 5
2 265 541 350 284 35 82 5
2 265 542 350 284 35 82 5
2 265 543 350 284 35 80 5
2 265 544 350 284 35 80 5
2 265 545 350 282 34 80 5
2 265 546 348 282 36 80 5
2 265 547 348 282 36 78 5
2 265 548 348 282 36 78 5
2 265 549 348 280 34 79 5
2 265 550 348 280 34 79 5
2 265 551 348 280 34 77 5
2 265 552 346 280 36 77 5
2 265 553 346 279 34 76 5
2 265 554 346 279 34 76 5
2 265 555 346 279 34 74 5
2 265 556 346 279 34 74 5
2 265 557 346 279 34 74 5
2 265 558 344 277 34 75 5
2 265 559 344 277 34 75 5
2 265 560 344 277 34 73 5
2 265 561 344 277 32 73 5
2 265 562 343 277 33 73 5
2 265 563 343 275 33 73 5
2 265 564 343 275 32 73 5
2 265 565 343 275 32 71 5
2 265 566 341 275 34 71 5
2 265 567 341 275 32 71 5
2 265 568 341 273 32 71 5
2 265 569 341 273 32 71 5
2 265 570 339 273 32 71 5
2 265 571 339 273 32 70 5
2 265 572 339 273 32 70 5
2 265 573 339 272 30 69 5
2 265 574 337 272 32 69 5
2 265 575 337 272 32 69 5
2 265 576 337 272 31 67 5
2 265 577 337 272 31 67 5
2 265 578 337 272 31 67 5
2 265 579 336 270 30 67 5
2 265 580 336 270 30 67 5
2 265 581 334 270 30 67 5
2 265 582 334 270 30 67 5
2 265 583 332 270 30 67 5
2 265 584 332 270 30 67 5
2 265 585 330 270 30 67 5
2 265 586 330 270 30 67 5
2 265 587 328 268 31 69 5
2 265 588 328 268 31 69 5
2 265 589 327 268 30 69 5
2 265 590 327 268 30 69 5
2 265 591 325 268 30 69 5
2 265 592 325 268 30 69 5
2 265 593 323 268 30 69 5
2 265 594 323 268 30 69 5
2 265 595 323 268 30 69 5
2 265 596 321 266 31 70 5
2 265 597 320 266 30 70 5
2 265 598 320 266 30 68 5
2 265 599 318 266 30 68 5
2 265 600 316 264 30 68 5
2 265 601 316 264 30 68 5
2 265 602 314 264 30 66 5
2 265 603 314 264 30 66 5
2 265 604 312 263 31 67 5
2 265 605 311 263 30 65 5
2 265 606 311 263 30 65 5
2 265 607 309 263 30 64 5
2 265 608 307 261 30 66 5
2 265 609 307 261 30 64 5
2 265 610 305 261 31 64 5
2 265 611 305 261 31 64 5
2 265 612 304 259 30 64 5
2 265 613 304 259 30 64 5
2 265 614 302 259 30 64 5
2 265 615 302 257 30 64 5
2 265 616 300 257 30 64 5
2 265 617 300 257 30 64 5
2 265 618 298 256 30 64 5
2 265 619 298 256 30 64 5
2 265 620 296 256 31 64 5
2 265 621 296 256 31 64 5
3 322 0 284 302 12 23 4
3 322 1 284 300 12 23 4
3 322 2 286 300 12 23 4
3 322 3 286 300 12 23 4
3 322 4 288 300 12 23 4
3 322 5 289 300 13 23 4
3 322 6 289 300 13 23 4
3 322 7 291 300 13 23 4
3 322 8 291 300 13 23 4
3 322 9 293 300 12 23 4
3 322 10 295 300 12 23 4
3 322 11 295 300 12 23 4
3 322 12 296 300 13 23 4
3 322 13 296 298 13 23 4
3 322 14 298 298 13 23 4
3 322 15 300 298 12 23 4
3 322 16 300 298 12 23 4
3 322 17 302 298 12 23 4
3 322 18 302 298 12 23 4
3 322 19 304 298 12 23 4
3 322 20 305 298 13 23 4
3 322 21 305 298 13 23 4
3 322 22 307 298 13 23 4
3 322 23 307 298 13 23 4
3 322 24 309 298 12 23 4
3 322 25 311 298 12 23 4
3 322 26 311 296 12 24 4
3 322 27 311 296 12 24 4
3 322 28 311 296 12 24 4
3 322 29 311 296 12 24 4
3 322 30 311 296 12 24 4
3 322 31 311 296 12 24 4
3 322 32 311 296 12 24 4
3 322 33 311 295 12 23 4
3 322 34 311 295 12 23 4
3 322 35 312 295 13 23 4
3 322 36 312 295 13 23 4
3 322 37 312 295 13 23 4
3 322 38 312 295 13 23 4
3 322 39 312 295 13 23 4
3 322 40 312 295 13 23 4
3 322 41 312 293 13 23 4
3 322 42 312 293 13 23 4
3 322 43 312 293 13 23 4
3 322 44 314 293 13 23 4
3 322 45 314 293 13 23 4
3 322 46 314 293 13 23 4
3 322 47 314 293 13 23 4
3 322 48 314 291 13 23 4
3 322 49 314 291 13 23 4
3 322 50 314 291 13 23 4
3 322 51 314 291 13 23 4
3 322 52 314 291 13 23 4
3 322 53 314 291 13 23 4
3 322 54 316 291 12 23 4
3 322 55 316 291 12 23 4
3 322 56 316 289 12 23 4
3 322 57 316 289 12 23 4
3 322 58 316 289 12 23 4
3 322 59 316 289 12 23 4
3 322 60 316 289 12 23 4
3 322 61 316 289 12 23 4
3 322 62 316 289 12 23 4
3 322 63 318 289 12 23 4
3 322 64 318 288 12 23 4
3 322 65 318 288 12 23 4
3 322 66 318 288 12 23 4
3 322 67 318 288 12 23 4
3 322 68 318 288 12 23 4
3 322 69 318 288 12 23 4
3 322 70 318 286 12 23 4
3 322 71 318 286 12 23 4
3 322 72 320 286 12 23 4
3 322 73 320 286 12 23 4
3 322 74 320 286 12 23 4
3 322 75 320 286 12 23 4
3 322 76 320 286 12 23 4
3 322 77 320 284 12 23 4
3 322 78 320 284 12 23 4
3 322 79 320 284 12 23 4
3 322 80 320 284 12 23 4
3 322 81 321 284 13 23 4
3 322 82 321 284 13 23 4
3 322 83 321 284 13 23 4
3 322 84 321 282 13 23 4
3 322 85 321 282 13 23 4
3 322 86 321 282 13 23 4
3 322 87 321 282 13 23 4
3 322 88 321 282 13 23 4
3 322 89 321 282 13 23 4
3 322 90 323 282 13 23 4
3 322 91 323 282 13 23 4
3 322 92 323 282 13 23 4
3 322 93 323 282 13 23 4
3 322 94 323 282 13 23 4
3 322 95 323 282 13 23 4
3 322 96 323 282 13 23 4
3 322 97 323 282 13 23 4
3 322 98 323 282 13 23 4
3 322 99 323 282 13 23 4
3 322 100 323 282 13 23 4
3 322 101 323 282 13 23 4
3 322 102 323 282 13 23 4
3 322 103 323 282 13 23 4
3 322 104 323 282 13 23 4
3 322 105 323 282 13 23 4
3 322 106 323 282 13 23 4
3 322 107 323 282 13 23 4
3 322 108 323 282 13 23 4
3 322 109 323 282 13 23 4
3 322 110 323 282 13 23 4
3 322 111 323 282 13 23 4
3 322 112 323 282 13 23 4
3 322 113 323 282 13 23 4
3 322 114 323 282 13 23 4
3 322 115 323 284 13 23 4
3 322 116 321 282 13 23 4
3 322 117 321 280 13 24 4
3 322 118 321 280 13 24 4
3 322 119 321 279 13 23 4
3 322 120 321 277 13 23 4
3 322 121 321 277 13 23 4
3 322 122 320 275 12 23 4
3 322 123 320 275 12 23 4
3 322 124 320 275 12 23 4
3 322 125 320 275 12 23 4
3 322 126 320 275 12 23 4
3 322 127 320 275 12 23 4
3 322 128 320 275 12 23 4
3 322 129 318 275 12 23 4
3 322 130 318 275 12 23 4
3 322 131 318 275 12 23 4
3 322 132 318 275 12 23 4
3 322 133 318 275 12 23 4
3 322 134 318 273 12 23 4
3 322 135 318 273 12 23 4
3 322 136 318 273 12 23 4
3 322 137 316 273 12 23 4
3 322 138 316 273 12 23 4
3 322 139 316 273 12 23 4
3 322 140 316 273 12 23 4
3 322 141 316 273 12 23 4
3 322 142 316 273 12 23 4
3 322 143 316 273 12 23 4
3 322 144 314 273 13 23 4
3 322 145 314 273 13 23 4
3 322 146 314 273 13 23 4
3 322 147 314 272 13 23 4
3 322 148 314 272 13 23 4
3 322 149 314 272 13 23 4
3 322 150 314 272 13 23 4
3 322 151 314 272 13 23 4
3 322 152 312 272 13 23 4
3 322 153 312 272 13 23 4
3 322 154 312 272 13 23 4
3 322 155 312 272 13 23 4
3 322 156 312 272 13 23 4
3 322 157 312 272 13 23 4
3 322 158 312 272 13 23 4
3 322 159 312 272 13 23 4
3 322 160 311 272 12 23 4
3 322 161 311 272 12 23 4
3 322 162 311 272 12 23 4
3 322 163 311 272 12 23 4
3 322 164 311 272 12 23 4
3 322 165 311 272 12 23 4
3 322 166 311 272 12 23 4
3 322 167 309 272 12 23 4
3 322 168 309 272 12 23 4
3 322 169 309 272 12 23 4
3 322 170 309 272 12 23 4
3 322 171 309 272 12 23 4
3 322 172 309 272 12 23 4
3 322 173 309 272 12 23 4
3 322 174 307 272 13 23 4
3 322 175 307 272 13 23 4
3 322 176 307 272 13 23 4
3 322 177 307 272 13 23 4
3 322 178 307 272 13 23 4
3 322 179 307 272 13 23 4
3 322 180 307 272 13 23 4
3 322 181 307 272 13 23 4
3 322 182 305 272 13 23 4
3 322 183 305 272 13 23 4
3 322 184 305 272 13 23 4
3 322 185 305 272 13 23 4
3 322 186 305 272 13 23 4
3 322 187 305 272 13 23 4
3 322 188 305 272 13 23 4
3 322 189 304 272 12 23 4
3 322 190 304 272 12 23 4
3 322 191 304 272 12 23 4
3 322 192 304 272 12 23 4
3 322 193 304 272 12 23 4
3 322 194 304 272 12 23 4
3 322 195 304 272 12 23 4
3 322 196 302 272 12 23 4
3 322 197 302 272 12 23 4
3 322 198 302 272 12 23 4
3 322 199 302 272 12 23 4
3 322 200 302 272 12 23 4
3 322 201 302 272 12 23 4
3 322 202 302 272 12 23 4
3 322 203 302 273 12 23 4
3 322 204 300 272 12 23 4
3 322 205 300 272 12 23 4
3 322 206 300 272 12 23 4
3 322 207 300 272 12 23 4
3 322 208 300 272 12 23 4
3 322 209 300 272 12 23 4
3 322 210 300 272 12 23 4
3 322 211 298 272 13 23 4
3 322 212 298 272 13 23 4
3 322 213 298 272 13 23 4
3 322 214 298 270 13 23 4
3 322 215 298 270 13 23 4
3 322 216 298 270 13 23 4
3 322 217 298 270 13 23 4
3 322 218 298 270 13 23 4
3 322 219 296 270 13 23 4
3 322 220 296 270 13 23 4
3 322 221 296 270 13 23 4
3 322 222 296 270 13 23 4
3 322 223 296 270 13 23 4
3 322 224 296 268 13 23 4
3 322 225 296 268 13 23 4
3 322 226 296 268 13 23 4
3 322 227 295 268 12 23 4
3 322 228 295 268 12 23 4
3 322 229 295 268 12 23 4
3 322 230 295 268 12 23 4
3 322 231 295 268 12 23 4
3 322 232 295 268 12 23 4
3 322 233 295 268 12 23 4
3 322 234 295 266 12 23 4
3 322 235 293 266 12 23 4
3 322 236 293 266 12 23 4
3 322 237 293 266 12 23 4
3 322 238 293 266 12 23 4
3 322 239 293 266 12 23 4
3 322 240 293 266 12 23 4
3 322 241 293 266 12 23 4
3 322 242 293 266 12 23 4
3 322 243 291 266 13 23 4
3 322 244 291 264 13 24 4
3 322 245 291 264 13 24 4
3 322 246 291 264 13 24 4
3 322 247 291 264 13 24 4
3 322 248 291 264 13 24 4
3 322 249 291 264 13 24 4
3 322 250 291 264 13 24 4
3 322 251 289 264 13 24 4
3 322 252 289 264 13 24 4
3 322 253 289 264 13 24 4
3 322 254 289 263 13 23 4
3 322 255 289 263 13 23 4
3 322 256 289 263 13 23 4
3 322 257 289 263 13 23 4
3 322 258 289 263 13 23 4
3 322 259 288 263 12 23 4
3 322 260 288 263 12 23 4
3 322 261 288 263 12 23 4
3 322 262 288 263 12 23 4
3 322 263 288 263 12 23 4
3 322 264 288 261 12 23 4
3 322 265 288 261 12 23 4
3 322 266 288 261 12 23 4
3 322 267 286 261 12 23 4
3 322 268 286 261 12 23 4
3 322 269 286 261 12 23 4
3 322 270 286 261 12 23 4
3 322 271 286 261 12 23 4
3 322 272 286 261 12 23 4
3 322 273 286 261 12 23 4
3 322 274 286 261 12 23 4
3 322 275 284 259 12 23 4
3 322 276 284 259 12 23 4
3 322 277 284 259 12 23 4
3 322 278 284 259 12 23 4
3 322 279 284 259 12 23 4
3 322 280 284 259 12 23 4
3 322 281 284 259 12 23 4
3 322 282 284 259 12 23 4
3 322 283 284 259 12 23 4
3 322 284 284 259 12 23 4
3 322 285 284 259 12 23 4
3 322 286 284 259 12 23 4
3 322 287 284 259 12 23 4
3 322 288 284 259 12 23 4
3 322 289 284 259 12 23 4
3 322 290 284 259 12 23 4
3 322 291 284 259 12 23 4
3 322 292 284 259 12 23 4
3 322 293 284 259 12 23 4
3 322 294 284 259 12 23 4
3 322 295 284 259 12 23 4
3 322 296 284 259 12 23 4
3 322 297 284 259 12 23 4
3 322 298 282 257 13 23 4
3 322 299 282 257 13 23 4
3 322 300 282 257 13 23 4
3 322 301 282 257 13 23 4
3 322 302 282 257 13 23 4
3 322 303 282 257 13 23 4
3 322 304 282 257 13 23 4
3 322 305 282 257 13 23 4
3 322 306 282 257 13 23 4
3 322 307 282 257 13 23 4
3 322 308 282 257 13 23 4
3 322 309 282 257 13 23 4
3 322 310 282 257 13 23 4
3 322 311 282 257 13 23 4
3 322 312 282 257 13 23 4
3 322 313 282 257 13 23 4
3 322 314 282 257 13 23 4
3 322 315 282 257 13 23 4
3 322 316 282 257 13 23 4
3 322 317 282 257 13 23 4
3 322 318 282 257 13 23 4
3 322 319 282 257 13 23 4
3 322 320 282 257 13 23 4
3 322 321 282 257 13 23 4
4 322 600 321 263 27 53 1
4 322 601 320 261 26 53 1
4 322 602 318 261 26 53 1
4 322 603 318 261 26 53 1
4 322 604 316 261 27 53 1
4 322 605 316 261 27 53 1
4 322 606 314 259 27 53 1
4 322 607 312 259 27 53 1
4 322 608 312 259 27 53 1
4 322 609 311 259 26 53 1
4 322 610 311 259 26 53 1
4 322 611 309 257 27 54 1
4 322 612 307 257 27 54 1
4 322 613 307 257 27 54 1
4 322 614 305 257 27 54 1
4 322 615 305 257 27 54 1
4 322 616 304 256 26 53 1
4 322 617 302 256 26 53 1
4 322 618 302 256 26 53 1
4 322 619 300 256 27 53 1
4 322 620 300 256 27 53 1
4 322 621 298 254 27 53 1
4 322 622 298 254 27 53 1
4 322 623 296 254 27 53 1
4 322 624 296 254 27 53 1
4 322 625 296 254 27 53 1
4 322 626 295 254 26 53 1
4 322 627 295 252 26 53 1
4 322 628 295 252 26 53 1
4 322 629 293 252 27 53 1
4 322 630 293 252 27 53 1
4 322 631 291 252 27 53 1
4 322 632 291 252 27 53 1
4 322 633 291 250 27 54 1
4 322 634 289 250 27 54 1
4 322 635 289 250 27 54 1
4 322 636 289 250 27 54 1
4 322 637 288 250 26 54 1
4 322 638 288 250 26 54 1
4 322 639 288 250 26 54 1
4 322 640 286 248 26 54 1
4 322 641 286 248 26 54 1
4 322 642 284 248 27 54 1
4 322 643 284 248 27 54 1
4 322 644 282 248 27 54 1
4 322 645 282 248 27 54 1
4 322 646 282 248 27 54 1
4 322 647 280 248 27 54 1
4 322 648 280 247 27 53 1
4 322 649 279 247 26 53 1
4 322 650 279 247 26 53 1
4 322 651 279 247 26 53 1
4 322 652 277 247 27 53 1
4 322 653 277 247 27 53 1
4 322 654 275 247 27 53 1
4 322 655 275 247 27 53 1
4 322 656 275 247 27 53 1
4 322 657 273 245 27 53 1
4 322 658 273 245 27 53 1
4 322 659 272 245 26 53 1
4 322 660 272 245 26 53 1
4 322 661 272 243 26 53 1
4 322 662 270 243 26 53 1
4 322 663 270 243 26 53 1
4 322 664 270 243 26 53 1
4 322 665 268 243 27 53 1
4 322 666 268 241 27 54 1
4 322 667 266 241 27 54 1
4 322 668 266 241 27 54 1
4 322 669 266 241 27 54 1
4 322 670 264 241 27 54 1
4 322 671 264 240 27 53 1
4 322 672 264 240 27 53 1
4 322 673 263 240 26 53 1
4 322 674 263 240 26 53 1
4 322 675 263 240 26 53 1
4 322 676 261 238 27 53 1
4 322 677 261 238 27 53 1
4 322 678 259 238 27 53 1
4 322 679 259 238 27 53 1
4 322 680 257 238 27 53 1
4 322 681 257 238 27 53 1
4 322 682 256 236 26 53 1
4 322 683 256 236 26 53 1
4 322 684 256 236 26 53 1
4 322 685 254 236 26 53 1
4 322 686 254 236 26 53 1
4 322 687 252 236 27 53 1
4 322 688 252 234 27 54 1
4 322 689 250 234 27 54 1
4 322 690 250 234 27 54 1
4 322 691 248 234 27 54 1
4 322 692 248 234 27 54 1
4 322 693 248 234 27 54 1
4 322 694 247 232 26 54 1
4 322 695 247 232 26 54 1
4 322 696 245 232 27 54 1
4 322 697 245 232 27 54 1
4 322 698 243 232 27 54 1
4 322 699 243 232 27 54 1
4 322 700 243 232 27 54 1
4 322 701 241 232 27 54 1
4 322 702 241 232 27 54 1
4 322 703 240 232 26 54 1
4 322 704 240 232 26 54 1
4 322 705 240 232 26 54 1
4 322 706 238 232 26 54 1
4 322 707 238 232 26 54 1
4 322 708 236 232 27 54 1
4 322 709 236 232 27 54 1
4 322 710 236 232 27 54 1
4 322 711 234 231 27 53 1
4 322 712 234 231 27 53 1
4 322 713 232 231 27 53 1
4 322 714 232 231 27 53 1
4 322 715 231 231 26 53 1
4 322 716 231 231 26 53 1
4 322 717 229 231 27 53 1
4 322 718 229 231 27 53 1
4 322 719 227 231 27 53 1
4 322 720 227 231 27 53 1
4 322 721 227 231 27 53 1
4 322 722 225 229 27 53 1
4 322 723 225 229 27 53 1
4 322 724 224 229 26 53 1
4 322 725 224 229 26 53 1
4 322 726 222 229 26 53 1
4 322 727 222 229 26 53 1
4 322 728 220 229 27 53 1
4 322 729 220 229 27 53 1
4 322 730 218 229 27 53 1
4 322 731 218 229 27 53 1
4 322 732 218 229 27 53 1
4 322 733 216 229 27 53 1
4 322 734 216 229 27 53 1
4 322 735 215 229 26 53 1
4 322 736 215 229 26 53 1
4 322 737 215 229 26 53 1
4 322 738 213 229 27 53 1
4 322 739 213 229 27 53 1
4 322 740 211 229 27 53 1
4 322 741 211 229 27 53 1
4 322 742 211 229 27 53 1
4 322 743 209 229 27 53 1
4 322 744 209 229 27 53 1
4 322 745 208 229 26 53 1
4 322 746 208 229 26 53 1
4 322 747 208 229 26 53 1
4 322 748 206 229 26 53 1
4 322 749 206 229 26 53 1
4 322 750 204 229 27 53 1
4 322 751 204 229 27 53 1
4 322 752 204 229 27 53 1
4 322 753 202 229 27 53 1
4 322 754 202 229 27 53 1
4 322 755 200 229 27 53 1
4 322 756 200 229 27 53 1
4 322 757 200 229 27 53 1
4 322 758 199 229 26 53 1
4 322 759 199 229 26 53 1
4 322 760 199 229 26 53 1
4 322 761 199 229 26 53 1
4 322 762 197 229 27 53 1
4 322 763 197 229 27 53 1
4 322 764 197 229 27 53 1
4 322 765 197 229 27 53 1
4 322 766 197 229 27 53 1
4 322 767 195 229 27 53 1
4 322 768 195 229 27 53 1
4 322 769 195 229 27 53 1
4 322 770 195 229 27 53 1
4 322 771 195 229 27 53 1
4 322 772 193 229 27 53 1
4 322 773 193 229 27 53 1
4 322 774 193 229 27 53 1
4 322 775 193 229 27 53 1
4 322 776 193 229 27 53 1
4 322 777 192 229 26 53 1
4 322 778 192 229 26 53 1
4 322 779 192 229 26 53 1
4 322 780 192 229 26 53 1
4 322 781 192 229 26 53 1
4 322 782 190 227 26 53 1
4 322 783 190 227 26 53 1
4 322 784 190 227 26 53 1
4 322 785 190 227 26 53 1
4 322 786 190 227 26 53 1
4 322 787 190 227 26 53 1
4 322 788 188 227 27 53 1
4 322 789 188 227 27 53 1
4 322 790 188 227 27 53 1
4 322 791 188 227 27 53 1
4 322 792 188 227 27 53 1
4 322 793 188 227 27 53 1
4 322 794 188 227 27 53 1
4 322 795 186 227 27 53 1
4 322 796 186 227 27 53 1
4 322 797 186 227 27 53 1
4 322 798 186 227 27 53 1
4 322 799 186 227 27 53 1
4 322 800 186 227 27 53 1
4 322 801 186 227 27 53 1
4 322 802 184 227 27 53 1
4 322 803 184 227 27 53 1
4 322 804 184 227 27 53 1
4 322 805 184 227 27 53 1
4 322 806 184 227 27 53 1
4 322 807 184 227 27 53 1
4 322 808 184 227 27 53 1
4 322 809 183 227 26 53 1
4 322 810 183 227 26 53 1
4 322 811 183 227 26 53 1
4 322 812 181 227 27 53 1
4 322 813 181 227 27 53 1
4 322 814 181 227 27 53 1
4 322 815 181 227 27 53 1
4 322 816 179 227 27 53 1
4 322 817 179 227 27 53 1
4 322 818 179 227 27 53 1
4 322 819 177 227 27 53 1
4 322 820 177 227 27 53 1
4 322 821 177 227 27 53 1
4 322 822 177 227 27 53 1
4 322 823 176 225 26 54 1
4 322 824 176 225 26 54 1
4 322 825 176 224 26 53 1
4 322 826 176 224 26 53 1
4 322 827 176 224 26 53 1
4 322 828 176 222 26 53 1
4 322 829 176 222 26 53 1
4 322 830 176 220 26 53 1
4 322 831 176 220 26 53 1
4 322 832 176 220 26 53 1
4 322 833 176 218 26 54 1
4 322 834 176 218 26 54 1
4 322 835 176 216 26 54 1
4 322 836 176 216 26 54 1
4 322 837 176 216 26 54 1
4 322 838 174 216 26 54 1
4 322 839 174 216 26 54 1
4 322 840 172 216 27 54 1
4 322 841 172 216 27 54 1
4 322 842 172 216 27 54 1
4 322 843 170 216 27 54 1
4 322 844 170 216 27 54 1
4 322 845 170 216 27 54 1
4 322 846 168 216 27 52 1
4 322 847 168 216 27 52 1
4 322 848 168 216 27 52 1
4 322 849 168 216 27 52 1
4 322 850 168 216 27 52 1
4 322 851 168 216 27 52 1
4 322 852 168 216 27 50 1
4 322 853 168 216 27 50 1
4 322 854 168 218 27 48 1
4 322 855 167 218 26 48 1
4 322 856 167 218 26 48 1
4 322 857 167 218 26 48 1
4 322 858 167 218 26 46 1
4 322 859 167 218 26 46 1
4 322 860 167 218 26 46 1
4 322 861 167 218 26 46 1
4 322 862 167 218 26 46 1
4 322 863 167 220 26 44 1
4 322 864 165 218 27 45 1
4 322 865 165 218 27 45 1
4 322 866 165 218 27 45 1
4 322 867 165 218 27 45 1
4 322 868 165 218 27 45 1
4 322 869 165 218 27 45 1
4 322 870 165 218 27 45 1
4 322 871 165 218 27 45 1
4 322 872 165 218 27 45 1
4 322 873 165 218 27 45 1
4 322 874 165 218 27 45 1
4 322 875 165 218 27 45 1
4 322 876 163 218 27 45 1
4 322 877 163 218 27 45 1
4 322 878 163 218 27 45 1
4 322 879 163 218 27 45 1
4 322 880 163 218 27 45 1
4 322 881 163 218 27 45 1
4 322 882 163 218 27 45 1
4 322 883 163 218 27 45 1
4 322 884 163 218 27 45 1
4 322 885 161 218 27 45 1
4 322 886 161 218 27 45 1
4 322 887 161 218 27 45 1
4 322 888 161 218 27 45 1
4 322 889 161 218 27 45 1
4 322 890 161 218 27 45 1
4 322 891 161 218 27 45 1
4 322 892 161 218 27 45 1
4 322 893 161 218 27 45 1
4 322 894 161 218 27 45 1
4 322 895 161 218 27 45 1
4 322 896 161 218 27 45 1
4 322 897 161 218 27 45 1
4 322 898 161 218 27 45 1
4 322 899 161 218 27 45 1
4 322 900 163 218 27 45 1
4 322 901 163 218 27 45 1
4 322 902 163 218 27 45 1
4 322 903 163 218 27 45 1
4 322 904 163 218 27 45 1
4 322 905 163 218 27 45 1
4 322 906 163 218 27 45 1
4 322 907 165 218 27 45 1
4 322 908 165 218 27 45 1
4 322 909 165 218 27 45 1
4 322 910 165 218 27 45 1
4 322 911 165 218 27 45 1
4 322 912 165 218 27 45 1
4 322 913 165 218 27 45 1
4 322 914 167 218 26 45 1
4 322 915 167 218 26 45 1
4 322 916 167 218 26 45 1
4 322 917 167 218 26 45 1
4 322 918 167 218 26 45 1
4 322 919 167 218 26 45 1
4 322 920 167 218 26 45 1
4 322 921 168 218 27 45 1
5 322 600 323 295 25 33 5
5 322 601 321 293 25 34 5
5 322 602 320 293 26 34 5
5 322 603 320 293 24 34 5
5 322 604 318 293 26 34 5
5 322 605 316 291 27 34 5
5 322 606 316 291 27 34 5
5 322 607 314 291 27 34 5
5 322 608 312 291 29 34 5
5 322 609 312 289 27 34 5
5 322 610 311 289 28 34 5
5 322 611 309 289 28 34 5
5 322 612 309 289 28 34 5
5 322 613 307 288 29 33 5
5 322 614 305 288 31 33 5
5 322 615 305 288 29 33 5
5 322 616 304 288 30 33 5
5 322 617 302 286 30 34 5
5 322 618 302 286 30 34 5
5 322 619 300 286 30 34 5
5 322 620 300 286 30 34 5
5 322 621 298 284 30 34 5
5 322 622 296 284 31 34 5
5 322 623 296 284 31 34 5
5 322 624 295 284 30 34 5
5 322 625 295 282 30 34 5
5 322 626 293 282 30 34 5
5 322 627 291 282 30 34 5
5 322 628 291 282 30 34 5
5 322 629 289 282 31 34 5
5 322 630 289 280 31 34 5
5 322 631 288 280 30 34 5
5 322 632 288 280 30 34 5
5 322 633 286 280 30 34 5
5 322 634 284 280 30 34 5
5 322 635 284 279 30 33 5
5 322 636 282 279 30 33 5
5 322 637 282 279 30 33 5
5 322 638 280 279 31 33 5
5 322 639 280 279 31 33 5
5 322 640 279 277 30 34 5
5 322 641 279 277 30 34 5
5 322 642 279 277 30 34 5
5 322 643 277 277 30 34 5
5 322 644 277 277 30 34 5
5 322 645 277 277 30 34 5
5 322 646 275 277 30 34 5
5 322 647 275 277 30 34 5
5 322 648 275 275 30 34 5
5 322 649 275 275 30 34 5
5 322 650 273 275 31 34 5
5 322 651 273 275 31 34 5
5 322 652 273 275 31 34 5
5 322 653 272 275 30 34 5
5 322 654 272 275 30 34 5
5 322 655 272 275 30 34 5
5 322 656 272 275 30 34 5
5 322 657 270 273 30 34 5
5 322 658 270 273 30 34 5
5 322 659 268 273 30 34 5
5 322 660 268 273 30 34 5
5 322 661 266 272 30 33 5
5 322 662 266 272 30 33 5
5 322 663 266 272 30 33 5
5 322 664 264 272 31 33 5
5 322 665 264 272 31 33 5
5 322 666 263 270 30 34 5
5 322 667 263 270 30 34 5
5 322 668 261 270 30 34 5
5 322 669 261 270 30 34 5
5 322 670 261 270 30 34 5
5 322 671 259 268 30 34 5
5 322 672 259 268 30 34 5
5 322 673 257 268 31 34 5
5 322 674 257 268 31 34 5
5 322 675 257 268 31 34 5
5 322 676 256 266 30 34 5
5 322 677 256 266 30 34 5
5 322 678 254 266 30 34 5
5 322 679 254 266 30 34 5
5 322 680 254 264 30 34 5
5 322 681 252 264 30 34 5
5 322 682 252 264 30 34 5
5 322 683 250 264 30 34 5
5 322 684 250 264 30 34 5
5 322 685 250 263 30 33 5
5 322 686 248 263 31 33 5
5 322 687 248 263 31 33 5
5 322 688 247 263 30 33 5
5 322 689 247 261 30 34 5
5 322 690 247 261 30 34 5
5 322 691 245 261 30 34 5
5 322 692 245 261 30 34 5
5 322 693 245 261 30 34 5
5 322 694 243 261 30 34 5
5 322 695 243 261 30 34 5
5 322 696 243 261 30 34 5
5 322 697 241 261 31 34 5
5 322 698 241 261 31 34 5
5 322 699 241 261 31 34 5
5 322 700 240 261 30 34 5
5 322 701 240 261 30 34 5
5 322 702 240 261 30 34 5
5 322 703 240 261 30 34 5
5 322 704 238 261 30 34 5
5 322 705 238 261 30 34 5
5 322 706 238 261 30 34 5
5 322 707 236 261 30 34 5
5 322 708 236 261 30 34 5
5 322 709 236 261 30 34 5
5 322 710 236 261 30 34 5
5 322 711 234 261 30 34 5
5 322 712 234 261 30 34 5
5 322 713 232 261 31 34 5
5 322 714 232 261 31 34 5
5 322 715 231 261 30 34 5
5 322 716 231 261 30 34 5
5 322 717 229 261 30 34 5
5 322 718 229 261 30 34 5
5 322 719 227 261 30 34 5
5 322 720 227 261 30 34 5
5 322 721 225 261 31 34 5
5 322 722 225 261 31 34 5
5 322 723 224 261 30 34 5
5 322 724 224 261 30 34 5
5 322 725 222 261 30 34 5
5 322 726 222 261 30 34 5
5 322 727 220 261 30 34 5
5 322 728 220 261 30 34 5
5 322 729 218 261 30 34 5
5 322 730 218 261 30 34 5
5 322 731 216 261 31 34 5
5 322 732 216 261 31 34 5
5 322 733 215 259 30 34 5
5 322 734 215 259 30 34 5
5 322 735 213 259 30 34 5
5 322 736 213 259 30 34 5
5 322 737 213 259 30 34 5
5 322 738 211 259 30 34 5
5 322 739 211 257 30 34 5
5 322 740 209 257 31 34 5
5 322 741 209 257 31 34 5
5 322 742 209 257 31 34 5
5 322 743 208 257 30 34 5
5 322 744 208 257 30 34 5
5 322 745 206 256 30 33 5
5 322 746 206 256 30 33 5
5 322 747 206 256 30 33 5
5 322 748 204 256 30 33 5
5 322 749 204 256 30 33 5
5 322 750 202 256 30 33 5
5 322 751 202 254 30 34 5
5 322 752 202 254 30 34 5
5 322 753 200 254 31 34 5
5 322 754 200 254 31 34 5
5 322 755 199 254 30 34 5
5 322 756 199 254 30 34 5
5 322 757 199 254 30 34 5
5 322 758 197 252 30 34 5
5 322 759 197 252 30 34 5
5 322 760 197 252 30 34 5
5 322 761 195 252 30 34 5
5 322 762 195 252 30 34 5
5 322 763 195 252 30 34 5
5 322 764 193 252 31 34 5
5 322 765 193 252 31 34 5
5 322 766 193 250 31 34 5
5 322 767 192 250 30 34 5
5 322 768 192 250 30 34 5
5 322 769 192 250 30 34 5
5 322 770 190 250 30 34 5
5 322 771 190 250 30 34 5
5 322 772 190 250 30 34 5
5 322 773 188 250 30 34 5
5 322 774 188 248 30 34 5
5 322 775 188 248 30 34 5
5 322 776 186 248 30 34 5
5 322 777 186 248 30 34 5
5 322 778 186 248 30 34 5
5 322 779 184 248 31 34 5
5 322 780 184 248 31 34 5
5 322 781 184 248 31 34 5
5 322 782 183 248 30 34 5
5 322 783 183 248 30 34 5
5 322 784 183 248 30 34 5
5 322 785 183 248 30 34 5
5 322 786 183 248 30 34 5
5 322 787 183 248 30 34 5
5 322 788 183 248 30 34 5
5 322 789 183 248 30 34 5
5 322 790 183 248 30 34 5
5 322 791 183 248 30 34 5
5 322 792 183 248 30 34 5
5 322 793 183 248 30 34 5
5 322 794 183 248 30 34 5
5 322 795 183 248 30 34 5
5 322 796 183 248 30 34 5
5 322 797 183 248 30 34 5
5 322 798 183 248 30 34 5
5 322 799 183 248 30 34 5
5 322 800 183 248 30 34 5
5 322 801 183 248 30 34 5
5 322 802 183 248 30 34 5
5 322 803 183 248 30 34 5
5 322 804 183 248 30 34 5
5 322 805 183 248 30 34 5
5 322 806 183 248 30 34 5
5 322 807 183 248 30 34 5
5 322 808 183 248 30 34 5
5 322 809 181 248 30 34 5
5 322 810 181 248 30 34 5
5 322 811 181 248 30 34 5
5 322 812 179 248 30 34 5
5 322 813 179 248 30 34 5
5 322 814 179 248 30 34 5
5 322 815 179 248 30 34 5
5 322 816 177 248 31 34 5
5 322 817 177 248 31 34 5
5 322 818 177 248 31 34 5
5 322 819 176 248 30 34 5
5 322 820 176 248 30 34 5
5 322 821 176 248 30 34 5
5 322 822 176 248 30 34 5
5 322 823 174 248 30 32 5
5 322 824 174 248 30 32 5
5 322 825 174 248 30 32 5
5 322 826 174 248 30 31 5
5 322 827 174 248 30 31 5
5 322 828 174 248 30 31 5
5 322 829 174 248 30 31 5
5 322 830 172 248 30 29 5
5 322 831 172 248 30 29 5
5 322 832 172 248 30 29 5
5 322 833 172 248 30 29 5
5 322 834 172 248 30 27 5
5 322 835 172 248 30 27 5
5 322 836 172 248 30 27 5
5 322 837 172 248 30 27 5
5 322 838 170 247 30 26 5
5 322 839 170 247 30 26 5
5 322 840 170 247 30 26 5
5 322 841 170 247 30 26 5
5 322 842 168 245 31 27 5
5 322 843 168 245 31 27 5
5 322 844 168 245 31 27 5
5 322 845 168 245 31 27 5
5 322 846 167 245 30 27 5
5 322 847 167 245 30 27 5
5 322 848 167 245 30 27 5
5 322 849 167 245 30 27 5
5 322 850 167 247 30 26 5
5 322 851 167 247 30 26 5
5 322 852 167 247 30 26 5
5 322 853 167 247 30 26 5
5 322 854 167 248 30 27 5
5 322 855 165 248 30 27 5
5 322 856 165 248 30 27 5
5 322 857 165 248 30 27 5
5 322 858 165 248 30 27 5
5 322 859 165 250 30 27 5
5 322 860 165 250 30 27 5
5 322 861 165 250 30 27 5
5 322 862 165 250 30 27 5
5 322 863 165 252 30 27 5
5 322 864 163 250 30 27 5
5 322 865 163 250 30 27 5
5 322 866 163 250 30 27 5
5 322 867 163 250 30 27 5
5 322 868 163 250 30 27 5
5 322 869 163 250 30 27 5
5 322 870 161 248 31 27 5
5 322 871 161 248 31 27 5
5 322 872 161 248 31 27 5
5 322 873 161 248 31 27 5
5 322 874 161 248 31 27 5
5 322 875 161 248 31 27 5
5 322 876 161 247 31 26 5
5 322 877 161 247 31 26 5
5 322 878 161 247 31 26 5
5 322 879 161 247 31 26 5
5 322 880 161 247 31 26 5
5 322 881 161 247 31 26 5
5 322 882 161 245 31 27 5
5 322 883 161 245 31 27 5
5 322 884 161 245 31 27 5
5 322 885 161 245 31 27 5
5 322 886 161 245 31 27 5
5 322 887 161 245 31 27 5
5 322 888 161 243 31 27 5
5 322 889 161 243 31 27 5
5 322 890 161 243 31 27 5
5 322 891 161 243 31 27 5
5 322 892 161 243 31 27 5
5 322 893 161 243 31 27 5
5 322 894 161 243 31 27 5
5 322 895 161 243 31 27 5
5 322 896 161 243 31 27 5
5 322 897 161 243 31 27 5
5 322 898 161 243 31 27 5
5 322 899 161 243 31 27 5
5 322 900 161 243 31 27 5
5 322 901 161 243 31 27 5
5 322 902 161 243 31 27 5
5 322 903 161 243 31 27 5
5 322 904 161 243 31 27 5
5 322 905 161 243 31 27 5
5 322 906 161 243 31 27 5
5 322 907 163 243 30 27 5
5 322 908 163 243 30 27 5
5 322 909 163 243 30 27 5
5 322 910 163 243 30 27 5
5 322 911 163 243 30 27 5
5 322 912 163 243 30 27 5
5 322 913 163 243 30 27 5
5 322 914 163 243 30 27 5
5 322 915 163 243 30 27 5
5 322 916 163 243 30 27 5
5 322 917 163 243 30 27 5
5 322 918 163 243 30 27 5
5 322 919 163 243 30 27 5
5 322 920 163 243 30 27 5
5 322 921 165 245 30 27 5
6 922 0 266 234 16 38 1
6 922 1 264 232 16 38 1
6 922 2 264 232 16 38 1
6 922 3 264 232 16 38 1
6 922 4 263 232 16 38 1
6 922 5 263 232 16 38 1
6 922 6 263 232 16 38 1
6 922 7 263 232 16 38 1
6 922 8 261 232 16 38 1
6 922 9 261 232 16 38 1
6 922 10 261 232 16 38 1
6 922 11 261 232 16 38 1
6 922 12 259 232 16 38 1
6 922 13 259 232 16 38 1
6 922 14 259 232 16 38 1
6 922 15 257 232 16 38 1
6 922 16 257 232 16 38 1
6 922 17 257 232 16 38 1
6 922 18 257 232 16 38 1
6 922 19 256 232 16 38 1
6 922 20 256 232 16 38 1
6 922 21 256 232 16 38 1
6 922 22 256 232 16 38 1
6 922 23 254 232 16 38 1
6 922 24 254 232 16 38 1
6 922 25 254 232 16 38 1
6 922 26 252 232 16 38 1
6 922 27 252 232 16 38 1
6 922 28 252 232 16 38 1
6 922 29 252 232 16 38 1
6 922 30 250 232 16 38 1
6 922 31 250 232 16 38 1
6 922 32 250 232 16 38 1
6 922 33 250 232 16 38 1
6 922 34 248 232 16 38 1
6 922 35 248 232 16 38 1
6 922 36 248 232 16 38 1
6 922 37 248 232 16 38 1
6 922 38 247 232 16 38 1
6 922 39 247 232 16 38 1
6 922 40 247 232 16 38 1
6 922 41 247 232 16 38 1
6 922 42 247 232 16 38 1
6 922 43 247 232 16 38 1
6 922 44 247 232 16 38 1
6 922 45 247 232 16 38 1
6 922 46 247 232 16 38 1
6 922 47 247 232 16 38 1
6 922 48 247 232 16 38 1
6 922 49 245 232 16 38 1
6 922 50 245 232 16 38 1
6 922 51 245 232 16 38 1
6 922 52 245 232 16 38 1
6 922 53 245 232 16 38 1
6 922 54 245 232 16 38 1
6 922 55 245 232 16 38 1
6 922 56 245 232 16 38 1
6 922 57 245 232 16 38 1
6 922 58 245 232 16 38 1
6 922 59 245 232 16 38 1
6 922 60 243 231 16 37 1
6 922 61 243 231 16 37 1
6 922 62 243 231 16 37 1
6 922 63 243 231 16 37 1
6 922 64 243 231 16 37 1
6 922 65 243 231 16 37 1
6 922 66 243 231 16 37 1
6 922 67 241 231 16 37 1
6 922 68 241 231 16 37 1
6 922 69 241 231 16 37 1
6 922 70 241 231 16 37 1
6 922 71 241 231 16 37 1
6 922 72 241 231 16 37 1
6 922 73 241 231 16 37 1
6 922 74 241 231 16 37 1
6 922 75 240 231 16 37 1
6 922 76 240 231 16 37 1
6 922 77 240 231 16 37 1
6 922 78 240 231 16 37 1
6 922 79 240 231 16 37 1
6 922 80 240 231 16 37 1
6 922 81 240 231 16 37 1
6 922 82 240 231 16 37 1
6 922 83 238 231 16 37 1
6 922 84 238 231 16 37 1
6 922 85 238 231 16 37 1
6 922 86 238 231 16 37 1
6 922 87 238 231 16 37 1
6 922 88 238 231 16 37 1
6 922 89 238 231 16 37 1
6 922 90 238 231 16 37 1
6 922 91 236 231 16 37 1
6 922 92 236 231 16 37 1
6 922 93 236 231 16 37 1
6 922 94 236 231 16 37 1
6 922 95 236 231 16 37 1
6 922 96 236 231 16 37 1
6 922 97 236 231 16 37 1
6 922 98 236 231 16 37 1
6 922 99 234 231 16 37 1
6 922 100 234 231 16 37 1
6 922 101 234 231 16 37 1
6 922 102 234 231 16 37 1
6 922 103 234 231 16 37 1
6 922 104 234 231 16 37 1
6 922 105 234 231 16 37 1
6 922 106 232 231 16 37 1
6 922 107 232 231 16 37 1
6 922 108 232 231 16 37 1
6 922 109 232 231 16 37 1
6 922 110 232 231 16 37 1
6 922 111 232 231 16 37 1
6 922 112 232 231 16 37 1
6 922 113 232 231 16 37 1
6 922 114 231 231 16 37 1
6 922 115 231 231 16 37 1
6 922 116 231 231 16 37 1
6 922 117 231 231 16 37 1
6 922 118 231 231 16 37 1
6 922 119 231 231 16 37 1
6 922 120 231 231 16 37 1
6 922 121 231 231 16 37 1
6 922 122 229 231 16 35 1
6 922 123 229 231 16 35 1
6 922 124 229 231 16 35 1
6 922 125 229 231 16 35 1
6 922 126 229 231 16 35 1
6 922 127 229 231 16 35 1
6 922 128 229 231 16 35 1
6 922 129 229 231 16 35 1
6 922 130 227 231 16 35 1
6 922 131 227 231 16 35 1
6 922 132 227 231 16 35 1
6 922 133 227 231 16 35 1
6 922 134 227 231 16 35 1
6 922 135 227 231 16 35 1
6 922 136 227 231 16 35 1
6 922 137 227 231 16 35 1
6 922 138 225 231 16 35 1
6 922 139 225 231 16 35 1
6 922 140 225 231 16 35 1
6 922 141 225 231 16 35 1
6 922 142 225 231 16 35 1
6 922 143 225 231 16 35 1
6 922 144 225 231 16 35 1
6 922 145 224 231 16 35 1
6 922 146 224 231 16 35 1
6 922 147 224 231 16 35 1
6 922 148 224 231 16 35 1
6 922 149 224 231 16 35 1
6 922 150 224 231 16 35 1
6 922 151 224 231 16 35 1
6 922 152 224 231 16 35 1
6 922 153 222 231 16 35 1
6 922 154 222 231 16 35 1
6 922 155 222 231 16 35 1
6 922 156 222 231 16 35 1
6 922 157 222 231 16 35 1
6 922 158 222 231 16 35 1
6 922 159 222 231 16 35 1
6 922 160 222 231 16 35 1
6 922 161 220 231 16 35 1
6 922 162 220 231 16 35 1
6 922 163 220 231 16 35 1
6 922 164 220 231 16 35 1
6 922 165 220 231 16 35 1
6 922 166 220 231 16 35 1
6 922 167 220 231 16 35 1
6 922 168 220 231 16 35 1
6 922 169 218 231 16 35 1
6 922 170 218 231 16 35 1
6 922 171 218 231 16 35 1
6 922 172 218 231 16 35 1
6 922 173 218 231 16 35 1
6 922 174 218 231 16 35 1
6 922 175 218 231 16 35 1
6 922 176 218 231 16 35 1
6 922 177 216 231 16 35 1
6 922 178 216 231 16 35 1
6 922 179 216 231 16 35 1
6 922 180 216 231 16 35 1
6 922 181 216 231 16 35 1
6 922 182 216 231 16 35 1
6 922 183 216 231 16 35 1
6 922 184 216 231 16 35 1
6 922 185 215 229 16 35 1
6 922 186 215 229 16 35 1
6 922 187 215 229 16 35 1
6 922 188 215 229 16 35 1
6 922 189 215 229 16 35 1
6 922 190 215 229 16 35 1
6 922 191 215 229 16 35 1
6 922 192 215 229 16 35 1
6 922 193 215 229 16 35 1
6 922 194 215 229 16 35 1
6 922 195 215 229 16 35 1
6 922 196 215 229 16 35 1
6 922 197 215 229 16 35 1
6 922 198 215 229 16 35 1
6 922 199 215 229 16 35 1
6 922 200 215 229 16 35 1
6 922 201 213 229 16 35 1
6 922 202 213 229 16 35 1
6 922 203 213 229 16 35 1
6 922 204 213 229 16 35 1
6 922 205 213 229 16 35 1
6 922 206 213 229 16 35 1
6 922 207 213 229 16 35 1
6 922 208 213 229 16 35 1
6 922 209 213 229 16 35 1
6 922 210 213 229 16 35 1
6 922 211 213 229 16 35 1
6 922 212 213 229 16 35 1
6 922 213 213 229 16 35 1
6 922 214 213 229 16 35 1
6 922 215 213 229 16 35 1
6 922 216 213 229 16 35 1
6 922 217 211 229 16 34 1
6 922 218 211 229 16 34 1
6 922 219 211 229 16 34 1
6 922 220 211 229 16 34 1
6 922 221 211 229 16 34 1
6 922 222 211 229 16 34 1
6 922 223 211 229 16 34 1
6 922 224 211 229 16 34 1
6 922 225 211 229 16 34 1
6 922 226 211 229 16 34 1
6 922 227 211 229 16 34 1
6 922 228 211 229 16 34 1
6 922 229 211 229 16 34 1
6 922 230 211 229 16 34 1
6 922 231 211 229 16 34 1
6 922 232 211 229 16 34 1
6 922 233 209 229 16 34 1
6 922 234 209 229 16 34 1
6 922 235 209 229 16 34 1
6 922 236 209 229 16 34 1
6 922 237 209 229 16 34 1
6 922 238 209 229 16 34 1
6 922 239 209 229 16 34 1
6 922 240 209 229 16 34 1
6 922 241 209 229 16 34 1
6 922 242 209 229 16 34 1
6 922 243 209 229 16 34 1
6 922 244 209 229 16 34 1
6 922 245 209 229 16 34 1
6 922 246 209 229 16 34 1
6 922 247 209 229 16 34 1
6 922 248 209 229 16 34 1
6 922 249 208 229 16 32 1
6 922 250 208 229 16 32 1
6 922 251 208 229 16 32 1
6 922 252 208 229 16 32 1
6 922 253 208 229 16 32 1
6 922 254 208 229 16 32 1
6 922 255 208 229 16 32 1
6 922 256 208 229 16 32 1
6 922 257 208 229 16 32 1
6 922 258 208 229 16 32 1
6 922 259 208 229 16 32 1
6 922 260 208 229 16 32 1
6 922 261 208 229 16 32 1
6 922 262 206 229 16 32 1
6 922 263 206 229 16 32 1
6 922 264 206 229 16 32 1
6 922 265 206 229 16 32 1
6 922 266 206 229 16 32 1
6 922 267 206 229 16 32 1
6 922 268 206 229 16 32 1
6 922 269 206 229 16 32 1
6 922 270 206 229 16 32 1
6 922 271 206 229 16 32 1
6 922 272 206 229 16 32 1
6 922 273 206 229 16 32 1
6 922 274 206 229 16 32 1
6 922 275 204 229 16 32 1
6 922 276 204 229 16 32 1
6 922 277 204 229 16 32 1
6 922 278 204 229 16 32 1
6 922 279 204 229 16 32 1
6 922 280 204 229 16 32 1
6 922 281 204 229 16 32 1
6 922 282 204 229 16 32 1
6 922 283 204 229 16 32 1
6 922 284 204 229 16 32 1
6 922 285 204 229 16 32 1
6 922 286 204 229 16 32 1
6 922 287 204 229 16 32 1
6 922 288 202 229 16 32 1
6 922 289 202 229 16 32 1
6 922 290 202 229 16 32 1
6 922 291 202 229 16 32 1
6 922 292 202 229 16 32 1
6 922 293 202 229 16 32 1
6 922 294 202 229 16 32 1
6 922 295 202 229 16 32 1
6 922 296 202 229 16 32 1
6 922 297 202 229 16 32 1
6 922 298 202 229 16 32 1
6 922 299 202 229 16 32 1
6 922 300 202 229 16 32 1
6 922 301 200 227 16 34 1
6 922 302 200 227 16 34 1
6 922 303 200 227 16 34 1
6 922 304 200 227 16 34 1
6 922 305 200 227 16 34 1
6 922 306 200 227 16 34 1
6 922 307 200 227 16 34 1
6 922 308 200 227 16 34 1
6 922 309 200 227 16 34 1
6 922 310 200 227 16 34 1
6 922 311 200 227 16 34 1
6 922 312 200 227 16 34 1
6 922 313 200 227 16 34 1
6 922 314 200 227 16 34 1
6 922 315 200 227 16 34 1
6 922 316 200 227 16 34 1
6 922 317 200 227 16 34 1
6 922 318 199 225 17 36 1
6 922 319 199 225 17 36 1
6 922 320 199 225 17 36 1
6 922 321 199 225 17 36 1
6 922 322 199 225 17 36 1
6 922 323 199 225 17 36 1
6 922 324 199 225 17 36 1
6 922 325 199 225 17 36 1
6 922 326 199 225 17 36 1
6 922 327 199 225 17 36 1
6 922 328 199 225 17 36 1
6 922 329 199 225 17 36 1
6 922 330 199 225 17 36 1
6 922 331 199 225 17 36 1
6 922 332 199 225 17 36 1
6 922 333 199 225 17 36 1
6 922 334 199 225 17 38 1
6 922 335 197 225 18 38 1
6 922 336 197 225 18 38 1
6 922 337 197 225 18 38 1
6 922 338 197 225 18 38 1
6 922 339 197 225 18 38 1
6 922 340 197 225 18 38 1
6 922 341 197 225 18 38 1
6 922 342 197 225 18 38 1
6 922 343 197 225 18 38 1
6 922 344 195 225 18 38 1
6 922 345 195 225 18 38 1
6 922 346 195 225 18 38 1
6 922 347 195 225 18 38 1
6 922 348 195 225 18 38 1
6 922 349 195 225 18 38 1
6 922 350 195 225 18 38 1
6 922 351 195 225 18 38 1
6 922 352 195 225 18 38 1
6 922 353 195 225 18 38 1
6 922 354 193 225 18 38 1
6 922 355 193 225 18 38 1
6 922 356 193 225 18 38 1
6 922 357 193 225 18 38 1
6 922 358 193 225 18 38 1
6 922 359 193 225 18 38 1
6 922 360 193 225 18 38 1
6 922 361 193 225 18 38 1
6 922 362 193 225 18 38 1
6 922 363 193 225 18 38 1
6 922 364 192 225 17 38 1
6 922 365 192 225 17 38 1
6 922 366 192 225 17 38 1
6 922 367 192 225 17 38 1
6 922 368 192 225 17 38 1
6 922 369 192 225 17 38 1
6 922 370 192 225 17 38 1
6 922 371 192 225 17 38 1
6 922 372 192 225 17 38 1
6 922 373 192 225 17 38 1
6 922 374 190 225 18 38 1
6 922 375 190 225 18 38 1
6 922 376 190 225 18 38 1
6 922 377 190 225 18 38 1
6 922 378 190 225 18 38 1
6 922 379 190 225 18 38 1
6 922 380 190 225 18 38 1
6 922 381 190 225 18 38 1
6 922 382 190 225 18 38 1
6 922 383 190 225 18 38 1
6 922 384 190 225 18 38 1
6 922 385 190 225 18 38 1
6 922 386 190 225 18 38 1
6 922 387 188 225 18 38 1
6 922 388 188 225 18 38 1
6 922 389 188 225 18 38 1
6 922 390 188 225 18 38 1
6 922 391 188 225 18 38 1
6 922 392 188 225 18 38 1
6 922 393 188 225 18 38 1
6 922 394 188 225 18 38 1
6 922 395 188 225 18 38 1
6 922 396 188 225 18 38 1
6 922 397 188 225 18 38 1
6 922 398 188 225 18 38 1
6 922 399 188 225 18 38 1
6 922 400 186 225 18 38 1
6 922 401 186 225 18 38 1
6 922 402 186 225 18 38 1
6 922 403 186 225 18 38 1
6 922 404 186 225 18 38 1
6 922 405 186 225 18 38 1
6 922 406 186 225 18 38 1
6 922 407 186 225 18 38 1
6 922 408 186 225 18 38 1
6 922 409 186 225 18 38 1
6 922 410 186 225 18 38 1
6 922 411 186 225 18 38 1
6 922 412 186 225 18 38 1
6 922 413 184 225 18 38 1
6 922 414 184 225 18 38 1
6 922 415 184 225 18 38 1
6 922 416 184 225 18 38 1
6 922 417 184 225 18 38 1
6 922 418 184 225 18 38 1
6 922 419 184 225 18 38 1
6 922 420 184 225 18 38 1
6 922 421 184 225 18 38 1
6 922 422 184 225 18 38 1
6 922 423 184 225 18 38 1
6 922 424 184 225 18 38 1
6 922 425 184 227 18 37 1
6 922 426 183 225 17 38 1
6 922 427 183 225 17 38 1
6 922 428 183 225 17 38 1
6 922 429 183 225 17 38 1
6 922 430 183 225 17 38 1
6 922 431 183 225 17 38 1
6 922 432 183 225 17 38 1
6 922 433 183 225 17 38 1
6 922 434 183 225 17 38 1
6 922 435 183 225 17 38 1
6 922 436 181 225 18 38 1
6 922 437 181 225 18 38 1
6 922 438 181 225 18 38 1
6 922 439 181 225 18 38 1
6 922 440 181 225 18 38 1
6 922 441 181 225 18 38 1
6 922 442 181 225 18 38 1
6 922 443 181 225 18 38 1
6 922 444 181 225 18 38 1
6 922 445 181 225 18 38 1
6 922 446 181 225 18 38 1
6 922 447 179 225 18 38 1
6 922 448 179 225 18 38 1
6 922 449 179 225 18 38 1
6 922 450 179 225 18 38 1
6 922 451 179 225 18 38 1
6 922 452 179 225 18 38 1
6 922 453 179 225 18 38 1
6 922 454 179 225 18 38 1
6 922 455 179 225 18 38 1
6 922 456 179 225 18 38 1
6 922 457 179 225 18 38 1
6 922 458 177 225 18 38 1
6 922 459 177 225 18 38 1
6 922 460 177 225 18 38 1
6 922 461 177 225 18 38 1
6 922 462 177 225 18 38 1
6 922 463 177 225 18 38 1
6 922 464 177 225 18 38 1
6 922 465 177 225 18 38 1
6 922 466 177 225 18 38 1
6 922 467 177 225 18 38 1
6 922 468 177 225 18 38 1
6 922 469 176 225 17 38 1
6 922 470 176 225 17 38 1
6 922 471 176 225 17 38 1
6 922 472 176 225 17 38 1
6 922 473 176 225 17 38 1
6 922 474 176 225 17 38 1
6 922 475 176 225 17 38 1
6 922 476 176 225 17 38 1
6 922 477 176 225 17 38 1
6 922 478 176 225 17 38 1
6 922 479 176 225 17 38 1
6 922 480 176 225 17 38 1
6 922 481 176 225 17 38 1
6 922 482 176 225 17 38 1
6 922 483 176 225 17 38 1
6 922 484 176 225 17 38 1
6 922 485 174 225 18 38 1
6 922 486 174 225 18 38 1
6 922 487 174 225 18 38 1
6 922 488 174 225 18 38 1
6 922 489 174 225 18 38 1
6 922 490 174 225 18 38 1
6 922 491 174 225 18 38 1
6 922 492 174 225 18 38 1
6 922 493 174 225 18 38 1
6 922 494 174 225 18 38 1
6 922 495 174 225 18 38 1
6 922 496 174 225 18 38 1
6 922 497 174 225 18 38 1
6 922 498 174 225 18 38 1
6 922 499 174 225 18 38 1
6 922 500 174 225 18 38 1
6 922 501 172 225 18 38 1
6 922 502 172 225 18 38 1
6 922 503 172 225 18 38 1
6 922 504 172 225 18 38 1
6 922 505 172 225 18 38 1
6 922 506 172 225 18 38 1
6 922 507 172 225 18 38 1
6 922 508 172 225 18 38 1
6 922 509 172 225 18 38 1
6 922 510 172 225 18 38 1
6 922 511 172 225 18 38 1
6 922 512 172 225 18 38 1
6 922 513 172 225 18 38 1
6 922 514 172 225 18 38 1
6 922 515 172 225 18 38 1
6 922 516 172 225 18 38 1
6 922 517 172 225 18 38 1
6 922 518 172 225 18 38 1
6 922 519 172 225 18 38 1
6 922 520 172 225 18 38 1
6 922 521 172 225 18 38 1
6 922 522 172 225 18 38 1
6 922 523 172 225 18 38 1
6 922 524 172 225 18 38 1
6 922 525 172 225 18 38 1
6 922 526 172 225 18 38 1
6 922 527 172 225 18 38 1
6 922 528 172 225 18 38 1
6 922 529 174 225 18 38 1
6 922 530 174 225 18 38 1
6 922 531 174 225 18 38 1
6 922 532 174 225 18 38 1
6 922 533 174 225 18 38 1
6 922 534 174 225 18 38 1
6 922 535 174 225 18 38 1
6 922 536 174 225 18 38 1
6 922 537 174 225 18 38 1
6 922 538 174 225 18 38 1
6 922 539 174 225 18 38 1
6 922 540 176 225 17 38 1
6 922 541 176 225 17 38 1
6 922 542 176 225 17 38 1
6 922 543 176 225 17 38 1
6 922 544 176 225 17 38 1
6 922 545 176 225 17 38 1
6 922 546 176 225 17 38 1
6 922 547 176 225 17 38 1
6 922 548 176 225 17 38 1
6 922 549 176 225 17 38 1
6 922 550 176 225 17 38 1
6 922 551 177 225 18 38 1
6 922 552 177 225 18 38 1
6 922 553 177 225 18 38 1
6 922 554 177 225 18 38 1
6 922 555 177 225 18 38 1
6 922 556 177 225 18 38 1
6 922 557 177 225 18 38 1
6 922 558 177 225 18 38 1
6 922 559 177 225 18 38 1
6 922 560 177 225 18 38 1
6 922 561 177 225 18 38 1
6 922 562 177 225 18 38 1
6 922 563 177 225 18 38 1
6 922 564 177 225 18 38 1
6 922 565 177 225 18 38 1
6 922 566 177 225 18 38 1
6 922 567 177 225 18 38 1
6 922 568 179 225 18 38 1
6 922 569 179 225 18 38 1
6 922 570 179 225 18 38 1
6 922 571 179 225 18 38 1
6 922 572 179 225 18 38 1
6 922 573 179 225 18 38 1
6 922 574 179 225 18 38 1
6 922 575 179 225 18 38 1
6 922 576 179 225 18 38 1
6 922 577 179 225 18 38 1
6 922 578 179 225 18 38 1
6 922 579 179 225 18 38 1
6 922 580 179 225 18 38 1
6 922 581 179 225 18 38 1
6 922 582 179 225 18 38 1
6 922 583 179 225 18 38 1
6 922 584 179 225 18 38 1
6 922 585 181 225 18 38 1
6 922 586 181 225 18 38 1
6 922 587 181 225 18 38 1
6 922 588 181 225 18 38 1
6 922 589 181 225 18 38 1
6 922 590 181 225 18 38 1
6 922 591 181 225 18 38 1
6 922 592 181 225 18 38 1
6 922 593 181 225 18 38 1
6 922 594 181 225 18 38 1
6 922 595 181 225 18 38 1
6 922 596 181 225 18 38 1
6 922 597 181 225 18 38 1
6 922 598 181 225 18 38 1
6 922 599 181 225 18 38 1
6 922 600 181 225 18 38 1
6 922 601 181 225 18 36 1
6 922 602 181 225 18 36 1
6 922 603 181 225 18 36 1
6 922 604 181 225 18 36 1
6 922 605 181 225 18 36 1
6 922 606 181 225 18 36 1
6 922 607 181 225 18 36 1
6 922 608 181 225 18 36 1
6 922 609 181 225 18 36 1
6 922 610 181 227 18 34 1
6 922 611 181 227 18 34 1
6 922 612 181 227 18 34 1
6 922 613 181 227 18 34 1
6 922 614 181 227 18 34 1
6 922 615 181 227 18 34 1
6 922 616 181 227 18 34 1
6 922 617 181 227 18 34 1
6 922 618 181 227 18 34 1
6 922 619 181 227 18 34 1
6 922 620 183 229 17 32 1
6 922 621 181 229 18 32 1
6 922 622 181 229 18 32 1
6 922 623 181 229 18 32 1
6 922 624 181 229 18 32 1
6 922 625 181 229 18 32 1
6 922 626 181 229 18 32 1
6 922 627 181 229 18 32 1
6 922 628 181 229 18 32 1
6 922 629 181 229 18 32 1
6 922 630 181 229 18 32 1
6 922 631 181 229 18 32 1
6 922 632 181 229 18 32 1
6 922 633 181 229 18 32 1
6 922 634 181 229 18 32 1
6 922 635 181 229 18 32 1
6 922 636 181 229 18 32 1
6 922 637 181 229 18 32 1
6 922 638 181 229 18 32 1
6 922 639 181 231 18 32 1
6 922 640 179 231 18 32 1
6 922 641 179 231 18 32 1
6 922 642 179 231 18 32 1
6 922 643 179 231 18 32 1
6 922 644 179 231 18 32 1
6 922 645 179 231 18 32 1
6 922 646 179 231 18 32 1
6 922 647 179 231 18 32 1
6 922 648 179 231 18 32 1
6 922 649 179 231 18 32 1
6 922 650 179 231 18 32 1
6 922 651 179 231 18 32 1
6 922 652 179 231 18 32 1
6 922 653 179 231 18 32 1
6 922 654 179 231 18 32 1
6 922 655 179 231 18 32 1
6 922 656 179 231 18 32 1
6 922 657 179 231 18 32 1
6 922 658 177 231 18 32 1
6 922 659 177 231 18 32 1
6 922 660 177 231 18 32 1
6 922 661 177 231 18 32 1
6 922 662 177 231 18 32 1
6 922 663 177 231 18 32 1
6 922 664 177 231 18 32 1
6 922 665 177 231 18 32 1
6 922 666 177 231 18 32 1
6 922 667 177 231 18 32 1
6 922 668 177 231 18 32 1
6 922 669 177 231 18 32 1
6 922 670 177 231 18 32 1
6 922 671 177 231 18 32 1
6 922 672 177 231 18 32 1
6 922 673 177 231 18 32 1
6 922 674 177 231 18 32 1
6 922 675 177 232 18 32 1
6 922 676 176 231 17 32 1
6 922 677 176 231 17 32 1
6 922 678 176 231 17 32 1
6 922 679 176 231 17 32 1
6 922 680 176 231 17 32 1
6 922 681 176 231 17 32 1
6 922 682 176 231 17 32 1
6 922 683 176 231 17 32 1
6 922 684 176 231 17 32 1
6 922 685 176 231 17 32 1
6 922 686 176 231 17 32 1
6 922 687 176 231 17 32 1
6 922 688 176 231 17 32 1
6 922 689 176 231 17 32 1
6 922 690 176 231 17 32 1
6 922 691 176 231 17 32 1
6 922 692 174 231 18 32 1
6 922 693 174 231 18 32 1
6 922 694 174 231 18 32 1
6 922 695 174 231 18 32 1
6 922 696 174 231 18 32 1
6 922 697 174 231 18 32 1
6 922 698 174 231 18 32 1
6 922 699 174 231 18 32 1
6 922 700 174 231 18 32 1
6 922 701 174 231 18 32 1
6 922 702 174 231 18 32 1
6 922 703 174 231 18 32 1
6 922 704 174 231 18 32 1
6 922 705 174 231 18 32 1
6 922 706 174 231 18 32 1
6 922 707 174 231 18 32 1
6 922 708 172 231 18 32 1
6 922 709 172 231 18 32 1
6 922 710 172 231 18 32 1
6 922 711 172 231 18 32 1
6 922 712 172 231 18 32 1
6 922 713 172 231 18 32 1
6 922 714 172 231 18 32 1
6 922 715 172 231 18 32 1
6 922 716 172 231 18 32 1
6 922 717 172 231 18 32 1
6 922 718 172 231 18 32 1
6 922 719 172 231 18 32 1
6 922 720 172 231 18 32 1
6 922 721 172 231 18 32 1
6 922 722 172 231 18 32 1
6 922 723 172 231 18 32 1
6 922 724 172 231 18 32 1
6 922 725 170 231 18 32 1
6 922 726 170 231 18 32 1
6 922 727 170 231 18 32 1
6 922 728 170 231 18 32 1
6 922 729 170 231 18 32 1
6 922 730 170 231 18 32 1
6 922 731 170 231 18 32 1
6 922 732 170 231 18 32 1
6 922 733 170 231 18 32 1
6 922 734 170 231 18 32 1
6 922 735 170 231 18 32 1
6 922 736 170 231 18 32 1
6 922 737 170 231 18 32 1
6 922 738 170 231 18 32 1
6 922 739 170 231 18 32 1
6 922 740 170 231 18 32 1
6 922 741 168 231 18 32 1
6 922 742 168 231 18 32 1
6 922 743 168 231 18 32 1
6 922 744 168 231 18 32 1
6 922 745 168 231 18 32 1
6 922 746 168 231 18 32 1
6 922 747 168 231 18 32 1
6 922 748 168 231 18 32 1
6 922 749 168 231 18 32 1
6 922 750 168 231 18 32 1
6 922 751 168 231 18 32 1
6 922 752 168 231 18 32 1
6 922 753 168 231 18 32 1
6 922 754 168 231 18 32 1
6 922 755 168 231 18 32 1
6 922 756 168 231 18 32 1
6 922 757 168 231 18 32 1
6 922 758 167 231 17 32 1
6 922 759 167 231 17 32 1
6 922 760 167 231 17 32 1
6 922 761 167 231 17 32 1
6 922 762 167 231 17 32 1
6 922 763 167 231 17 32 1
6 922 764 167 231 17 32 1
6 922 765 167 231 17 32 1
6 922 766 167 231 17 32 1
6 922 767 167 231 17 32 1
6 922 768 167 231 17 32 1
6 922 769 167 231 17 32 1
6 922 770 165 231 18 32 1
6 922 771 165 231 18 32 1
6 922 772 165 231 18 32 1
6 922 773 165 231 18 32 1
6 922 774 165 231 18 32 1
6 922 775 165 231 18 32 1
6 922 776 165 231 18 32 1
6 922 777 165 231 18 32 1
6 922 778 165 231 18 32 1
6 922 779 165 231 18 32 1
6 922 780 165 231 18 32 1
6 922 781 165 231 18 32 1
6 922 782 163 231 18 32 1
6 922 783 163 231 18 32 1
6 922 784 163 231 18 32 1
6 922 785 163 231 18 32 1
6 922 786 163 231 18 32 1
6 922 787 163 231 18 32 1
6 922 788 163 231 18 32 1
6 922 789 163 231 18 32 1
6 922 790 163 231 18 32 1
6 922 791 163 231 18 32 1
6 922 792 163 231 18 32 1
6 922 793 163 231 18 32 1
6 922 794 163 231 18 32 1
6 922 795 161 231 18 32 1
6 922 796 161 231 18 32 1
6 922 797 161 231 18 32 1
6 922 798 161 231 18 32 1
6 922 799 161 231 18 32 1
6 922 800 161 231 18 32 1
6 922 801 161 231 18 32 1
6 922 802 161 231 18 32 1
6 922 803 161 231 18 32 1
6 922 804 161 231 18 32 1
6 922 805 161 231 18 32 1
6 922 806 161 231 18 32 1
6 922 807 161 231 18 32 1
6 922 808 161 231 18 32 1
6 922 809 160 231 17 32 1
6 922 810 160 231 17 32 1
6 922 811 160 231 17 32 1
6 922 812 160 231 17 32 1
6 922 813 160 231 17 32 1
6 922 814 160 231 17 32 1
6 922 815 160 231 17 32 1
6 922 816 160 231 17 32 1
6 922 817 160 231 17 32 1
6 922 818 160 231 17 32 1
6 922 819 160 231 17 32 1
6 922 820 160 231 17 32 1
6 922 821 160 231 17 32 1
6 922 822 160 231 17 32 1
6 922 823 158 231 18 32 1
6 922 824 158 231 18 32 1
6 922 825 158 231 18 32 1
6 922 826 158 231 18 32 1
6 922 827 158 231 18 32 1
6 922 828 158 231 18 32 1
6 922 829 158 231 18 32 1
6 922 830 158 231 18 32 1
6 922 831 158 231 18 32 1
6 922 832 158 231 18 32 1
6 922 833 158 231 18 32 1
6 922 834 158 231 18 32 1
6 922 835 158 231 18 32 1
6 922 836 158 231 18 32 1
6 922 837 158 231 18 32 1
6 922 838 156 231 18 32 1
6 922 839 156 231 18 32 1
6 922 840 156 231 18 32 1
6 922 841 156 231 18 32 1
6 922 842 156 231 18 32 1
6 922 843 156 231 18 32 1
6 922 844 156 231 18 32 1
6 922 845 156 231 18 32 1
6 922 846 156 231 18 32 1
6 922 847 156 231 18 32 1
6 922 848 156 231 18 32 1
6 922 849 156 231 18 32 1
6 922 850 156 231 18 32 1
6 922 851 156 231 18 32 1
6 922 852 156 231 18 32 1
6 922 853 156 231 18 32 1
6 922 854 156 231 18 32 1
6 922 855 156 231 18 32 1
6 922 856 156 231 18 32 1
6 922 857 156 231 18 32 1
6 922 858 156 231 18 32 1
6 922 859 156 231 18 32 1
6 922 860 156 231 18 32 1
6 922 861 156 231 18 32 1
6 922 862 156 231 18 32 1
6 922 863 156 231 18 32 1
6 922 864 156 231 18 32 1
6 922 865 156 231 18 32 1
6 922 866 154 231 18 32 1
6 922 867 154 231 18 32 1
6 922 868 154 231 18 32 1
6 922 869 154 231 18 32 1
6 922 870 154 231 18 32 1
6 922 871 154 231 18 32 1
6 922 872 154 231 18 32 1
6 922 873 154 231 18 32 1
6 922 874 154 231 18 32 1
6 922 875 154 231 18 32 1
6 922 876 154 231 18 32 1
6 922 877 154 231 18 32 1
6 922 878 154 231 18 32 1
6 922 879 154 231 18 32 1
6 922 880 154 231 18 32 1
6 922 881 154 231 18 32 1
6 922 882 154 231 18 32 1
6 922 883 154 231 18 32 1
6 922 884 154 231 18 32 1
6 922 885 154 231 18 32 1
6 922 886 154 231 18 32 1
6 922 887 154 231 18 32 1
6 922 888 154 231 18 32 1
6 922 889 154 231 18 32 1
6 922 890 154 231 18 32 1
6 922 891 154 231 18 32 1
6 922 892 154 231 18 32 1
6 922 893 154 231 18 32 1
6 922 894 154 231 18 32 1
6 922 895 154 231 18 32 1
6 922 896 154 231 18 32 1
6 922 897 154 231 18 32 1
6 922 898 154 231 18 32 1
6 922 899 154 231 18 32 1
6 922 900 154 231 18 32 1
6 922 901 154 231 18 32 1
6 922 902 154 231 18 32 1
6 922 903 154 231 18 32 1
6 922 904 154 231 18 32 1
6 922 905 154 231 18 32 1
6 922 906 154 231 18 32 1
6 922 907 154 231 18 32 1
6 922 908 154 231 18 32 1
6 922 909 154 231 18 32 1
6 922 910 154 231 18 32 1
6 922 911 154 231 18 32 1
6 922 912 154 231 18 32 1
6 922 913 154 231 18 32 1
6 922 914 154 231 18 32 1
6 922 915 154 231 18 32 1
6 922 916 154 231 18 32 1
6 922 917 154 231 18 32 1
6 922 918 154 231 18 32 1
6 922 919 154 231 18 32 1
6 922 920 154 231 18 32 1
6 922 921 154 231 18 32 1
7 297 625 296 234 16 38 1
7 297 626 295 232 16 38 1
7 297 627 293 232 16 38 1
7 297 628 293 232 16 38 1
7 297 629 291 232 16 38 1
7 297 630 291 232 16 38 1
7 297 631 289 232 16 38 1
7 297 632 288 232 16 38 1
7 297 633 288 232 16 38 1
7 297 634 286 232 16 38 1
7 297 635 286 232 16 38 1
7 297 636 284 232 16 38 1
7 297 637 282 232 16 38 1
7 297 638 282 232 16 38 1
7 297 639 280 232 16 38 1
7 297 640 280 232 16 38 1
7 297 641 279 232 16 38 1
7 297 642 279 232 16 38 1
7 297 643 277 232 16 38 1
7 297 644 275 232 16 38 1
7 297 645 275 232 16 38 1
7 297 646 273 232 16 38 1
7 297 647 273 232 16 38 1
7 297 648 272 232 16 38 1
7 297 649 270 232 16 38 1
7 297 650 270 232 16 38 1
7 297 651 268 232 16 38 1
7 297 652 268 232 16 38 1
7 297 653 266 232 16 38 1
7 297 654 266 232 16 38 1
7 297 655 264 231 16 37 1
7 297 656 263 231 17 37 1
7 297 657 263 231 17 37 1
7 297 658 261 231 18 37 1
7 297 659 261 231 18 37 1
7 297 660 259 231 20 37 1
7 297 661 259 231 18 37 1
7 297 662 257 231 20 37 1
7 297 663 257 231 20 37 1
7 297 664 256 231 21 37 1
7 297 665 256 231 19 37 1
7 297 666 254 231 21 37 1
7 297 667 254 231 21 37 1
7 297 668 252 231 21 37 1
7 297 669 252 231 21 37 1
7 297 670 250 231 23 37 1
7 297 671 250 231 23 37 1
7 297 672 248 229 24 37 1
7 297 673 248 229 24 37 1
7 297 674 248 229 24 37 1
7 297 675 248 229 24 37 1
7 297 676 248 229 24 37 1
7 297 677 248 229 24 37 1
7 297 678 247 229 23 37 1
7 297 679 247 229 23 37 1
7 297 680 247 229 23 37 1
7 297 681 247 229 23 37 1
7 297 682 247 229 23 37 1
7 297 683 247 229 23 37 1
7 297 684 247 229 23 37 1
7 297 685 245 227 23 37 1
7 297 686 245 227 23 37 1
7 297 687 243 227 23 37 1
7 297 688 243 227 23 37 1
7 297 689 241 227 23 37 1
7 297 690 241 225 23 38 1
7 297 691 240 225 23 38 1
7 297 692 240 225 23 38 1
7 297 693 238 225 23 38 1
7 297 694 238 225 23 38 1
7 297 695 236 224 23 37 1
7 297 696 236 224 23 37 1
7 297 697 234 224 23 37 1
7 297 698 234 224 23 37 1
7 297 699 232 224 24 37 1
7 297 700 232 224 24 37 1
7 297 701 231 224 23 37 1
7 297 702 231 224 23 37 1
7 297 703 231 224 23 37 1
7 297 704 229 224 23 37 1
7 297 705 229 224 23 37 1
7 297 706 229 224 23 37 1
7 297 707 227 224 23 37 1
7 297 708 227 224 23 37 1
7 297 709 227 224 23 37 1
7 297 710 227 224 23 37 1
7 297 711 225 224 23 37 1
7 297 712 225 224 23 37 1
7 297 713 225 224 23 37 1
7 297 714 224 224 23 37 1
7 297 715 224 224 23 37 1
7 297 716 224 224 23 37 1
7 297 717 224 224 23 37 1
7 297 718 222 222 23 37 1
7 297 719 222 222 23 37 1
7 297 720 220 222 23 37 1
7 297 721 220 222 23 37 1
7 297 722 218 220 23 37 1
7 297 723 218 220 23 37 1
7 297 724 218 220 23 37 1
7 297 725 216 220 24 37 1
7 297 726 216 218 24 38 1
7 297 727 215 218 23 38 1
7 297 728 215 218 23 38 1
7 297 729 215 218 23 38 1
7 297 730 213 218 23 38 1
7 297 731 213 218 23 38 1
7 297 732 213 218 23 38 1
7 297 733 213 218 23 38 1
7 297 734 211 218 23 38 1
7 297 735 211 218 23 38 1
7 297 736 211 218 23 38 1
7 297 737 211 218 23 38 1
7 297 738 209 218 23 38 1
7 297 739 209 218 23 38 1
7 297 740 209 218 23 38 1
7 297 741 209 220 23 37 1
7 297 742 208 220 23 37 1
7 297 743 208 220 23 37 1
7 297 744 208 220 23 37 1
7 297 745 208 220 23 37 1
7 297 746 206 220 23 37 1
7 297 747 206 220 23 37 1
7 297 748 206 220 23 37 1
7 297 749 206 220 23 37 1
7 297 750 204 220 23 37 1
7 297 751 204 220 23 37 1
7 297 752 204 220 23 37 1
7 297 753 204 220 23 37 1
7 297 754 202 220 23 37 1
7 297 755 202 220 23 37 1
7 297 756 202 220 23 37 1
7 297 757 202 220 23 37 1
7 297 758 200 222 24 37 1
7 297 759 200 222 24 37 1
7 297 760 200 222 24 37 1
7 297 761 200 222 24 37 1
7 297 762 199 222 23 37 1
7 297 763 199 222 23 37 1
7 297 764 199 222 23 37 1
7 297 765 199 222 23 37 1
7 297 766 199 224 23 37 1
7 297 767 197 222 23 37 1
7 297 768 197 222 23 37 1
7 297 769 197 222 23 37 1
7 297 770 195 222 23 37 1
7 297 771 195 222 23 37 1
7 297 772 195 222 23 37 1
7 297 773 193 220 23 37 1
7 297 774 193 220 23 37 1
7 297 775 193 220 23 37 1
7 297 776 192 220 23 37 1
7 297 777 192 220 23 37 1
7 297 778 192 220 23 37 1
7 297 779 190 220 23 37 1
7 297 780 190 220 23 37 1
7 297 781 190 220 23 37 1
7 297 782 190 220 23 37 1
7 297 783 190 220 23 37 1
7 297 784 190 220 23 37 1
7 297 785 190 220 23 37 1
7 297 786 190 220 23 37 1
7 297 787 190 220 23 37 1
7 297 788 190 220 23 37 1
7 297 789 190 220 23 37 1
7 297 790 190 220 23 37 1
7 297 791 190 220 23 37 1
7 297 792 190 220 23 37 1
7 297 793 190 220 23 37 1
7 297 794 190 220 23 37 1
7 297 795 190 220 23 37 1
7 297 796 188 220 23 37 1
7 297 797 188 220 23 37 1
7 297 798 188 220 23 37 1
7 297 799 188 220 23 37 1
7 297 800 188 220 23 37 1
7 297 801 188 220 23 37 1
7 297 802 186 220 23 37 1
7 297 803 186 220 23 37 1
7 297 804 186 220 23 37 1
7 297 805 186 220 23 37 1
7 297 806 186 220 23 37 1
7 297 807 186 220 23 37 1
7 297 808 184 220 24 37 1
7 297 809 184 220 24 37 1
7 297 810 184 220 24 37 1
7 297 811 184 220 24 37 1
7 297 812 184 220 24 37 1
7 297 813 184 220 24 37 1
7 297 814 183 220 23 37 1
7 297 815 183 220 23 37 1
7 297 816 183 220 23 37 1
7 297 817 183 220 23 37 1
7 297 818 181 220 23 37 1
7 297 819 181 220 23 37 1
7 297 820 181 220 23 37 1
7 297 821 181 220 23 37 1
7 297 822 179 220 23 37 1
7 297 823 179 222 23 37 1
7 297 824 179 222 23 37 1
7 297 825 179 222 23 37 1
7 297 826 177 222 23 37 1
7 297 827 177 222 23 37 1
7 297 828 177 222 23 37 1
7 297 829 177 222 23 37 1
7 297 830 176 222 23 37 1
7 297 831 176 222 23 37 1
7 297 832 176 222 23 37 1
7 297 833 176 224 23 37 1
7 297 834 174 222 23 37 1
7 297 835 174 220 23 37 1
7 297 836 174 220 23 37 1
7 297 837 174 218 23 38 1
7 297 838 174 218 23 38 1
7 297 839 172 218 23 38 1
7 297 840 172 218 23 38 1
7 297 841 172 218 23 38 1
7 297 842 172 218 23 38 1
7 297 843 172 218 23 38 1
7 297 844 172 218 23 38 1
7 297 845 172 218 23 38 1
7 297 846 172 218 23 38 1
7 297 847 172 218 23 38 1
7 297 848 172 218 23 38 1
7 297 849 172 218 23 38 1
7 297 850 172 218 23 38 1
7 297 851 172 218 23 38 1
7 297 852 172 218 23 38 1
7 297 853 172 218 23 38 1
7 297 854 172 218 23 38 1
7 297 855 172 218 23 38 1
7 297 856 172 218 23 38 1
7 297 857 172 218 23 38 1
7 297 858 172 218 23 38 1
7 297 859 172 218 23 38 1
7 297 860 172 218 23 38 1
7 297 861 172 218 23 38 1
7 297 862 172 218 23 38 1
7 297 863 172 218 23 38 1
7 297 864 172 218 23 38 1
7 297 865 172 218 23 38 1
7 297 866 172 218 23 38 1
7 297 867 172 218 23 38 1
7 297 868 172 218 23 38 1
7 297 869 172 218 23 38 1
7 297 870 172 218 23 38 1
7 297 871 172 218 23 38 1
7 297 872 172 218 23 38 1
7 297 873 172 218 23 38 1
7 297 874 172 218 23 38 1
7 297 875 172 218 23 38 1
7 297 876 172 218 23 38 1
7 297 877 170 218 23 38 1
7 297 878 170 218 23 38 1
7 297 879 170 218 23 38 1
7 297 880 170 218 23 38 1
7 297 881 170 218 23 38 1
7 297 882 170 218 23 38 1
7 297 883 170 218 23 38 1
7 297 884 170 218 23 38 1
7 297 885 170 218 23 38 1
7 297 886 170 218 23 38 1
7 297 887 170 218 23 38 1
7 297 888 170 218 23 38 1
7 297 889 170 218 23 38 1
7 297 890 170 218 23 38 1
7 297 891 170 218 23 38 1
7 297 892 170 218 23 38 1
7 297 893 170 218 23 38 1
7 297 894 170 218 23 38 1
7 297 895 170 218 23 38 1
7 297 896 170 218 23 38 1
7 297 897 170 218 23 38 1
7 297 898 170 218 23 38 1
7 297 899 170 218 23 38 1
7 297 900 170 218 23 38 1
7 297 901 170 218 23 38 1
7 297 902 170 218 23 38 1
7 297 903 170 218 23 38 1
7 297 904 170 218 23 38 1
7 297 905 170 218 23 38 1
7 297 906 170 218 23 38 1
7 297 907 170 218 23 38 1
7 297 908 170 218 23 38 1
7 297 909 170 218 23 38 1
7 297 910 170 218 23 38 1
7 297 911 170 218 23 38 1
7 297 912 170 218 23 38 1
7 297 913 170 218 23 38 1
7 297 914 170 218 23 38 1
7 297 915 170 218 23 38 1
7 297 916 170 218 23 38 1
7 297 917 170 218 23 38 1
7 297 918 170 218 23 38 1
7 297 919 170 218 23 38 1
7 297 920 170 218 23 38 1
7 297 921 170 218 23 38 1
8 297 625 304 227 23 43 1
8 297 626 302 227 23 43 1
8 297 627 302 227 23 43 1
8 297 628 300 227 23 43 1
8 297 629 300 227 23 43 1
8 297 630 300 227 23 43 1
8 297 631 298 227 23 43 1
8 297 632 298 227 23 43 1
8 297 633 296 227 24 43 1
8 297 634 296 227 24 43 1
8 297 635 296 227 24 43 1
8 297 636 295 227 23 43 1
8 297 637 295 227 23 43 1
8 297 638 295 227 23 43 1
8 297 639 293 227 23 43 1
8 297 640 293 227 23 43 1
8 297 641 291 227 23 43 1
8 297 642 291 227 23 43 1
8 297 643 291 227 23 43 1
8 297 644 289 227 23 43 1
8 297 645 289 227 23 43 1
8 297 646 289 227 23 43 1
8 297 647 288 227 23 43 1
8 297 648 288 227 23 43 1
8 297 649 286 227 23 43 1
8 297 650 286 227 23 43 1
8 297 651 286 227 23 43 1
8 297 652 284 227 23 43 1
8 297 653 284 227 23 43 1
8 297 654 284 227 23 43 1
8 297 655 282 227 23 43 1
8 297 656 282 227 23 43 1
8 297 657 280 227 24 43 1
8 297 658 280 229 24 43 1
8 297 659 279 229 23 43 1
8 297 660 277 229 23 43 1
8 297 661 277 229 23 43 1
8 297 662 277 229 23 43 1
8 297 663 277 229 23 43 1
8 297 664 275 229 23 43 1
8 297 665 275 229 23 43 1
8 297 666 275 229 23 43 1
8 297 667 275 229 23 43 1
8 297 668 273 229 23 43 1
8 297 669 273 229 23 43 1
8 297 670 273 229 23 43 1
8 297 671 273 229 23 43 1
8 297 672 272 229 23 43 1
8 297 673 272 229 23 43 1
8 297 674 272 229 23 43 1
8 297 675 272 229 23 43 1
8 297 676 272 229 23 43 1
8 297 677 272 229 23 43 1
8 297 678 270 229 23 43 1
8 297 679 270 229 23 43 1
8 297 680 270 229 23 43 1
8 297 681 270 229 23 43 1
8 297 682 270 229 23 43 1
8 297 683 270 229 23 43 1
8 297 684 270 229 23 43 1
8 297 685 268 227 23 43 1
8 297 686 268 227 23 43 1
8 297 687 266 227 23 43 1
8 297 688 266 227 23 43 1
8 297 689 266 225 23 43 1
8 297 690 264 225 24 43 1
8 297 691 264 225 24 43 1
8 297 692 264 225 24 43 1
8 297 693 263 224 23 42 1
8 297 694 263 224 23 42 1
8 297 695 261 224 23 42 1
8 297 696 261 224 23 42 1
8 297 697 261 222 23 42 1
8 297 698 259 222 23 42 1
8 297 699 259 222 23 42 1
8 297 700 259 222 23 42 1
8 297 701 257 222 23 42 1
8 297 702 256 222 23 42 1
8 297 703 256 222 23 42 1
8 297 704 254 222 23 42 1
8 297 705 254 222 23 42 1
8 297 706 252 222 23 42 1
8 297 707 250 222 23 42 1
8 297 708 250 222 23 42 1
8 297 709 248 222 24 42 1
8 297 710 248 222 24 42 1
8 297 711 247 222 23 42 1
8 297 712 245 222 23 42 1
8 297 713 245 222 23 42 1
8 297 714 243 222 23 42 1
8 297 715 243 222 23 42 1
8 297 716 241 222 23 42 1
8 297 717 241 222 23 42 1
8 297 718 240 222 23 42 1
8 297 719 240 222 23 42 1
8 297 720 240 222 23 42 1
8 297 721 240 222 23 42 1
8 297 722 238 222 23 42 1
8 297 723 238 222 23 42 1
8 297 724 238 222 23 42 1
8 297 725 238 222 23 42 1
8 297 726 236 222 23 42 1
8 297 727 236 222 23 42 1
8 297 728 236 222 23 42 1
8 297 729 236 222 23 42 1
8 297 730 234 222 23 42 1
8 297 731 234 222 23 42 1
8 297 732 234 222 23 42 1
8 297 733 234 222 23 42 1
8 297 734 234 222 23 42 1
8 297 735 234 224 23 42 1
8 297 736 234 224 23 42 1
8 297 737 234 224 23 42 1
8 297 738 234 224 23 42 1
8 297 739 234 224 23 42 1
8 297 740 234 224 23 42 1
8 297 741 234 225 23 43 1
8 297 742 232 225 24 43 1
8 297 743 232 225 24 43 1
8 297 744 232 225 24 43 1
8 297 745 232 225 24 43 1
8 297 746 232 225 24 43 1
8 297 747 232 225 24 43 1
8 297 748 232 225 24 43 1
8 297 749 232 225 24 43 1
8 297 750 231 225 23 43 1
8 297 751 231 225 23 43 1
8 297 752 231 225 23 43 1
8 297 753 231 225 23 43 1
8 297 754 231 227 23 43 1
8 297 755 229 227 23 43 1
8 297 756 229 227 23 43 1
8 297 757 229 227 23 43 1
8 297 758 229 229 23 43 1
8 297 759 229 229 23 43 1
8 297 760 229 229 23 43 1
8 297 761 227 229 23 43 1
8 297 762 227 231 23 42 1
8 297 763 227 231 23 42 1
8 297 764 227 231 23 42 1
8 297 765 227 231 23 42 1
8 297 766 227 232 23 43 1
8 297 767 225 231 23 42 1
8 297 768 225 231 23 42 1
8 297 769 225 229 23 43 1
8 297 770 224 229 23 43 1
8 297 771 224 227 23 43 1
8 297 772 224 227 23 43 1
8 297 773 222 227 23 43 1
8 297 774 222 225 23 43 1
8 297 775 222 225 23 43 1
8 297 776 220 224 23 42 1
8 297 777 220 224 23 42 1
8 297 778 220 224 23 42 1
8 297 779 218 224 23 42 1
8 297 780 218 224 23 42 1
8 297 781 218 224 23 42 1
8 297 782 218 224 23 42 1
8 297 783 218 224 23 42 1
8 297 784 218 224 23 42 1
8 297 785 218 224 23 42 1
8 297 786 218 224 23 42 1
8 297 787 216 224 24 42 1
8 297 788 216 224 24 42 1
8 297 789 216 224 24 42 1
8 297 790 216 224 24 42 1
8 297 791 216 224 24 42 1
8 297 792 216 224 24 42 1
8 297 793 216 224 24 42 1
8 297 794 216 224 24 42 1
8 297 795 216 224 24 42 1
8 297 796 216 224 24 42 1
8 297 797 216 224 24 42 1
8 297 798 216 224 24 42 1
8 297 799 216 224 24 42 1
8 297 800 216 224 24 42 1
8 297 801 216 224 24 42 1
8 297 802 216 224 24 42 1
8 297 803 216 224 24 42 1
8 297 804 216 224 24 42 1
8 297 805 216 224 24 42 1
8 297 806 216 224 24 42 1
8 297 807 216 224 24 42 1
8 297 808 216 224 24 42 1
8 297 809 216 224 24 42 1
8 297 810 216 224 24 42 1
8 297 811 216 224 24 42 1
8 297 812 216 224 24 42 1
8 297 813 218 224 23 42 1
8 297 814 216 224 24 42 1
8 297 815 216 224 24 42 1
8 297 816 216 224 24 42 1
8 297 817 216 224 24 42 1
8 297 818 216 224 24 42 1
8 297 819 215 224 23 42 1
8 297 820 215 224 23 42 1
8 297 821 215 224 23 42 1
8 297 822 215 224 23 42 1
8 297 823 215 224 23 42 1
8 297 824 213 224 23 42 1
8 297 825 213 224 23 42 1
8 297 826 213 224 23 42 1
8 297 827 213 224 23 42 1
8 297 828 213 224 23 42 1
8 297 829 211 224 23 42 1
8 297 830 211 224 23 42 1
8 297 831 211 224 23 42 1
8 297 832 211 224 23 42 1
8 297 833 211 224 23 42 1
8 297 834 211 222 23 42 1
8 297 835 211 220 23 43 1
8 297 836 211 218 23 43 1
8 297 837 211 216 23 43 1
8 297 838 211 216 23 43 1
8 297 839 211 216 23 43 1
8 297 840 211 216 23 43 1
8 297 841 211 216 23 43 1
8 297 842 211 216 23 43 1
8 297 843 211 216 23 43 1
8 297 844 211 216 23 43 1
8 297 845 211 216 23 43 1
8 297 846 211 216 23 43 1
8 297 847 211 216 23 43 1
8 297 848 211 216 23 43 1
8 297 849 211 216 23 43 1
8 297 850 211 216 23 43 1
8 297 851 211 216 23 43 1
8 297 852 211 216 23 43 1
8 297 853 211 216 23 43 1
8 297 854 211 216 23 43 1
8 297 855 211 216 23 43 1
8 297 856 211 216 23 43 1
8 297 857 211 216 23 43 1
8 297 858 211 216 23 43 1
8 297 859 211 216 23 43 1
8 297 860 211 216 23 43 1
8 297 861 211 216 23 43 1
8 297 862 211 216 23 43 1
8 297 863 211 216 23 43 1
8 297 864 211 216 23 43 1
8 297 865 211 216 23 43 1
8 297 866 211 216 23 43 1
8 297 867 211 216 23 43 1
8 297 868 211 216 23 43 1
8 297 869 211 216 23 43 1
8 297 870 211 216 23 43 1
8 297 871 211 216 23 43 1
8 297 872 211 216 23 43 1
8 297 873 211 216 23 43 1
8 297 874 211 216 23 43 1
8 297 875 211 216 23 43 1
8 297 876 211 216 23 43 1
8 297 877 211 216 23 43 1
8 297 878 211 216 23 43 1
8 297 879 211 216 23 43 1
8 297 880 211 216 23 43 1
8 297 881 211 216 23 43 1
8 297 882 211 216 23 43 1
8 297 883 211 216 23 43 1
8 297 884 211 216 23 43 1
8 297 885 211 216 23 43 1
8 297 886 211 216 23 43 1
8 297 887 211 216 23 43 1
8 297 888 211 216 23 43 1
8 297 889 211 216 23 43 1
8 297 890 211 216 23 43 1
8 297 891 211 216 23 43 1
8 297 892 211 216 23 43 1
8 297 893 211 216 23 43 1
8 297 894 211 216 23 43 1
8 297 895 211 216 23 43 1
8 297 896 211 216 23 43 1
8 297 897 211 216 23 43 1
8 297 898 211 216 23 43 1
8 297 899 211 216 23 43 1
8 297 900 211 216 23 43 1
8 297 901 211 216 23 43 1
8 297 902 211 216 23 43 1
8 297 903 211 216 23 43 1
8 297 904 211 216 23 43 1
8 297 905 211 216 23 43 1
8 297 906 211 216 23 43 1
8 297 907 211 216 23 43 1
8 297 908 211 216 23 43 1
8 297 909 211 216 23 43 1
8 297 910 211 216 23 43 1
8 297 911 211 216 23 43 1
8 297 912 211 216 23 43 1
8 297 913 211 216 23 43 1
8 297 914 211 216 23 43 1
8 297 915 211 216 23 43 1
8 297 916 211 216 23 43 1
8 297 917 211 216 23 43 1
8 297 918 211 216 23 43 1
8 297 919 211 216 23 43 1
8 297 920 211 216 23 43 1
8 297 921 211 216 23 43 1
