0 249 163 1032 202 20 41 1
0 249 164 1031 202 19 41 1
0 249 165 1031 202 19 41 1
0 249 166 1031 202 19 41 1
0 249 167 1029 202 21 43 1
0 249 168 1029 202 19 43 1
0 249 169 1029 202 19 43 1
0 249 170 1029 202 19 43 1
0 249 171 1027 202 21 45 1
0 249 172 1027 202 21 45 1
0 249 173 1027 202 20 45 1
0 249 174 1027 202 20 45 1
0 249 175 1025 202 22 46 1
0 249 176 1025 202 22 46 1
0 249 177 1025 202 20 46 1
0 249 178 1024 202 21 48 1
0 249 179 1024 202 21 48 1
0 249 180 1024 202 21 48 1
0 249 181 1024 202 21 48 1
0 249 182 1022 202 21 50 1
0 249 183 1022 202 21 50 1
0 249 184 1022 202 21 50 1
0 249 185 1022 202 21 50 1
0 249 186 1020 202 21 52 1
0 249 187 1020 202 21 52 1
0 249 188 1020 202 21 52 1
0 249 189 1020 202 21 52 1
0 249 190 1018 202 23 54 1
0 249 191 1018 202 22 54 1
0 249 192 1018 202 22 54 1
0 249 193 1016 202 24 55 1
0 249 194 1016 202 24 55 1
0 249 195 1016 202 22 55 1
0 249 196 1016 202 22 55 1
0 249 197 1015 202 23 57 1
0 249 198 1015 202 23 57 1
0 249 199 1015 202 23 57 1
0 249 200 1015 202 21 57 1
0 249 201 1013 202 23 59 1
0 249 202 1013 202 23 59 1
0 249 203 1013 202 23 59 1
0 249 204 1013 202 23 61 1
0 249 205 1013 202 23 61 1
0 249 206 1013 202 23 61 1
0 249 207 1013 202 23 61 1
0 249 208 1013 202 23 61 1
0 249 209 1013 202 23 61 1
0 249 210 1013 202 23 61 1
0 249 211 1013 202 23 61 1
0 249 212 1013 202 25 61 1
0 249 213 1013 202 25 61 1
0 249 214 1013 202 25 61 1
0 249 215 1013 202 25 61 1
0 249 216 1013 202 25 61 1
0 249 217 1013 202 25 61 1
0 249 218 1013 202 25 61 1
0 249 219 1013 204 27 60 1
0 249 220 1013 202 27 61 1
0 249 221 1013 202 28 61 1
0 249 222 1015 202 26 61 1
0 249 223 1015 202 28 61 1
0 249 224 1016 202 27 61 1
0 249 225 1016 202 29 61 1
0 249 226 1018 202 29 61 1
0 249 227 1018 202 29 61 1
0 249 228 1020 202 28 61 1
0 249 229 1020 202 28 61 1
0 249 230 1022 202 28 61 1
0 249 231 1022 202 30 61 1
0 249 232 1022 202 30 61 1
0 249 233 1024 202 30 61 1
0 249 234 1024 202 30 61 1
0 249 235 1025 202 31 61 1
0 249 236 1025 202 32 61 1
0 249 237 1027 202 30 61 1
0 249 238 1027 202 32 61 1
0 249 239 1029 202 30 61 1
0 249 240 1029 202 32 61 1
0 249 241 1031 202 32 61 1
0 249 242 1031 200 32 61 1
0 249 243 1031 200 32 61 1
0 249 244 1032 200 32 61 1
0 249 245 1032 200 32 61 1
0 249 246 1034 200 32 59 1
0 249 247 1034 200 32 59 1
0 249 248 1036 200 32 59 1
0 249 249 1036 200 32 59 1
0 249 250 1038 200 32 59 1
0 249 251 1038 200 32 57 1
0 249 252 1038 200 32 57 1
0 249 253 1040 200 32 57 1
0 249 254 1040 200 32 57 1
0 249 255 1041 200 32 57 1
0 249 256 1041 200 32 57 1
0 249 257 1041 200 32 57 1
0 249 258 1043 200 32 57 1
0 249 259 1043 200 32 57 1
0 249 260 1045 200 32 57 1
0 249 261 1045 200 32 57 1
0 249 262 1045 200 32 57 1
0 249 263 1047 200 32 57 1
0 249 264 1047 200 32 57 1
0 249 265 1048 200 32 57 1
0 249 266 1048 200 32 57 1
0 249 267 1050 200 32 57 1
0 249 268 1050 200 32 56 1
0 249 269 1052 200 32 56 1
0 249 270 1052 200 32 56 1
0 249 271 1054 200 32 56 1
0 249 272 1056 200 32 56 1
0 249 273 1056 200 32 56 1
0 249 274 1057 200 32 56 1
0 249 275 1059 200 32 56 1
0 249 276 1059 200 32 56 1
0 249 277 1061 200 32 56 1
0 249 278 1063 200 32 56 1
0 249 279 1063 200 32 56 1
0 249 280 1064 200 32 56 1
0 249 281 1066 200 32 56 1
0 249 282 1066 200 32 56 1
0 249 283 1068 200 32 56 1
0 249 284 1070 200 32 56 1
0 249 285 1070 200 32 56 1
0 249 286 1072 200 32 56 1
0 249 287 1073 200 32 56 1
0 249 288 1073 200 32 56 1
0 249 289 1075 200 32 56 1
0 249 290 1077 200 32 56 1
0 249 291 1077 200 32 54 1
0 249 292 1079 200 32 54 1
0 249 293 1080 200 32 54 1
0 249 294 1082 200 32 54 1
0 249 295 1084 200 32 54 1
0 249 296 1086 200 32 54 1
0 249 297 1088 200 32 54 1
0 249 298 1089 200 32 54 1
0 249 299 1091 200 32 54 1
0 249 300 1093 200 32 54 1
0 249 301 1093 199 32 55 1
0 249 302 1095 199 32 55 1
0 249 303 1096 199 32 55 1
0 249 304 1098 199 32 55 1
0 249 305 1100 199 32 55 1
0 249 306 1102 199 32 55 1
0 249 307 1104 199 30 55 1
0 249 308 1105 199 31 55 1
0 249 309 1107 199 30 55 1
0 249 310 1109 199 30 55 1
0 249 311 1111 199 30 55 1
0 249 312 1112 199 31 55 1
0 249 313 1114 199 30 55 1
0 249 314 1116 199 28 55 1
0 249 315 1118 199 28 55 1
0 249 316 1120 199 28 55 1
0 249 317 1121 199 29 55 1
0 249 318 1123 199 29 55 1
0 249 319 1125 199 28 55 1
0 249 320 1125 199 30 55 1
0 249 321 1127 199 28 55 1
0 249 322 1128 199 29 55 1
0 249 323 1130 199 29 55 1
0 249 324 1132 199 28 55 1
0 249 325 1134 199 28 55 1
0 249 326 1136 199 28 55 1
0 249 327 1137 199 29 55 1
0 249 328 1139 199 27 55 1
0 249 329 1141 199 27 55 1
0 249 330 1143 199 26 55 1
0 249 331 1144 199 27 55 1
0 249 332 1146 199 27 55 1
0 249 333 1148 199 27 55 1
0 249 334 1150 199 26 55 1
0 249 335 1152 199 24 55 1
0 249 336 1153 199 25 55 1
0 249 337 1155 199 25 55 1
0 249 338 1157 199 25 57 1
0 249 339 1157 197 27 59 1
0 249 340 1159 197 26 59 1
0 249 341 1160 197 27 59 1
0 249 342 1162 197 25 59 1
0 249 343 1164 197 25 59 1
0 249 344 1166 197 25 59 1
0 249 345 1168 197 24 59 1
0 249 346 1169 197 25 59 1
0 249 347 1171 197 25 59 1
0 249 348 1173 197 25 59 1
0 249 349 1175 197 23 59 1
0 249 350 1176 197 24 59 1
0 249 351 1178 197 23 59 1
0 249 352 1180 197 23 59 1
0 249 353 1182 197 23 59 1
0 249 354 1184 197 23 59 1
0 249 355 1185 197 23 59 1
0 249 356 1187 197 21 59 1
0 249 357 1189 197 21 59 1
0 249 358 1189 197 23 59 1
0 249 359 1191 197 23 59 1
0 249 360 1192 197 24 59 1
0 249 361 1194 197 23 59 1
0 249 362 1196 197 23 59 1
0 249 363 1198 197 21 59 1
0 249 364 1200 197 21 59 1
0 249 365 1201 197 22 59 1
0 249 366 1203 197 21 59 1
0 249 367 1205 197 21 59 1
0 249 368 1207 197 21 59 1
0 249 369 1208 197 22 59 1
0 249 370 1210 197 20 59 1
0 249 371 1212 197 20 59 1
0 249 372 1214 197 19 59 1
0 249 373 1216 197 19 59 1
0 249 374 1217 197 20 59 1
0 249 375 1219 197 20 59 1
0 249 376 1221 197 19 60 1
0 249 377 1221 197 27 60 1
0 249 378 1223 197 25 60 1
0 249 379 1224 197 25 60 1
0 249 380 1226 197 25 60 1
0 249 381 1228 197 25 60 1
0 249 382 1230 197 25 60 1
0 249 383 1232 197 24 60 1
0 249 384 1233 197 25 60 1
0 249 385 1235 197 25 60 1
0 249 386 1237 197 25 60 1
0 249 387 1239 197 25 60 1
0 249 388 1240 197 25 60 1
0 249 389 1242 197 25 60 1
0 249 390 1244 197 25 60 1
0 249 391 1246 197 25 60 1
0 249 392 1248 197 24 60 1
0 249 393 1249 197 25 60 1
0 249 394 1251 199 25 60 1
0 249 395 1251 199 25 60 1
0 249 396 1253 199 23 60 1
0 249 397 1255 199 21 60 1
0 249 398 1256 199 20 60 1
0 249 399 1256 199 20 60 1
0 249 400 1258 199 18 60 1
0 249 401 1260 199 16 60 1
0 249 402 1262 199 14 60 1
0 249 403 1262 199 14 60 1
0 249 404 1264 199 12 60 1
0 249 405 1265 199 11 60 1
0 249 406 1267 199 9 60 1
0 249 407 1269 199 7 60 1
0 249 408 1269 199 7 60 1
0 249 409 1269 199 7 60 1
0 249 410 1269 199 7 60 1
0 249 411 1269 199 7 60 1
1 507 0 524 227 23 34 1
1 507 1 524 225 23 34 1
1 507 2 524 225 23 34 1
1 507 3 526 225 23 34 1
1 507 4 526 225 23 34 1
1 507 5 526 225 23 34 1
1 507 6 528 225 23 34 1
1 507 7 528 225 23 34 1
1 507 8 528 225 23 34 1
1 507 9 529 225 23 34 1
1 507 10 529 225 23 34 1
1 507 11 529 225 23 34 1
1 507 12 531 225 23 34 1
1 507 13 531 225 23 34 1
1 507 14 533 225 23 34 1
1 507 15 533 225 23 34 1
1 507 16 533 225 23 34 1
1 507 17 535 225 23 34 1
1 507 18 535 225 23 34 1
1 507 19 535 224 23 33 1
1 507 20 536 224 24 33 1
1 507 21 536 224 24 33 1
1 507 22 536 224 24 33 1
1 507 23 538 224 23 33 1
1 507 24 538 224 23 33 1
1 507 25 540 224 23 33 1
1 507 26 540 224 23 33 1
1 507 27 540 224 23 33 1
1 507 28 542 224 23 33 1
1 507 29 542 224 23 33 1
1 507 30 542 224 23 33 1
1 507 31 544 224 23 33 1
1 507 32 544 224 23 33 1
1 507 33 544 224 23 33 1
1 507 34 545 224 23 33 1
1 507 35 545 224 23 33 1
1 507 36 547 224 23 33 1
1 507 37 547 222 23 35 1
1 507 38 547 222 23 35 1
1 507 39 547 222 23 35 1
1 507 40 547 222 23 35 1
1 507 41 549 222 23 35 1
1 507 42 549 222 23 35 1
1 507 43 549 222 23 35 1
1 507 44 549 222 23 35 1
1 507 45 551 222 23 35 1
1 507 46 551 222 23 35 1
1 507 47 551 222 23 35 1
1 507 48 551 222 23 35 1
1 507 49 551 222 23 35 1
1 507 50 552 222 24 35 1
1 507 51 552 222 24 35 1
1 507 52 552 222 24 35 1
1 507 53 552 222 24 35 1
1 507 54 554 222 23 35 1
1 507 55 554 222 23 35 1
1 507 56 554 222 23 35 1
1 507 57 554 222 23 35 1
1 507 58 556 222 23 35 1
1 507 59 556 222 23 35 1
1 507 60 556 222 23 35 1
1 507 61 556 222 23 35 1
1 507 62 556 222 23 35 1
1 507 63 558 222 23 35 1
1 507 64 558 222 23 35 1
1 507 65 558 222 23 35 1
1 507 66 558 222 23 35 1
1 507 67 560 222 23 35 1
1 507 68 560 222 23 35 1
1 507 69 560 222 23 35 1
1 507 70 560 222 23 37 1
1 507 71 560 222 23 37 1
1 507 72 561 222 23 37 1
1 507 73 561 222 23 37 1
1 507 74 561 222 23 37 1
1 507 75 561 222 23 37 1
1 507 76 563 222 23 37 1
1 507 77 563 222 23 37 1
1 507 78 563 222 23 37 1
1 507 79 563 222 23 37 1
1 507 80 565 222 23 37 1
1 507 81 565 222 23 37 1
1 507 82 565 222 23 37 1
1 507 83 565 222 23 37 1
1 507 84 565 222 23 37 1
1 507 85 567 222 23 37 1
1 507 86 567 222 23 37 1
1 507 87 567 222 23 37 1
1 507 88 567 222 23 37 1
1 507 89 568 222 24 37 1
1 507 90 568 222 24 37 1
1 507 91 568 222 24 37 1
1 507 92 568 222 24 37 1
1 507 93 568 222 24 37 1
1 507 94 570 222 23 37 1
1 507 95 570 222 23 37 1
1 507 96 570 222 23 37 1
1 507 97 570 222 23 37 1
1 507 98 572 222 23 37 1
1 507 99 572 222 23 37 1
1 507 100 572 222 23 37 1
1 507 101 572 222 23 37 1
1 507 102 574 222 23 37 1
1 507 103 574 222 23 37 1
1 507 104 574 222 23 39 1
1 507 105 574 222 23 39 1
1 507 106 574 222 23 39 1
1 507 107 576 222 23 39 1
1 507 108 576 222 23 39 1
1 507 109 576 222 23 39 1
1 507 110 576 222 23 39 1
1 507 111 577 222 23 39 1
1 507 112 577 222 23 39 1
1 507 113 577 222 23 39 1
1 507 114 577 222 23 39 1
1 507 115 579 222 23 39 1
1 507 116 579 222 23 39 1
1 507 117 579 222 23 39 1
1 507 118 579 222 23 39 1
1 507 119 579 222 23 39 1
1 507 120 581 222 23 39 1
1 507 121 581 222 23 39 1
1 507 122 581 222 23 39 1
1 507 123 581 222 23 39 1
1 507 124 583 222 23 39 1
1 507 125 583 222 23 39 1
1 507 126 583 222 23 39 1
1 507 127 583 222 23 39 1
1 507 128 583 222 23 39 1
1 507 129 584 222 24 39 1
1 507 130 584 222 24 39 1
1 507 131 584 222 24 39 1
1 507 132 584 222 24 39 1
1 507 133 586 222 23 39 1
1 507 134 586 222 23 39 1
1 507 135 586 222 23 39 1
1 507 136 586 222 23 39 1
1 507 137 588 222 23 39 1
1 507 138 588 222 23 41 1
1 507 139 588 222 23 41 1
1 507 140 588 222 23 41 1
1 507 141 588 222 23 41 1
1 507 142 590 222 23 41 1
1 507 143 590 222 23 41 1
1 507 144 590 222 23 41 1
1 507 145 590 222 23 41 1
1 507 146 592 222 23 41 1
1 507 147 592 222 23 41 1
1 507 148 592 222 23 41 1
1 507 149 592 222 23 41 1
1 507 150 592 222 23 41 1
1 507 151 593 222 23 41 1
1 507 152 593 222 23 41 1
1 507 153 593 222 23 41 1
1 507 154 593 222 23 41 1
1 507 155 595 222 23 41 1
1 507 156 595 222 23 41 1
1 507 157 595 222 23 41 1
1 507 158 595 222 23 41 1
1 507 159 597 222 23 41 1
1 507 160 597 222 23 41 1
1 507 161 597 222 23 41 1
1 507 162 597 222 23 41 1
1 507 163 597 222 23 41 1
1 507 164 599 222 23 41 1
1 507 165 599 222 23 41 1
1 507 166 599 222 23 41 1
1 507 167 599 222 23 41 1
1 507 168 600 222 24 41 1
1 507 169 600 222 24 41 1
1 507 170 600 222 24 41 1
1 507 171 600 222 24 41 1
1 507 172 602 222 23 42 1
1 507 173 602 222 23 42 1
1 507 174 602 222 23 42 1
1 507 175 604 222 23 42 1
1 507 176 604 222 23 42 1
1 507 177 606 222 23 44 1
1 507 178 606 220 23 44 1
1 507 179 606 220 23 44 1
1 507 180 608 220 23 44 1
1 507 181 608 220 23 44 1
1 507 182 608 220 23 44 1
1 507 183 609 220 23 44 1
1 507 184 609 220 23 44 1
1 507 185 611 220 23 44 1
1 507 186 611 220 23 44 1
1 507 187 611 220 23 44 1
1 507 188 613 220 23 44 1
1 507 189 613 220 23 44 1
1 507 190 615 220 23 44 1
1 507 191 615 220 23 44 1
1 507 192 615 220 23 44 1
1 507 193 616 220 24 44 1
1 507 194 616 220 24 44 1
1 507 195 618 220 23 44 1
1 507 196 618 220 23 44 1
1 507 197 620 220 23 44 1
1 507 198 620 220 23 44 1
1 507 199 620 220 23 44 1
1 507 200 622 220 23 44 1
1 507 201 622 220 23 44 1
1 507 202 624 220 23 44 1
1 507 203 624 220 23 44 1
1 507 204 625 220 23 44 1
1 507 205 625 218 23 45 1
1 507 206 625 218 23 45 1
1 507 207 625 218 23 45 1
1 507 208 627 218 23 45 1
1 507 209 627 218 23 45 1
1 507 210 627 218 23 45 1
1 507 211 627 218 23 45 1
1 507 212 629 218 23 45 1
1 507 213 629 218 23 45 1
1 507 214 629 218 23 45 1
1 507 215 629 218 23 45 1
1 507 216 631 218 23 45 1
1 507 217 631 218 23 45 1
1 507 218 631 218 23 45 1
1 507 219 632 218 24 45 1
1 507 220 632 218 24 45 1
1 507 221 632 218 24 45 1
1 507 222 632 218 24 45 1
1 507 223 634 218 23 45 1
1 507 224 634 218 23 45 1
1 507 225 634 218 23 45 1
1 507 226 634 218 23 45 1
1 507 227 636 218 23 45 1
1 507 228 636 218 23 45 1
1 507 229 636 218 23 45 1
1 507 230 638 218 23 45 1
1 507 231 638 218 23 45 1
1 507 232 638 218 23 45 1
1 507 233 638 218 23 45 1
1 507 234 640 218 23 45 1
1 507 235 640 218 23 45 1
1 507 236 640 218 23 45 1
1 507 237 640 218 23 45 1
1 507 238 641 218 23 45 1
1 507 239 641 218 23 45 1
1 507 240 641 218 23 45 1
1 507 241 643 218 23 45 1
1 507 242 643 216 23 45 1
1 507 243 643 216 23 45 1
1 507 244 643 216 23 45 1
1 507 245 645 216 23 45 1
1 507 246 645 216 23 45 1
1 507 247 645 216 23 45 1
1 507 248 645 216 23 45 1
1 507 249 647 216 23 45 1
1 507 250 647 216 23 45 1
1 507 251 647 216 23 45 1
1 507 252 647 216 23 45 1
1 507 253 648 216 24 45 1
1 507 254 648 216 24 45 1
1 507 255 648 216 24 45 1
1 507 256 648 216 24 45 1
1 507 257 650 216 23 45 1
1 507 258 650 216 23 45 1
1 507 259 650 216 23 45 1
1 507 260 650 216 23 45 1
1 507 261 652 216 23 45 1
1 507 262 652 216 23 45 1
1 507 263 652 216 23 45 1
1 507 264 652 216 23 45 1
1 507 265 654 216 23 45 1
1 507 266 654 216 23 45 1
1 507 267 654 216 23 45 1
1 507 268 654 216 23 45 1
1 507 269 656 216 23 45 1
1 507 270 656 216 23 45 1
1 507 271 656 216 23 45 1
1 507 272 656 216 23 45 1
1 507 273 657 216 23 45 1
1 507 274 657 216 23 45 1
1 507 275 657 216 23 45 1
1 507 276 657 216 23 45 1
1 507 277 659 216 23 45 1
1 507 278 659 216 23 45 1
1 507 279 659 216 23 45 1
1 507 280 659 216 23 45 1
1 507 281 661 216 23 45 1
1 507 282 661 216 23 45 1
1 507 283 661 216 23 45 1
1 507 284 661 216 23 45 1
1 507 285 663 216 23 45 1
1 507 286 663 216 23 45 1
1 507 287 663 216 23 45 1
1 507 288 663 216 23 45 1
1 507 289 664 216 24 45 1
1 507 290 664 216 24 45 1
1 507 291 664 216 24 45 1
1 507 292 664 216 24 45 1
1 507 293 666 216 23 45 1
1 507 294 666 216 23 45 1
1 507 295 666 216 23 45 1
1 507 296 666 216 23 45 1
1 507 297 668 216 23 45 1
1 507 298 668 216 23 45 1
1 507 299 668 216 23 45 1
1 507 300 670 216 23 45 1
1 507 301 670 215 23 46 1
1 507 302 670 215 23 46 1
1 507 303 670 215 23 46 1
1 507 304 670 215 23 46 1
1 507 305 672 215 23 46 1
1 507 306 672 215 23 46 1
1 507 307 672 215 23 46 1
1 507 308 672 215 23 46 1
1 507 309 673 215 23 46 1
1 507 310 673 215 23 46 1
1 507 311 673 215 23 46 1
1 507 312 673 215 23 46 1
1 507 313 675 215 21 46 1
1 507 314 675 215 23 46 1
1 507 315 675 215 23 46 1
1 507 316 675 215 23 46 1
1 507 317 675 215 23 46 1
1 507 318 677 215 23 46 1
1 507 319 677 215 23 46 1
1 507 320 677 215 23 46 1
1 507 321 677 215 23 46 1
1 507 322 679 215 21 46 1
1 507 323 679 215 23 46 1
1 507 324 679 215 23 46 1
1 507 325 679 215 23 46 1
1 507 326 680 215 22 46 1
1 507 327 680 215 24 46 1
1 507 328 680 215 24 46 1
1 507 329 680 215 24 46 1
1 507 330 682 215 22 46 1
1 507 331 682 215 22 46 1
1 507 332 682 215 23 46 1
1 507 333 682 215 23 46 1
1 507 334 682 215 23 46 1
1 507 335 684 215 21 46 1
1 507 336 684 215 23 46 1
1 507 337 684 215 23 46 1
1 507 338 684 215 23 46 1
1 507 339 686 215 21 46 1
1 507 340 686 215 21 46 1
1 507 341 686 215 23 46 1
1 507 342 686 215 23 46 1
1 507 343 688 215 21 46 1
1 507 344 688 215 21 46 1
1 507 345 688 215 23 46 1
1 507 346 688 215 23 46 1
1 507 347 688 215 23 46 1
1 507 348 689 215 22 46 1
1 507 349 689 215 22 46 1
1 507 350 689 215 23 46 1
1 507 351 689 215 23 46 1
1 507 352 691 215 21 46 1
1 507 353 691 215 21 46 1
1 507 354 691 213 23 48 1
1 507 355 691 213 23 48 1
1 507 356 693 213 21 48 1
1 507 357 693 213 21 48 1
1 507 358 693 213 23 48 1
1 507 359 693 213 23 48 1
1 507 360 695 213 21 48 1
1 507 361 695 213 21 48 1
1 507 362 695 213 21 48 1
1 507 363 695 213 23 48 1
1 507 364 695 213 23 48 1
1 507 365 696 213 22 48 1
1 507 366 696 213 22 48 1
1 507 367 696 213 24 48 1
1 507 368 696 213 24 48 1
1 507 369 698 213 22 48 1
1 507 370 698 213 22 48 1
1 507 371 698 213 22 48 1
1 507 372 698 213 23 48 1
1 507 373 700 213 21 48 1
1 507 374 700 213 21 48 1
1 507 375 700 213 21 48 1
1 507 376 700 213 23 48 1
1 507 377 700 213 23 48 1
1 507 378 702 213 21 48 1
1 507 379 702 213 21 48 1
1 507 380 702 213 21 48 1
1 507 381 702 213 23 48 1
1 507 382 704 213 21 48 1
1 507 383 704 213 21 48 1
1 507 384 704 213 21 48 1
1 507 385 704 213 23 48 1
1 507 386 705 213 22 48 1
1 507 387 705 213 22 48 1
1 507 388 705 213 22 48 1
1 507 389 705 213 22 48 1
1 507 390 707 213 21 48 1
1 507 391 707 213 21 48 1
1 507 392 707 213 21 48 1
1 507 393 707 213 21 48 1
1 507 394 707 213 23 48 1
1 507 395 709 213 21 48 1
1 507 396 709 213 21 48 1
1 507 397 709 213 21 48 1
1 507 398 709 213 21 48 1
1 507 399 711 213 21 48 1
1 507 400 711 213 21 48 1
1 507 401 711 213 21 48 1
1 507 402 711 213 21 48 1
1 507 403 712 213 22 48 1
1 507 404 712 213 22 48 1
1 507 405 712 213 22 48 1
1 507 406 712 213 22 48 1
1 507 407 714 213 22 48 1
1 507 408 714 211 22 48 1
1 507 409 714 211 22 48 1
1 507 410 714 211 22 48 1
1 507 411 714 211 22 48 1
1 507 412 716 211 21 48 1
1 507 413 716 211 21 48 1
1 507 414 716 211 21 48 1
1 507 415 716 211 21 48 1
1 507 416 718 211 21 48 1
1 507 417 718 211 21 48 1
1 507 418 718 211 21 48 1
1 507 419 718 211 21 48 1
1 507 420 718 211 21 48 1
1 507 421 720 211 21 48 1
1 507 422 720 211 21 48 1
1 507 423 720 211 21 48 1
1 507 424 720 211 21 48 1
1 507 425 721 211 22 48 1
1 507 426 721 211 22 48 1
1 507 427 721 211 22 48 1
1 507 428 721 211 22 48 1
1 507 429 721 211 22 48 1
1 507 430 723 211 21 48 1
1 507 431 723 211 21 48 1
1 507 432 723 209 21 48 1
1 507 433 723 209 21 48 1
1 507 434 725 209 21 48 1
1 507 435 725 209 21 48 1
1 507 436 725 209 21 48 1
1 507 437 725 209 21 48 1
1 507 438 725 209 21 48 1
1 507 439 727 209 21 48 1
1 507 440 727 209 21 48 1
1 507 441 727 209 21 48 1
1 507 442 727 209 21 48 1
1 507 443 728 209 22 48 1
1 507 444 728 209 22 48 1
1 507 445 728 209 22 48 1
1 507 446 728 209 22 48 1
1 507 447 728 209 22 48 1
1 507 448 730 209 22 48 1
1 507 449 730 209 22 48 1
1 507 450 730 209 22 48 1
1 507 451 730 209 22 48 1
1 507 452 732 209 21 48 1
1 507 453 732 209 21 48 1
1 507 454 732 209 21 48 1
1 507 455 732 209 21 48 1
1 507 456 732 209 21 48 1
1 507 457 734 208 21 48 1
1 507 458 734 208 21 48 1
1 507 459 734 208 21 48 1
1 507 460 734 208 21 48 1
1 507 461 736 208 21 48 1
1 507 462 736 208 21 48 1
1 507 463 736 208 21 48 1
1 507 464 736 208 21 48 1
1 507 465 736 208 21 48 1
1 507 466 737 208 22 48 1
1 507 467 737 208 22 48 1
1 507 468 737 208 22 48 1
1 507 469 737 208 22 48 1
1 507 470 739 208 21 48 1
1 507 471 739 208 21 48 1
1 507 472 739 208 21 48 1
1 507 473 739 208 21 48 1
1 507 474 739 208 21 48 1
1 507 475 741 208 21 48 1
1 507 476 741 208 21 48 1
1 507 477 741 208 21 48 1
1 507 478 741 208 21 48 1
1 507 479 743 208 21 48 1
1 507 480 743 208 21 48 1
1 507 481 743 208 21 48 1
1 507 482 743 206 21 48 1
1 507 483 743 206 21 48 1
1 507 484 744 206 22 48 1
1 507 485 744 206 22 48 1
1 507 486 744 206 22 48 1
1 507 487 744 206 22 48 1
1 507 488 746 206 22 48 1
1 507 489 746 206 22 48 1
1 507 490 746 206 22 48 1
1 507 491 746 206 22 48 1
1 507 492 746 206 22 48 1
1 507 493 748 206 21 48 1
1 507 494 748 206 21 48 1
1 507 495 748 206 21 48 1
1 507 496 748 206 21 48 1
1 507 497 750 206 21 48 1
1 507 498 750 206 21 48 1
1 507 499 750 206 21 48 1
1 507 500 750 206 21 48 1
1 507 501 750 206 21 48 1
1 507 502 752 206 21 48 1
1 507 503 752 206 21 48 1
1 507 504 752 206 21 48 1
1 507 505 752 206 21 48 1
1 507 506 753 206 22 48 1
2 507 0 504 224 22 37 1
2 507 1 504 222 22 37 1
2 507 2 504 222 22 37 1
2 507 3 504 222 22 37 1
2 507 4 506 222 22 37 1
2 507 5 506 222 22 37 1
2 507 6 506 222 22 37 1
2 507 7 508 222 21 37 1
2 507 8 508 222 21 37 1
2 507 9 508 222 21 37 1
2 507 10 510 222 21 37 1
2 507 11 510 222 21 37 1
2 507 12 510 222 21 37 1
2 507 13 510 220 21 37 1
2 507 14 512 220 21 37 1
2 507 15 512 220 21 37 1
2 507 16 512 220 21 37 1
2 507 17 513 220 22 37 1
2 507 18 513 220 22 37 1
2 507 19 513 220 22 37 1
2 507 20 515 220 21 37 1
2 507 21 515 220 21 37 1
2 507 22 515 220 21 37 1
2 507 23 517 220 21 37 1
2 507 24 517 220 21 37 1
2 507 25 517 218 21 38 1
2 507 26 517 218 21 38 1
2 507 27 519 218 21 38 1
2 507 28 519 218 21 38 1
2 507 29 519 218 21 38 1
2 507 30 520 218 22 38 1
2 507 31 520 218 22 38 1
2 507 32 520 218 22 38 1
2 507 33 522 218 22 38 1
2 507 34 522 218 22 38 1
2 507 35 522 218 22 38 1
2 507 36 524 218 21 38 1
2 507 37 524 218 21 38 1
2 507 38 524 218 21 38 1
2 507 39 524 218 21 38 1
2 507 40 526 218 21 38 1
2 507 41 526 218 21 38 1
2 507 42 526 218 21 38 1
2 507 43 526 218 21 38 1
2 507 44 528 218 21 38 1
2 507 45 528 218 21 38 1
2 507 46 528 218 21 38 1
2 507 47 528 218 21 38 1
2 507 48 529 218 22 38 1
2 507 49 529 218 22 38 1
2 507 50 529 218 22 38 1
2 507 51 531 218 21 38 1
2 507 52 531 218 21 38 1
2 507 53 531 218 21 38 1
2 507 54 531 218 21 38 1
2 507 55 533 218 21 38 1
2 507 56 533 218 21 38 1
2 507 57 533 218 21 38 1
2 507 58 533 218 21 38 1
2 507 59 535 218 21 38 1
2 507 60 535 218 21 38 1
2 507 61 535 218 21 38 1
2 507 62 536 218 22 38 1
2 507 63 536 218 22 38 1
2 507 64 536 218 22 38 1
2 507 65 536 218 22 38 1
2 507 66 538 218 22 38 1
2 507 67 538 218 22 38 1
2 507 68 538 218 22 38 1
2 507 69 538 218 22 38 1
2 507 70 540 218 21 38 1
2 507 71 540 218 21 38 1
2 507 72 540 218 21 38 1
2 507 73 540 218 21 38 1
2 507 74 542 218 21 38 1
2 507 75 542 218 21 38 1
2 507 76 542 218 21 38 1
2 507 77 544 218 21 38 1
2 507 78 544 218 21 38 1
2 507 79 544 218 21 38 1
2 507 80 544 218 21 38 1
2 507 81 545 218 22 38 1
2 507 82 545 218 22 38 1
2 507 83 545 218 22 38 1
2 507 84 545 218 22 38 1
2 507 85 547 218 21 38 1
2 507 86 547 218 21 38 1
2 507 87 547 218 21 38 1
2 507 88 549 218 21 38 1
2 507 89 549 218 21 38 1
2 507 90 549 218 21 38 1
2 507 91 549 218 21 38 1
2 507 92 551 218 21 38 1
2 507 93 551 218 21 38 1
2 507 94 551 218 21 38 1
2 507 95 551 218 21 38 1
2 507 96 552 218 22 38 1
2 507 97 552 218 22 38 1
2 507 98 552 218 22 38 1
2 507 99 552 218 22 38 1
2 507 100 554 218 22 38 1
2 507 101 554 218 22 38 1
2 507 102 554 218 22 38 1
2 507 103 556 218 21 38 1
2 507 104 556 218 21 38 1
2 507 105 556 218 21 38 1
2 507 106 556 218 21 38 1
2 507 107 558 218 21 38 1
2 507 108 558 218 21 38 1
2 507 109 558 218 21 38 1
2 507 110 558 218 21 38 1
2 507 111 560 218 21 38 1
2 507 112 560 218 21 38 1
2 507 113 560 218 21 38 1
2 507 114 561 218 22 38 1
2 507 115 561 218 22 38 1
2 507 116 561 218 22 38 1
2 507 117 561 218 22 38 1
2 507 118 563 218 21 38 1
2 507 119 563 218 21 38 1
2 507 120 563 218 21 38 1
2 507 121 563 218 21 38 1
2 507 122 565 218 21 38 1
2 507 123 565 218 21 38 1
2 507 124 565 218 21 38 1
2 507 125 565 218 21 38 1
2 507 126 567 218 21 38 1
2 507 127 567 218 21 38 1
2 507 128 567 218 21 38 1
2 507 129 568 218 22 38 1
2 507 130 568 218 22 38 1
2 507 131 568 218 22 38 1
2 507 132 568 218 22 38 1
2 507 133 570 218 22 38 1
2 507 134 570 218 22 38 1
2 507 135 570 218 22 38 1
2 507 136 570 218 22 38 1
2 507 137 572 218 21 38 1
2 507 138 572 218 21 38 1
2 507 139 572 218 21 38 1
2 507 140 574 218 21 38 1
2 507 141 574 218 21 38 1
2 507 142 574 218 21 38 1
2 507 143 574 218 21 38 1
2 507 144 576 218 21 38 1
2 507 145 576 218 21 38 1
2 507 146 576 218 21 38 1
2 507 147 576 218 21 38 1
2 507 148 577 218 22 38 1
2 507 149 577 218 22 38 1
2 507 150 577 218 22 38 1
2 507 151 577 218 22 38 1
2 507 152 579 218 21 38 1
2 507 153 579 218 21 38 1
2 507 154 579 218 21 38 1
2 507 155 581 218 21 38 1
2 507 156 581 218 21 38 1
2 507 157 581 218 21 38 1
2 507 158 581 218 21 38 1
2 507 159 583 218 21 38 1
2 507 160 583 218 21 38 1
2 507 161 583 218 21 38 1
2 507 162 583 218 21 38 1
2 507 163 584 218 22 38 1
2 507 164 584 218 22 38 1
2 507 165 584 218 22 38 1
2 507 166 586 218 22 38 1
2 507 167 586 218 22 38 1
2 507 168 586 218 22 38 1
2 507 169 586 218 22 38 1
2 507 170 588 218 21 38 1
2 507 171 588 218 21 38 1
2 507 172 588 218 21 38 1
2 507 173 588 218 21 38 1
2 507 174 590 218 21 38 1
2 507 175 590 218 21 38 1
2 507 176 590 218 21 38 1
2 507 177 592 218 21 38 1
2 507 178 592 216 21 40 1
2 507 179 592 216 21 40 1
2 507 180 592 216 21 40 1
2 507 181 593 216 22 40 1
2 507 182 593 216 22 40 1
2 507 183 593 216 22 41 1
2 507 184 595 216 21 41 1
2 507 185 595 216 21 41 1
2 507 186 595 216 21 41 1
2 507 187 595 216 21 41 1
2 507 188 597 216 21 43 1
2 507 189 597 216 21 43 1
2 507 190 597 216 21 43 1
2 507 191 599 216 21 43 1
2 507 192 599 216 21 43 1
2 507 193 599 216 21 43 1
2 507 194 600 216 22 45 1
2 507 195 600 216 22 45 1
2 507 196 600 216 22 45 1
2 507 197 600 216 22 45 1
2 507 198 602 216 22 45 1
2 507 199 602 216 22 47 1
2 507 200 602 216 22 47 1
2 507 201 604 216 21 47 1
2 507 202 604 216 21 47 1
2 507 203 604 216 21 47 1
2 507 204 606 216 21 48 1
2 507 205 606 216 21 48 1
2 507 206 606 216 21 48 1
2 507 207 606 216 21 48 1
2 507 208 608 216 21 48 1
2 507 209 608 216 21 48 1
2 507 210 608 216 21 48 1
2 507 211 609 216 22 48 1
2 507 212 609 216 22 48 1
2 507 213 609 216 22 48 1
2 507 214 609 216 22 48 1
2 507 215 611 216 21 48 1
2 507 216 611 216 21 48 1
2 507 217 611 216 21 48 1
2 507 218 613 216 21 48 1
2 507 219 613 216 21 48 1
2 507 220 613 216 21 48 1
2 507 221 615 216 21 48 1
2 507 222 615 216 21 48 1
2 507 223 615 216 21 48 1
2 507 224 615 216 21 48 1
2 507 225 616 216 22 48 1
2 507 226 616 216 22 48 1
2 507 227 616 216 22 48 1
2 507 228 618 216 22 48 1
2 507 229 618 216 22 48 1
2 507 230 618 216 22 48 1
2 507 231 620 216 21 48 1
2 507 232 620 216 21 48 1
2 507 233 620 216 21 48 1
2 507 234 620 216 21 48 1
2 507 235 622 216 21 48 1
2 507 236 622 216 21 48 1
2 507 237 622 216 21 48 1
2 507 238 624 216 21 48 1
2 507 239 624 216 21 48 1
2 507 240 624 216 21 48 1
2 507 241 625 216 22 48 1
2 507 242 625 215 22 48 1
2 507 243 625 215 22 48 1
2 507 244 625 215 22 48 1
2 507 245 625 215 22 48 1
2 507 246 627 215 21 48 1
2 507 247 627 215 21 48 1
2 507 248 627 215 21 48 1
2 507 249 627 215 21 48 1
2 507 250 627 215 21 48 1
2 507 251 629 215 21 48 1
2 507 252 629 215 21 48 1
2 507 253 629 215 21 48 1
2 507 254 629 215 21 48 1
2 507 255 631 215 21 48 1
2 507 256 631 215 21 48 1
2 507 257 631 215 21 48 1
2 507 258 631 215 21 48 1
2 507 259 631 215 21 48 1
2 507 260 632 215 22 48 1
2 507 261 632 215 22 48 1
2 507 262 632 215 22 48 1
2 507 263 632 213 22 48 1
2 507 264 632 213 22 48 1
2 507 265 634 213 22 48 1
2 507 266 634 213 22 48 1
2 507 267 634 213 22 48 1
2 507 268 634 213 22 48 1
2 507 269 636 213 21 48 1
2 507 270 636 213 21 48 1
2 507 271 636 213 21 48 1
2 507 272 636 213 21 48 1
2 507 273 636 213 21 48 1
2 507 274 638 213 21 48 1
2 507 275 638 213 21 48 1
2 507 276 638 213 21 48 1
2 507 277 638 213 21 48 1
2 507 278 638 213 21 48 1
2 507 279 640 213 21 48 1
2 507 280 640 213 21 48 1
2 507 281 640 213 21 48 1
2 507 282 640 213 21 48 1
2 507 283 641 213 22 48 1
2 507 284 641 211 22 48 1
2 507 285 641 211 22 48 1
2 507 286 641 211 22 48 1
2 507 287 641 211 22 48 1
2 507 288 643 211 21 48 1
2 507 289 643 211 21 48 1
2 507 290 643 211 21 48 1
2 507 291 643 211 21 48 1
2 507 292 645 211 21 48 1
2 507 293 645 211 21 48 1
2 507 294 645 211 21 48 1
2 507 295 645 211 21 48 1
2 507 296 647 211 21 48 1
2 507 297 647 211 21 48 1
2 507 298 647 211 21 48 1
2 507 299 647 211 21 48 1
2 507 300 648 211 22 48 1
2 507 301 648 211 22 46 1
2 507 302 648 211 22 46 1
2 507 303 648 211 22 46 1
2 507 304 650 211 22 46 1
2 507 305 650 211 22 46 1
2 507 306 650 211 22 46 1
2 507 307 652 211 20 46 1
2 507 308 652 211 21 46 1
2 507 309 652 211 21 46 1
2 507 310 654 211 19 46 1
2 507 311 654 211 21 46 1
2 507 312 654 211 21 46 1
2 507 313 654 211 21 46 1
2 507 314 656 211 19 46 1
2 507 315 656 211 21 46 1
2 507 316 656 211 21 46 1
2 507 317 657 211 20 46 1
2 507 318 657 211 20 46 1
2 507 319 657 211 22 46 1
2 507 320 659 211 20 46 1
2 507 321 659 211 20 46 1
2 507 322 659 211 21 46 1
2 507 323 659 211 21 46 1
2 507 324 661 211 19 46 1
2 507 325 661 211 19 46 1
2 507 326 661 211 21 46 1
2 507 327 663 211 19 46 1
2 507 328 663 211 19 46 1
2 507 329 663 211 21 46 1
2 507 330 664 211 20 46 1
2 507 331 664 211 20 46 1
2 507 332 664 211 20 46 1
2 507 333 664 211 22 46 1
2 507 334 666 211 20 46 1
2 507 335 666 211 20 46 1
2 507 336 666 211 20 46 1
2 507 337 668 211 20 46 1
2 507 338 668 213 20 44 1
2 507 339 668 213 20 44 1
2 507 340 670 213 19 44 1
2 507 341 670 213 19 44 1
2 507 342 670 213 19 44 1
2 507 343 672 213 17 44 1
2 507 344 672 213 19 44 1
2 507 345 672 213 19 44 1
2 507 346 672 213 19 44 1
2 507 347 673 213 18 44 1
2 507 348 673 213 20 44 1
2 507 349 673 213 20 44 1
2 507 350 675 213 18 44 1
2 507 351 675 213 20 44 1
2 507 352 675 213 20 44 1
2 507 353 677 213 18 44 1
2 507 354 677 213 18 44 1
2 507 355 677 213 19 44 1
2 507 356 677 213 19 44 1
2 507 357 679 213 17 44 1
2 507 358 679 213 19 44 1
2 507 359 679 213 19 44 1
2 507 360 680 213 18 44 1
2 507 361 680 213 18 44 1
2 507 362 680 213 20 44 1
2 507 363 682 213 18 44 1
2 507 364 682 213 18 44 1
2 507 365 682 213 18 44 1
2 507 366 682 213 20 44 1
2 507 367 684 213 18 44 1
2 507 368 684 213 18 44 1
2 507 369 684 213 20 44 1
2 507 370 686 213 18 44 1
2 507 371 686 213 18 44 1
2 507 372 686 213 18 44 1
2 507 373 688 213 17 44 1
2 507 374 688 213 17 44 1
2 507 375 688 213 17 44 1
2 507 376 689 215 18 42 1
2 507 377 689 213 18 43 1
2 507 378 689 213 18 43 1
2 507 379 689 213 18 43 1
2 507 380 689 213 18 43 1
2 507 381 691 213 18 43 1
2 507 382 691 213 18 43 1
2 507 383 691 213 18 43 1
2 507 384 691 213 18 43 1
2 507 385 691 213 18 43 1
2 507 386 693 213 18 43 1
2 507 387 693 213 18 43 1
2 507 388 693 213 18 43 1
2 507 389 693 213 18 43 1
2 507 390 693 213 18 43 1
2 507 391 695 213 17 43 1
2 507 392 695 213 17 43 1
2 507 393 695 213 17 43 1
2 507 394 695 213 17 43 1
2 507 395 695 213 17 43 1
2 507 396 696 213 18 43 1
2 507 397 696 213 18 43 1
2 507 398 696 213 18 43 1
2 507 399 696 213 18 43 1
2 507 400 696 213 18 43 1
2 507 401 698 213 18 43 1
2 507 402 698 213 18 43 1
2 507 403 698 213 18 43 1
2 507 404 698 213 18 43 1
2 507 405 700 213 18 43 1
2 507 406 700 213 18 43 1
2 507 407 700 213 18 43 1
2 507 408 700 213 18 43 1
2 507 409 700 213 18 43 1
2 507 410 702 213 18 43 1
2 507 411 702 213 18 43 1
2 507 412 702 213 18 43 1
2 507 413 702 213 18 43 1
2 507 414 702 213 18 43 1
2 507 415 704 213 17 43 1
2 507 416 704 213 17 43 1
2 507 417 704 213 17 43 1
2 507 418 704 213 17 43 1
2 507 419 704 213 17 43 1
2 507 420 705 213 18 43 1
2 507 421 705 213 18 43 1
2 507 422 705 213 18 43 1
2 507 423 705 213 18 43 1
2 507 424 705 213 18 43 1
2 507 425 707 213 18 43 1
2 507 426 707 213 18 43 1
2 507 427 707 213 18 43 1
2 507 428 707 213 18 43 1
2 507 429 709 213 18 43 1
2 507 430 709 213 18 43 1
2 507 431 709 213 18 43 1
2 507 432 709 213 18 43 1
2 507 433 709 213 18 43 1
2 507 434 711 213 17 43 1
2 507 435 711 213 17 43 1
2 507 436 711 213 17 43 1
2 507 437 711 213 17 43 1
2 507 438 711 213 17 43 1
2 507 439 712 213 18 43 1
2 507 440 712 213 18 43 1
2 507 441 712 213 18 43 1
2 507 442 712 211 18 43 1
2 507 443 712 211 18 43 1
2 507 444 714 211 18 43 1
2 507 445 714 211 18 43 1
2 507 446 714 211 18 43 1
2 507 447 714 211 18 43 1
2 507 448 714 211 18 43 1
2 507 449 716 211 18 43 1
2 507 450 716 211 18 43 1
2 507 451 716 211 18 43 1
2 507 452 716 211 18 43 1
2 507 453 716 211 18 43 1
2 507 454 718 211 18 43 1
2 507 455 718 211 18 43 1
2 507 456 718 211 18 43 1
2 507 457 718 211 18 43 1
2 507 458 720 211 17 43 1
2 507 459 720 211 17 43 1
2 507 460 720 211 17 43 1
2 507 461 720 211 17 43 1
2 507 462 720 211 17 43 1
2 507 463 721 211 18 43 1
2 507 464 721 211 18 43 1
2 507 465 721 211 18 43 1
2 507 466 721 211 18 43 1
2 507 467 721 211 18 43 1
2 507 468 723 211 18 43 1
2 507 469 723 211 18 43 1
2 507 470 723 211 18 43 1
2 507 471 723 211 18 43 1
2 507 472 723 211 18 43 1
2 507 473 725 211 18 43 1
2 507 474 725 211 18 43 1
2 507 475 725 211 18 43 1
2 507 476 725 211 18 43 1
2 507 477 725 211 18 43 1
2 507 478 727 211 17 43 1
2 507 479 727 211 17 43 1
2 507 480 727 211 17 43 1
2 507 481 727 211 17 43 1
2 507 482 728 211 18 43 1
2 507 483 728 211 18 43 1
2 507 484 728 211 18 43 1
2 507 485 728 211 18 43 1
2 507 486 728 211 18 43 1
2 507 487 730 211 18 43 1
2 507 488 730 211 18 43 1
2 507 489 730 211 18 43 1
2 507 490 730 211 18 43 1
2 507 491 730 211 18 43 1
2 507 492 732 211 18 43 1
2 507 493 732 211 18 43 1
2 507 494 732 211 18 43 1
2 507 495 732 211 18 43 1
2 507 496 732 211 18 43 1
2 507 497 734 211 18 43 1
2 507 498 734 211 18 43 1
2 507 499 734 211 18 43 1
2 507 500 734 211 18 43 1
2 507 501 734 211 18 43 1
2 507 502 736 211 17 43 1
2 507 503 736 211 17 43 1
2 507 504 736 211 17 43 1
2 507 505 736 211 17 43 1
2 507 506 737 211 18 43 1
3 507 0 42 398 32 71 1
3 507 1 40 398 31 71 1
3 507 2 39 398 30 71 1
3 507 3 37 398 30 71 1
3 507 4 35 398 30 71 1
3 507 5 33 400 31 71 1
3 507 6 32 400 30 71 1
3 507 7 30 400 30 71 1
3 507 8 28 400 30 71 1
3 507 9 26 400 30 71 1
3 507 10 24 401 31 71 1
3 507 11 23 401 30 71 1
3 507 12 21 401 30 71 1
3 507 13 19 401 30 71 1
3 507 14 17 401 31 71 1
3 507 15 16 403 30 71 1
3 507 16 14 403 30 71 1
3 507 17 12 403 30 71 1
3 507 18 10 403 30 71 1
3 507 19 8 403 31 71 1
3 507 20 7 405 30 71 1
3 507 21 5 405 30 71 1
3 507 22 3 405 30 71 1
3 507 23 1 405 31 71 1
3 507 24 0 407 30 71 1
3 507 25 0 407 30 71 1
3 507 26 0 407 30 71 1
3 507 27 0 407 30 71 1
3 507 28 0 407 30 71 1
3 507 29 0 407 30 71 1
3 507 30 0 407 30 71 1
3 507 31 0 407 30 71 1
3 507 32 0 407 30 71 1
3 507 33 0 407 30 71 1
3 507 34 0 407 30 71 1
3 507 35 0 407 30 71 1
3 507 352 3 400 25 87 1
3 507 353 3 424 23 63 1
3 507 354 5 423 23 62 1
3 507 355 7 423 23 62 1
3 507 356 8 423 24 62 1
3 507 357 10 421 23 62 1
3 507 358 12 421 23 62 1
3 507 359 16 421 23 62 1
3 507 360 17 419 23 62 1
3 507 361 19 419 23 62 1
3 507 362 21 419 23 62 1
3 507 363 23 417 23 63 1
3 507 364 26 417 23 63 1
3 507 365 28 417 23 63 1
3 507 366 30 416 23 62 1
3 507 367 32 416 23 62 1
3 507 368 33 416 23 62 1
3 507 369 37 414 23 62 1
3 507 370 39 414 23 62 1
3 507 371 40 414 24 62 1
3 507 372 42 412 23 62 1
3 507 373 44 412 23 62 1
3 507 374 46 412 23 62 1
3 507 375 49 410 23 62 1
3 507 376 51 410 23 62 1
3 507 377 53 410 23 62 1
3 507 378 55 408 23 63 1
3 507 379 56 408 24 63 1
3 507 380 60 408 23 63 1
3 507 381 62 407 23 62 1
3 507 382 64 407 23 62 1
3 507 383 65 407 23 62 1
3 507 384 67 405 23 62 1
3 507 385 71 405 23 62 1
3 507 386 72 405 24 62 1
3 507 387 74 403 23 62 1
3 507 388 76 403 23 62 1
3 507 389 78 403 23 62 1
3 507 390 80 401 23 63 1
3 507 391 83 401 23 63 1
3 507 392 85 401 23 63 1
3 507 393 87 400 23 62 1
3 507 394 88 400 24 62 1
3 507 395 90 400 23 62 1
3 507 396 94 398 23 62 1
3 507 397 96 398 23 62 1
3 507 398 97 398 23 62 1
3 507 399 99 396 23 62 1
3 507 400 101 396 23 62 1
3 507 401 104 396 24 62 1
3 507 402 104 394 24 62 1
3 507 403 106 394 23 62 1
3 507 404 106 394 23 62 1
3 507 405 108 392 23 63 1
3 507 406 108 392 23 63 1
3 507 407 110 392 23 63 1
3 507 408 110 391 23 62 1
3 507 409 112 391 23 62 1
3 507 410 112 391 23 62 1
3 507 411 113 391 23 62 1
3 507 412 113 389 23 62 1
3 507 413 115 389 23 62 1
3 507 414 115 389 23 62 1
3 507 415 117 387 23 62 1
3 507 416 117 387 23 62 1
3 507 417 119 387 23 62 1
3 507 418 119 385 23 63 1
3 507 419 120 385 24 63 1
3 507 420 120 385 24 63 1
3 507 421 122 385 23 63 1
3 507 422 124 384 23 62 1
3 507 423 124 384 23 62 1
3 507 424 126 384 23 62 1
3 507 425 126 382 23 62 1
3 507 426 128 382 23 62 1
3 507 427 128 382 23 62 1
3 507 428 129 382 23 62 1
3 507 429 129 380 23 62 1
3 507 430 131 380 23 62 1
3 507 431 131 380 23 62 1
3 507 432 133 378 23 62 1
3 507 433 133 378 23 62 1
3 507 434 135 378 23 62 1
3 507 435 135 376 23 63 1
3 507 436 136 376 24 63 1
3 507 437 136 376 24 63 1
3 507 438 138 376 23 63 1
3 507 439 138 375 23 62 1
3 507 440 140 375 23 62 1
3 507 441 140 375 23 62 1
3 507 442 142 373 23 62 1
3 507 443 144 373 23 62 1
3 507 444 144 373 23 62 1
3 507 445 145 373 23 62 1
3 507 446 145 371 23 62 1
3 507 447 147 371 23 62 1
3 507 448 147 371 23 62 1
3 507 449 149 369 23 63 1
3 507 450 149 369 23 63 1
3 507 451 151 369 23 63 1
3 507 452 151 368 23 62 1
3 507 453 152 368 24 62 1
3 507 454 152 368 24 62 1
3 507 455 154 368 23 62 1
3 507 456 154 366 23 62 1
3 507 457 156 366 23 62 1
3 507 458 156 366 23 62 1
3 507 459 158 364 23 62 1
3 507 460 158 364 23 62 1
3 507 461 160 364 23 62 1
3 507 462 160 362 23 62 1
3 507 463 161 362 23 62 1
3 507 464 163 362 23 62 1
3 507 465 163 362 23 62 1
3 507 466 165 360 23 63 1
3 507 467 165 360 23 63 1
3 507 468 167 360 23 63 1
3 507 469 167 359 23 62 1
3 507 470 168 359 24 62 1
3 507 471 168 359 24 62 1
3 507 472 170 359 23 62 1
3 507 473 170 357 23 62 1
3 507 474 172 357 23 62 1
3 507 475 172 357 23 62 1
3 507 476 174 355 23 62 1
3 507 477 174 355 23 62 1
3 507 478 176 355 23 62 1
3 507 479 176 353 23 63 1
3 507 480 177 353 23 63 1
3 507 481 177 353 23 63 1
3 507 482 179 353 23 63 1
3 507 483 179 352 23 62 1
3 507 484 181 352 23 62 1
3 507 485 183 352 23 62 1
3 507 486 183 350 23 62 1
3 507 487 184 350 24 62 1
3 507 488 184 350 24 62 1
3 507 489 186 350 23 62 1
3 507 490 186 348 23 62 1
3 507 491 188 348 23 62 1
3 507 492 188 348 23 62 1
3 507 493 190 346 23 62 1
3 507 494 190 346 23 62 1
3 507 495 192 346 23 62 1
3 507 496 192 344 23 63 1
3 507 497 193 344 23 63 1
3 507 498 193 344 23 63 1
3 507 499 195 344 23 63 1
3 507 500 195 343 23 62 1
3 507 501 197 343 23 62 1
3 507 502 197 343 23 62 1
3 507 503 199 341 23 62 1
3 507 504 199 341 23 62 1
3 507 505 200 341 24 62 1
3 507 506 202 341 23 62 1
4 153 354 0 405 17 78 1
4 153 355 0 403 19 78 1
4 153 356 1 403 20 78 1
4 153 357 3 401 20 79 1
4 153 358 3 401 21 79 1
4 153 359 5 401 21 79 1
4 153 360 7 400 21 78 1
4 153 361 7 400 23 78 1
4 153 362 8 398 24 78 1
4 153 363 10 398 23 78 1
4 153 364 12 398 23 78 1
4 153 365 14 396 23 78 1
4 153 366 16 396 23 78 1
4 153 367 17 396 23 78 1
4 153 368 19 396 23 78 1
4 153 369 21 394 23 78 1
4 153 370 23 394 25 78 1
4 153 371 26 394 23 78 1
4 153 372 28 394 23 78 1
4 153 373 30 394 23 78 1
4 153 374 32 392 23 79 1
4 153 375 33 392 25 79 1
4 153 376 35 392 25 79 1
4 153 377 39 392 23 79 1
4 153 378 40 391 24 78 1
4 153 379 42 391 23 78 1
4 153 380 44 391 25 78 1
4 153 381 46 391 25 78 1
4 153 382 48 391 24 78 1
4 153 383 51 389 23 78 1
4 153 384 53 389 23 78 1
4 153 385 55 389 23 78 1
4 153 386 56 389 25 78 1
4 153 387 58 389 25 78 1
4 153 388 60 387 25 78 1
4 153 389 64 387 23 78 1
4 153 390 65 387 23 78 1
4 153 391 67 387 25 78 1
4 153 392 69 385 25 79 1
4 153 393 71 385 25 79 1
4 153 394 72 385 25 79 1
4 153 395 76 385 23 79 1
4 153 396 78 385 25 79 1
4 153 397 80 384 24 78 1
4 153 398 81 384 25 78 1
4 153 399 83 384 25 78 1
4 153 400 85 384 25 78 1
4 153 401 88 384 25 78 1
4 153 402 88 382 25 78 1
4 153 403 88 382 25 78 1
4 153 404 90 382 25 78 1
4 153 405 90 380 25 78 1
4 153 406 92 380 25 78 1
4 153 407 92 380 25 78 1
4 153 408 94 378 25 78 1
4 153 409 94 378 25 78 1
4 153 410 96 378 24 78 1
4 153 411 96 378 24 78 1
4 153 412 97 376 25 79 1
4 153 413 97 376 25 79 1
4 153 414 99 376 25 79 1
4 153 415 99 375 25 78 1
4 153 416 101 375 25 78 1
4 153 417 101 375 25 78 1
4 153 418 103 373 25 78 1
4 153 419 103 373 25 78 1
4 153 420 104 373 25 78 1
4 153 421 104 373 25 78 1
4 153 422 106 371 25 78 1
4 153 423 106 371 25 78 1
4 153 424 108 371 25 78 1
4 153 425 108 369 25 79 1
4 153 426 110 369 25 79 1
4 153 427 110 369 25 79 1
4 153 428 112 369 24 79 1
4 153 429 112 368 24 78 1
4 153 430 113 368 25 78 1
4 153 431 113 368 25 78 1
4 153 432 115 366 25 78 1
4 153 433 115 366 25 78 1
4 153 434 117 366 25 78 1
4 153 435 117 364 25 78 1
4 153 436 119 364 25 78 1
4 153 437 119 364 25 78 1
4 153 438 120 364 24 78 1
4 153 439 120 362 25 78 1
4 153 440 122 362 23 78 1
4 153 441 122 362 25 78 1
4 153 442 124 360 23 79 1
4 153 443 124 360 25 79 1
4 153 444 126 360 23 79 1
4 153 445 126 360 25 79 1
4 153 446 128 359 23 78 1
4 153 447 128 359 24 78 1
4 153 448 129 359 23 78 1
4 153 449 129 357 25 78 1
4 153 450 131 357 23 78 1
4 153 451 131 357 25 78 1
4 153 452 133 355 23 78 1
4 153 453 133 355 25 78 1
4 153 454 135 355 23 78 1
4 153 455 135 355 25 78 1
4 153 456 136 353 24 79 1
4 153 457 136 353 25 79 1
4 153 458 138 353 23 79 1
4 153 459 138 352 25 78 1
4 153 460 140 352 23 78 1
4 153 461 140 352 25 78 1
4 153 462 142 350 23 78 1
4 153 463 142 350 25 78 1
4 153 464 144 350 23 78 1
4 153 465 144 350 24 78 1
4 153 466 145 348 23 78 1
4 153 467 145 348 25 78 1
4 153 468 147 348 23 78 1
4 153 469 147 346 25 78 1
4 153 470 149 346 23 78 1
4 153 471 149 346 25 78 1
4 153 472 151 346 23 78 1
4 153 473 151 344 23 79 1
4 153 474 152 344 24 79 1
4 153 475 152 344 24 79 1
4 153 476 154 343 23 78 1
4 153 477 154 343 23 78 1
4 153 478 156 343 23 78 1
4 153 479 156 341 23 78 1
4 153 480 158 341 23 78 1
4 153 481 158 341 23 78 1
4 153 482 160 341 23 78 1
4 153 483 160 339 23 78 1
4 153 484 161 339 23 78 1
4 153 485 161 339 23 78 1
4 153 486 163 337 23 79 1
4 153 487 163 337 23 79 1
4 153 488 165 337 23 79 1
4 153 489 165 337 23 79 1
4 153 490 167 336 23 78 1
4 153 491 167 336 23 78 1
4 153 492 168 336 24 78 1
4 153 493 168 334 24 78 1
4 153 494 170 334 23 78 1
4 153 495 170 334 23 78 1
4 153 496 172 332 23 78 1
4 153 497 172 332 23 78 1
4 153 498 174 332 23 78 1
4 153 499 174 332 23 78 1
4 153 500 176 330 23 78 1
4 153 501 176 330 23 78 1
4 153 502 177 330 23 78 1
4 153 503 177 328 23 79 1
4 153 504 179 328 23 79 1
4 153 505 179 328 23 79 1
4 153 506 181 328 23 79 1
5 507 0 524 234 14 16 4
5 507 1 524 234 14 16 4
5 507 2 524 234 14 16 4
5 507 3 526 234 14 16 4
5 507 4 526 234 14 16 4
5 507 5 526 234 14 16 4
5 507 6 528 234 14 16 4
5 507 7 528 234 14 16 4
5 507 8 528 234 14 16 4
5 507 9 529 234 15 16 4
5 507 10 529 234 15 16 4
5 507 11 529 234 15 16 4
5 507 12 531 234 14 16 4
5 507 13 531 234 14 16 4
5 507 14 533 234 14 16 4
5 507 15 533 234 14 16 4
5 507 16 533 234 14 16 4
5 507 17 535 234 14 16 4
5 507 18 535 234 14 16 4
5 507 19 535 234 14 16 4
5 507 20 536 234 15 16 4
5 507 21 536 234 15 16 4
5 507 22 536 234 15 16 4
5 507 23 538 234 14 16 4
5 507 24 538 234 14 16 4
5 507 25 540 234 14 16 4
5 507 26 540 234 14 16 4
5 507 27 540 234 14 16 4
5 507 28 542 234 14 16 4
5 507 29 542 234 14 16 4
5 507 30 542 234 14 16 4
5 507 31 544 234 14 16 4
5 507 32 544 234 14 16 4
5 507 33 544 234 14 16 4
5 507 34 545 234 15 16 4
5 507 35 545 234 15 16 4
5 507 36 547 234 14 16 4
5 507 37 547 232 14 16 4
5 507 38 547 232 14 16 4
5 507 39 547 232 14 16 4
5 507 40 549 232 14 16 4
5 507 41 549 232 14 16 4
5 507 42 549 232 14 16 4
5 507 43 549 232 14 16 4
5 507 44 551 232 14 16 4
5 507 45 551 232 14 16 4
5 507 46 551 232 14 16 4
5 507 47 551 232 14 16 4
5 507 48 552 232 15 16 4
5 507 49 552 232 15 16 4
5 507 50 552 232 15 16 4
5 507 51 552 232 15 16 4
5 507 52 554 232 14 16 4
5 507 53 554 232 14 16 4
5 507 54 554 232 14 16 4
5 507 55 554 232 14 16 4
5 507 56 556 232 14 16 4
5 507 57 556 232 14 16 4
5 507 58 556 232 14 16 4
5 507 59 558 232 14 16 4
5 507 60 558 232 14 16 4
5 507 61 558 232 14 16 4
5 507 62 558 232 14 16 4
5 507 63 560 232 14 16 4
5 507 64 560 232 14 16 4
5 507 65 560 231 14 16 4
5 507 66 560 231 14 16 4
5 507 67 561 231 15 16 4
5 507 68 561 231 15 16 4
5 507 69 561 231 15 16 4
5 507 70 561 231 15 16 4
5 507 71 563 231 14 16 4
5 507 72 563 231 14 16 4
5 507 73 563 231 14 16 4
5 507 74 563 231 14 16 4
5 507 75 565 231 14 16 4
5 507 76 565 231 14 16 4
5 507 77 565 231 14 16 4
5 507 78 567 231 14 16 4
5 507 79 567 231 14 16 4
5 507 80 567 231 14 16 4
5 507 81 567 231 14 16 4
5 507 82 568 231 15 16 4
5 507 83 568 231 15 16 4
5 507 84 568 231 15 16 4
5 507 85 568 231 15 16 4
5 507 86 570 231 14 16 4
5 507 87 570 231 14 16 4
5 507 88 570 231 14 16 4
5 507 89 570 231 14 16 4
5 507 90 572 231 14 16 4
5 507 91 572 231 14 16 4
5 507 92 572 231 14 16 4
5 507 93 572 229 14 16 4
5 507 94 574 229 14 16 4
5 507 95 574 229 14 16 4
5 507 96 574 229 14 16 4
5 507 97 576 229 14 16 4
5 507 98 576 229 14 16 4
5 507 99 576 229 14 16 4
5 507 100 576 229 14 16 4
5 507 101 577 229 15 16 4
5 507 102 577 229 15 16 4
5 507 103 577 229 15 16 4
5 507 104 577 229 15 16 4
5 507 105 579 229 14 16 4
5 507 106 579 229 14 16 4
5 507 107 579 229 14 16 4
5 507 108 579 229 14 16 4
5 507 109 581 229 14 16 4
5 507 110 581 229 14 16 4
5 507 111 581 229 14 16 4
5 507 112 581 229 14 16 4
5 507 113 583 229 14 16 4
5 507 114 583 229 14 16 4
5 507 115 583 229 14 16 4
5 507 116 583 229 14 16 4
5 507 117 584 229 15 16 4
5 507 118 584 229 15 16 4
5 507 119 584 229 15 16 4
5 507 120 586 229 14 16 4
5 507 121 586 227 14 16 4
5 507 122 586 227 14 16 4
5 507 123 586 227 14 16 4
5 507 124 588 227 14 16 4
5 507 125 588 227 14 16 4
5 507 126 588 227 14 16 4
5 507 127 588 227 14 16 4
5 507 128 590 227 14 16 4
5 507 129 590 227 14 16 4
5 507 130 590 227 14 16 4
5 507 131 590 227 14 16 4
5 507 132 592 227 14 16 4
5 507 133 592 227 14 16 4
5 507 134 592 227 14 16 4
5 507 135 592 227 14 16 4
5 507 136 593 227 15 16 4
5 507 137 593 227 15 16 4
5 507 138 593 227 15 16 4
5 507 139 595 227 14 16 4
5 507 140 595 227 14 16 4
5 507 141 595 227 14 16 4
5 507 142 595 227 14 16 4
5 507 143 597 227 14 16 4
5 507 144 597 227 14 16 4
5 507 145 597 227 14 16 4
5 507 146 597 227 14 16 4
5 507 147 599 227 14 16 4
5 507 148 599 227 14 16 4
5 507 149 599 225 14 16 4
5 507 150 599 225 14 16 4
5 507 151 600 225 15 16 4
5 507 152 600 225 15 16 4
5 507 153 600 225 15 16 4
5 507 154 600 225 15 16 4
5 507 155 602 225 14 16 4
5 507 156 602 225 14 16 4
5 507 157 602 225 14 16 4
5 507 158 604 225 14 16 4
5 507 159 604 225 14 16 4
5 507 160 604 225 14 16 4
5 507 161 604 225 14 16 4
5 507 162 606 225 14 16 4
5 507 163 606 225 14 16 4
5 507 164 606 225 14 16 4
5 507 165 606 225 14 16 4
5 507 166 608 225 14 16 4
5 507 167 608 225 14 16 4
5 507 168 608 225 14 16 4
5 507 169 608 225 14 16 4
5 507 170 609 225 15 16 4
5 507 171 609 225 15 16 4
5 507 172 609 225 15 16 4
5 507 173 609 225 15 16 4
5 507 174 611 225 14 16 4
5 507 175 611 225 14 16 4
5 507 176 611 225 14 16 4
5 507 177 613 225 14 16 4
5 507 178 613 225 14 16 4
5 507 179 613 225 14 16 4
5 507 180 613 225 14 16 4
5 507 181 615 225 14 16 4
5 507 182 615 225 14 16 4
5 507 183 615 225 14 16 4
5 507 184 615 225 14 16 4
5 507 185 616 225 15 16 4
5 507 186 616 227 15 16 4
5 507 187 616 227 15 16 4
5 507 188 616 227 15 16 4
5 507 189 618 227 14 16 4
5 507 190 618 227 14 16 4
5 507 191 618 227 14 16 4
5 507 192 618 227 14 16 4
5 507 193 620 227 14 16 4
5 507 194 620 227 14 16 4
5 507 195 620 229 14 16 4
5 507 196 620 229 14 16 4
5 507 197 622 229 14 16 4
5 507 198 622 229 14 16 4
5 507 199 622 229 14 16 4
5 507 200 622 229 14 16 4
5 507 201 624 229 14 16 4
5 507 202 624 229 14 16 4
5 507 203 624 229 14 16 4
5 507 204 625 231 15 16 4
5 507 205 625 229 15 16 4
5 507 206 625 229 15 16 4
5 507 207 625 229 15 16 4
5 507 208 627 229 14 16 4
5 507 209 627 229 14 16 4
5 507 210 627 229 14 16 4
5 507 211 629 229 14 16 4
5 507 212 629 229 14 16 4
5 507 213 629 229 14 16 4
5 507 214 631 229 14 16 4
5 507 215 631 229 14 16 4
5 507 216 631 229 14 16 4
5 507 217 632 229 15 16 4
5 507 218 632 229 15 16 4
5 507 219 632 229 15 16 4
5 507 220 634 229 14 16 4
5 507 221 634 229 14 16 4
5 507 222 634 229 14 16 4
5 507 223 636 229 14 16 4
5 507 224 636 229 14 16 4
5 507 225 636 229 14 16 4
5 507 226 638 229 14 16 4
5 507 227 638 229 14 16 4
5 507 228 638 229 14 16 4
5 507 229 640 229 14 16 4
5 507 230 640 229 14 16 4
5 507 231 640 229 14 16 4
5 507 232 641 229 15 16 4
5 507 233 641 229 15 16 4
5 507 234 641 229 15 16 4
5 507 235 643 229 14 16 4
5 507 236 643 229 14 16 4
5 507 237 643 229 14 16 4
5 507 238 645 229 14 16 4
5 507 239 645 229 14 16 4
5 507 240 645 229 14 16 4
5 507 241 647 229 14 16 4
5 507 242 647 227 14 16 4
5 507 243 647 227 14 16 4
5 507 244 647 227 14 16 4
5 507 245 648 227 15 16 4
5 507 246 648 227 15 16 4
5 507 247 648 227 15 16 4
5 507 248 648 227 15 16 4
5 507 249 650 227 14 16 4
5 507 250 650 227 14 16 4
5 507 251 650 227 14 16 4
5 507 252 650 227 14 16 4
5 507 253 652 227 14 16 4
5 507 254 652 227 14 16 4
5 507 255 652 227 14 16 4
5 507 256 652 227 14 16 4
5 507 257 654 227 14 16 4
5 507 258 654 227 14 16 4
5 507 259 654 227 14 16 4
5 507 260 654 227 14 16 4
5 507 261 656 227 14 16 4
5 507 262 656 227 14 16 4
5 507 263 656 227 14 16 4
5 507 264 657 227 15 16 4
5 507 265 657 227 15 16 4
5 507 266 657 227 15 16 4
5 507 267 657 227 15 16 4
5 507 268 659 227 14 16 4
5 507 269 659 227 14 16 4
5 507 270 659 227 14 16 4
5 507 271 659 227 14 16 4
5 507 272 661 227 14 16 4
5 507 273 661 227 14 16 4
5 507 274 661 227 14 16 4
5 507 275 661 227 14 16 4
5 507 276 663 227 14 16 4
5 507 277 663 227 14 16 4
5 507 278 663 227 14 16 4
5 507 279 663 227 14 16 4
5 507 280 664 227 15 16 4
5 507 281 664 227 15 16 4
5 507 282 664 227 15 16 4
5 507 283 666 227 14 16 4
5 507 284 666 227 14 16 4
5 507 285 666 227 14 16 4
5 507 286 666 227 14 16 4
5 507 287 668 227 14 16 4
5 507 288 668 227 14 16 4
5 507 289 668 227 14 16 4
5 507 290 668 227 14 16 4
5 507 291 670 227 14 16 4
5 507 292 670 227 14 16 4
5 507 293 670 227 14 16 4
5 507 294 670 227 14 16 4
5 507 295 672 227 14 16 4
5 507 296 672 227 14 16 4
5 507 297 672 227 14 16 4
5 507 298 672 227 14 16 4
5 507 299 673 227 15 16 4
5 507 300 673 227 15 16 4
5 507 301 673 227 15 16 4
5 507 302 675 227 14 16 4
5 507 303 675 227 14 16 4
5 507 304 675 227 14 16 4
5 507 305 675 227 14 16 4
5 507 306 677 227 14 16 4
5 507 307 677 227 14 16 4
5 507 308 677 227 14 16 4
5 507 309 677 227 14 16 4
5 507 310 679 227 14 16 4
5 507 311 679 227 14 16 4
5 507 312 679 227 14 16 4
5 507 313 679 227 14 16 4
5 507 314 680 227 15 16 4
5 507 315 680 227 15 16 4
5 507 316 680 227 15 16 4
5 507 317 680 227 15 16 4
5 507 318 682 227 14 16 4
5 507 319 682 227 14 16 4
5 507 320 682 227 14 16 4
5 507 321 684 227 14 16 4
5 507 322 684 226 14 17 4
5 507 323 684 226 14 17 4
5 507 324 685 226 14 17 4
5 507 325 685 226 14 17 4
5 507 326 685 226 14 17 4
5 507 327 686 226 14 17 4
5 507 328 686 226 14 17 4
5 507 329 686 226 15 17 4
5 507 330 687 226 14 17 4
5 507 331 687 226 14 17 4
5 507 332 687 226 15 17 4
5 507 333 688 226 14 17 4
5 507 334 688 226 15 17 4
5 507 335 688 226 15 17 4
5 507 336 689 226 14 17 4
5 507 337 689 226 15 17 4
5 507 338 689 226 15 17 4
5 507 339 690 225 15 18 4
5 507 340 690 225 15 18 4
5 507 341 690 225 15 18 4
5 507 342 691 225 15 18 4
5 507 343 691 225 15 18 4
5 507 344 691 225 15 18 4
5 507 345 692 225 15 18 4
5 507 346 692 225 15 18 4
5 507 347 693 225 15 18 4
5 507 348 693 225 15 18 4
5 507 349 693 225 15 18 4
5 507 350 694 225 15 18 4
5 507 351 694 225 15 18 4
5 507 352 694 225 16 18 4
5 507 353 695 225 15 18 4
5 507 354 695 225 15 18 4
5 507 355 695 225 16 18 4
5 507 356 696 225 15 18 4
5 507 357 696 224 16 19 4
5 507 358 696 224 16 19 4
5 507 359 697 224 15 19 4
5 507 360 697 224 16 19 4
5 507 361 697 224 16 19 4
5 507 362 698 224 16 19 4
5 507 363 698 224 16 19 4
5 507 364 698 224 16 19 4
5 507 365 699 224 16 19 4
5 507 366 699 224 16 19 4
5 507 367 699 224 16 19 4
5 507 368 700 224 16 19 4
5 507 369 700 224 16 19 4
5 507 370 700 224 17 19 4
5 507 371 701 224 16 19 4
5 507 372 701 224 16 19 4
5 507 373 701 223 17 20 4
5 507 374 702 223 16 20 4
5 507 375 702 223 17 20 4
5 507 376 703 223 16 20 4
5 507 377 703 223 16 20 4
5 507 378 703 223 17 20 4
5 507 379 704 223 16 20 4
5 507 380 704 223 17 20 4
5 507 381 704 223 17 20 4
5 507 382 705 223 16 20 4
5 507 383 705 223 17 20 4
5 507 384 705 223 17 20 4
5 507 385 706 223 17 20 4
5 507 386 706 223 17 20 4
5 507 387 706 223 17 20 4
5 507 388 707 223 17 20 4
5 507 389 707 223 17 20 4
5 507 390 707 222 18 21 4
5 507 391 708 222 17 21 4
5 507 392 708 222 17 21 4
5 507 393 708 222 18 21 4
5 507 394 709 222 17 21 4
5 507 395 709 222 18 21 4
5 507 396 709 222 18 21 4
5 507 397 710 222 17 21 4
5 507 398 710 222 18 21 4
5 507 399 710 222 18 21 4
5 507 400 711 222 18 21 4
5 507 401 711 222 18 21 4
5 507 402 711 222 18 21 4
5 507 403 712 222 18 21 4
5 507 404 712 222 18 21 4
5 507 405 712 221 19 22 4
5 507 406 713 221 18 22 4
5 507 407 713 221 18 22 4
5 507 408 713 221 19 22 4
5 507 409 714 221 18 22 4
5 507 410 714 221 19 22 4
5 507 411 714 221 19 22 4
5 507 412 715 221 18 22 4
5 507 413 715 221 19 22 4
5 507 414 715 221 19 22 4
5 507 415 716 221 19 22 4
5 507 416 716 221 19 22 4
5 507 417 716 221 19 22 4
5 507 418 717 221 19 22 4
5 507 419 717 221 19 22 4
5 507 420 718 221 19 23 4
5 507 421 718 220 19 23 4
5 507 422 718 220 19 23 4
5 507 423 719 220 19 23 4
5 507 424 719 220 19 23 4
5 507 425 719 220 19 23 4
5 507 426 720 220 19 23 4
5 507 427 720 220 19 23 4
5 507 428 721 220 19 23 4
5 507 429 721 220 19 23 4
5 507 430 721 220 19 23 4
5 507 431 722 220 19 23 4
5 507 432 722 220 19 23 4
5 507 433 722 220 20 23 4
5 507 434 723 220 19 23 4
5 507 435 723 220 19 23 4
5 507 436 724 220 19 23 4
5 507 437 724 220 19 23 4
5 507 438 724 220 20 23 4
5 507 439 725 220 19 23 4
5 507 440 725 220 19 23 4
5 507 441 726 220 19 23 4
5 507 442 726 220 19 23 4
5 507 443 726 220 20 23 4
5 507 444 727 220 19 23 4
5 507 445 727 220 19 23 4
5 507 446 727 220 20 23 4
5 507 447 728 220 19 23 4
5 507 448 728 220 20 23 4
5 507 449 729 219 19 24 4
5 507 450 729 219 19 24 4
5 507 451 729 219 20 24 4
5 507 452 730 219 19 24 4
5 507 453 730 219 20 24 4
5 507 454 731 219 19 24 4
5 507 455 731 219 19 24 4
5 507 456 731 219 20 24 4
5 507 457 732 219 19 24 4
5 507 458 732 219 20 24 4
5 507 459 732 219 20 24 4
5 507 460 733 219 19 24 4
5 507 461 733 219 20 24 4
5 507 462 734 219 19 24 4
5 507 463 734 219 19 23 4
5 507 464 734 219 20 23 4
5 507 465 735 219 19 23 4
5 507 466 735 219 20 23 4
5 507 467 736 219 19 23 4
5 507 468 736 219 19 23 4
5 507 469 736 219 20 23 4
5 507 470 737 219 19 23 4
5 507 471 737 219 20 23 4
5 507 472 737 219 20 23 4
5 507 473 738 219 19 23 4
5 507 474 738 219 20 23 4
5 507 475 739 219 19 23 4
5 507 476 739 219 20 23 4
5 507 477 739 218 20 24 4
5 507 478 740 218 19 24 4
5 507 479 740 218 20 24 4
5 507 480 741 218 19 24 4
5 507 481 741 218 20 24 4
5 507 482 741 218 20 24 4
5 507 483 742 218 19 24 4
5 507 484 742 218 20 24 4
5 507 485 742 218 20 24 4
5 507 486 743 218 20 24 4
5 507 487 743 218 20 24 4
5 507 488 744 218 19 24 4
5 507 489 744 218 20 24 4
5 507 490 744 218 20 24 4
5 507 491 745 218 20 24 4
5 507 492 745 218 20 24 4
5 507 493 746 218 19 24 4
5 507 494 746 218 20 24 4
5 507 495 746 218 20 24 4
5 507 496 747 218 20 24 4
5 507 497 747 218 20 24 4
5 507 498 747 218 20 24 4
5 507 499 748 218 20 24 4
5 507 500 748 218 20 24 4
5 507 501 749 218 20 24 4
5 507 502 749 218 20 24 4
5 507 503 749 218 20 24 4
5 507 504 750 218 20 24 4
5 507 505 750 218 20 23 4
5 507 506 750 217 20 24 4
