0 469 0 229 224 18 39 1
0 469 1 227 224 18 39 1
0 469 2 227 224 18 39 1
0 469 3 227 224 18 39 1
0 469 4 227 224 18 39 1
0 469 5 227 224 18 39 1
0 469 6 227 224 18 39 1
0 469 7 227 224 18 39 1
0 469 8 227 224 18 39 1
0 469 9 227 224 18 39 1
0 469 10 227 224 18 39 1
0 469 11 227 224 18 39 1
0 469 12 227 224 18 39 1
0 469 13 227 224 18 39 1
0 469 14 227 224 18 39 1
0 469 15 227 224 18 39 1
0 469 16 227 224 18 39 1
0 469 17 227 224 18 39 1
0 469 18 227 224 18 39 1
0 469 19 227 224 18 39 1
0 469 20 227 224 18 39 1
0 469 21 227 224 18 39 1
0 469 22 227 224 18 39 1
0 469 23 227 224 18 39 1
0 469 24 227 224 18 39 1
0 469 25 225 224 18 39 1
0 469 26 225 224 18 39 1
0 469 27 225 224 18 39 1
0 469 28 225 224 18 39 1
0 469 29 225 224 18 39 1
0 469 30 225 224 18 39 1
0 469 31 225 224 18 39 1
0 469 32 225 224 18 39 1
0 469 33 225 224 18 39 1
0 469 34 225 224 18 39 1
0 469 35 225 224 18 39 1
0 469 36 225 224 18 39 1
0 469 37 225 224 18 39 1
0 469 38 225 224 18 39 1
0 469 39 225 224 18 39 1
0 469 40 225 224 18 39 1
0 469 41 225 224 18 39 1
0 469 42 225 224 18 39 1
0 469 43 225 224 18 39 1
0 469 44 225 224 18 39 1
0 469 45 225 224 18 39 1
0 469 46 225 224 18 39 1
0 469 47 225 224 18 39 1
0 469 48 225 225 18 39 1
0 469 49 224 225 17 38 1
0 469 50 224 225 17 38 1
0 469 51 224 225 17 38 1
0 469 52 224 225 17 38 1
0 469 53 224 225 17 38 1
0 469 54 224 225 17 38 1
0 469 55 224 225 17 38 1
0 469 56 224 225 17 38 1
0 469 57 224 225 17 38 1
0 469 58 224 225 17 38 1
0 469 59 224 225 17 38 1
0 469 60 224 225 17 38 1
0 469 61 224 225 17 38 1
0 469 62 224 225 17 38 1
0 469 63 224 225 17 38 1
0 469 64 224 225 17 38 1
0 469 65 224 225 17 38 1
0 469 66 224 225 17 38 1
0 469 67 224 225 17 38 1
0 469 68 224 225 17 38 1
0 469 69 224 225 17 38 1
0 469 70 224 225 17 38 1
0 469 71 224 225 17 38 1
0 469 72 224 225 17 38 1
0 469 73 224 225 17 38 1
0 469 74 224 225 17 38 1
0 469 75 224 225 17 38 1
0 469 76 224 225 17 38 1
0 469 77 224 225 17 38 1
0 469 78 224 225 17 38 1
0 469 79 224 225 17 38 1
0 469 80 224 225 17 38 1
0 469 81 224 225 17 38 1
0 469 82 224 225 17 38 1
0 469 83 224 225 17 38 1
0 469 84 224 225 17 38 1
0 469 85 224 225 17 38 1
0 469 86 224 225 17 38 1
0 469 87 224 225 17 38 1
0 469 88 222 225 18 38 1
0 469 89 222 225 18 38 1
0 469 90 222 225 18 38 1
0 469 91 222 225 18 38 1
0 469 92 222 225 18 38 1
0 469 93 222 225 18 38 1
0 469 94 222 225 18 38 1
0 469 95 222 225 18 38 1
0 469 96 222 225 18 38 1
0 469 97 222 225 18 38 1
0 469 98 222 225 18 38 1
0 469 99 222 225 18 38 1
0 469 100 222 225 18 38 1
0 469 101 222 225 18 38 1
0 469 102 222 225 18 38 1
0 469 103 222 225 18 38 1
0 469 104 222 225 18 38 1
0 469 105 222 225 18 38 1
0 469 106 222 225 18 38 1
0 469 107 222 225 18 38 1
0 469 108 222 225 18 38 1
0 469 109 222 225 18 38 1
0 469 110 222 225 18 38 1
0 469 111 222 225 18 38 1
0 469 112 222 225 18 38 1
0 469 113 222 225 18 38 1
0 469 114 222 225 18 38 1
0 469 115 222 225 18 38 1
0 469 116 222 225 18 38 1
0 469 117 222 225 18 38 1
0 469 118 222 225 18 38 1
0 469 119 222 225 18 38 1
0 469 120 222 225 18 38 1
0 469 121 222 225 18 38 1
0 469 122 222 225 18 38 1
0 469 123 222 225 18 38 1
0 469 124 222 225 18 38 1
0 469 125 222 225 18 38 1
0 469 126 222 227 18 36 1
0 469 127 220 225 18 36 1
0 469 128 220 225 18 36 1
0 469 129 220 225 18 36 1
0 469 130 220 225 18 36 1
0 469 131 220 225 18 36 1
0 469 132 220 225 18 36 1
0 469 133 220 225 18 36 1
0 469 134 220 225 18 36 1
0 469 135 218 225 18 36 1
0 469 136 218 225 18 36 1
0 469 137 218 225 18 36 1
0 469 138 218 225 18 36 1
0 469 139 218 225 18 36 1
0 469 140 218 225 18 36 1
0 469 141 218 225 18 36 1
0 469 142 218 225 18 36 1
0 469 143 218 225 18 36 1
0 469 144 216 225 18 36 1
0 469 145 216 225 18 36 1
0 469 146 216 225 18 36 1
0 469 147 216 225 18 36 1
0 469 148 216 225 18 36 1
0 469 149 216 225 18 36 1
0 469 150 216 225 18 36 1
0 469 151 216 225 18 36 1
0 469 152 216 225 18 36 1
0 469 153 215 225 17 36 1
0 469 154 215 225 17 36 1
0 469 155 215 225 17 36 1
0 469 156 215 225 17 36 1
0 469 157 215 225 17 36 1
0 469 158 215 225 17 36 1
0 469 159 215 225 17 36 1
0 469 160 215 225 17 36 1
0 469 161 215 225 17 36 1
0 469 162 213 225 18 36 1
0 469 163 213 225 18 36 1
0 469 164 213 225 18 36 1
0 469 165 213 225 18 36 1
0 469 166 213 225 18 36 1
0 469 167 213 225 18 36 1
0 469 168 213 225 18 36 1
0 469 169 213 225 18 36 1
0 469 170 213 225 18 36 1
0 469 171 213 225 18 36 1
0 469 172 213 225 18 36 1
0 469 173 213 225 18 36 1
0 469 174 213 225 18 36 1
0 469 175 213 225 18 36 1
0 469 176 213 225 18 36 1
0 469 177 213 225 18 36 1
0 469 178 213 225 18 36 1
0 469 179 213 225 18 36 1
0 469 180 213 225 18 36 1
0 469 181 211 225 18 36 1
0 469 182 211 225 18 36 1
0 469 183 211 225 18 36 1
0 469 184 211 225 18 36 1
0 469 185 211 225 18 36 1
0 469 186 211 225 18 36 1
0 469 187 211 225 18 36 1
0 469 188 211 225 18 36 1
0 469 189 211 225 18 36 1
0 469 190 211 225 18 36 1
0 469 191 211 225 18 36 1
0 469 192 211 225 18 36 1
0 469 193 211 225 18 36 1
0 469 194 211 225 18 36 1
0 469 195 211 225 18 36 1
0 469 196 211 225 18 36 1
0 469 197 211 225 18 36 1
0 469 198 211 225 18 36 1
0 469 199 211 225 18 36 1
0 469 200 211 225 18 36 1
0 469 201 209 225 18 36 1
0 469 202 209 225 18 36 1
0 469 203 209 225 18 36 1
0 469 204 209 225 18 36 1
0 469 205 209 225 18 36 1
0 469 206 209 225 18 36 1
0 469 207 209 225 18 36 1
0 469 208 209 225 18 36 1
0 469 209 209 225 18 36 1
0 469 210 209 225 18 36 1
0 469 211 209 225 18 36 1
0 469 212 209 225 18 36 1
0 469 213 209 225 18 36 1
0 469 214 209 225 18 36 1
0 469 215 209 225 18 36 1
0 469 216 209 225 18 36 1
0 469 217 209 225 18 36 1
0 469 218 209 225 18 36 1
0 469 219 209 225 18 36 1
0 469 220 209 225 18 36 1
0 469 221 208 225 17 36 1
0 469 222 208 225 17 36 1
0 469 223 208 225 17 36 1
0 469 224 208 225 17 36 1
0 469 225 208 225 17 36 1
0 469 226 208 225 17 36 1
0 469 227 208 225 17 36 1
0 469 228 208 225 17 36 1
0 469 229 208 225 17 36 1
0 469 230 208 225 17 36 1
0 469 231 208 225 17 36 1
0 469 232 208 225 17 36 1
0 469 233 208 225 17 36 1
0 469 234 208 225 17 36 1
0 469 235 208 225 17 36 1
0 469 236 208 225 17 36 1
0 469 237 208 225 17 36 1
0 469 238 208 225 17 36 1
0 469 239 208 225 17 36 1
0 469 240 208 225 17 36 1
0 469 241 206 225 18 36 1
0 469 242 206 225 18 36 1
0 469 243 206 225 18 36 1
0 469 244 206 225 18 36 1
0 469 245 206 225 18 36 1
0 469 246 206 225 18 36 1
0 469 247 206 225 18 36 1
0 469 248 206 225 18 36 1
0 469 249 206 225 18 36 1
0 469 250 206 225 18 36 1
0 469 251 206 225 18 36 1
0 469 252 206 225 18 36 1
0 469 253 206 225 18 36 1
0 469 254 206 225 18 36 1
0 469 255 206 225 18 36 1
0 469 256 206 225 18 36 1
0 469 257 206 225 18 36 1
0 469 258 206 225 18 36 1
0 469 259 206 225 18 36 1
0 469 260 206 225 18 36 1
0 469 261 204 225 18 36 1
0 469 262 204 225 18 36 1
0 469 263 204 225 18 36 1
0 469 264 204 225 18 36 1
0 469 265 204 225 18 36 1
0 469 266 204 225 18 36 1
0 469 267 204 225 18 36 1
0 469 268 204 225 18 36 1
0 469 269 204 225 18 36 1
0 469 270 204 225 18 36 1
0 469 271 204 225 18 36 1
0 469 272 204 225 18 36 1
0 469 273 204 225 18 36 1
0 469 274 204 225 18 36 1
0 469 275 204 225 18 36 1
0 469 276 204 225 18 36 1
0 469 277 204 225 18 36 1
0 469 278 204 225 18 36 1
0 469 279 204 225 18 36 1
0 469 280 204 225 18 36 1
0 469 281 202 225 18 36 1
0 469 282 202 225 18 36 1
0 469 283 202 225 18 36 1
0 469 284 202 225 18 36 1
0 469 285 202 225 18 36 1
0 469 286 202 225 18 36 1
0 469 287 202 225 18 36 1
0 469 288 202 225 18 36 1
0 469 289 202 225 18 36 1
0 469 290 202 225 18 36 1
0 469 291 202 225 18 36 1
0 469 292 202 225 18 36 1
0 469 293 202 225 18 36 1
0 469 294 202 225 18 36 1
0 469 295 202 225 18 36 1
0 469 296 202 225 18 36 1
0 469 297 202 225 18 36 1
0 469 298 202 225 18 36 1
0 469 299 202 225 18 36 1
0 469 300 202 227 18 36 1
0 469 301 200 227 18 34 1
0 469 302 200 227 18 34 1
0 469 303 200 227 18 34 1
0 469 304 200 227 18 34 1
0 469 305 200 227 18 34 1
0 469 306 200 227 18 34 1
0 469 307 200 227 18 34 1
0 469 308 200 227 18 34 1
0 469 309 200 227 18 34 1
0 469 310 200 227 18 34 1
0 469 311 200 227 18 34 1
0 469 312 200 227 18 34 1
0 469 313 200 227 18 34 1
0 469 314 200 227 18 34 1
0 469 315 200 227 18 34 1
0 469 316 200 227 18 34 1
0 469 317 200 227 18 34 1
0 469 318 200 227 18 34 1
0 469 319 200 227 18 34 1
0 469 320 200 227 18 34 1
0 469 321 200 227 18 34 1
0 469 322 200 227 18 34 1
0 469 323 200 227 18 34 1
0 469 324 200 227 18 34 1
0 469 325 200 227 18 34 1
0 469 326 200 227 18 34 1
0 469 327 200 227 18 34 1
0 469 328 200 227 18 34 1
0 469 329 200 227 18 34 1
0 469 330 200 227 18 34 1
0 469 331 200 227 18 34 1
0 469 332 200 227 18 34 1
0 469 333 200 227 18 34 1
0 469 334 200 227 18 34 1
0 469 335 200 227 18 34 1
0 469 336 200 227 18 34 1
0 469 337 200 227 18 34 1
0 469 338 200 227 18 34 1
0 469 339 200 227 18 34 1
0 469 340 200 227 18 34 1
0 469 341 200 227 18 34 1
0 469 342 200 227 18 32 1
0 469 343 200 227 18 32 1
0 469 344 200 227 18 32 1
0 469 345 200 227 18 32 1
0 469 346 200 227 18 32 1
0 469 347 200 227 18 32 1
0 469 348 200 227 18 32 1
0 469 349 200 227 18 32 1
0 469 350 200 227 18 32 1
0 469 351 200 227 18 32 1
0 469 352 200 227 18 32 1
0 469 353 200 227 18 32 1
0 469 354 200 227 18 32 1
0 469 355 200 227 18 32 1
0 469 356 200 227 18 32 1
0 469 357 200 227 18 32 1
0 469 358 200 227 18 32 1
0 469 359 200 227 18 32 1
0 469 360 200 227 18 32 1
0 469 361 200 227 18 32 1
0 469 362 200 227 18 32 1
0 469 363 199 227 17 32 1
0 469 364 199 227 17 32 1
0 469 365 199 227 17 32 1
0 469 366 199 227 17 32 1
0 469 367 199 227 17 32 1
0 469 368 199 227 17 32 1
0 469 369 199 227 17 32 1
0 469 370 199 227 17 32 1
0 469 371 199 227 17 32 1
0 469 372 199 227 17 32 1
0 469 373 199 227 17 32 1
0 469 374 199 227 17 32 1
0 469 375 199 227 17 32 1
0 469 376 199 227 17 32 1
0 469 377 199 227 17 32 1
0 469 378 199 227 17 32 1
0 469 379 199 227 17 32 1
0 469 380 199 227 17 32 1
0 469 381 199 227 17 32 1
0 469 382 199 227 17 32 1
0 469 383 199 227 17 30 1
0 469 384 199 227 17 30 1
0 469 385 199 227 17 30 1
0 469 386 199 227 17 30 1
0 469 387 199 227 17 30 1
0 469 388 199 227 17 30 1
0 469 389 199 227 17 30 1
0 469 390 199 227 17 30 1
0 469 391 199 227 17 30 1
0 469 392 199 227 17 30 1
0 469 393 199 227 17 30 1
0 469 394 199 227 17 30 1
0 469 395 199 227 17 30 1
0 469 396 199 227 17 30 1
0 469 397 199 227 17 30 1
0 469 398 199 227 17 30 1
0 469 399 199 227 17 30 1
0 469 400 199 227 17 30 1
0 469 401 199 227 17 30 1
0 469 402 199 227 17 30 1
0 469 403 199 227 17 30 1
0 469 404 199 227 17 30 1
0 469 405 199 227 17 30 1
0 469 406 199 227 17 30 1
0 469 407 199 227 17 30 1
0 469 408 199 227 17 30 1
0 469 409 199 227 17 30 1
0 469 410 199 227 17 30 1
0 469 411 199 227 17 30 1
0 469 412 199 227 17 30 1
0 469 413 199 227 17 30 1
0 469 414 199 227 17 30 1
0 469 415 199 227 17 30 1
0 469 416 199 227 17 30 1
0 469 417 199 227 17 30 1
0 469 418 199 227 17 30 1
0 469 419 199 227 17 30 1
0 469 420 199 227 17 30 1
0 469 421 199 227 17 30 1
0 469 422 199 227 17 30 1
0 469 423 199 227 17 30 1
0 469 424 199 227 17 30 1
0 469 425 197 227 18 30 1
0 469 426 197 227 18 30 1
0 469 427 197 227 18 30 1
0 469 428 197 227 18 30 1
0 469 429 197 227 18 30 1
0 469 430 197 227 18 30 1
0 469 431 197 227 18 30 1
0 469 432 197 227 18 30 1
0 469 433 197 227 18 30 1
0 469 434 197 227 18 30 1
0 469 435 197 227 18 30 1
0 469 436 197 227 18 30 1
0 469 437 197 227 18 30 1
0 469 438 197 227 18 30 1
0 469 439 197 227 18 30 1
0 469 440 197 227 18 30 1
0 469 441 197 227 18 30 1
0 469 442 197 227 18 30 1
0 469 443 197 227 18 30 1
0 469 444 197 227 18 30 1
0 469 445 197 227 18 30 1
0 469 446 195 229 18 30 1
0 469 447 195 229 18 30 1
0 469 448 195 229 18 30 1
0 469 449 195 229 18 30 1
0 469 450 195 229 18 30 1
0 469 451 195 229 18 30 1
0 469 452 195 229 18 30 1
0 469 453 195 229 18 30 1
0 469 454 195 229 18 30 1
0 469 455 195 229 18 30 1
0 469 456 195 229 18 30 1
0 469 457 195 229 18 30 1
0 469 458 195 229 18 30 1
0 469 459 195 229 18 30 1
0 469 460 195 229 18 30 1
0 469 461 195 229 18 30 1
0 469 462 195 229 18 30 1
0 469 463 195 229 18 30 1
0 469 464 195 229 18 30 1
0 469 465 195 229 18 30 1
0 469 466 195 229 18 30 1
0 469 467 195 231 18 30 1
0 469 468 195 231 18 30 1
1 322 0 316 236 18 48 1
1 322 1 314 236 18 48 1
1 322 2 314 236 18 48 1
1 322 3 314 236 18 48 1
1 322 4 314 236 18 48 1
1 322 5 314 236 18 48 1
1 322 6 314 236 18 48 1
1 322 7 312 236 18 48 1
1 322 8 312 236 18 48 1
1 322 9 312 236 18 48 1
1 322 10 312 236 18 48 1
1 322 11 312 236 18 48 1
1 322 12 312 236 18 48 1
1 322 13 311 236 17 48 1
1 322 14 311 236 17 48 1
1 322 15 311 236 17 48 1
1 322 16 311 236 17 48 1
1 322 17 311 236 17 48 1
1 322 18 311 236 17 48 1
1 322 19 309 236 18 48 1
1 322 20 309 236 18 48 1
1 322 21 309 236 18 48 1
1 322 22 309 236 18 48 1
1 322 23 309 236 18 48 1
1 322 24 309 236 18 48 1
1 322 25 307 236 18 48 1
1 322 26 307 236 18 48 1
1 322 27 307 236 18 48 1
1 322 28 307 236 18 48 1
1 322 29 307 236 18 48 1
1 322 30 307 236 18 48 1
1 322 31 305 236 18 48 1
1 322 32 305 236 18 48 1
1 322 33 305 236 18 48 1
1 322 34 305 236 18 48 1
1 322 35 305 236 18 48 1
1 322 36 305 236 18 48 1
1 322 37 304 236 17 48 1
1 322 38 304 236 17 48 1
1 322 39 304 236 17 48 1
1 322 40 304 236 17 48 1
1 322 41 304 236 17 48 1
1 322 42 304 236 17 48 1
1 322 43 302 236 18 48 1
1 322 44 302 236 18 48 1
1 322 45 302 236 18 48 1
1 322 46 302 236 18 48 1
1 322 47 302 236 18 48 1
1 322 48 302 236 18 48 1
1 322 49 300 234 18 48 1
1 322 50 300 234 18 48 1
1 322 51 300 234 18 48 1
1 322 52 300 234 18 48 1
1 322 53 300 234 18 48 1
1 322 54 300 234 18 48 1
1 322 55 300 234 18 48 1
1 322 56 300 234 18 48 1
1 322 57 300 234 18 48 1
1 322 58 298 234 18 48 1
1 322 59 298 234 18 48 1
1 322 60 298 234 18 48 1
1 322 61 298 234 18 48 1
1 322 62 298 234 18 48 1
1 322 63 298 234 18 48 1
1 322 64 298 234 18 48 1
1 322 65 298 234 18 48 1
1 322 66 298 234 18 48 1
1 322 67 298 234 18 48 1
1 322 68 298 234 18 46 1
1 322 69 298 234 18 46 1
1 322 70 298 234 18 46 1
1 322 71 298 234 18 46 1
1 322 72 298 234 18 46 1
1 322 73 298 234 18 46 1
1 322 74 298 234 18 46 1
1 322 75 298 234 18 46 1
1 322 76 298 234 18 46 1
1 322 77 298 234 18 46 1
1 322 78 298 234 18 46 1
1 322 79 298 234 18 46 1
1 322 80 298 234 18 46 1
1 322 81 298 234 18 46 1
1 322 82 298 234 18 46 1
1 322 83 298 234 18 46 1
1 322 84 298 234 18 46 1
1 322 85 298 234 18 46 1
1 322 86 298 234 18 46 1
1 322 87 298 234 18 46 1
1 322 88 300 234 18 46 1
1 322 89 300 234 18 46 1
1 322 90 300 234 18 46 1
1 322 91 300 234 18 46 1
1 322 92 300 234 18 46 1
1 322 93 300 234 18 46 1
1 322 94 300 234 18 46 1
1 322 95 300 234 18 46 1
1 322 96 300 234 18 46 1
1 322 97 300 234 18 46 1
1 322 98 300 234 18 46 1
1 322 99 300 234 18 46 1
1 322 100 300 234 18 46 1
1 322 101 300 234 18 46 1
1 322 102 300 234 18 46 1
1 322 103 300 234 18 46 1
1 322 104 300 234 18 46 1
1 322 105 300 234 18 46 1
1 322 106 300 234 18 46 1
1 322 107 300 234 18 46 1
1 322 108 302 234 18 46 1
1 322 109 302 234 18 46 1
1 322 110 302 234 18 46 1
1 322 111 302 234 18 46 1
1 322 112 302 234 18 46 1
1 322 113 302 234 18 46 1
1 322 114 302 234 18 46 1
1 322 115 302 234 18 46 1
1 322 116 302 234 18 46 1
1 322 117 302 234 18 46 1
1 322 118 302 234 18 46 1
1 322 119 302 234 18 46 1
1 322 120 302 234 18 46 1
1 322 121 302 234 18 46 1
1 322 122 302 234 18 46 1
1 322 123 302 234 18 46 1
1 322 124 302 234 18 46 1
1 322 125 302 234 18 46 1
1 322 126 302 234 18 46 1
1 322 127 302 234 18 46 1
1 322 128 304 236 17 44 1
1 322 129 304 234 17 45 1
1 322 130 304 234 17 45 1
1 322 131 304 234 17 45 1
1 322 132 304 234 17 45 1
1 322 133 305 234 18 45 1
1 322 134 305 234 18 45 1
1 322 135 305 234 18 45 1
1 322 136 305 234 18 45 1
1 322 137 307 234 18 45 1
1 322 138 307 234 18 45 1
1 322 139 307 234 18 45 1
1 322 140 307 234 18 45 1
1 322 141 309 234 18 45 1
1 322 142 309 234 18 45 1
1 322 143 309 234 18 45 1
1 322 144 309 234 18 45 1
1 322 145 311 234 17 45 1
1 322 146 311 234 17 45 1
1 322 147 311 234 17 45 1
1 322 148 311 234 17 45 1
1 322 149 312 234 18 45 1
1 322 150 312 234 18 45 1
1 322 151 312 234 18 45 1
1 322 152 312 234 18 45 1
1 322 153 314 234 18 45 1
1 322 154 314 234 18 45 1
1 322 155 314 234 18 45 1
1 322 156 314 234 18 45 1
1 322 157 316 234 18 45 1
1 322 158 316 234 18 45 1
1 322 159 316 234 18 45 1
1 322 160 316 234 18 45 1
1 322 161 318 234 18 45 1
1 322 162 318 234 18 45 1
1 322 163 318 234 18 45 1
1 322 164 318 234 18 45 1
1 322 165 318 234 18 45 1
1 322 166 318 234 18 45 1
1 322 167 320 232 17 45 1
1 322 168 323 231 18 44 1
1 322 169 321 231 18 44 1
1 322 170 320 232 17 45 1
1 322 171 318 234 18 45 1
1 322 172 320 232 17 45 1
1 322 173 321 231 18 44 1
1 322 174 323 229 18 44 1
1 322 175 323 229 18 44 1
1 322 176 323 229 18 44 1
1 322 177 325 229 18 44 1
1 322 178 325 229 18 44 1
1 322 179 325 229 18 44 1
1 322 180 327 229 17 44 1
1 322 181 327 229 17 44 1
1 322 182 327 229 17 44 1
1 322 183 328 229 18 44 1
1 322 184 328 229 18 44 1
1 322 185 328 229 18 44 1
1 322 186 328 229 18 44 1
1 322 321 298 234 18 48 1
2 469 0 321 264 23 61 1
2 469 1 321 264 23 61 1
2 469 2 321 264 23 61 1
2 469 3 323 264 23 61 1
2 469 4 323 264 23 61 1
2 469 5 323 264 23 61 1
2 469 6 325 264 23 61 1
2 469 7 325 264 23 61 1
2 469 8 325 264 23 61 1
2 469 9 327 264 23 61 1
2 469 10 327 264 23 61 1
2 469 11 327 264 23 61 1
2 469 12 328 264 24 61 1
2 469 13 328 264 24 61 1
2 469 14 328 264 24 61 1
2 469 15 330 264 23 61 1
2 469 16 330 264 23 61 1
2 469 17 332 264 23 61 1
2 469 18 332 264 23 61 1
2 469 19 332 264 23 61 1
2 469 20 334 264 23 61 1
2 469 21 334 264 23 61 1
2 469 22 334 264 23 61 1
2 469 23 336 264 23 61 1
2 469 24 336 264 23 61 1
2 469 25 336 264 23 61 1
2 469 26 337 264 23 61 1
2 469 27 337 264 23 61 1
2 469 28 337 264 23 61 1
2 469 29 339 264 23 61 1
2 469 30 339 264 23 61 1
2 469 31 339 264 23 61 1
2 469 32 341 264 23 61 1
2 469 33 341 264 23 61 1
2 469 34 343 264 23 61 1
2 469 35 343 264 23 61 1
2 469 36 343 264 23 61 1
2 469 37 344 264 24 61 1
2 469 38 344 264 24 61 1
2 469 39 344 264 24 61 1
2 469 40 346 264 23 61 1
2 469 41 346 264 23 61 1
2 469 42 346 264 23 61 1
2 469 43 348 264 23 61 1
2 469 44 348 264 23 61 1
2 469 45 348 264 23 61 1
2 469 46 350 264 23 61 1
2 469 47 350 264 23 61 1
2 469 48 352 266 23 61 1
2 469 49 352 266 23 61 1
2 469 50 352 266 23 61 1
2 469 51 353 266 23 61 1
2 469 52 353 266 23 61 1
2 469 53 355 266 23 61 1
2 469 54 355 266 23 61 1
2 469 55 355 266 23 61 1
2 469 56 357 266 23 61 1
2 469 57 357 266 23 61 1
2 469 58 359 266 23 61 1
2 469 59 359 266 23 61 1
2 469 60 360 268 24 60 1
2 469 61 360 268 24 60 1
2 469 62 360 268 24 60 1
2 469 63 362 268 23 60 1
2 469 64 362 268 23 60 1
2 469 65 364 268 23 60 1
2 469 66 364 268 23 60 1
2 469 67 366 268 23 60 1
2 469 68 366 268 23 60 1
2 469 69 366 268 23 60 1
2 469 70 368 268 23 60 1
2 469 71 368 270 23 60 1
2 469 72 369 270 23 60 1
2 469 73 369 270 23 60 1
2 469 74 371 270 23 60 1
2 469 75 371 270 23 60 1
2 469 76 371 270 23 60 1
2 469 77 373 270 23 60 1
2 469 78 373 270 23 60 1
2 469 79 375 270 23 60 1
2 469 80 375 270 23 60 1
2 469 81 375 270 23 60 1
2 469 82 376 272 24 60 1
2 469 83 376 272 24 60 1
2 469 84 378 272 23 60 1
2 469 85 378 272 23 60 1
2 469 86 380 272 23 60 1
2 469 87 380 272 23 60 1
2 469 88 380 272 23 60 1
2 469 89 382 272 23 60 1
2 469 90 382 272 23 60 1
2 469 91 384 272 23 60 1
2 469 92 384 272 23 60 1
2 469 93 385 273 23 61 1
2 469 94 385 273 23 61 1
2 469 95 385 273 23 61 1
2 469 96 387 273 23 61 1
2 469 97 387 273 23 61 1
2 469 98 389 273 23 61 1
2 469 99 389 273 23 61 1
2 469 100 391 273 23 61 1
2 469 101 391 273 23 61 1
2 469 102 391 273 23 61 1
2 469 103 392 273 24 61 1
2 469 104 392 275 24 61 1
2 469 105 394 275 23 61 1
2 469 106 394 275 23 61 1
2 469 107 394 275 23 61 1
2 469 108 396 275 23 61 1
2 469 109 396 275 23 61 1
2 469 110 398 275 23 61 1
2 469 111 398 275 23 61 1
2 469 112 400 275 23 61 1
2 469 113 400 275 23 61 1
2 469 114 400 275 23 61 1
2 469 115 401 277 23 60 1
2 469 116 401 277 23 60 1
2 469 117 403 277 23 60 1
2 469 118 403 277 23 60 1
2 469 119 405 277 23 60 1
2 469 120 405 277 23 60 1
2 469 121 405 277 23 60 1
2 469 122 407 277 23 60 1
2 469 123 407 277 23 60 1
2 469 124 408 277 24 60 1
2 469 125 408 277 24 60 1
2 469 126 410 279 23 60 1
2 469 127 410 279 23 60 1
2 469 128 412 279 23 60 1
2 469 129 412 279 25 60 1
2 469 130 414 279 23 60 1
2 469 131 416 279 23 62 1
2 469 132 416 279 24 62 1
2 469 133 417 279 23 62 1
2 469 134 417 279 25 62 1
2 469 135 419 279 25 62 1
2 469 136 421 279 23 64 1
2 469 137 421 279 25 64 1
2 469 138 423 279 25 64 1
2 469 139 423 279 25 64 1
2 469 140 424 279 25 64 1
2 469 141 426 279 25 65 1
2 469 142 426 279 25 65 1
2 469 143 428 279 25 65 1
2 469 144 428 279 27 65 1
2 469 145 430 279 26 65 1
2 469 146 432 279 24 67 1
2 469 147 432 279 26 67 1
2 469 148 433 279 27 67 1
2 469 149 433 279 27 67 1
2 469 150 435 279 27 67 1
2 469 151 437 279 27 69 1
2 469 152 437 279 27 69 1
2 469 153 439 279 26 69 1
2 469 154 439 279 28 69 1
2 469 155 440 279 27 69 1
2 469 156 442 279 27 71 1
2 469 157 442 279 29 71 1
2 469 158 444 279 27 71 1
2 469 159 444 279 28 71 1
2 469 160 446 279 28 71 1
2 469 161 448 280 28 72 1
2 469 162 448 280 28 72 1
2 469 163 448 280 30 72 1
2 469 164 449 280 31 72 1
2 469 165 449 280 31 72 1
2 469 166 451 280 30 72 1
2 469 167 451 280 32 72 1
2 469 168 453 280 30 72 1
2 469 169 453 280 32 72 1
2 469 170 453 280 34 72 1
2 469 171 455 280 33 72 1
2 469 172 455 280 33 72 1
2 469 173 456 280 34 72 1
2 469 174 456 280 36 72 1
2 469 175 458 280 34 72 1
2 469 176 458 280 36 72 1
2 469 177 458 280 38 72 1
2 469 178 460 280 36 72 1
2 469 179 460 280 37 72 1
2 469 180 462 280 37 72 1
2 469 181 462 280 39 72 1
2 469 182 464 280 37 72 1
2 469 183 464 280 39 72 1
2 469 184 464 280 40 72 1
2 469 185 465 280 39 72 1
2 469 186 465 280 41 72 1
2 469 187 467 280 41 72 1
2 469 188 467 280 41 72 1
2 469 189 469 280 41 72 1
2 469 190 469 280 43 72 1
2 469 191 469 280 44 72 1
2 469 192 471 280 42 72 1
2 469 193 471 280 44 72 1
2 469 194 472 280 45 72 1
2 469 195 472 280 45 72 1
2 469 196 474 280 45 72 1
2 469 197 474 280 46 72 1
2 469 198 476 282 46 71 1
2 469 199 476 282 48 71 1
2 469 200 478 282 48 71 1
2 469 201 480 284 44 71 1
2 469 202 480 284 46 71 1
2 469 203 480 284 48 71 1
2 469 204 480 284 46 71 1
2 469 205 480 284 46 71 1
2 469 206 480 284 46 71 1
2 469 207 480 284 44 71 1
2 469 208 480 284 44 71 1
2 469 209 480 284 44 71 1
2 469 210 480 284 42 71 1
2 469 211 480 284 42 71 1
2 469 212 480 284 42 71 1
2 469 213 480 284 40 71 1
2 469 214 480 284 40 71 1
2 469 215 480 284 40 71 1
2 469 216 480 284 39 71 1
2 469 217 480 284 39 71 1
2 469 218 480 284 39 71 1
2 469 219 480 284 37 71 1
2 469 220 480 284 37 71 1
2 469 221 480 284 37 71 1
2 469 222 480 284 35 71 1
2 469 223 480 284 35 71 1
2 469 224 480 284 35 71 1
2 469 225 480 284 33 71 1
2 469 226 480 284 33 71 1
2 469 227 480 284 33 71 1
2 469 228 480 284 32 71 1
2 469 229 480 284 32 71 1
2 469 230 480 284 32 71 1
2 469 231 480 284 30 71 1
2 469 232 480 284 30 71 1
2 469 233 480 284 30 71 1
2 469 234 480 284 30 71 1
2 469 235 478 284 30 71 1
2 469 236 478 284 30 71 1
2 469 237 478 284 30 71 1
2 469 238 476 284 32 71 1
2 469 239 476 284 32 71 1
2 469 240 476 284 30 71 1
2 469 241 474 284 32 71 1
2 469 242 474 284 32 71 1
2 469 243 474 284 32 71 1
2 469 244 472 284 34 71 1
2 469 245 472 284 32 71 1
2 469 246 472 284 32 71 1
2 469 247 471 284 33 71 1
2 469 248 471 284 33 71 1
2 469 249 471 286 33 71 1
2 469 250 469 286 34 71 1
2 469 251 469 286 34 71 1
2 469 252 469 286 34 71 1
2 469 253 467 286 34 71 1
2 469 254 467 286 34 71 1
2 469 255 467 286 34 71 1
2 469 256 465 286 36 71 1
2 469 257 465 286 34 71 1
2 469 258 465 286 34 71 1
2 469 259 464 286 35 71 1
2 469 260 464 286 33 73 1
2 469 261 464 286 33 73 1
2 469 262 462 288 35 71 1
2 469 263 462 288 35 71 1
2 469 264 462 288 34 71 1
2 469 265 460 288 36 71 1
2 469 266 460 288 36 71 1
2 469 267 460 288 36 71 1
2 469 268 460 288 34 71 1
2 469 269 458 288 36 71 1
2 469 270 458 288 36 72 1
2 469 271 458 288 34 72 1
2 469 272 456 288 36 72 1
2 469 273 456 288 36 72 1
2 469 274 456 288 36 72 1
2 469 275 455 289 35 71 1
2 469 276 455 289 35 71 1
2 469 277 455 289 35 71 1
2 469 278 453 289 37 71 1
2 469 279 453 289 35 71 1
2 469 280 453 289 35 73 1
2 469 281 451 289 37 73 1
2 469 282 451 289 36 73 1
2 469 283 451 289 36 73 1
2 469 284 451 289 36 73 1
2 469 285 449 289 38 73 1
2 469 286 449 289 36 73 1
2 469 287 449 289 36 73 1
2 469 288 448 291 37 71 1
2 469 289 448 291 37 71 1
2 469 290 448 291 35 73 1
2 469 291 446 291 37 73 1
2 469 292 446 291 37 73 1
2 469 293 446 291 35 73 1
2 469 294 444 291 37 73 1
2 469 295 444 291 37 73 1
2 469 296 444 291 37 73 1
2 469 297 442 291 38 73 1
2 469 298 442 291 38 73 1
2 469 299 442 291 38 73 1
2 469 300 442 293 38 73 1
2 469 301 440 293 40 71 1
2 469 302 440 293 40 71 1
2 469 303 440 293 40 71 1
2 469 304 440 293 40 71 1
2 469 305 440 293 40 71 1
2 469 306 440 293 40 71 1
2 469 307 440 293 40 69 1
2 469 308 440 295 40 67 1
2 469 309 440 295 40 67 1
2 469 310 440 295 40 67 1
2 469 311 440 295 40 67 1
2 469 312 440 295 40 67 1
2 469 313 439 295 41 65 1
2 469 314 439 295 41 65 1
2 469 315 439 295 41 65 1
2 469 316 439 296 41 64 1
2 469 317 439 296 41 64 1
2 469 318 439 296 41 64 1
2 469 319 439 296 41 63 1
2 469 320 439 296 41 63 1
2 469 321 439 296 41 63 1
2 469 322 439 296 41 63 1
2 469 323 439 296 41 63 1
2 469 324 439 298 42 61 1
2 469 325 439 298 42 61 1
2 469 326 439 298 42 61 1
2 469 327 439 298 42 62 1
2 469 328 439 298 42 62 1
2 469 329 439 298 42 64 1
2 469 330 440 298 43 64 1
2 469 331 440 298 43 66 1
2 469 332 440 298 43 66 1
2 469 333 440 298 43 68 1
2 469 334 440 298 43 68 1
2 469 335 442 298 43 68 1
2 469 336 442 298 43 70 1
2 469 337 442 298 43 70 1
2 469 338 442 298 43 71 1
2 469 339 442 298 43 71 1
2 469 340 444 298 43 73 1
2 469 341 444 298 43 73 1
2 469 342 444 298 43 75 1
2 469 343 444 298 43 75 1
2 469 344 444 298 43 75 1
2 469 345 446 298 42 77 1
2 469 346 446 298 42 77 1
2 469 347 446 298 42 78 1
2 469 348 446 298 42 78 1
2 469 349 446 298 42 80 1
2 469 350 448 298 42 80 1
2 469 351 448 298 42 82 1
2 469 352 448 298 42 82 1
2 469 353 448 298 42 82 1
2 469 354 448 298 42 84 1
2 469 355 449 298 43 84 1
2 469 356 449 298 43 86 1
2 469 357 449 298 43 86 1
2 469 358 449 298 43 87 1
2 469 359 449 298 43 87 1
2 469 360 451 298 43 89 1
2 469 361 451 298 43 89 1
2 469 362 451 298 43 89 1
2 469 363 453 298 41 89 1
2 469 364 453 300 41 89 1
2 469 365 453 300 41 89 1
2 469 366 455 300 39 89 1
2 469 367 455 300 39 89 1
2 469 368 455 302 39 89 1
2 469 369 456 302 38 89 1
2 469 370 456 302 38 89 1
2 469 371 456 304 38 88 1
2 469 372 458 304 36 88 1
2 469 373 458 304 36 88 1
2 469 374 460 304 34 88 1
2 469 375 460 305 34 89 1
2 469 376 460 305 34 89 1
2 469 377 462 305 32 89 1
2 469 378 462 307 32 89 1
2 469 379 462 307 32 89 1
2 469 380 464 307 30 89 1
2 469 381 464 307 30 89 1
2 469 382 464 309 30 89 1
2 469 383 465 309 29 89 1
2 469 384 465 309 29 89 1
2 469 385 467 311 29 89 1
2 469 386 467 311 29 89 1
2 469 387 467 311 29 89 1
2 469 388 469 311 28 89 1
2 469 389 469 311 28 89 1
2 469 390 471 311 28 89 1
2 469 391 471 311 28 89 1
2 469 392 472 312 29 89 1
2 469 393 472 312 29 89 1
2 469 394 472 312 31 89 1
2 469 395 474 312 29 89 1
2 469 396 474 312 30 89 1
2 469 397 476 312 28 89 1
2 469 398 476 314 30 89 1
2 469 399 478 314 28 89 1
2 469 400 478 314 30 89 1
2 469 401 478 314 30 89 1
2 469 402 480 314 30 89 1
2 469 403 480 314 30 89 1
2 469 404 481 314 31 89 1
2 469 405 481 316 31 89 1
2 469 406 483 316 30 89 1
2 469 407 483 316 30 89 1
2 469 408 485 316 30 89 1
2 469 409 485 316 30 89 1
2 469 410 485 316 32 89 1
2 469 411 487 318 30 89 1
2 469 412 487 318 32 89 1
2 469 413 488 318 31 89 1
2 469 414 488 318 32 89 1
2 469 415 490 318 30 89 1
2 469 416 490 318 32 89 1
2 469 417 490 318 32 89 1
2 469 418 492 320 32 88 1
2 469 419 492 320 32 88 1
2 469 420 494 320 32 88 1
2 469 421 494 320 32 88 1
2 469 422 496 320 32 88 1
2 469 423 496 320 32 88 1
2 469 424 497 321 32 89 1
2 469 425 497 321 32 89 1
2 469 426 497 321 32 89 1
2 469 427 499 321 32 91 1
2 469 428 499 321 32 91 1
2 469 429 499 321 34 93 1
2 469 430 501 321 32 93 1
2 469 431 501 321 34 95 1
2 469 432 503 321 32 95 1
2 469 433 503 321 33 95 1
2 469 434 503 321 33 96 1
2 469 435 504 321 34 96 1
2 469 436 504 323 34 96 1
2 469 437 506 323 34 96 1
2 469 438 506 323 34 98 1
2 469 439 506 323 36 98 1
2 469 440 508 323 34 98 1
2 469 441 508 323 36 100 1
2 469 442 510 323 34 100 1
2 469 443 510 323 35 101 1
2 469 444 510 323 35 101 1
2 469 445 512 323 35 103 1
2 469 446 512 323 35 103 1
2 469 447 513 325 36 103 1
2 469 448 513 325 36 103 1
2 469 449 513 325 36 103 1
2 469 450 513 325 36 103 1
2 469 451 515 325 34 103 1
2 469 452 517 325 32 103 1
2 469 453 519 325 30 103 1
2 469 454 520 325 31 103 1
2 469 455 522 325 29 103 1
2 469 456 524 325 27 103 1
2 469 457 526 325 25 103 1
2 469 458 528 325 24 103 1
2 469 459 528 325 24 103 1
2 469 460 528 325 24 103 1
2 469 461 528 325 24 103 1
2 469 462 528 325 24 103 1
2 469 463 528 325 24 103 1
2 469 464 528 325 24 103 1
2 469 465 528 325 24 103 1
2 469 466 528 325 24 103 1
2 469 467 528 325 24 103 1
2 469 468 528 325 24 103 1
