0 322 0 533 510 44 96 1
0 322 1 533 510 44 96 1
0 322 2 533 510 44 96 1
0 322 3 533 510 44 96 1
0 322 4 533 510 44 96 1
0 322 5 533 510 44 96 1
0 322 6 533 510 44 96 1
0 322 7 533 510 44 96 1
0 322 8 533 510 44 96 1
0 322 9 533 510 44 96 1
0 322 10 533 510 44 96 1
0 322 11 533 510 44 96 1
0 322 12 533 510 44 96 1
0 322 13 533 510 44 96 1
0 322 14 533 510 44 96 1
0 322 15 533 510 44 96 1
0 322 16 533 510 44 96 1
0 322 17 533 510 44 96 1
0 322 18 533 510 44 96 1
0 322 19 533 510 44 96 1
0 322 20 533 510 44 96 1
0 322 21 533 510 44 96 1
0 322 22 533 510 44 96 1
0 322 23 533 510 44 96 1
0 322 24 533 510 44 96 1
0 322 25 533 510 44 96 1
0 322 26 533 510 44 96 1
0 322 27 533 510 44 96 1
0 322 28 533 510 44 96 1
0 322 29 533 510 44 96 1
0 322 30 533 510 44 96 1
0 322 31 533 510 44 96 1
0 322 32 533 510 44 96 1
0 322 33 533 510 44 96 1
0 322 34 533 510 44 96 1
0 322 35 533 510 44 96 1
0 322 36 533 510 44 96 1
0 322 37 533 510 44 96 1
0 322 38 533 510 44 96 1
0 322 39 533 510 44 96 1
0 322 40 533 510 44 96 1
0 322 41 533 510 44 96 1
0 322 42 533 510 44 96 1
0 322 43 533 510 44 96 1
0 322 44 533 510 44 96 1
0 322 45 533 510 44 96 1
0 322 46 533 510 44 96 1
0 322 47 533 510 44 96 1
0 322 48 533 510 44 96 1
0 322 49 533 510 44 96 1
0 322 50 533 510 44 96 1
0 322 51 533 510 44 96 1
0 322 52 533 510 44 96 1
0 322 53 533 510 44 96 1
0 322 54 533 510 44 96 1
0 322 55 533 510 44 96 1
0 322 56 533 510 44 96 1
0 322 57 533 510 44 96 1
0 322 58 533 510 44 96 1
0 322 59 533 510 44 96 1
0 322 60 533 510 44 96 1
0 322 61 533 510 44 96 1
0 322 62 533 510 44 96 1
0 322 63 533 510 44 96 1
0 322 64 533 510 44 96 1
0 322 65 533 510 44 96 1
0 322 66 533 510 44 96 1
0 322 67 533 510 44 96 1
0 322 68 533 510 44 96 1
0 322 69 533 510 44 96 1
0 322 70 533 510 44 96 1
0 322 71 533 510 44 96 1
0 322 72 533 510 44 96 1
0 322 73 533 510 44 96 1
0 322 74 533 510 44 96 1
0 322 75 533 510 44 96 1
0 322 76 533 510 44 96 1
0 322 77 533 510 44 96 1
0 322 78 533 510 44 96 1
0 322 79 533 510 44 96 1
0 322 80 533 510 44 96 1
0 322 81 533 510 44 96 1
0 322 82 533 510 44 96 1
0 322 83 533 510 44 96 1
0 322 84 533 510 44 96 1
0 322 85 533 510 44 96 1
0 322 86 533 510 44 96 1
0 322 87 533 510 44 96 1
0 322 88 533 510 44 96 1
0 322 89 533 510 44 96 1
0 322 90 533 510 44 96 1
0 322 91 533 510 44 96 1
0 322 92 533 510 44 96 1
0 322 93 533 510 44 96 1
0 322 94 533 510 44 96 1
0 322 95 533 510 44 96 1
0 322 96 533 510 44 96 1
0 322 97 533 510 44 96 1
0 322 98 533 510 44 96 1
0 322 99 533 510 44 96 1
0 322 100 533 510 44 96 1
0 322 101 533 510 44 96 1
0 322 102 533 510 44 96 1
0 322 103 533 510 44 96 1
0 322 104 533 510 44 96 1
0 322 105 533 510 44 96 1
0 322 106 533 510 44 96 1
0 322 107 533 510 44 96 1
0 322 108 533 510 44 96 1
0 322 109 533 510 44 96 1
0 322 110 533 510 44 96 1
0 322 111 533 510 44 96 1
0 322 112 533 510 44 96 1
0 322 113 533 510 44 96 1
0 322 114 533 510 44 96 1
0 322 115 533 510 44 96 1
0 322 116 533 510 44 96 1
0 322 117 533 510 44 96 1
0 322 118 533 510 44 96 1
0 322 119 533 510 44 96 1
0 322 120 533 510 44 96 1
0 322 121 533 510 44 96 1
0 322 122 533 510 44 96 1
0 322 123 533 510 44 96 1
0 322 124 533 510 44 96 1
0 322 125 533 510 44 96 1
0 322 126 533 510 44 96 1
0 322 127 533 510 44 96 1
0 322 128 533 510 44 96 1
0 322 129 533 510 44 96 1
0 322 130 533 510 44 96 1
0 322 131 533 510 44 96 1
0 322 132 533 510 44 96 1
0 322 133 533 510 44 96 1
0 322 134 533 510 44 96 1
0 322 135 533 510 44 96 1
0 322 136 533 510 44 96 1
0 322 137 533 510 44 96 1
0 322 138 533 510 44 96 1
0 322 139 533 510 44 96 1
0 322 140 533 510 44 96 1
0 322 141 533 510 44 96 1
0 322 142 533 510 44 96 1
0 322 143 533 510 44 96 1
0 322 144 533 510 44 96 1
0 322 145 533 510 44 96 1
0 322 146 533 510 44 96 1
0 322 147 533 510 44 96 1
0 322 148 533 510 44 96 1
0 322 149 533 510 44 96 1
0 322 150 533 510 44 96 1
0 322 151 533 510 44 96 1
0 322 152 533 510 44 96 1
0 322 153 533 510 44 96 1
0 322 154 533 510 44 96 1
0 322 155 533 510 44 96 1
0 322 156 533 510 44 96 1
0 322 157 533 510 44 96 1
0 322 158 533 510 44 96 1
0 322 159 533 510 44 96 1
0 322 160 533 510 44 96 1
0 322 161 533 510 44 96 1
0 322 162 533 510 44 96 1
0 322 163 533 510 44 96 1
0 322 164 533 510 44 96 1
0 322 165 533 510 44 96 1
0 322 166 533 510 44 96 1
0 322 167 533 510 44 96 1
0 322 168 533 510 44 96 1
0 322 169 533 510 44 96 1
0 322 170 533 510 44 96 1
0 322 171 533 510 44 96 1
0 322 172 533 510 44 96 1
0 322 173 533 510 44 96 1
0 322 174 533 510 44 96 1
0 322 175 533 510 44 96 1
0 322 176 533 510 44 96 1
0 322 177 533 510 44 96 1
0 322 178 533 510 44 96 1
0 322 179 533 510 44 96 1
0 322 180 533 510 44 96 1
0 322 181 533 510 44 96 1
0 322 182 533 510 44 96 1
0 322 183 533 510 44 96 1
0 322 184 533 510 44 96 1
0 322 185 533 510 44 96 1
0 322 186 533 510 44 96 1
0 322 187 533 510 44 96 1
0 322 188 533 510 44 96 1
0 322 189 533 510 44 96 1
0 322 190 533 510 44 96 1
0 322 191 533 510 44 96 1
0 322 192 533 510 44 96 1
0 322 193 533 510 44 96 1
0 322 194 533 510 44 96 1
0 322 195 533 510 44 96 1
0 322 196 533 510 44 96 1
0 322 197 533 510 44 96 1
0 322 198 533 510 44 96 1
0 322 199 533 510 44 96 1
0 322 200 533 510 44 96 1
0 322 201 533 510 44 96 1
0 322 202 533 510 44 96 1
0 322 203 533 510 44 96 1
0 322 204 533 510 44 96 1
0 322 205 533 510 44 96 1
0 322 206 533 510 44 96 1
0 322 207 533 510 44 96 1
0 322 208 533 510 44 96 1
0 322 209 533 510 44 96 1
0 322 210 533 510 44 96 1
0 322 211 533 510 44 96 1
0 322 212 533 510 44 96 1
0 322 213 533 510 44 96 1
0 322 214 533 510 44 96 1
0 322 215 533 510 44 96 1
0 322 216 533 510 44 96 1
0 322 217 533 510 44 96 1
0 322 218 533 510 44 96 1
0 322 219 533 510 44 96 1
0 322 220 533 510 44 96 1
0 322 221 533 510 44 96 1
0 322 222 533 510 44 96 1
0 322 223 533 510 44 96 1
0 322 224 533 510 44 96 1
0 322 225 533 510 44 96 1
0 322 226 533 510 44 96 1
0 322 227 533 510 44 96 1
0 322 228 533 510 44 96 1
0 322 229 533 510 44 96 1
0 322 230 533 510 44 96 1
0 322 231 533 510 44 96 1
0 322 232 533 510 44 96 1
0 322 233 533 510 44 96 1
0 322 234 533 510 44 96 1
0 322 235 533 510 44 96 1
0 322 236 533 510 44 96 1
0 322 237 533 510 44 96 1
0 322 238 533 510 44 96 1
0 322 239 533 510 44 96 1
0 322 240 533 510 44 96 1
0 322 241 533 510 44 96 1
0 322 242 533 510 44 96 1
0 322 243 533 510 44 96 1
0 322 244 533 510 44 96 1
0 322 245 533 510 44 96 1
0 322 246 533 510 44 96 1
0 322 247 533 510 44 96 1
0 322 248 533 510 44 96 1
0 322 249 533 510 44 96 1
0 322 250 533 510 44 96 1
0 322 251 533 510 44 96 1
0 322 252 533 510 44 96 1
0 322 253 533 510 44 96 1
0 322 254 533 510 44 96 1
0 322 255 533 510 44 96 1
0 322 256 533 510 44 96 1
0 322 257 533 510 44 96 1
0 322 258 533 510 44 96 1
0 322 259 533 510 44 96 1
0 322 260 533 510 44 96 1
0 322 261 533 510 44 96 1
0 322 262 533 510 44 96 1
0 322 263 533 510 44 96 1
0 322 264 533 510 44 96 1
0 322 265 533 510 44 96 1
0 322 266 533 510 44 96 1
0 322 267 533 510 44 96 1
0 322 268 533 510 44 96 1
0 322 269 533 510 44 96 1
0 322 270 533 510 44 96 1
0 322 271 533 510 44 96 1
0 322 272 533 510 44 96 1
0 322 273 533 510 44 96 1
0 322 274 533 510 44 96 1
0 322 275 533 510 44 96 1
0 322 276 533 510 44 96 1
0 322 277 533 510 44 96 1
0 322 278 533 510 44 96 1
0 322 279 533 510 44 96 1
0 322 280 533 510 44 96 1
0 322 281 533 510 44 96 1
0 322 282 533 510 44 96 1
0 322 283 533 510 44 96 1
0 322 284 533 510 44 96 1
0 322 285 533 510 44 96 1
0 322 286 533 510 44 96 1
0 322 287 533 510 44 96 1
0 322 288 533 510 44 96 1
0 322 289 533 510 44 96 1
0 322 290 533 510 44 96 1
0 322 291 533 510 44 96 1
0 322 292 533 510 44 96 1
0 322 293 533 510 44 96 1
0 322 294 533 510 44 96 1
0 322 295 533 510 44 96 1
0 322 296 533 510 44 96 1
0 322 297 533 510 44 96 1
0 322 298 533 510 44 96 1
0 322 299 533 510 44 96 1
0 322 300 533 510 44 96 1
0 322 301 533 510 44 96 1
0 322 302 533 510 44 96 1
0 322 303 533 510 44 96 1
0 322 304 533 510 44 96 1
0 322 305 533 510 44 96 1
0 322 306 533 510 44 96 1
0 322 307 533 510 44 96 1
0 322 308 533 510 44 96 1
0 322 309 533 510 44 96 1
0 322 310 533 510 44 96 1
0 322 311 533 510 44 96 1
0 322 312 533 510 44 96 1
0 322 313 533 510 44 96 1
0 322 314 533 510 44 96 1
0 322 315 533 510 44 96 1
0 322 316 533 510 44 96 1
0 322 317 533 510 44 96 1
0 322 318 533 510 44 96 1
0 322 319 533 510 44 96 1
0 322 320 533 510 44 96 1
0 322 321 533 510 44 96 1
1 322 0 929 215 29 49 1
1 322 1 928 215 28 49 1
1 322 2 926 215 28 49 1
1 322 3 924 215 28 49 1
1 322 4 922 215 29 49 1
1 322 5 920 215 29 49 1
1 322 6 919 215 28 49 1
1 322 7 917 215 28 49 1
1 322 8 915 215 29 49 1
1 322 9 913 215 29 49 1
1 322 10 912 215 28 49 1
1 322 11 910 215 28 49 1
1 322 12 908 215 28 49 1
1 322 13 906 215 29 49 1
1 322 14 904 215 29 49 1
1 322 15 904 215 27 49 1
1 322 16 903 215 26 49 1
1 322 17 901 215 27 49 1
1 322 18 899 215 27 49 1
1 322 19 897 215 27 49 1
1 322 20 896 215 26 49 1
1 322 21 894 215 26 49 1
1 322 22 892 215 28 49 1
1 322 23 890 215 29 49 1
1 322 24 888 215 29 49 1
1 322 25 887 215 28 49 1
1 322 26 885 215 28 49 1
1 322 27 883 215 29 49 1
1 322 28 881 215 29 49 1
1 322 29 880 215 28 49 1
1 322 30 880 215 26 49 1
1 322 31 878 215 26 49 1
1 322 32 876 215 27 49 1
1 322 33 874 215 27 49 1
1 322 34 872 215 27 49 1
1 322 35 871 215 26 49 1
1 322 36 869 215 27 49 1
1 322 37 867 215 27 49 1
1 322 38 865 215 27 49 1
1 322 39 864 215 26 49 1
1 322 40 862 215 26 49 1
1 322 41 860 215 27 49 1
1 322 42 858 215 27 49 1
1 322 43 856 215 27 49 1
1 322 44 856 215 27 49 1
1 322 45 855 215 26 49 1
1 322 46 853 215 27 49 1
1 322 47 851 215 27 49 1
1 322 48 849 215 27 49 1
1 322 49 848 215 26 49 1
1 322 50 846 215 26 49 1
1 322 51 844 215 27 49 1
1 322 52 842 215 27 49 1
1 322 53 840 215 27 49 1
1 322 54 839 215 26 49 1
1 322 55 837 215 27 49 1
1 322 56 835 215 27 49 1
1 322 57 835 216 27 50 1
1 322 58 833 216 27 50 1
1 322 59 832 216 26 50 1
1 322 60 830 216 26 50 1
1 322 61 828 216 27 50 1
1 322 62 826 216 27 50 1
1 322 63 824 216 27 50 1
1 322 64 823 216 26 50 1
1 322 65 821 216 27 50 1
1 322 66 819 216 27 50 1
1 322 67 817 216 27 50 1
1 322 68 816 216 26 50 1
1 322 69 814 216 26 50 1
1 322 70 814 218 26 50 1
1 322 71 812 216 27 50 1
1 322 72 810 216 27 50 1
1 322 73 808 216 27 50 1
1 322 74 807 216 26 50 1
1 322 75 805 216 27 50 1
1 322 76 803 216 27 50 1
1 322 77 801 216 27 50 1
1 322 78 800 216 26 50 1
1 322 79 798 216 26 50 1
1 322 80 796 216 27 50 1
1 322 81 794 216 27 50 1
1 322 82 792 216 27 50 1
1 322 83 791 216 26 50 1
1 322 84 789 216 27 50 1
1 322 85 787 216 27 50 1
1 322 86 785 216 27 50 1
1 322 87 785 216 27 50 1
1 322 88 784 215 26 49 1
1 322 89 782 215 26 49 1
1 322 90 780 215 27 49 1
1 322 91 778 215 27 49 1
1 322 92 776 215 27 49 1
1 322 93 775 215 26 49 1
1 322 94 773 215 27 49 1
1 322 95 771 215 27 49 1
1 322 96 769 215 27 49 1
1 322 97 768 215 26 49 1
1 322 98 766 215 26 49 1
1 322 99 764 215 27 49 1
1 322 100 762 215 27 49 1
1 322 101 760 215 27 49 1
1 322 102 759 215 26 49 1
1 322 103 757 215 27 49 1
1 322 104 757 215 27 49 1
1 322 105 755 215 27 49 1
1 322 106 753 215 27 49 1
1 322 107 752 215 26 49 1
1 322 108 750 215 26 49 1
1 322 109 748 215 27 49 1
1 322 110 746 215 27 49 1
1 322 111 744 215 27 49 1
1 322 112 743 215 26 49 1
1 322 113 741 215 27 49 1
1 322 114 739 215 27 49 1
1 322 115 737 215 27 49 1
1 322 116 736 215 26 49 1
1 322 117 734 215 26 49 1
1 322 118 732 215 27 49 1
1 322 119 730 215 27 49 1
1 322 120 730 215 27 49 1
1 322 121 728 215 27 49 1
1 322 122 727 215 26 49 1
1 322 123 725 215 27 49 1
1 322 124 723 215 27 49 1
1 322 125 721 215 27 49 1
1 322 126 720 215 26 49 1
1 322 127 718 215 26 49 1
1 322 128 716 215 27 49 1
1 322 129 714 215 27 49 1
1 322 130 712 215 27 49 1
1 322 131 711 215 26 49 1
1 322 132 709 215 27 49 1
1 322 133 707 215 27 49 1
1 322 134 705 215 27 49 1
1 322 135 704 215 26 49 1
1 322 136 704 215 26 49 1
1 322 137 702 215 26 49 1
1 322 138 700 215 27 49 1
1 322 139 698 215 27 49 1
1 322 140 696 215 27 49 1
1 322 141 695 215 26 49 1
1 322 142 693 215 27 49 1
1 322 143 691 215 27 49 1
1 322 144 689 215 27 49 1
1 322 145 688 215 26 49 1
1 322 146 686 215 26 49 1
1 322 147 684 215 27 49 1
1 322 148 682 215 27 49 1
1 322 149 680 215 27 49 1
1 322 150 679 215 26 49 1
1 322 151 677 215 27 49 1
1 322 152 677 216 27 50 1
1 322 153 675 216 27 50 1
1 322 154 673 216 27 50 1
1 322 155 672 216 26 50 1
1 322 156 670 216 26 50 1
1 322 157 668 216 27 50 1
1 322 158 666 216 27 50 1
1 322 159 666 216 27 50 1
1 322 160 664 216 27 50 1
1 322 161 663 216 26 50 1
1 322 162 661 216 27 50 1
1 322 163 659 216 27 50 1
1 322 164 657 216 27 50 1
1 322 165 656 216 26 50 1
1 322 166 656 216 26 50 1
1 322 167 654 216 26 50 1
1 322 168 652 216 27 50 1
1 322 169 650 216 27 50 1
1 322 170 648 216 27 50 1
1 322 171 647 216 26 50 1
1 322 172 647 216 26 50 1
1 322 173 645 216 27 50 1
1 322 174 643 216 27 50 1
1 322 175 641 216 27 50 1
1 322 176 640 216 26 50 1
1 322 177 638 216 26 50 1
1 322 178 636 216 27 50 1
1 322 179 636 216 27 50 1
1 322 180 634 216 27 50 1
1 322 181 632 216 27 50 1
1 322 182 631 216 26 50 1
1 322 183 629 216 27 50 1
1 322 184 627 216 27 50 1
1 322 185 625 216 27 50 1
1 322 186 625 216 27 50 1
1 322 187 624 216 26 50 1
1 322 188 622 216 26 50 1
1 322 189 620 216 27 50 1
1 322 190 618 216 27 50 1
1 322 191 616 216 27 50 1
1 322 192 616 216 27 50 1
1 322 193 615 216 26 50 1
1 322 194 613 216 27 50 1
1 322 195 611 216 27 50 1
1 322 196 609 216 27 50 1
1 322 197 608 216 26 50 1
1 322 198 606 216 26 50 1
1 322 199 606 216 26 50 1
1 322 200 604 216 27 50 1
1 322 201 602 216 27 50 1
1 322 202 600 216 27 50 1
1 322 203 599 216 26 50 1
1 322 204 597 216 27 50 1
1 322 205 597 218 27 50 1
1 322 206 595 218 27 50 1
1 322 207 593 218 27 50 1
1 322 208 592 218 26 50 1
1 322 209 590 218 26 50 1
1 322 210 588 218 27 50 1
1 322 211 586 218 27 50 1
1 322 212 586 218 27 52 1
1 322 213 584 218 27 52 1
1 322 214 583 218 26 52 1
1 322 215 581 218 27 52 1
1 322 216 579 218 27 52 1
1 322 217 577 220 27 50 1
1 322 218 576 220 26 50 1
1 322 219 576 220 26 52 1
1 322 220 574 220 26 52 1
1 322 221 572 220 27 52 1
1 322 222 570 220 27 52 1
1 322 223 568 220 27 52 1
1 322 224 567 220 26 52 1
1 322 225 565 220 27 52 1
1 322 226 565 220 27 53 1
1 322 227 563 220 27 53 1
1 322 228 561 220 27 53 1
1 322 229 560 222 26 51 1
1 322 230 558 222 26 51 1
1 322 231 556 222 27 51 1
1 322 232 554 222 27 51 1
1 322 233 554 222 27 53 1
1 322 234 552 222 27 53 1
1 322 235 551 222 26 53 1
1 322 236 549 222 27 53 1
1 322 237 547 222 27 53 1
1 322 238 545 222 27 53 1
1 322 239 544 222 26 53 1
1 322 240 544 224 26 53 1
1 322 241 542 224 26 53 1
1 322 242 540 224 27 53 1
1 322 243 538 224 27 53 1
1 322 244 536 224 27 53 1
1 322 245 535 224 26 53 1
1 322 246 535 224 26 53 1
1 322 247 533 224 27 53 1
1 322 248 531 224 27 53 1
1 322 249 529 224 27 53 1
1 322 250 528 224 26 53 1
1 322 251 528 224 26 53 1
1 322 252 526 224 26 53 1
1 322 253 524 224 27 53 1
1 322 254 522 224 27 53 1
1 322 255 520 224 27 53 1
1 322 256 519 224 26 53 1
1 322 257 519 224 26 53 1
1 322 258 517 224 27 53 1
1 322 259 515 224 27 53 1
1 322 260 513 224 27 53 1
1 322 261 512 224 26 53 1
1 322 262 512 224 26 53 1
1 322 263 510 224 26 53 1
1 322 264 508 224 27 53 1
1 322 265 506 224 27 53 1
1 322 266 504 224 27 53 1
1 322 267 504 225 27 54 1
1 322 268 503 225 26 54 1
1 322 269 501 225 27 54 1
1 322 270 499 225 27 54 1
1 322 271 497 225 27 54 1
1 322 272 496 225 26 54 1
1 322 273 496 225 26 54 1
1 322 274 494 225 26 54 1
1 322 275 492 225 27 54 1
1 322 276 490 225 27 54 1
1 322 277 488 225 27 54 1
1 322 278 488 225 27 54 1
1 322 279 487 225 26 54 1
1 322 280 485 225 27 54 1
1 322 281 483 225 27 54 1
1 322 282 481 225 27 54 1
1 322 283 480 225 26 54 1
1 322 284 480 225 26 54 1
1 322 285 478 225 26 54 1
1 322 286 476 225 27 54 1
1 322 287 474 225 27 54 1
1 322 288 472 225 27 54 1
1 322 289 472 225 27 54 1
1 322 290 471 225 26 54 1
1 322 291 469 225 27 54 1
1 322 292 467 225 27 54 1
1 322 293 465 225 27 54 1
1 322 294 465 227 27 53 1
1 322 295 464 227 26 53 1
1 322 296 462 227 26 53 1
1 322 297 460 227 27 53 1
1 322 298 458 227 27 53 1
1 322 299 456 227 27 53 1
1 322 300 456 227 27 53 1
1 322 301 455 227 26 53 1
1 322 302 453 227 27 53 1
1 322 303 451 227 27 53 1
1 322 304 449 227 27 53 1
1 322 305 449 227 27 53 1
1 322 306 448 227 26 53 1
1 322 307 446 227 26 53 1
1 322 308 444 227 27 53 1
1 322 309 442 227 27 53 1
1 322 310 440 227 27 53 1
1 322 311 440 227 27 53 1
1 322 312 439 227 26 53 1
1 322 313 437 227 27 53 1
1 322 314 435 227 27 53 1
1 322 315 433 227 27 53 1
1 322 316 433 227 27 53 1
1 322 317 432 227 26 53 1
1 322 318 430 227 26 53 1
1 322 319 428 227 27 53 1
1 322 320 426 227 27 53 1
1 322 321 426 229 27 53 1
2 250 0 1136 209 17 50 1
2 250 1 1134 209 18 50 1
2 250 2 1132 209 18 50 1
2 250 3 1130 209 18 50 1
2 250 4 1128 209 18 50 1
2 250 5 1127 209 17 50 1
2 250 6 1125 209 18 50 1
2 250 7 1123 209 18 50 1
2 250 8 1121 209 18 50 1
2 250 9 1120 209 17 50 1
2 250 10 1118 209 18 50 1
2 250 11 1116 209 18 50 1
2 250 12 1114 209 18 50 1
2 250 13 1114 211 18 50 1
2 250 14 1112 211 18 50 1
2 250 15 1111 211 17 50 1
2 250 16 1109 211 18 50 1
2 250 17 1107 211 18 50 1
2 250 18 1105 211 18 50 1
2 250 19 1104 211 17 50 1
2 250 20 1102 211 18 50 1
2 250 21 1100 211 18 50 1
2 250 22 1098 211 18 50 1
2 250 23 1096 211 18 50 1
2 250 24 1095 211 17 50 1
2 250 25 1095 213 17 50 1
2 250 26 1093 213 18 50 1
2 250 27 1091 213 18 50 1
2 250 28 1089 213 18 50 1
2 250 29 1088 213 17 50 1
2 250 30 1086 213 18 50 1
2 250 31 1084 213 18 50 1
2 250 32 1082 213 18 50 1
2 250 33 1080 213 18 50 1
2 250 34 1079 213 17 50 1
2 250 35 1077 213 18 50 1
2 250 36 1075 213 18 50 1
2 250 37 1075 215 18 49 1
2 250 38 1073 213 18 50 1
2 250 39 1072 213 17 50 1
2 250 40 1072 213 17 50 1
2 250 41 1070 213 18 50 1
2 250 42 1068 213 18 50 1
2 250 43 1068 213 18 50 1
2 250 44 1066 213 18 50 1
2 250 45 1064 213 18 50 1
2 250 46 1064 213 18 50 1
2 250 47 1063 213 17 50 1
2 250 48 1063 213 17 50 1
2 250 49 1061 213 18 50 1
2 250 50 1059 213 18 50 1
2 250 51 1059 213 18 50 1
2 250 52 1057 213 18 50 1
2 250 53 1056 211 17 50 1
2 250 54 1056 211 17 50 1
2 250 55 1054 211 18 50 1
2 250 56 1052 211 18 50 1
2 250 57 1052 211 18 50 1
2 250 58 1050 211 18 50 1
2 250 59 1050 211 18 50 1
2 250 60 1048 211 18 50 1
2 250 61 1047 211 17 50 1
2 250 62 1047 211 17 50 1
2 250 63 1045 211 18 50 1
2 250 64 1043 211 18 50 1
2 250 65 1043 211 18 50 1
2 250 66 1041 211 18 50 1
2 250 67 1040 211 17 50 1
2 250 68 1040 211 17 50 1
2 250 69 1038 209 18 50 1
2 250 70 1038 209 18 50 1
2 250 71 1036 209 18 50 1
2 250 72 1034 209 18 50 1
2 250 73 1034 209 18 50 1
2 250 74 1032 209 18 50 1
2 250 75 1031 209 17 50 1
2 250 76 1031 209 17 50 1
2 250 77 1029 209 18 50 1
2 250 78 1027 209 18 50 1
2 250 79 1027 209 18 50 1
2 250 80 1025 209 18 50 1
2 250 81 1025 209 18 50 1
2 250 82 1024 209 17 50 1
2 250 83 1022 209 18 50 1
2 250 84 1022 209 18 50 1
2 250 85 1020 208 18 49 1
2 250 86 1018 208 18 49 1
2 250 87 1018 208 18 49 1
2 250 88 1016 208 18 49 1
2 250 89 1015 208 17 49 1
2 250 90 1015 208 17 49 1
2 250 91 1013 208 18 49 1
2 250 92 1013 208 18 49 1
2 250 93 1011 208 18 49 1
2 250 94 1009 208 18 49 1
2 250 95 1009 208 18 49 1
2 250 96 1008 208 17 49 1
2 250 97 1006 208 18 49 1
2 250 98 1006 208 18 49 1
2 250 99 1004 208 18 49 1
2 250 100 1004 208 18 49 1
2 250 101 1002 206 18 50 1
2 250 102 1002 206 18 50 1
2 250 103 1000 206 18 50 1
2 250 104 1000 206 18 50 1
2 250 105 999 206 17 50 1
2 250 106 999 206 17 50 1
2 250 107 997 206 18 50 1
2 250 108 997 206 18 50 1
2 250 109 997 206 18 50 1
2 250 110 995 206 18 50 1
2 250 111 995 206 18 50 1
2 250 112 993 206 18 50 1
2 250 113 993 206 18 50 1
2 250 114 992 206 17 50 1
2 250 115 992 206 17 50 1
2 250 116 990 206 18 50 1
2 250 117 990 206 18 50 1
2 250 118 990 206 18 50 1
2 250 119 988 206 18 50 1
2 250 120 988 206 18 50 1
2 250 121 986 206 18 50 1
2 250 122 986 206 18 50 1
2 250 123 984 206 18 50 1
2 250 124 984 206 18 50 1
2 250 125 983 206 17 50 1
2 250 126 983 206 17 50 1
2 250 127 983 204 17 50 1
2 250 128 981 204 18 50 1
2 250 129 981 204 18 50 1
2 250 130 979 204 18 50 1
2 250 131 979 204 18 50 1
2 250 132 977 204 18 50 1
2 250 133 977 204 18 50 1
2 250 134 976 204 17 50 1
2 250 135 976 204 17 50 1
2 250 136 976 204 17 50 1
2 250 137 974 204 18 50 1
2 250 138 974 204 18 50 1
2 250 139 972 204 18 50 1
2 250 140 972 204 18 50 1
2 250 141 970 204 18 50 1
2 250 142 970 204 18 50 1
2 250 143 968 204 18 50 1
2 250 144 968 204 18 50 1
2 250 145 968 204 18 50 1
2 250 146 967 204 17 50 1
2 250 147 967 204 17 50 1
2 250 148 965 204 18 50 1
2 250 149 965 204 18 50 1
2 250 150 963 204 18 50 1
2 250 151 963 204 18 50 1
2 250 152 963 204 18 50 1
2 250 153 961 204 18 50 1
2 250 154 961 204 18 50 1
2 250 155 961 204 18 50 1
2 250 156 961 204 18 50 1
2 250 157 961 204 18 50 1
2 250 158 961 204 18 50 1
2 250 159 961 204 18 50 1
2 250 160 961 204 18 50 1
2 250 161 961 204 18 50 1
2 250 162 960 204 17 50 1
2 250 163 960 204 17 50 1
2 250 164 960 204 17 50 1
2 250 165 960 204 17 50 1
2 250 166 960 204 17 50 1
2 250 167 960 204 17 50 1
2 250 168 960 204 17 50 1
2 250 169 960 204 17 50 1
2 250 170 960 204 17 50 1
2 250 171 960 204 17 50 1
2 250 172 958 206 18 50 1
2 250 173 958 206 18 50 1
2 250 174 958 206 18 50 1
2 250 175 958 206 18 50 1
2 250 176 958 206 18 50 1
2 250 177 958 206 18 50 1
2 250 178 958 206 18 50 1
2 250 179 958 206 18 50 1
2 250 180 958 206 18 50 1
2 250 181 958 206 18 50 1
2 250 182 956 206 18 50 1
2 250 183 956 206 18 50 1
2 250 184 956 206 18 50 1
2 250 185 956 206 18 50 1
2 250 186 956 206 18 50 1
2 250 187 956 206 18 50 1
2 250 188 956 206 18 50 1
2 250 189 956 206 18 50 1
2 250 190 956 206 18 50 1
2 250 191 956 208 18 49 1
2 250 192 954 208 18 49 1
2 250 193 954 208 18 49 1
2 250 194 954 208 18 49 1
2 250 195 954 208 18 49 1
2 250 196 954 208 18 49 1
2 250 197 952 208 18 49 1
2 250 198 952 208 18 49 1
2 250 199 952 208 18 49 1
2 250 200 952 208 18 49 1
2 250 201 952 208 18 49 1
2 250 202 952 208 18 49 1
2 250 203 951 208 17 49 1
2 250 204 951 208 17 49 1
2 250 205 951 208 17 49 1
2 250 206 951 208 17 49 1
2 250 207 951 208 17 49 1
2 250 208 951 208 17 49 1
2 250 209 949 208 18 49 1
2 250 210 949 208 18 49 1
2 250 211 949 208 18 49 1
2 250 212 949 208 18 49 1
2 250 213 949 208 18 49 1
2 250 214 949 208 18 49 1
2 250 215 947 208 18 49 1
2 250 216 947 208 18 49 1
2 250 217 947 208 18 49 1
2 250 218 947 208 18 49 1
2 250 219 947 208 18 49 1
2 250 220 947 208 18 49 1
2 250 221 945 208 18 49 1
2 250 222 945 208 18 49 1
2 250 223 945 208 18 49 1
2 250 224 945 208 18 49 1
2 250 225 945 208 18 49 1
2 250 226 945 208 18 49 1
2 250 227 944 208 17 49 1
2 250 228 944 208 17 49 1
2 250 229 944 208 17 49 1
2 250 230 944 208 17 49 1
2 250 231 944 208 17 49 1
2 250 232 944 208 17 49 1
2 250 233 942 208 18 49 1
2 250 234 942 208 18 49 1
2 250 235 942 208 18 49 1
2 250 236 942 208 18 49 1
2 250 237 942 208 18 49 1
2 250 238 942 208 18 49 1
2 250 239 942 208 18 49 1
2 250 240 942 208 18 49 1
2 250 241 942 208 18 49 1
2 250 242 942 208 18 49 1
2 250 243 942 208 18 49 1
2 250 244 942 208 18 49 1
2 250 245 942 208 18 49 1
2 250 246 942 208 18 49 1
2 250 247 942 208 18 49 1
2 250 248 942 208 18 49 1
2 250 249 942 208 18 49 1
3 322 0 1144 206 18 58 1
3 322 1 1143 206 17 58 1
3 322 2 1141 206 18 58 1
3 322 3 1139 206 18 58 1
3 322 4 1137 206 18 58 1
3 322 5 1137 206 18 58 1
3 322 6 1136 206 17 58 1
3 322 7 1134 206 18 58 1
3 322 8 1132 206 18 58 1
3 322 9 1130 206 18 58 1
3 322 10 1130 206 18 58 1
3 322 11 1128 206 18 58 1
3 322 12 1127 206 17 58 1
3 322 13 1125 206 18 58 1
3 322 14 1123 206 18 58 1
3 322 15 1123 206 18 58 1
3 322 16 1121 206 18 58 1
3 322 17 1120 206 17 58 1
3 322 18 1118 206 18 58 1
3 322 19 1116 206 18 58 1
3 322 20 1116 206 18 58 1
3 322 21 1114 206 18 58 1
3 322 22 1112 206 18 58 1
3 322 23 1111 206 17 58 1
3 322 24 1111 206 17 58 1
3 322 25 1109 206 18 58 1
3 322 26 1107 206 18 58 1
3 322 27 1105 206 18 58 1
3 322 28 1104 206 17 58 1
3 322 29 1104 206 17 58 1
3 322 30 1102 206 18 58 1
3 322 31 1100 206 18 58 1
3 322 32 1098 206 18 58 1
3 322 33 1096 206 18 58 1
3 322 34 1096 206 18 58 1
3 322 35 1095 206 17 58 1
3 322 36 1093 206 18 58 1
3 322 37 1091 206 18 58 1
3 322 38 1089 206 18 58 1
3 322 39 1089 206 18 58 1
3 322 40 1088 206 17 58 1
3 322 41 1086 206 18 58 1
3 322 42 1084 206 18 58 1
3 322 43 1082 206 18 58 1
3 322 44 1082 206 18 58 1
3 322 45 1080 206 18 58 1
3 322 46 1079 206 17 58 1
3 322 47 1077 206 18 58 1
3 322 48 1077 206 18 58 1
3 322 49 1075 206 18 58 1
3 322 50 1073 206 18 58 1
3 322 51 1072 206 17 58 1
3 322 52 1070 206 18 58 1
3 322 53 1068 206 18 58 1
3 322 54 1066 206 18 58 1
3 322 55 1064 206 18 58 1
3 322 56 1063 206 17 58 1
3 322 57 1061 206 18 58 1
3 322 58 1059 206 18 58 1
3 322 59 1057 206 18 58 1
3 322 60 1056 206 17 58 1
3 322 61 1054 206 18 58 1
3 322 62 1054 206 18 58 1
3 322 63 1052 206 18 58 1
3 322 64 1050 206 18 58 1
3 322 65 1048 206 18 58 1
3 322 66 1047 206 17 58 1
3 322 67 1045 206 18 58 1
3 322 68 1043 206 18 58 1
3 322 69 1041 206 18 58 1
3 322 70 1040 206 17 58 1
3 322 71 1038 206 18 58 1
3 322 72 1036 206 18 58 1
3 322 73 1034 206 18 58 1
3 322 74 1032 206 18 58 1
3 322 75 1032 206 18 58 1
3 322 76 1031 206 17 58 1
3 322 77 1029 206 18 58 1
3 322 78 1027 206 18 58 1
3 322 79 1025 206 18 58 1
3 322 80 1024 206 17 58 1
3 322 81 1022 206 18 58 1
3 322 82 1020 206 18 58 1
3 322 83 1018 206 18 58 1
3 322 84 1016 206 18 58 1
3 322 85 1015 206 17 58 1
3 322 86 1013 206 18 58 1
3 322 87 1011 206 18 58 1
3 322 88 1011 206 18 58 1
3 322 89 1009 206 18 58 1
3 322 90 1008 206 17 58 1
3 322 91 1006 206 18 58 1
3 322 92 1004 206 18 58 1
3 322 93 1002 206 18 58 1
3 322 94 1000 206 18 58 1
3 322 95 999 206 17 58 1
3 322 96 997 206 18 58 1
3 322 97 995 206 18 58 1
3 322 98 993 206 18 58 1
3 322 99 992 206 17 58 1
3 322 100 990 206 18 58 1
3 322 101 990 206 18 58 1
3 322 102 988 206 18 58 1
3 322 103 986 206 18 58 1
3 322 104 984 206 18 58 1
3 322 105 983 206 17 58 1
3 322 106 981 206 18 58 1
3 322 107 979 206 18 58 1
3 322 108 977 206 18 58 1
3 322 109 976 206 17 58 1
3 322 110 974 206 18 58 1
3 322 111 972 206 18 58 1
3 322 112 970 206 18 58 1
3 322 113 968 206 18 58 1
3 322 114 968 206 18 58 1
3 322 115 967 206 17 58 1
3 322 116 967 206 17 58 1
3 322 117 967 206 17 58 1
3 322 118 965 206 18 58 1
3 322 119 965 206 18 58 1
3 322 120 965 206 18 58 1
3 322 121 963 206 20 58 1
3 322 122 963 206 18 58 1
3 322 123 963 206 18 58 1
3 322 124 961 206 20 58 1
3 322 125 961 206 20 58 1
3 322 126 961 206 18 58 1
3 322 127 960 206 19 58 1
3 322 128 960 206 19 58 1
3 322 129 960 206 17 58 1
3 322 130 960 206 17 58 1
3 322 131 958 206 19 58 1
3 322 132 958 206 19 58 1
3 322 133 958 206 18 58 1
3 322 134 956 206 20 58 1
3 322 135 956 206 20 58 1
3 322 136 956 206 20 58 1
3 322 137 954 206 20 58 1
3 322 138 954 206 20 58 1
3 322 139 954 206 20 58 1
3 322 140 952 206 22 58 1
3 322 141 952 206 20 58 1
3 322 142 952 206 20 58 1
3 322 143 952 206 20 58 1
3 322 144 951 206 19 58 1
3 322 145 951 206 19 58 1
3 322 146 951 206 19 58 1
3 322 147 949 206 21 58 1
3 322 148 949 206 19 58 1
3 322 149 949 206 19 58 1
3 322 150 947 206 21 58 1
3 322 151 947 206 21 58 1
3 322 152 947 206 20 58 1
3 322 153 945 206 22 58 1
3 322 154 945 206 22 58 1
3 322 155 945 206 22 58 1
3 322 156 944 206 21 58 1
3 322 157 944 206 21 58 1
3 322 158 944 206 21 58 1
3 322 159 944 206 19 58 1
3 322 160 942 206 21 58 1
3 322 161 942 206 21 58 1
3 322 162 942 206 21 58 1
3 322 163 940 206 21 58 1
3 322 164 940 206 21 58 1
3 322 165 940 206 21 58 1
3 322 166 938 206 23 58 1
3 322 167 938 206 22 58 1
3 322 168 938 206 22 58 1
3 322 169 936 206 24 58 1
3 322 170 936 206 24 58 1
3 322 171 936 206 22 58 1
3 322 172 936 206 22 58 1
3 322 173 935 206 23 58 1
3 322 174 935 206 21 58 1
3 322 175 935 206 21 58 1
3 322 176 933 206 23 58 1
3 322 177 933 206 23 58 1
3 322 178 933 206 21 58 1
3 322 179 931 206 23 58 1
3 322 180 931 206 23 58 1
3 322 181 931 206 23 58 1
3 322 182 929 206 23 58 1
3 322 183 929 206 23 58 1
3 322 184 929 206 23 58 1
3 322 185 929 206 23 58 1
3 322 186 929 206 23 58 1
3 322 187 929 206 23 58 1
3 322 188 929 206 23 58 1
3 322 189 929 206 23 58 1
3 322 190 929 206 23 58 1
3 322 191 929 206 23 58 1
3 322 192 929 206 23 58 1
3 322 193 929 206 23 58 1
3 322 194 929 206 23 58 1
3 322 195 929 206 23 58 1
3 322 196 929 206 23 58 1
3 322 197 929 206 23 58 1
3 322 198 929 206 23 58 1
3 322 199 929 206 23 58 1
3 322 200 929 206 23 58 1
3 322 201 929 206 23 58 1
3 322 202 929 206 23 58 1
3 322 203 929 206 23 58 1
3 322 204 929 206 23 58 1
3 322 205 929 206 23 58 1
3 322 206 929 206 23 58 1
3 322 207 929 206 23 58 1
3 322 208 929 206 23 58 1
3 322 209 929 206 23 58 1
3 322 210 929 206 23 58 1
3 322 211 929 206 23 58 1
3 322 212 929 206 23 58 1
3 322 213 931 206 23 58 1
3 322 214 931 206 23 58 1
3 322 215 931 206 23 58 1
3 322 216 931 206 23 58 1
3 322 217 931 206 23 58 1
3 322 218 931 206 23 58 1
3 322 219 931 206 23 58 1
3 322 220 931 206 23 58 1
3 322 221 931 206 23 58 1
3 322 222 931 206 23 58 1
3 322 223 931 206 23 58 1
3 322 224 931 206 23 58 1
3 322 225 931 206 23 58 1
3 322 226 931 206 23 58 1
3 322 227 931 206 23 58 1
3 322 228 931 206 23 58 1
3 322 229 931 206 23 58 1
3 322 230 931 206 23 58 1
3 322 231 931 206 23 58 1
3 322 232 931 206 23 58 1
3 322 233 931 206 23 58 1
3 322 234 931 206 23 58 1
3 322 235 931 206 23 58 1
3 322 236 931 206 23 58 1
3 322 237 931 206 23 58 1
3 322 238 931 206 23 58 1
3 322 239 931 206 23 58 1
3 322 240 933 206 23 58 1
3 322 241 933 206 23 58 1
3 322 242 933 206 23 58 1
3 322 243 933 206 23 58 1
3 322 244 933 206 23 58 1
3 322 245 933 206 23 58 1
3 322 246 933 206 23 58 1
3 322 247 933 206 23 58 1
3 322 248 933 206 23 58 1
3 322 249 933 206 23 58 1
3 322 250 933 206 23 58 1
3 322 251 933 206 23 58 1
3 322 252 933 206 23 58 1
3 322 253 933 206 23 58 1
3 322 254 933 206 23 58 1
3 322 255 933 206 23 58 1
3 322 256 933 206 23 58 1
3 322 257 933 206 23 58 1
3 322 258 933 206 23 58 1
3 322 259 933 206 23 58 1
3 322 260 933 206 23 58 1
3 322 261 933 206 23 58 1
3 322 262 933 206 23 58 1
3 322 263 933 206 23 58 1
3 322 264 933 206 23 58 1
3 322 265 933 206 23 58 1
3 322 266 933 206 23 58 1
3 322 267 933 206 23 58 1
3 322 268 933 206 23 58 1
3 322 269 933 206 23 58 1
3 322 270 933 206 23 58 1
3 322 271 933 206 23 58 1
3 322 272 933 206 23 58 1
3 322 273 933 206 23 58 1
3 322 274 933 206 23 58 1
3 322 275 933 206 23 58 1
3 322 276 933 206 23 58 1
3 322 277 933 206 23 58 1
3 322 278 933 206 23 58 1
3 322 279 933 206 23 58 1
3 322 280 933 206 23 58 1
3 322 281 933 206 23 58 1
3 322 282 933 206 23 58 1
3 322 283 933 206 23 58 1
3 322 284 933 206 23 58 1
3 322 285 933 206 23 58 1
3 322 286 933 206 23 58 1
3 322 287 933 206 23 58 1
3 322 321 1077 206 18 58 1
4 322 0 716 216 14 45 1
4 322 1 716 215 14 44 1
4 322 2 716 215 14 44 1
4 322 3 716 215 14 44 1
4 322 4 716 215 14 44 1
4 322 5 716 215 14 44 1
4 322 6 718 215 14 44 1
4 322 7 718 215 14 44 1
4 322 8 718 215 14 44 1
4 322 9 718 215 14 44 1
4 322 10 718 215 14 44 1
4 322 11 720 215 14 44 1
4 322 12 720 215 14 44 1
4 322 13 720 215 14 44 1
4 322 14 720 215 14 44 1
4 322 15 720 215 14 44 1
4 322 16 721 215 15 44 1
4 322 17 721 215 15 44 1
4 322 18 721 215 15 44 1
4 322 19 721 215 15 44 1
4 322 20 721 215 15 44 1
4 322 21 723 215 14 44 1
4 322 22 723 215 14 44 1
4 322 23 723 215 14 44 1
4 322 24 723 215 14 44 1
4 322 25 723 215 14 44 1
4 322 26 725 215 14 44 1
4 322 27 725 215 14 44 1
4 322 28 725 213 14 44 1
4 322 29 725 213 14 44 1
4 322 30 725 213 14 44 1
4 322 31 727 213 14 44 1
4 322 32 727 213 14 44 1
4 322 33 727 213 14 44 1
4 322 34 727 213 14 44 1
4 322 35 727 213 14 44 1
4 322 36 728 213 15 44 1
4 322 37 728 213 15 44 1
4 322 38 728 213 15 44 1
4 322 39 728 213 15 44 1
4 322 40 728 213 15 44 1
4 322 41 730 213 14 44 1
4 322 42 730 213 14 44 1
4 322 43 730 213 14 44 1
4 322 44 730 213 14 44 1
4 322 45 730 213 14 44 1
4 322 46 732 213 14 44 1
4 322 47 732 213 14 44 1
4 322 48 732 213 14 44 1
4 322 49 732 213 14 44 1
4 322 50 732 213 14 44 1
4 322 51 734 213 14 44 1
4 322 52 734 213 14 44 1
4 322 53 734 213 14 44 1
4 322 54 734 213 14 44 1
4 322 55 734 211 14 45 1
4 322 56 736 211 14 45 1
4 322 57 736 211 14 45 1
4 322 58 736 211 14 45 1
4 322 59 736 211 14 45 1
4 322 60 736 211 14 45 1
4 322 61 737 211 15 45 1
4 322 62 737 211 15 45 1
4 322 63 737 211 15 45 1
4 322 64 737 211 15 45 1
4 322 65 737 211 15 45 1
4 322 66 739 211 14 45 1
4 322 67 739 211 14 45 1
4 322 68 739 211 14 45 1
4 322 69 739 211 14 45 1
4 322 70 739 211 14 45 1
4 322 71 741 211 14 45 1
4 322 72 741 211 14 45 1
4 322 73 741 211 14 45 1
4 322 74 741 211 14 45 1
4 322 75 741 211 14 45 1
4 322 76 743 211 14 45 1
4 322 77 743 211 14 45 1
4 322 78 743 211 14 45 1
4 322 79 743 211 14 45 1
4 322 80 743 211 14 45 1
4 322 81 744 211 15 45 1
4 322 82 744 211 15 43 1
4 322 83 744 211 15 43 1
4 322 84 744 211 15 43 1
4 322 85 744 211 15 43 1
4 322 86 746 211 14 43 1
4 322 87 746 211 14 43 1
4 322 88 746 211 14 43 1
4 322 89 746 211 14 43 1
4 322 90 748 211 14 43 1
4 322 91 748 211 14 43 1
4 322 92 748 211 14 43 1
4 322 93 748 211 14 41 1
4 322 94 750 211 14 41 1
4 322 95 750 211 14 41 1
4 322 96 750 211 14 41 1
4 322 97 750 211 14 41 1
4 322 98 752 211 14 41 1
4 322 99 752 211 14 41 1
4 322 100 752 211 14 41 1
4 322 101 752 211 14 41 1
4 322 102 752 211 14 41 1
4 322 103 753 211 15 41 1
4 322 104 753 211 15 39 1
4 322 105 753 211 15 39 1
4 322 106 753 211 15 39 1
4 322 107 755 211 14 39 1
4 322 108 755 211 14 39 1
4 322 109 755 211 14 39 1
4 322 110 755 211 14 39 1
4 322 111 757 211 14 39 1
4 322 112 757 211 14 39 1
4 322 113 757 211 14 39 1
4 322 114 757 211 14 39 1
4 322 115 759 211 14 39 1
4 322 116 759 211 14 37 1
4 322 117 759 211 14 37 1
4 322 118 759 211 14 37 1
4 322 119 759 211 14 37 1
4 322 120 760 211 15 37 1
4 322 121 760 211 15 37 1
4 322 122 760 211 15 37 1
4 322 123 760 211 15 37 1
4 322 124 762 211 14 37 1
4 322 125 762 211 14 37 1
4 322 126 762 211 14 37 1
4 322 127 762 211 14 36 1
4 322 128 764 211 14 36 1
4 322 129 764 211 14 36 1
4 322 130 764 211 14 36 1
4 322 131 764 211 14 36 1
4 322 132 766 211 14 36 1
4 322 133 766 211 14 36 1
4 322 134 766 211 14 36 1
4 322 135 766 211 14 36 1
4 322 136 766 211 14 36 1
4 322 137 768 211 14 36 1
4 322 138 768 211 14 34 1
4 322 139 768 211 14 34 1
4 322 140 768 211 14 34 1
4 322 141 769 211 15 34 1
4 322 142 769 211 15 34 1
4 322 143 769 211 15 34 1
4 322 144 769 211 15 34 1
4 322 145 771 211 14 34 1
4 322 146 771 211 14 34 1
4 322 147 771 211 14 34 1
4 322 148 771 211 14 34 1
4 322 149 773 211 14 34 1
4 322 150 773 211 14 32 1
4 322 151 773 211 14 32 1
4 322 152 773 211 14 32 1
4 322 153 773 211 14 32 1
4 322 154 775 211 14 32 1
4 322 155 775 211 14 32 1
4 322 156 775 211 14 32 1
4 322 157 775 211 14 32 1
4 322 158 776 211 15 32 1
4 322 159 776 211 15 32 1
4 322 160 776 211 15 32 1
4 322 161 776 211 15 30 1
4 322 162 778 211 14 30 1
4 322 163 778 211 14 30 1
4 322 164 778 211 14 30 1
4 322 165 778 211 14 30 1
4 322 166 780 211 14 30 1
4 322 167 780 211 14 30 1
4 322 168 780 211 14 30 1
4 322 169 780 211 14 30 1
4 322 170 780 211 14 30 1
4 322 171 782 211 14 30 1
4 322 172 782 211 14 29 1
4 322 173 782 211 14 29 1
4 322 174 782 211 14 29 1
4 322 175 784 211 14 29 1
4 322 176 784 211 14 29 1
4 322 177 784 211 14 29 1
4 322 178 784 211 14 29 1
4 322 179 785 211 15 29 1
4 322 180 785 211 15 29 1
4 322 181 785 211 15 29 1
4 322 182 785 211 15 29 1
4 322 183 787 211 14 29 1
4 322 184 787 211 14 29 1
4 322 185 787 211 14 29 1
4 322 186 787 211 14 29 1
4 322 187 787 211 14 29 1
4 322 188 787 211 14 29 1
4 322 189 787 211 14 29 1
4 322 190 787 211 14 29 1
4 322 191 787 211 14 29 1
4 322 192 787 211 14 29 1
4 322 193 787 211 14 29 1
4 322 194 789 211 14 29 1
4 322 195 789 211 14 29 1
4 322 196 789 211 14 29 1
4 322 197 789 211 14 29 1
4 322 198 789 211 14 29 1
4 322 199 789 211 14 29 1
4 322 200 789 211 14 29 1
4 322 201 789 211 14 29 1
4 322 202 789 211 14 29 1
4 322 203 789 211 14 29 1
4 322 204 791 211 14 29 1
4 322 205 791 211 14 29 1
4 322 206 791 211 14 29 1
4 322 207 791 211 14 29 1
4 322 208 791 211 14 29 1
4 322 209 791 211 14 29 1
4 322 210 791 211 14 29 1
4 322 211 791 211 14 29 1
4 322 212 791 211 14 29 1
4 322 213 791 211 14 29 1
4 322 214 791 211 14 29 1
4 322 215 792 211 15 29 1
4 322 216 792 211 15 29 1
4 322 217 792 211 15 29 1
4 322 218 792 211 15 29 1
4 322 219 792 211 15 29 1
4 322 220 792 211 15 29 1
4 322 221 792 211 15 29 1
4 322 222 792 211 15 29 1
4 322 223 792 211 15 29 1
4 322 224 792 211 15 29 1
4 322 321 744 211 15 45 1
5 213 0 704 216 17 45 1
5 213 1 704 215 17 44 1
5 213 2 704 215 17 44 1
5 213 3 704 215 17 44 1
5 213 4 704 215 17 44 1
5 213 5 705 215 18 44 1
5 213 6 705 215 18 44 1
5 213 7 705 215 18 44 1
5 213 8 705 215 18 44 1
5 213 9 705 215 18 44 1
5 213 10 707 215 18 44 1
5 213 11 707 215 18 44 1
5 213 12 707 215 18 44 1
5 213 13 707 215 18 44 1
5 213 14 707 215 18 44 1
5 213 15 709 215 18 44 1
5 213 16 709 215 18 44 1
5 213 17 709 215 18 44 1
5 213 18 709 215 18 44 1
5 213 19 711 215 17 42 1
5 213 20 711 215 17 42 1
5 213 21 711 215 17 42 1
5 213 22 711 215 17 42 1
5 213 23 711 215 17 42 1
5 213 24 712 215 18 42 1
5 213 25 712 215 18 42 1
5 213 26 712 215 18 42 1
5 213 27 712 215 18 42 1
5 213 28 712 215 18 42 1
5 213 29 714 215 18 42 1
5 213 30 714 215 18 42 1
5 213 31 714 215 18 42 1
5 213 32 714 215 18 42 1
5 213 33 714 215 18 42 1
5 213 34 716 215 18 42 1
5 213 35 716 215 18 42 1
5 213 36 716 215 18 42 1
5 213 37 716 215 18 42 1
5 213 38 718 215 18 41 1
5 213 39 718 215 18 41 1
5 213 40 718 215 18 41 1
5 213 41 718 215 18 41 1
5 213 42 718 215 18 41 1
5 213 43 720 215 17 41 1
5 213 44 720 215 17 41 1
5 213 45 720 215 17 41 1
5 213 46 720 215 17 41 1
5 213 47 720 215 17 41 1
5 213 48 721 215 18 41 1
5 213 49 721 215 18 41 1
5 213 50 721 215 18 41 1
5 213 51 721 213 18 43 1
5 213 52 723 213 18 43 1
5 213 53 723 213 18 43 1
5 213 54 723 213 18 43 1
5 213 55 723 213 18 43 1
5 213 56 723 213 18 43 1
5 213 57 725 213 18 41 1
5 213 58 725 213 18 41 1
5 213 59 725 213 18 41 1
5 213 60 725 213 18 41 1
5 213 61 725 213 18 41 1
5 213 62 727 213 17 41 1
5 213 63 727 213 17 41 1
5 213 64 727 213 17 41 1
5 213 65 727 213 17 41 1
5 213 66 727 213 17 41 1
5 213 67 728 213 18 41 1
5 213 68 728 213 18 41 1
5 213 69 728 213 18 41 1
5 213 70 728 213 18 41 1
5 213 71 730 213 18 41 1
5 213 72 730 213 18 41 1
5 213 73 730 213 18 41 1
5 213 74 730 213 18 41 1
5 213 75 730 213 18 41 1
5 213 76 732 213 18 39 1
5 213 77 732 213 18 39 1
5 213 78 732 213 18 39 1
5 213 79 732 213 18 39 1
5 213 80 732 213 18 39 1
5 213 81 734 213 18 39 1
5 213 82 734 213 18 39 1
5 213 83 734 213 18 39 1
5 213 84 734 213 18 39 1
5 213 85 736 213 17 39 1
5 213 86 736 213 17 39 1
5 213 87 736 213 17 39 1
5 213 88 736 213 17 39 1
5 213 89 736 213 17 39 1
5 213 90 737 213 18 39 1
5 213 91 737 213 18 39 1
5 213 92 737 213 18 39 1
5 213 93 737 213 18 39 1
5 213 94 737 213 18 39 1
5 213 95 739 213 18 37 1
5 213 96 739 213 18 37 1
5 213 97 739 213 18 37 1
5 213 98 739 213 18 37 1
5 213 99 739 213 18 37 1
5 213 100 741 213 18 37 1
5 213 101 741 211 18 39 1
5 213 102 741 211 18 39 1
5 213 103 741 211 18 39 1
5 213 104 743 211 17 39 1
5 213 105 743 211 17 39 1
5 213 106 743 211 17 39 1
5 213 107 743 211 17 39 1
5 213 108 743 211 17 39 1
5 213 109 744 211 18 39 1
5 213 110 744 211 18 39 1
5 213 111 744 211 18 39 1
5 213 112 744 211 18 39 1
5 213 113 744 211 18 39 1
5 213 114 746 211 18 37 1
5 213 115 746 211 18 37 1
5 213 116 746 211 18 37 1
5 213 117 746 211 18 37 1
5 213 118 748 211 18 37 1
5 213 119 748 211 18 37 1
5 213 120 748 211 18 37 1
5 213 121 748 211 18 37 1
5 213 122 748 211 18 37 1
5 213 123 750 211 18 37 1
5 213 124 750 211 18 37 1
5 213 125 750 211 18 37 1
5 213 126 750 211 18 37 1
5 213 127 750 211 18 37 1
5 213 128 752 211 17 37 1
5 213 129 752 211 17 37 1
5 213 130 752 211 17 37 1
5 213 131 752 211 17 37 1
5 213 132 752 211 17 37 1
5 213 133 753 211 18 36 1
5 213 134 753 211 18 36 1
5 213 135 753 211 18 36 1
5 213 136 753 211 18 36 1
5 213 137 755 211 18 36 1
5 213 138 755 211 18 36 1
5 213 139 755 211 18 36 1
5 213 140 755 211 18 36 1
5 213 141 755 211 18 36 1
5 213 142 757 211 18 36 1
5 213 143 757 211 18 36 1
5 213 144 757 211 18 36 1
5 213 145 757 211 18 36 1
5 213 146 757 211 18 36 1
5 213 147 759 211 17 36 1
5 213 148 759 211 17 36 1
5 213 149 759 211 17 36 1
5 213 150 759 211 17 36 1
5 213 151 760 211 18 36 1
5 213 152 760 211 18 36 1
5 213 153 760 211 18 36 1
5 213 154 760 211 18 36 1
5 213 155 760 211 18 36 1
5 213 156 762 211 18 36 1
5 213 157 762 211 18 36 1
5 213 158 762 211 18 36 1
5 213 159 762 211 18 36 1
5 213 160 764 211 18 36 1
5 213 161 764 211 18 36 1
5 213 162 764 211 18 36 1
5 213 163 764 211 18 36 1
5 213 164 766 211 18 36 1
5 213 165 766 211 18 36 1
5 213 166 766 211 18 36 1
5 213 167 766 211 18 36 1
5 213 168 768 211 17 36 1
5 213 169 768 211 17 36 1
5 213 170 768 211 17 36 1
5 213 171 768 211 17 36 1
5 213 172 769 211 18 36 1
5 213 173 769 211 18 36 1
5 213 174 769 211 18 36 1
5 213 175 769 211 18 36 1
5 213 176 771 211 18 36 1
5 213 177 771 211 18 36 1
5 213 178 771 211 18 36 1
5 213 179 771 211 18 36 1
5 213 180 773 211 18 36 1
5 213 181 773 211 18 36 1
5 213 182 773 211 18 36 1
5 213 183 773 211 18 36 1
5 213 184 775 211 17 36 1
5 213 185 775 211 17 36 1
5 213 186 775 211 17 36 1
5 213 187 775 211 17 36 1
5 213 188 776 211 18 36 1
5 213 189 776 211 18 36 1
5 213 190 776 211 18 36 1
5 213 191 776 211 18 36 1
5 213 192 776 211 18 36 1
5 213 193 776 211 18 36 1
5 213 194 776 211 18 36 1
5 213 195 778 211 18 36 1
5 213 196 778 211 18 36 1
5 213 197 778 211 18 36 1
5 213 198 778 211 18 36 1
5 213 199 778 211 18 36 1
5 213 200 778 211 18 36 1
5 213 201 780 211 18 36 1
5 213 202 780 211 18 36 1
5 213 203 780 211 18 36 1
5 213 204 780 211 18 36 1
5 213 205 780 211 18 36 1
5 213 206 780 211 18 36 1
5 213 207 782 211 18 36 1
5 213 208 782 211 18 36 1
5 213 209 782 211 18 36 1
5 213 210 782 211 18 36 1
5 213 211 782 211 18 36 1
5 213 212 782 211 18 36 1
6 322 0 922 696 41 22 1
6 322 1 922 696 41 22 1
6 322 2 922 696 41 22 1
6 322 3 922 696 41 22 1
6 322 4 922 696 41 22 1
6 322 5 922 696 41 22 1
6 322 6 922 696 41 22 1
6 322 7 922 696 41 22 1
6 322 8 922 696 41 22 1
6 322 9 922 696 41 22 1
6 322 10 922 696 41 22 1
6 322 11 922 696 41 22 1
6 322 12 922 696 41 22 1
6 322 13 922 696 41 22 1
6 322 14 922 696 41 22 1
6 322 15 922 696 41 22 1
6 322 16 922 696 41 22 1
6 322 17 922 696 41 22 1
6 322 18 922 696 41 22 1
6 322 19 922 696 41 22 1
6 322 20 922 696 41 22 1
6 322 21 922 696 41 22 1
6 322 22 922 696 41 22 1
6 322 23 922 696 41 22 1
6 322 24 922 696 41 22 1
6 322 25 922 696 41 22 1
6 322 26 922 696 41 22 1
6 322 27 922 696 41 22 1
6 322 28 922 696 41 22 1
6 322 29 922 696 41 22 1
6 322 30 922 696 41 22 1
6 322 31 922 696 41 22 1
6 322 32 922 696 41 22 1
6 322 33 922 696 41 22 1
6 322 34 922 696 41 22 1
6 322 35 922 696 41 22 1
6 322 36 922 696 41 22 1
6 322 37 922 696 41 22 1
6 322 38 922 696 41 22 1
6 322 39 922 696 41 22 1
6 322 40 922 696 41 22 1
6 322 41 922 696 41 22 1
6 322 42 922 696 41 22 1
6 322 43 922 696 41 22 1
6 322 44 922 696 41 22 1
6 322 45 922 696 41 22 1
6 322 46 922 696 41 22 1
6 322 47 922 696 41 22 1
6 322 48 922 696 41 22 1
6 322 49 922 696 41 22 1
6 322 50 922 696 41 22 1
6 322 51 922 696 41 22 1
6 322 52 922 696 41 22 1
6 322 53 922 696 41 22 1
6 322 54 922 696 41 22 1
6 322 55 922 696 41 22 1
6 322 56 922 696 41 22 1
6 322 57 922 696 41 22 1
6 322 58 922 696 41 22 1
6 322 59 922 696 41 22 1
6 322 60 922 696 41 22 1
6 322 61 922 696 41 22 1
6 322 62 922 696 41 22 1
6 322 63 922 696 41 22 1
6 322 64 922 696 41 22 1
6 322 65 922 696 41 22 1
6 322 66 922 696 41 22 1
6 322 67 922 696 41 22 1
6 322 68 922 696 41 22 1
6 322 69 922 696 41 22 1
6 322 70 922 696 41 22 1
6 322 71 922 696 41 22 1
6 322 72 922 696 41 22 1
6 322 73 922 696 41 22 1
6 322 74 922 696 41 22 1
6 322 75 922 696 41 22 1
6 322 76 922 696 41 22 1
6 322 77 922 696 41 22 1
6 322 78 922 696 41 22 1
6 322 79 922 696 41 22 1
6 322 80 922 696 41 22 1
6 322 81 922 696 41 22 1
6 322 82 922 696 41 22 1
6 322 83 922 696 41 22 1
6 322 84 922 696 41 22 1
6 322 85 922 696 41 22 1
6 322 86 922 696 41 22 1
6 322 87 922 696 41 22 1
6 322 88 922 696 41 22 1
6 322 89 922 696 41 22 1
6 322 90 922 696 41 22 1
6 322 91 922 696 41 22 1
6 322 92 922 696 41 22 1
6 322 93 922 696 41 22 1
6 322 94 922 696 41 22 1
6 322 95 922 696 41 22 1
6 322 96 922 696 41 22 1
6 322 97 922 696 41 22 1
6 322 98 922 696 41 22 1
6 322 99 922 696 41 22 1
6 322 100 922 696 41 22 1
6 322 101 922 696 41 22 1
6 322 102 922 696 41 22 1
6 322 103 922 696 41 22 1
6 322 104 922 696 41 22 1
6 322 105 922 696 41 22 1
6 322 106 922 696 41 22 1
6 322 107 922 696 41 22 1
6 322 108 922 696 41 22 1
6 322 109 922 696 41 22 1
6 322 110 922 696 41 22 1
6 322 111 922 696 41 22 1
6 322 112 922 696 41 22 1
6 322 113 922 696 41 22 1
6 322 114 922 696 41 22 1
6 322 115 922 696 41 22 1
6 322 116 922 696 41 22 1
6 322 117 922 696 41 22 1
6 322 118 922 696 41 22 1
6 322 119 922 696 41 22 1
6 322 120 922 696 41 22 1
6 322 121 922 696 41 22 1
6 322 122 922 696 41 22 1
6 322 123 922 696 41 22 1
6 322 124 922 696 41 22 1
6 322 125 922 696 41 22 1
6 322 126 922 696 41 22 1
6 322 127 922 696 41 22 1
6 322 128 922 696 41 22 1
6 322 129 922 696 41 22 1
6 322 130 922 696 41 22 1
6 322 131 922 696 41 22 1
6 322 132 922 696 41 22 1
6 322 133 922 696 41 22 1
6 322 134 922 696 41 22 1
6 322 135 922 696 41 22 1
6 322 136 922 696 41 22 1
6 322 137 922 696 41 22 1
6 322 138 922 696 41 22 1
6 322 139 922 696 41 22 1
6 322 140 922 696 41 22 1
6 322 141 922 696 41 22 1
6 322 142 922 696 41 22 1
6 322 143 922 696 41 22 1
6 322 144 922 696 41 22 1
6 322 145 922 696 41 22 1
6 322 146 922 696 41 22 1
6 322 147 922 696 41 22 1
6 322 148 922 696 41 22 1
6 322 149 922 696 41 22 1
6 322 150 922 696 41 22 1
6 322 151 922 696 41 22 1
6 322 152 922 696 41 22 1
6 322 153 922 696 41 22 1
6 322 154 922 696 41 22 1
6 322 155 922 696 41 22 1
6 322 156 922 696 41 22 1
6 322 157 922 696 41 22 1
6 322 158 922 696 41 22 1
6 322 159 922 696 41 22 1
6 322 160 922 696 41 22 1
6 322 161 922 696 41 22 1
6 322 162 922 696 41 22 1
6 322 163 922 696 41 22 1
6 322 164 922 696 41 22 1
6 322 165 922 696 41 22 1
6 322 166 922 696 41 22 1
6 322 167 922 696 41 22 1
6 322 168 922 696 41 22 1
6 322 169 922 696 41 22 1
6 322 170 922 696 41 22 1
6 322 171 922 696 41 22 1
6 322 172 922 696 41 22 1
6 322 173 922 696 41 22 1
6 322 174 922 696 41 22 1
6 322 175 922 696 41 22 1
6 322 176 922 696 41 22 1
6 322 177 922 696 41 22 1
6 322 178 922 696 41 22 1
6 322 179 922 696 41 22 1
6 322 180 922 696 41 22 1
6 322 181 922 696 41 22 1
6 322 182 922 696 41 22 1
6 322 183 922 696 41 22 1
6 322 184 922 696 41 22 1
6 322 185 922 696 41 22 1
6 322 186 922 696 41 22 1
6 322 187 922 696 41 22 1
6 322 188 922 696 41 22 1
6 322 189 922 696 41 22 1
6 322 190 922 696 41 22 1
6 322 191 922 696 41 22 1
6 322 192 922 696 41 22 1
6 322 193 922 696 41 22 1
6 322 194 922 696 41 22 1
6 322 195 922 696 41 22 1
6 322 196 922 696 41 22 1
6 322 197 922 696 41 22 1
6 322 198 922 696 41 22 1
6 322 199 922 696 41 22 1
6 322 200 922 696 41 22 1
6 322 201 922 696 41 22 1
6 322 202 922 696 41 22 1
6 322 203 922 696 41 22 1
6 322 204 922 696 41 22 1
6 322 205 922 696 41 22 1
6 322 206 922 696 41 22 1
6 322 207 922 696 41 22 1
6 322 208 922 696 41 22 1
6 322 209 922 696 41 22 1
6 322 210 922 696 41 22 1
6 322 211 922 696 41 22 1
6 322 212 922 696 41 22 1
6 322 213 922 696 41 22 1
6 322 214 922 696 41 22 1
6 322 215 922 696 41 22 1
6 322 216 922 696 41 22 1
6 322 217 922 696 41 22 1
6 322 218 922 696 41 22 1
6 322 219 922 696 41 22 1
6 322 220 922 696 41 22 1
6 322 221 922 696 41 22 1
6 322 222 922 696 41 22 1
6 322 223 922 696 41 22 1
6 322 224 922 696 41 22 1
6 322 225 922 696 41 22 1
6 322 226 922 696 41 22 1
6 322 227 922 696 41 22 1
6 322 228 922 696 41 22 1
6 322 229 922 696 41 22 1
6 322 230 922 696 41 22 1
6 322 231 922 696 41 22 1
6 322 232 922 696 41 22 1
6 322 233 922 696 41 22 1
6 322 234 922 696 41 22 1
6 322 235 922 696 41 22 1
6 322 236 922 696 41 22 1
6 322 237 922 696 41 22 1
6 322 238 922 696 41 22 1
6 322 239 922 696 41 22 1
6 322 240 922 696 41 22 1
6 322 241 922 696 41 22 1
6 322 242 922 696 41 22 1
6 322 243 922 696 41 22 1
6 322 244 922 696 41 22 1
6 322 245 922 696 41 22 1
6 322 246 922 696 41 22 1
6 322 247 922 696 41 22 1
6 322 248 922 696 41 22 1
6 322 249 922 696 41 22 1
6 322 250 922 696 41 22 1
6 322 251 922 696 41 22 1
6 322 252 922 696 41 22 1
6 322 253 922 696 41 22 1
6 322 254 922 696 41 22 1
6 322 255 922 696 41 22 1
6 322 256 922 696 41 22 1
6 322 257 922 696 41 22 1
6 322 258 922 696 41 22 1
6 322 259 922 696 41 22 1
6 322 260 922 696 41 22 1
6 322 261 922 696 41 22 1
6 322 262 922 696 41 22 1
6 322 263 922 696 41 22 1
6 322 264 922 696 41 22 1
6 322 265 922 696 41 22 1
6 322 266 922 696 41 22 1
6 322 267 922 696 41 22 1
6 322 268 922 696 41 22 1
6 322 269 922 696 41 22 1
6 322 270 922 696 41 22 1
6 322 271 922 696 41 22 1
6 322 272 922 696 41 22 1
6 322 273 922 696 41 22 1
6 322 274 922 696 41 22 1
6 322 275 922 696 41 22 1
6 322 276 922 696 41 22 1
6 322 277 922 696 41 22 1
6 322 278 922 696 41 22 1
6 322 279 922 696 41 22 1
6 322 280 922 696 41 22 1
6 322 281 922 696 41 22 1
6 322 282 922 696 41 22 1
6 322 283 922 696 41 22 1
6 322 284 922 696 41 22 1
6 322 285 922 696 41 22 1
6 322 286 922 696 41 22 1
6 322 287 922 696 41 22 1
6 322 288 922 696 41 22 1
6 322 289 922 696 41 22 1
6 322 290 922 696 41 22 1
6 322 291 922 696 41 22 1
6 322 292 922 696 41 22 1
6 322 293 922 696 41 22 1
6 322 294 922 696 41 22 1
6 322 295 922 696 41 22 1
6 322 296 922 696 41 22 1
6 322 297 922 696 41 22 1
6 322 298 922 696 41 22 1
6 322 299 922 696 41 22 1
6 322 300 922 696 41 22 1
6 322 301 922 696 41 22 1
6 322 302 922 696 41 22 1
6 322 303 922 696 41 22 1
6 322 304 922 696 41 22 1
6 322 305 922 696 41 22 1
6 322 306 922 696 41 22 1
6 322 307 922 696 41 22 1
6 322 308 922 696 41 22 1
6 322 309 922 696 41 22 1
6 322 310 922 696 41 22 1
6 322 311 922 696 41 22 1
6 322 312 922 696 41 22 1
6 322 313 922 696 41 22 1
6 322 314 922 696 41 22 1
6 322 315 922 696 41 22 1
6 322 316 922 696 41 22 1
6 322 317 922 696 41 22 1
6 322 318 922 696 41 22 1
6 322 319 922 696 41 22 1
6 322 320 922 696 41 22 1
6 322 321 922 696 41 22 1
7 239 300 545 515 25 53 1
7 239 301 545 515 25 53 1
7 239 302 545 515 25 53 1
7 239 303 545 515 25 53 1
7 239 304 545 515 25 53 1
7 239 305 545 515 25 53 1
7 239 306 545 515 25 53 1
7 239 307 545 515 25 53 1
7 239 308 545 515 25 53 1
7 239 309 545 515 25 53 1
7 239 310 545 515 25 53 1
7 239 311 545 515 25 53 1
7 239 312 545 515 25 53 1
7 239 313 545 515 25 53 1
7 239 314 545 515 25 53 1
7 239 315 545 515 25 53 1
7 239 316 545 515 25 53 1
7 239 317 545 515 25 53 1
7 239 318 545 515 25 53 1
7 239 319 545 515 25 53 1
7 239 320 545 515 25 53 1
7 239 321 545 515 25 53 1
7 239 322 545 515 25 53 1
7 239 323 545 515 25 53 1
7 239 324 545 515 25 53 1
7 239 325 545 515 25 53 1
7 239 326 545 515 25 53 1
7 239 327 545 515 25 53 1
7 239 328 545 515 25 53 1
7 239 329 545 515 25 53 1
7 239 330 545 515 25 53 1
7 239 331 545 515 25 53 1
7 239 332 545 515 25 53 1
7 239 333 545 515 25 53 1
7 239 334 545 515 25 53 1
7 239 335 545 515 25 53 1
7 239 336 545 515 25 53 1
7 239 337 545 515 25 53 1
7 239 338 545 515 25 53 1
7 239 339 545 515 25 53 1
7 239 340 545 515 25 53 1
7 239 341 545 515 25 53 1
7 239 342 545 515 25 53 1
7 239 343 545 515 25 53 1
7 239 344 545 515 25 53 1
7 239 345 545 515 25 53 1
7 239 346 545 515 25 53 1
7 239 347 545 515 25 53 1
7 239 348 545 515 25 53 1
7 239 349 545 515 25 53 1
7 239 350 545 515 25 53 1
7 239 351 545 515 25 53 1
7 239 352 545 515 25 53 1
7 239 353 545 515 25 53 1
7 239 354 545 515 25 53 1
7 239 355 545 515 25 53 1
7 239 356 545 515 25 53 1
7 239 357 545 515 25 53 1
7 239 358 545 515 25 53 1
7 239 359 545 515 25 53 1
7 239 360 545 515 25 53 1
7 239 361 545 515 25 53 1
7 239 362 545 515 25 53 1
7 239 363 545 515 25 53 1
7 239 364 545 515 25 53 1
7 239 365 545 515 25 53 1
7 239 366 545 515 25 53 1
7 239 367 545 515 25 53 1
7 239 368 545 515 25 53 1
7 239 369 545 515 25 53 1
7 239 370 545 515 25 53 1
7 239 371 545 515 25 53 1
7 239 372 545 515 25 53 1
7 239 373 545 515 25 53 1
7 239 374 545 515 25 53 1
7 239 375 545 515 25 53 1
7 239 376 545 515 25 53 1
7 239 377 545 515 25 53 1
7 239 378 545 515 25 53 1
7 239 379 545 515 25 53 1
7 239 380 545 515 25 53 1
7 239 381 545 515 25 53 1
7 239 382 545 515 25 53 1
7 239 383 545 515 25 53 1
7 239 384 545 515 25 53 1
7 239 385 545 515 25 53 1
7 239 386 545 515 25 53 1
7 239 387 545 515 25 53 1
7 239 388 545 515 25 53 1
7 239 389 545 515 25 53 1
7 239 390 545 515 25 53 1
7 239 391 545 515 25 53 1
7 239 392 545 515 25 53 1
7 239 393 545 515 25 53 1
7 239 394 545 515 25 53 1
7 239 395 545 515 25 53 1
7 239 396 545 515 25 53 1
7 239 397 545 515 25 53 1
7 239 398 545 515 25 53 1
7 239 399 545 515 25 53 1
7 239 400 545 515 25 53 1
7 239 401 545 515 25 53 1
7 239 402 545 515 25 53 1
7 239 403 545 515 25 53 1
7 239 404 545 515 25 53 1
7 239 405 545 515 25 53 1
7 239 406 545 515 25 53 1
7 239 407 545 515 25 53 1
7 239 408 545 515 25 53 1
7 239 409 545 515 25 53 1
7 239 410 545 515 25 53 1
7 239 411 545 515 25 53 1
7 239 412 545 515 25 53 1
7 239 413 545 515 25 53 1
7 239 414 545 515 25 53 1
7 239 415 545 515 25 53 1
7 239 416 545 515 25 53 1
7 239 417 545 515 25 53 1
7 239 418 545 515 25 53 1
7 239 419 545 515 25 53 1
7 239 420 545 515 25 53 1
7 239 421 545 515 25 53 1
7 239 422 545 515 25 53 1
7 239 423 545 515 25 53 1
7 239 424 545 515 25 53 1
7 239 425 545 515 25 53 1
7 239 426 545 515 25 53 1
7 239 427 545 515 25 53 1
7 239 428 545 515 25 53 1
7 239 429 545 515 25 53 1
7 239 430 545 515 25 53 1
7 239 431 545 515 25 53 1
7 239 432 545 515 25 53 1
7 239 433 545 515 25 53 1
7 239 434 545 515 25 53 1
7 239 435 545 515 25 53 1
7 239 436 545 515 25 53 1
7 239 437 545 515 25 53 1
7 239 438 545 515 25 53 1
7 239 439 545 515 25 53 1
7 239 440 545 515 25 53 1
7 239 441 545 515 25 53 1
7 239 442 545 515 25 53 1
7 239 443 545 515 25 53 1
7 239 444 545 515 25 53 1
7 239 445 545 515 25 53 1
7 239 446 545 515 25 53 1
7 239 447 545 515 25 53 1
7 239 448 545 515 25 53 1
7 239 449 545 515 25 53 1
7 239 450 545 515 25 53 1
7 239 451 545 515 25 53 1
7 239 452 545 515 25 53 1
7 239 453 545 515 25 53 1
7 239 454 545 515 25 53 1
7 239 455 545 515 25 53 1
7 239 456 545 515 25 53 1
7 239 457 545 515 25 53 1
7 239 458 545 515 25 53 1
7 239 459 545 515 25 53 1
7 239 460 545 515 25 53 1
7 239 461 545 515 25 53 1
7 239 462 545 515 25 53 1
7 239 463 545 515 25 53 1
7 239 464 545 515 25 53 1
7 239 465 545 515 25 53 1
7 239 466 545 515 25 53 1
7 239 467 545 515 25 53 1
7 239 468 545 515 25 53 1
7 239 469 545 515 25 53 1
7 239 470 545 515 25 53 1
7 239 471 545 515 25 53 1
7 239 472 545 515 25 53 1
7 239 473 545 515 25 53 1
7 239 474 545 515 25 53 1
7 239 475 545 515 25 53 1
7 239 476 545 515 25 53 1
7 239 477 545 515 25 53 1
7 239 478 545 515 25 53 1
7 239 479 545 515 25 53 1
7 239 480 545 515 25 53 1
7 239 481 545 515 25 53 1
7 239 482 545 515 25 53 1
7 239 483 545 515 25 53 1
7 239 484 545 515 25 53 1
7 239 485 545 515 25 53 1
7 239 486 545 515 25 53 1
7 239 487 545 515 25 53 1
7 239 488 545 515 25 53 1
7 239 489 545 515 25 53 1
7 239 490 545 515 25 53 1
7 239 491 545 515 25 53 1
7 239 492 545 515 25 53 1
7 239 493 545 515 25 53 1
7 239 494 545 515 25 53 1
7 239 495 545 515 25 53 1
7 239 496 545 515 25 53 1
7 239 497 545 515 25 53 1
7 239 498 545 515 25 53 1
7 239 499 545 515 25 53 1
7 239 500 545 515 25 53 1
7 239 501 545 515 25 53 1
7 239 502 545 515 25 53 1
7 239 503 545 515 25 53 1
7 239 504 545 515 25 53 1
7 239 505 545 515 25 53 1
7 239 506 545 515 25 53 1
7 239 507 545 515 25 53 1
7 239 508 545 515 25 53 1
7 239 509 545 515 25 53 1
7 239 510 545 515 25 53 1
7 239 511 545 515 25 53 1
7 239 512 545 515 25 53 1
7 239 513 545 515 25 53 1
7 239 514 545 515 25 53 1
7 239 515 545 515 25 53 1
7 239 516 545 515 25 53 1
7 239 517 545 515 25 53 1
7 239 518 545 515 25 53 1
7 239 519 545 515 25 53 1
7 239 520 545 515 25 53 1
7 239 521 545 515 25 53 1
7 239 522 545 515 25 53 1
7 239 523 545 515 25 53 1
7 239 524 545 515 25 53 1
7 239 525 545 515 25 53 1
7 239 526 545 515 25 53 1
7 239 527 545 515 25 53 1
7 239 528 545 515 25 53 1
7 239 529 545 515 25 53 1
7 239 530 545 515 25 53 1
7 239 531 545 515 25 53 1
7 239 532 545 515 25 53 1
7 239 533 545 515 25 53 1
7 239 534 545 515 25 53 1
7 239 535 545 515 25 53 1
7 239 536 545 515 25 53 1
7 239 537 545 515 25 53 1
7 239 538 545 515 25 53 1
8 239 300 456 220 22 44 1
8 239 301 455 220 21 44 1
8 239 302 453 220 21 44 1
8 239 303 451 220 21 44 1
8 239 304 449 220 22 44 1
8 239 305 448 220 21 44 1
8 239 306 446 220 21 44 1
8 239 307 446 220 21 44 1
8 239 308 444 220 21 44 1
8 239 309 442 220 22 44 1
8 239 310 440 220 22 44 1
8 239 311 439 220 21 44 1
8 239 312 437 220 21 44 1
8 239 313 437 220 21 44 1
8 239 314 435 220 21 44 1
8 239 315 433 220 22 44 1
8 239 316 432 220 21 44 1
8 239 317 430 220 21 44 1
8 239 318 428 220 21 44 1
8 239 319 428 222 21 44 1
8 239 320 426 222 22 44 1
8 239 321 424 222 22 44 1
8 239 322 423 222 21 44 1
8 239 323 421 222 21 44 1
8 239 324 419 222 21 44 1
8 239 325 417 222 22 44 1
8 239 326 417 222 22 44 1
8 239 327 416 222 21 44 1
8 239 328 414 222 21 44 1
8 239 329 412 222 21 44 1
8 239 330 410 222 22 44 1
8 239 331 408 222 22 44 1
8 239 332 408 222 22 44 1
8 239 333 407 222 21 44 1
8 239 334 405 222 21 44 1
8 239 335 403 222 21 44 1
8 239 336 401 222 22 44 1
8 239 337 400 222 21 44 1
8 239 338 400 224 21 44 1
8 239 339 398 224 21 44 1
8 239 340 396 224 21 44 1
8 239 341 396 224 21 44 1
8 239 342 394 224 22 44 1
8 239 343 392 224 22 46 1
8 239 344 392 224 22 46 1
8 239 345 391 224 21 46 1
8 239 346 391 224 21 46 1
8 239 347 389 224 21 46 1
8 239 348 387 225 21 47 1
8 239 349 387 225 21 47 1
8 239 350 385 225 22 47 1
8 239 351 385 225 22 47 1
8 239 352 384 225 21 47 1
8 239 353 382 225 21 48 1
8 239 354 382 225 21 48 1
8 239 355 380 225 21 48 1
8 239 356 380 225 21 48 1
8 239 357 378 225 22 48 1
8 239 358 376 227 22 48 1
8 239 359 376 227 22 48 1
8 239 360 375 227 21 48 1
8 239 361 375 227 21 48 1
8 239 362 373 227 21 48 1
8 239 363 371 227 21 50 1
8 239 364 371 227 21 50 1
8 239 365 369 227 22 50 1
8 239 366 369 227 22 50 1
8 239 367 368 229 21 50 1
8 239 368 366 229 21 50 1
8 239 369 366 229 21 50 1
8 239 370 364 229 21 50 1
8 239 371 364 229 21 50 1
8 239 372 362 229 22 51 1
8 239 373 360 229 22 51 1
8 239 374 360 229 22 51 1
8 239 375 359 229 21 51 1
8 239 376 359 229 21 51 1
8 239 377 357 231 21 51 1
8 239 378 355 231 21 51 1
8 239 379 355 231 21 51 1
8 239 380 353 231 22 51 1
8 239 381 353 231 22 51 1
8 239 382 352 231 21 53 1
8 239 383 350 231 21 53 1
8 239 384 350 231 21 53 1
8 239 385 348 231 21 53 1
8 239 386 348 231 21 53 1
8 239 387 346 232 22 54 1
8 239 388 344 232 22 54 1
8 239 389 344 232 22 54 1
8 239 390 343 232 21 54 1
8 239 391 343 232 21 54 1
8 239 392 341 232 21 56 1
8 239 393 339 232 21 56 1
8 239 394 339 232 21 56 1
8 239 395 337 232 22 56 1
8 239 396 337 234 22 55 1
8 239 397 336 234 21 55 1
8 239 398 336 234 21 55 1
8 239 399 334 234 21 55 1
8 239 400 334 234 21 55 1
8 239 401 332 236 21 55 1
8 239 402 332 236 21 55 1
8 239 403 330 236 22 55 1
8 239 404 330 236 22 55 1
8 239 405 328 238 22 55 1
8 239 406 328 238 22 55 1
8 239 407 327 238 21 55 1
8 239 408 327 238 21 55 1
8 239 409 325 240 21 55 1
8 239 410 325 240 21 55 1
8 239 411 323 240 21 55 1
8 239 412 323 240 21 55 1
8 239 413 321 241 22 55 1
8 239 414 321 241 22 55 1
8 239 415 320 241 21 55 1
8 239 416 320 241 21 55 1
8 239 417 318 243 21 55 1
8 239 418 318 243 21 55 1
8 239 419 316 243 21 55 1
8 239 420 316 243 21 55 1
8 239 421 314 245 22 55 1
8 239 422 314 245 22 55 1
8 239 423 312 245 22 55 1
8 239 424 312 245 22 55 1
8 239 425 311 247 21 55 1
8 239 426 311 247 21 55 1
8 239 427 309 247 21 55 1
8 239 428 309 247 21 55 1
8 239 429 307 248 21 56 1
8 239 430 307 248 21 56 1
8 239 431 305 248 22 56 1
8 239 432 305 248 22 56 1
8 239 433 304 250 21 55 1
8 239 434 304 250 21 55 1
8 239 435 302 250 21 55 1
8 239 436 302 250 21 55 1
8 239 437 302 252 21 55 1
8 239 438 300 252 21 55 1
8 239 439 298 252 22 55 1
8 239 440 296 252 22 55 1
8 239 441 296 252 22 55 1
8 239 442 295 252 21 57 1
8 239 443 293 252 21 57 1
8 239 444 293 252 21 57 1
8 239 445 291 252 21 57 1
8 239 446 289 252 22 59 1
8 239 447 289 252 22 59 1
8 239 448 288 252 21 59 1
8 239 449 286 252 21 59 1
8 239 450 284 252 21 59 1
8 239 451 284 252 21 60 1
8 239 452 282 252 22 60 1
8 239 453 280 252 22 60 1
8 239 454 280 252 22 60 1
8 239 455 279 254 21 60 1
8 239 456 277 254 21 60 1
8 239 457 277 254 21 60 1
8 239 458 275 254 21 60 1
8 239 459 273 254 22 60 1
8 239 460 273 254 22 62 1
8 239 461 272 254 21 62 1
8 239 462 270 254 21 62 1
8 239 463 268 254 21 62 1
8 239 464 268 254 21 64 1
8 239 465 266 254 22 64 1
8 239 466 264 254 22 64 1
8 239 467 264 254 22 64 1
8 239 468 263 254 21 64 1
8 239 469 261 254 21 66 1
8 239 470 261 254 21 66 1
8 239 471 259 254 21 66 1
8 239 472 257 254 22 66 1
8 239 473 257 256 22 65 1
8 239 474 256 256 21 65 1
8 239 475 256 256 21 65 1
8 239 476 254 256 21 65 1
8 239 477 254 256 21 65 1
8 239 478 252 257 21 66 1
8 239 479 252 257 21 66 1
8 239 480 252 257 21 66 1
8 239 481 250 257 22 66 1
8 239 482 250 257 22 66 1
8 239 483 248 259 22 66 1
8 239 484 248 259 22 66 1
8 239 485 248 259 22 66 1
8 239 486 247 259 21 66 1
8 239 487 247 261 21 66 1
8 239 488 245 261 21 66 1
8 239 489 245 261 21 66 1
8 239 490 243 261 21 66 1
8 239 491 243 261 21 66 1
8 239 492 243 263 21 65 1
8 239 493 241 263 22 65 1
8 239 494 241 263 22 65 1
8 239 495 240 263 21 65 1
8 239 496 240 264 21 66 1
8 239 497 240 264 21 66 1
8 239 498 238 264 21 66 1
8 239 499 238 264 21 66 1
8 239 500 236 264 21 66 1
8 239 501 236 266 21 66 1
8 239 502 234 266 22 66 1
8 239 503 234 266 22 66 1
8 239 504 234 266 22 66 1
8 239 505 232 268 22 66 1
8 239 506 232 268 22 66 1
8 239 507 231 268 21 66 1
8 239 508 231 268 21 66 1
8 239 509 231 268 21 66 1
8 239 510 229 270 21 66 1
8 239 511 229 270 21 66 1
8 239 512 227 270 21 66 1
8 239 513 227 270 21 66 1
8 239 514 227 272 21 65 1
8 239 515 225 272 22 65 1
8 239 516 224 272 21 65 1
8 239 517 224 272 21 65 1
8 239 518 222 273 21 66 1
8 239 519 222 273 21 66 1
8 239 520 220 273 21 66 1
8 239 521 218 273 22 66 1
8 239 522 218 275 22 66 1
8 239 523 216 275 22 66 1
8 239 524 216 275 22 66 1
8 239 525 215 275 21 66 1
8 239 526 215 277 21 66 1
8 239 527 213 277 21 66 1
8 239 528 211 277 21 66 1
8 239 529 211 277 21 66 1
8 239 530 209 279 22 65 1
8 239 531 209 279 22 65 1
8 239 532 208 279 21 65 1
8 239 533 206 279 21 65 1
8 239 534 206 280 21 66 1
8 239 535 204 280 21 66 1
8 239 536 204 280 21 66 1
8 239 537 202 280 22 66 1
8 239 538 202 282 22 66 1
9 539 0 965 232 23 61 1
9 539 1 963 231 23 60 1
9 539 2 961 231 23 60 1
9 539 3 960 231 23 60 1
9 539 4 958 231 23 60 1
9 539 5 956 231 23 60 1
9 539 6 954 231 23 60 1
9 539 7 952 231 24 60 1
9 539 8 951 231 23 60 1
9 539 9 949 231 23 60 1
9 539 10 947 231 23 60 1
9 539 11 945 231 23 60 1
9 539 12 944 229 23 60 1
9 539 13 942 229 23 60 1
9 539 14 940 229 23 60 1
9 539 15 938 229 23 60 1
9 539 16 936 229 24 60 1
9 539 17 935 229 23 60 1
9 539 18 933 229 23 60 1
9 539 19 931 229 23 60 1
9 539 20 929 229 23 60 1
9 539 21 928 229 23 60 1
9 539 22 926 229 23 60 1
9 539 23 926 229 23 60 1
9 539 24 924 227 23 61 1
9 539 25 922 227 23 61 1
9 539 26 920 227 24 61 1
9 539 27 919 227 23 61 1
9 539 28 917 227 23 61 1
9 539 29 915 227 23 61 1
9 539 30 913 227 23 61 1
9 539 31 912 227 23 61 1
9 539 32 910 227 23 61 1
9 539 33 908 227 23 61 1
9 539 34 906 227 23 61 1
9 539 35 904 225 24 61 1
9 539 36 903 225 23 61 1
9 539 37 901 225 23 61 1
9 539 38 899 225 23 61 1
9 539 39 897 225 23 61 1
9 539 40 896 225 23 61 1
9 539 41 894 225 23 61 1
9 539 42 892 225 23 61 1
9 539 43 890 225 23 61 1
9 539 44 888 225 24 61 1
9 539 45 887 225 23 61 1
9 539 46 887 225 23 61 1
9 539 47 885 225 23 61 1
9 539 48 883 225 23 61 1
9 539 49 881 225 23 61 1
9 539 50 880 225 23 61 1
9 539 51 878 225 23 61 1
9 539 52 876 225 23 61 1
9 539 53 874 225 23 61 1
9 539 54 874 225 23 61 1
9 539 55 872 225 24 61 1
9 539 56 871 225 23 61 1
9 539 57 869 225 23 61 1
9 539 58 867 225 23 61 1
9 539 59 865 225 23 61 1
9 539 60 864 225 23 61 1
9 539 61 864 225 23 61 1
9 539 62 862 225 23 61 1
9 539 63 860 225 23 61 1
9 539 64 858 225 23 61 1
9 539 65 856 225 24 61 1
9 539 66 855 225 23 61 1
9 539 67 853 225 23 61 1
9 539 68 853 225 23 61 1
9 539 69 851 225 23 61 1
9 539 70 849 225 23 61 1
9 539 71 848 225 23 61 1
9 539 72 846 225 23 61 1
9 539 73 844 225 23 61 1
9 539 74 842 225 23 61 1
9 539 75 842 225 23 61 1
9 539 76 840 225 24 61 1
9 539 77 839 225 23 61 1
9 539 78 837 225 23 61 1
9 539 79 835 225 23 61 1
9 539 80 833 225 23 61 1
9 539 81 832 225 23 61 1
9 539 82 832 225 23 61 1
9 539 83 830 225 23 61 1
9 539 84 828 225 23 61 1
9 539 85 826 225 23 61 1
9 539 86 824 225 24 61 1
9 539 87 823 225 23 61 1
9 539 88 821 225 23 61 1
9 539 89 821 225 23 61 1
9 539 90 819 225 23 61 1
9 539 91 817 225 23 61 1
9 539 92 816 225 23 61 1
9 539 93 814 225 23 61 1
9 539 94 812 225 23 61 1
9 539 95 810 225 23 61 1
9 539 96 810 225 23 61 1
9 539 97 808 225 24 61 1
9 539 98 807 225 23 61 1
9 539 99 805 225 23 61 1
9 539 100 803 225 23 61 1
9 539 101 801 225 23 61 1
9 539 102 800 225 23 61 1
9 539 103 800 225 23 61 1
9 539 104 798 225 23 61 1
9 539 105 796 225 23 61 1
9 539 106 794 225 23 61 1
9 539 107 792 225 24 61 1
9 539 108 791 225 23 61 1
9 539 109 789 225 23 61 1
9 539 110 789 225 23 61 1
9 539 111 787 225 23 61 1
9 539 112 785 225 23 61 1
9 539 113 784 225 23 61 1
9 539 114 782 225 23 61 1
9 539 115 780 225 23 61 1
9 539 116 778 225 23 61 1
9 539 117 778 225 23 61 1
9 539 118 776 225 24 61 1
9 539 119 775 225 23 61 1
9 539 120 773 225 23 61 1
9 539 121 771 225 23 61 1
9 539 122 769 225 23 61 1
9 539 123 768 225 23 61 1
9 539 124 768 225 23 61 1
9 539 125 766 224 23 60 1
9 539 126 764 224 23 60 1
9 539 127 762 224 23 60 1
9 539 128 760 224 24 60 1
9 539 129 760 224 24 60 1
9 539 130 759 224 23 60 1
9 539 131 757 224 23 60 1
9 539 132 755 224 23 60 1
9 539 133 753 224 23 60 1
9 539 134 753 224 23 60 1
9 539 135 752 224 23 60 1
9 539 136 750 224 23 60 1
9 539 137 748 224 23 60 1
9 539 138 748 224 23 60 1
9 539 139 746 224 23 60 1
9 539 140 744 224 24 60 1
9 539 141 743 224 23 60 1
9 539 142 741 224 23 60 1
9 539 143 741 224 23 60 1
9 539 144 739 224 23 60 1
9 539 145 737 224 23 60 1
9 539 146 736 224 23 60 1
9 539 147 736 224 23 60 1
9 539 148 734 224 23 60 1
9 539 149 732 224 23 60 1
9 539 150 730 224 23 60 1
9 539 151 728 224 24 60 1
9 539 152 728 224 24 60 1
9 539 153 727 224 23 60 1
9 539 154 725 224 23 60 1
9 539 155 723 224 23 60 1
9 539 156 723 224 23 60 1
9 539 157 721 224 23 60 1
9 539 158 720 224 23 60 1
9 539 159 718 224 23 60 1
9 539 160 716 224 23 60 1
9 539 161 716 224 23 60 1
9 539 162 714 224 23 60 1
9 539 163 712 224 24 60 1
9 539 164 711 224 23 60 1
9 539 165 709 224 23 60 1
9 539 166 709 224 23 60 1
9 539 167 707 224 23 60 1
9 539 168 705 224 23 60 1
9 539 169 704 224 23 60 1
9 539 170 704 224 23 60 1
9 539 171 702 224 23 60 1
9 539 172 700 224 23 60 1
9 539 173 698 224 23 60 1
9 539 174 696 224 24 60 1
9 539 175 696 224 24 60 1
9 539 176 695 224 23 60 1
9 539 177 693 224 23 60 1
9 539 178 691 224 23 60 1
9 539 179 691 224 23 60 1
9 539 180 689 224 23 60 1
9 539 181 688 224 23 60 1
9 539 182 686 224 23 60 1
9 539 183 684 224 23 60 1
9 539 184 684 224 23 60 1
9 539 185 682 224 23 60 1
9 539 186 680 224 24 60 1
9 539 187 679 224 23 60 1
9 539 188 679 224 23 60 1
9 539 189 677 224 23 58 1
9 539 190 675 224 23 58 1
9 539 191 673 224 23 58 1
9 539 192 672 224 23 58 1
9 539 193 670 224 23 58 1
9 539 194 668 224 23 56 1
9 539 195 666 224 23 56 1
9 539 196 666 224 23 56 1
9 539 197 664 224 24 56 1
9 539 198 663 224 23 56 1
9 539 199 661 224 23 55 1
9 539 200 659 224 23 55 1
9 539 201 657 224 23 55 1
9 539 202 656 224 23 55 1
9 539 203 656 224 23 55 1
9 539 204 654 224 23 55 1
9 539 205 652 224 23 55 1
9 539 206 650 224 23 55 1
9 539 207 648 224 24 55 1
9 539 208 648 224 24 55 1
9 539 209 647 224 23 55 1
9 539 210 645 224 23 55 1
9 539 211 643 224 23 55 1
9 539 212 643 224 23 55 1
9 539 213 641 224 23 55 1
9 539 214 640 224 23 55 1
9 539 215 638 224 23 55 1
9 539 216 638 224 23 55 1
9 539 217 636 224 23 55 1
9 539 218 634 224 23 55 1
9 539 219 632 224 24 55 1
9 539 220 632 224 24 55 1
9 539 221 631 224 23 55 1
9 539 222 629 224 23 55 1
9 539 223 627 224 23 55 1
9 539 224 627 224 23 55 1
9 539 225 625 224 23 55 1
9 539 226 624 224 23 55 1
9 539 227 622 224 23 55 1
9 539 228 622 224 23 55 1
9 539 229 620 224 23 55 1
9 539 230 618 224 23 55 1
9 539 231 616 224 24 55 1
9 539 232 616 224 24 55 1
9 539 233 615 224 23 55 1
9 539 234 613 224 23 55 1
9 539 235 611 224 23 55 1
9 539 236 611 224 23 55 1
9 539 237 609 224 23 55 1
9 539 238 608 224 23 55 1
9 539 239 606 224 23 55 1
9 539 240 606 224 23 55 1
9 539 241 604 224 23 55 1
9 539 242 602 224 23 55 1
9 539 243 600 224 24 55 1
9 539 244 600 224 24 55 1
9 539 245 599 224 23 55 1
9 539 246 597 224 23 55 1
9 539 247 595 224 23 55 1
9 539 248 595 224 23 55 1
9 539 249 593 224 23 55 1
9 539 250 592 224 23 55 1
9 539 251 590 224 23 55 1
9 539 252 590 224 23 55 1
9 539 253 588 224 23 55 1
9 539 254 586 224 23 55 1
9 539 255 584 224 24 55 1
9 539 256 584 224 24 55 1
9 539 257 583 224 23 55 1
9 539 258 581 224 23 55 1
9 539 259 579 224 23 55 1
9 539 260 579 224 23 55 1
9 539 261 577 222 23 55 1
9 539 262 576 222 23 55 1
9 539 263 574 222 23 55 1
9 539 264 574 222 23 55 1
9 539 265 572 222 23 55 1
9 539 266 570 222 23 55 1
9 539 267 568 222 24 55 1
9 539 268 568 222 24 55 1
9 539 269 567 222 23 55 1
9 539 270 565 222 23 55 1
9 539 271 565 222 23 55 1
9 539 272 563 222 23 55 1
9 539 273 561 222 23 55 1
9 539 274 560 222 23 55 1
9 539 275 560 222 23 55 1
9 539 276 558 222 23 55 1
9 539 277 556 222 23 55 1
9 539 278 554 222 23 55 1
9 539 279 554 222 23 55 1
9 539 280 552 222 24 55 1
9 539 281 551 222 23 55 1
9 539 282 551 222 23 55 1
9 539 283 549 222 23 55 1
9 539 284 547 222 23 55 1
9 539 285 545 222 23 55 1
9 539 286 545 222 23 55 1
9 539 287 544 222 23 55 1
9 539 288 542 222 23 55 1
9 539 289 540 222 23 55 1
9 539 290 540 222 23 55 1
9 539 291 538 222 23 55 1
9 539 292 536 222 24 55 1
9 539 293 536 222 24 55 1
9 539 294 535 222 23 55 1
9 539 295 533 222 23 55 1
9 539 296 531 222 23 55 1
9 539 297 531 222 23 55 1
9 539 298 529 222 23 55 1
9 539 299 528 222 23 55 1
9 539 300 528 222 23 55 1
9 539 301 526 222 23 53 1
9 539 302 524 222 23 53 1
9 539 303 522 222 23 53 1
9 539 304 522 222 23 53 1
9 539 305 520 222 24 53 1
9 539 306 519 222 23 53 1
9 539 307 519 222 21 53 1
9 539 308 517 222 23 53 1
9 539 309 515 222 23 53 1
9 539 310 515 222 21 53 1
9 539 311 513 222 23 53 1
9 539 312 512 224 23 51 1
9 539 313 512 224 21 51 1
9 539 314 510 224 21 51 1
9 539 315 508 224 23 51 1
9 539 316 508 224 21 51 1
9 539 317 506 224 22 51 1
9 539 318 504 224 24 51 1
9 539 319 504 224 22 51 1
9 539 320 503 224 21 51 1
9 539 321 501 224 21 51 1
9 539 322 499 224 23 51 1
9 539 323 499 225 21 50 1
9 539 324 497 225 22 50 1
9 539 325 496 225 23 50 1
9 539 326 496 225 21 50 1
9 539 327 494 225 21 50 1
9 539 328 492 225 21 50 1
9 539 329 492 225 21 48 1
9 539 330 490 225 22 48 1
9 539 331 488 225 22 48 1
9 539 332 488 225 20 48 1
9 539 333 487 225 21 48 1
9 539 334 485 225 21 48 1
9 539 335 485 227 19 46 1
9 539 336 483 227 21 46 1
9 539 337 481 227 22 46 1
9 539 338 481 227 20 46 1
9 539 339 480 227 19 46 1
9 539 340 478 227 21 46 1
9 539 341 476 227 21 46 1
9 539 342 476 227 20 46 1
9 539 343 474 227 22 46 1
9 539 344 472 227 22 46 1
9 539 345 472 227 20 46 1
9 539 346 471 229 19 44 1
9 539 347 469 229 21 44 1
9 539 348 469 229 19 44 1
9 539 349 467 229 20 44 1
9 539 350 465 229 22 44 1
9 539 351 465 229 20 44 1
9 539 352 464 229 19 44 1
9 539 353 462 229 19 44 1
9 539 354 462 229 19 44 1
9 539 355 460 229 20 44 1
9 539 356 458 229 20 44 1
9 539 357 458 231 20 42 1
9 539 358 456 231 20 42 1
9 539 359 455 231 19 42 1
9 539 360 455 231 19 42 1
9 539 361 453 231 19 42 1
9 539 362 451 231 20 42 1
9 539 363 451 231 20 42 1
9 539 364 449 231 20 42 1
9 539 365 448 231 19 42 1
9 539 366 448 231 19 42 1
9 539 367 446 231 19 42 1
9 539 368 444 231 20 42 1
9 539 369 444 231 20 42 1
9 539 370 442 231 20 42 1
9 539 371 442 231 20 42 1
9 539 372 440 231 20 42 1
9 539 373 439 231 19 42 1
9 539 374 439 231 19 42 1
9 539 375 437 231 19 42 1
9 539 376 435 231 20 42 1
9 539 377 435 231 20 42 1
9 539 378 433 231 20 42 1
9 539 379 432 231 19 42 1
9 539 380 432 231 19 42 1
9 539 381 430 231 19 42 1
9 539 382 428 231 20 42 1
9 539 383 428 231 20 42 1
9 539 384 426 231 20 42 1
9 539 385 426 232 20 43 1
9 539 386 424 232 20 43 1
9 539 387 423 232 19 43 1
9 539 388 423 232 19 43 1
9 539 389 421 232 19 43 1
9 539 390 419 232 20 43 1
9 539 391 419 232 20 43 1
9 539 392 417 232 20 43 1
9 539 393 416 232 19 43 1
9 539 394 416 232 19 43 1
9 539 395 414 232 19 43 1
9 539 396 412 232 20 43 1
9 539 397 412 232 20 43 1
9 539 398 410 232 20 43 1
9 539 399 410 232 20 43 1
9 539 400 408 232 20 43 1
9 539 401 407 232 19 43 1
9 539 402 407 232 19 43 1
9 539 403 405 232 19 43 1
9 539 404 403 232 20 43 1
9 539 405 403 232 20 43 1
9 539 406 401 232 20 43 1
9 539 407 400 232 19 43 1
9 539 408 400 232 19 43 1
9 539 409 398 232 19 43 1
9 539 410 396 232 20 43 1
9 539 411 396 232 20 43 1
9 539 412 394 232 20 43 1
9 539 413 394 234 20 43 1
9 539 414 392 234 20 43 1
9 539 415 392 234 20 43 1
9 539 416 392 234 20 43 1
9 539 417 391 234 19 43 1
9 539 418 391 234 19 43 1
9 539 419 391 234 19 43 1
9 539 420 389 234 19 43 1
9 539 421 389 234 19 43 1
9 539 422 389 234 19 43 1
9 539 423 387 234 20 43 1
9 539 424 387 234 20 43 1
9 539 425 387 234 20 43 1
9 539 426 385 234 20 43 1
9 539 427 385 234 20 43 1
9 539 428 385 234 20 43 1
9 539 429 384 234 19 43 1
9 539 430 384 234 19 43 1
9 539 431 384 234 19 43 1
9 539 432 382 234 19 43 1
9 539 433 382 234 19 43 1
9 539 434 382 234 19 43 1
9 539 435 380 234 20 43 1
9 539 436 380 234 20 43 1
9 539 437 380 234 20 43 1
9 539 438 378 234 20 43 1
9 539 439 378 234 20 43 1
9 539 440 378 236 20 43 1
9 539 441 376 236 20 43 1
9 539 442 376 236 20 43 1
9 539 443 376 236 20 43 1
9 539 444 375 236 19 44 1
9 539 445 375 236 19 44 1
9 539 446 375 236 19 44 1
9 539 447 373 238 19 44 1
9 539 448 373 238 19 44 1
9 539 449 373 238 19 44 1
9 539 450 371 238 20 46 1
9 539 451 371 238 20 46 1
9 539 452 371 238 20 46 1
9 539 453 371 238 20 46 1
9 539 454 369 240 20 46 1
9 539 455 369 240 20 46 1
9 539 456 369 240 20 46 1
9 539 457 368 240 19 48 1
9 539 458 368 240 19 48 1
9 539 459 368 240 19 48 1
9 539 460 366 241 19 48 1
9 539 461 366 241 19 48 1
9 539 462 366 241 19 48 1
9 539 463 366 241 19 48 1
9 539 464 364 241 20 50 1
9 539 465 364 241 20 50 1
9 539 466 364 241 20 50 1
9 539 467 362 243 20 50 1
9 539 468 362 243 20 50 1
9 539 469 362 243 20 50 1
9 539 470 360 243 20 52 1
9 539 471 360 243 20 52 1
9 539 472 360 243 20 52 1
9 539 473 360 245 20 51 1
9 539 474 360 247 20 46 1
9 539 475 359 247 19 46 1
9 539 476 357 247 19 46 1
9 539 477 357 248 19 47 1
9 539 478 355 248 20 47 1
9 539 479 355 248 20 47 1
9 539 480 353 250 20 46 1
9 539 481 353 250 20 46 1
9 539 482 352 250 19 46 1
9 539 483 352 252 19 46 1
9 539 484 350 252 19 46 1
9 539 485 350 252 19 46 1
9 539 486 348 254 20 46 1
9 539 487 348 254 20 46 1
9 539 488 346 256 20 46 1
9 539 489 346 256 20 46 1
9 539 490 344 256 20 46 1
9 539 491 344 257 20 47 1
9 539 492 343 257 19 47 1
9 539 493 343 257 19 47 1
9 539 494 341 259 19 46 1
9 539 495 341 259 19 46 1
9 539 496 339 259 20 46 1
9 539 497 339 261 20 46 1
9 539 498 337 261 20 46 1
9 539 499 337 263 20 46 1
9 539 500 336 263 19 46 1
9 539 501 336 263 19 46 1
9 539 502 334 263 19 46 1
9 539 503 334 263 19 46 1
9 539 504 332 263 20 46 1
9 539 505 332 263 20 48 1
9 539 506 330 263 20 48 1
9 539 507 330 263 20 48 1
9 539 508 328 263 20 48 1
9 539 509 328 263 20 48 1
9 539 510 327 263 19 49 1
9 539 511 327 263 19 49 1
9 539 512 325 263 19 49 1
9 539 513 325 263 19 49 1
9 539 514 323 263 20 49 1
9 539 515 323 263 20 49 1
9 539 516 321 263 20 51 1
9 539 517 321 263 20 51 1
9 539 518 320 264 19 50 1
9 539 519 320 264 19 50 1
9 539 520 318 264 19 50 1
9 539 521 318 264 19 52 1
9 539 522 316 264 20 52 1
9 539 523 316 264 20 52 1
9 539 524 314 264 20 52 1
9 539 525 314 264 20 52 1
9 539 526 312 264 20 52 1
9 539 527 312 264 20 54 1
9 539 528 311 264 19 54 1
9 539 529 311 264 19 54 1
9 539 530 309 264 19 54 1
9 539 531 309 264 19 54 1
9 539 532 307 264 20 56 1
9 539 533 307 264 20 56 1
9 539 534 305 264 20 56 1
9 539 535 305 264 20 56 1
9 539 536 304 264 19 56 1
9 539 537 304 266 19 55 1
9 539 538 304 266 19 55 1
10 148 391 0 229 14 57 1
10 148 392 0 229 14 57 1
10 148 393 0 229 16 57 1
10 148 394 1 229 16 57 1
10 148 395 1 229 18 57 1
10 148 396 3 229 16 57 1
10 148 397 3 229 18 57 1
10 148 398 5 229 18 57 1
10 148 399 5 229 19 57 1
10 148 400 5 229 21 57 1
10 148 401 7 229 19 57 1
10 148 402 7 229 21 57 1
10 148 403 8 229 22 57 1
10 148 404 8 229 24 57 1
10 148 405 10 229 23 57 1
10 148 406 10 229 23 57 1
10 148 407 12 229 23 57 1
10 148 408 14 229 23 57 1
10 148 409 16 229 23 57 1
10 148 410 17 229 23 57 1
10 148 411 19 229 23 57 1
10 148 412 21 229 23 57 1
10 148 413 21 229 23 57 1
10 148 414 23 229 23 57 1
10 148 415 24 229 24 57 1
10 148 416 26 229 23 57 1
10 148 417 28 229 23 57 1
10 148 418 30 229 23 57 1
10 148 419 32 229 23 57 1
10 148 420 32 229 23 57 1
10 148 421 33 229 23 57 1
10 148 422 35 229 23 57 1
10 148 423 37 229 23 57 1
10 148 424 39 229 23 57 1
10 148 425 40 229 24 57 1
10 148 426 42 229 23 57 1
10 148 427 44 229 23 57 1
10 148 428 44 229 23 57 1
10 148 429 46 229 23 57 1
10 148 430 48 229 23 57 1
10 148 431 49 229 23 57 1
10 148 432 51 229 23 57 1
10 148 433 53 229 23 57 1
10 148 434 55 229 23 57 1
10 148 435 55 229 23 57 1
10 148 436 56 229 24 57 1
10 148 437 58 229 23 57 1
10 148 438 60 229 23 57 1
10 148 439 62 229 23 57 1
10 148 440 64 229 23 57 1
10 148 441 65 229 23 57 1
10 148 442 67 231 23 57 1
10 148 443 67 229 23 57 1
10 148 444 69 229 23 57 1
10 148 445 71 229 23 57 1
10 148 446 71 229 23 57 1
10 148 447 72 229 24 57 1
10 148 448 74 229 23 57 1
10 148 449 74 229 23 57 1
10 148 450 76 229 23 57 1
10 148 451 78 229 23 57 1
10 148 452 80 229 23 57 1
10 148 453 80 229 23 57 1
10 148 454 81 229 23 57 1
10 148 455 83 229 23 57 1
10 148 456 83 229 23 57 1
10 148 457 85 229 23 57 1
10 148 458 87 229 23 57 1
10 148 459 88 229 24 57 1
10 148 460 88 229 24 57 1
10 148 461 90 229 23 57 1
10 148 462 92 229 23 57 1
10 148 463 92 229 23 57 1
10 148 464 94 229 23 57 1
10 148 465 96 229 23 57 1
10 148 466 97 229 23 57 1
10 148 467 97 229 23 57 1
10 148 468 99 229 23 57 1
10 148 469 101 229 23 57 1
10 148 470 101 229 23 57 1
10 148 471 103 229 23 57 1
10 148 472 104 229 24 57 1
10 148 473 106 229 23 57 1
10 148 474 106 229 23 57 1
10 148 475 108 229 23 57 1
10 148 476 110 229 23 57 1
10 148 477 110 229 23 57 1
10 148 478 112 229 23 57 1
10 148 479 113 229 23 57 1
10 148 480 115 229 23 57 1
10 148 481 115 229 23 57 1
10 148 482 117 229 23 57 1
10 148 483 119 229 23 57 1
10 148 484 119 229 23 57 1
10 148 485 120 229 24 57 1
10 148 486 122 229 23 57 1
10 148 487 124 229 23 57 1
10 148 488 124 229 23 55 1
10 148 489 126 229 23 55 1
10 148 490 128 229 23 55 1
10 148 491 129 229 23 55 1
10 148 492 129 229 23 55 1
10 148 493 131 229 23 55 1
10 148 494 133 229 23 55 1
10 148 495 135 229 23 55 1
10 148 496 136 229 24 55 1
10 148 497 136 229 24 55 1
10 148 498 138 229 23 55 1
10 148 499 140 229 23 55 1
10 148 500 142 229 23 55 1
10 148 501 144 229 23 55 1
10 148 502 144 229 23 55 1
10 148 503 145 229 23 55 1
10 148 504 147 229 23 55 1
10 148 505 149 229 23 55 1
10 148 506 151 231 23 53 1
10 148 507 151 231 23 53 1
10 148 508 152 231 24 53 1
10 148 509 154 231 23 53 1
10 148 510 156 231 23 53 1
10 148 511 156 231 23 53 1
10 148 512 158 231 23 53 1
10 148 513 160 231 23 53 1
10 148 514 161 231 23 53 1
10 148 515 163 231 23 53 1
10 148 516 163 231 23 53 1
10 148 517 165 231 23 53 1
10 148 518 167 231 23 53 1
10 148 519 168 231 24 53 1
10 148 520 170 231 23 53 1
10 148 521 170 231 23 53 1
10 148 522 172 231 23 53 1
10 148 523 174 231 23 53 1
10 148 524 176 231 23 53 1
10 148 525 177 232 23 52 1
10 148 526 177 231 23 51 1
10 148 527 179 231 23 51 1
10 148 528 181 231 23 51 1
10 148 529 183 231 23 51 1
10 148 530 183 231 23 51 1
10 148 531 184 231 24 51 1
10 148 532 186 231 23 51 1
10 148 533 188 231 23 51 1
10 148 534 188 231 23 51 1
10 148 535 190 231 23 51 1
10 148 536 192 231 23 51 1
10 148 537 193 231 23 51 1
10 148 538 195 231 23 51 1
